Storage option,sets
Size,200
Dimension,3
Shape,cylinder
Spacetime,BlackHole
Past sets, 





















4,12,
6,
5,
4,

3,
3,




10,

1,13,
3,

6,15,
15,
6,22,
3,26,
4,6,18,
3,
15,
3,



14,29,36,
6,20,4,24,
0,8,17,31,
1,
16,9,22,37,18,19,6,4,15,41,
1,33,

15,38,

38,15,55,
46,
38,15,43,
10,17,0,26,27,3,35,
6,15,
26,40,3,42,
20,6,22,4,24,
1,
14,29,30,46,

45,
45,

10,35,0,26,27,40,42,3,44,
15,38,
19,6,37,55,18,57,43,15,25,38,59,
0,8,10,17,27,35,3,44,
43,4,15,41,6,19,18,39,22,9,38,37,24,20,
54,
1,30,33,
4,39,15,6,22,61,

0,17,35,3,44,8,47,
22,6,37,15,38,
15,38,

1,54,
13,54,64,33,30,1,76,
13,54,64,33,30,1,76,
8,17,3,42,40,27,26,0,35,10,44,70,
15,69,
39,18,15,41,49,4,22,6,20,37,24,63,
4,18,15,80,22,61,6,71,45,19,37,38,59,43,39,
62,86,8,17,32,3,42,40,27,26,0,35,10,44,70,
32,35,51,42,3,1,40,13,26,10,62,
10,17,35,0,26,40,42,3,44,
18,15,80,22,61,6,37,24,38,19,77,4,43,39,20,
31,39,47,49,17,4,22,6,20,24,63,
7,10,75,54,64,51,30,1,53,40,33,26,13,34,3,32,
1,33,
0,4,17,20,35,3,44,47,66,
4,5,22,45,68,69,59,19,6,71,37,55,18,28,57,72,43,15,25,9,67,38,
34,75,76,1,30,33,64,54,13,84,
30,56,33,46,58,
38,9,43,16,74,61,19,77,88,39,18,15,41,4,22,6,49,20,37,24,63,
17,26,35,42,3,44,66,
47,62,92,40,27,66,10,17,35,0,26,42,3,44,70,
53,99,34,75,76,1,30,33,56,85,64,54,13,84,
13,26,3,42,51,10,75,54,40,1,83,
10,34,40,32,3,26,84,64,51,33,30,1,53,76,54,83,75,13,42,
18,20,43,81,15,38,77,80,22,61,6,71,45,37,4,39,
1,51,70,44,32,3,103,47,62,10,92,40,27,8,66,17,35,0,26,42,
20,31,4,62,27,70,92,40,79,10,17,35,0,26,42,3,44,66,8,47,
42,13,75,83,54,76,53,106,10,34,40,32,3,84,26,35,64,51,62,33,1,30,
75,76,56,30,64,54,13,84,33,1,96,
7,10,34,51,53,33,13,54,64,85,56,30,1,76,84,29,58,46,75,
15,38,33,46,58,45,68,78,30,56,69,82,
58,64,56,30,76,46,33,1,96,
38,46,45,58,78,56,82,69,15,87,
100,1,30,56,82,69,33,46,45,78,68,58,29,15,
7,64,13,100,56,53,82,69,33,46,29,58,45,78,76,30,1,68,
31,24,22,70,27,79,42,40,0,26,62,4,17,49,20,6,35,3,73,44,47,8,66,63,92,39,97,10,
13,42,26,0,35,17,66,8,27,108,1,34,92,40,51,103,70,44,32,3,47,91,62,10,
20,31,47,4,62,92,40,27,66,10,17,35,0,26,42,3,44,70,
10,4,17,20,0,26,35,42,3,44,47,66,
30,33,43,55,15,69,82,56,81,68,38,78,71,45,87,58,46,
4,38,39,15,6,22,61,
38,61,19,77,37,41,15,94,31,39,18,47,88,17,4,22,6,49,20,24,63,
18,45,43,59,87,61,15,22,80,69,82,81,38,6,71,37,78,
38,33,46,45,58,78,30,56,82,69,15,87,
42,26,0,35,17,66,8,27,79,108,1,92,40,51,103,70,102,44,32,3,47,62,10,
3,7,10,51,58,34,99,53,111,33,76,85,56,64,83,54,13,46,75,104,84,30,1,96,
20,24,61,22,6,15,39,4,77,
54,83,10,62,91,47,102,44,70,103,51,40,3,32,119,26,0,13,42,35,17,79,108,27,1,66,8,92,34,
51,34,99,53,111,33,76,85,56,64,83,54,13,75,104,84,30,1,96,
26,63,24,22,0,97,39,4,17,49,20,6,35,3,94,15,44,31,47,8,37,66,
42,26,0,35,17,66,8,27,79,108,1,92,40,51,103,70,102,44,32,3,47,62,10,
47,17,26,0,35,42,3,102,44,66,92,40,10,62,
77,41,88,63,24,22,0,97,39,4,17,49,20,6,35,61,3,94,15,44,31,18,47,8,37,66,
37,45,71,6,38,81,4,69,80,15,61,22,87,
47,27,70,54,83,1,51,75,17,26,0,62,91,35,13,42,32,3,102,44,66,92,40,10,
3,13,26,51,64,10,75,33,30,76,54,1,83,
4,55,68,56,46,57,115,78,37,71,6,38,125,18,45,43,69,82,30,59,58,87,61,15,22,80,81,
20,39,4,77,38,24,37,6,61,22,15,80,
78,34,99,84,100,13,29,58,64,85,114,56,76,104,75,46,33,82,53,111,30,1,96,54,
47,1,51,17,26,0,35,13,42,3,102,44,66,92,40,10,62,
41,45,59,63,71,81,49,20,39,43,15,18,80,22,61,93,6,37,24,38,19,77,4,
34,69,54,58,64,114,56,82,76,75,46,33,30,1,96,13,100,78,
15,45,54,69,58,64,114,56,82,76,46,33,30,1,96,100,78,
44,53,85,35,64,62,33,34,76,105,40,30,1,84,26,32,3,13,42,51,10,75,54,83,99,
47,10,62,1,40,66,44,3,42,35,26,17,102,
10,40,34,92,66,44,102,3,32,42,13,35,137,47,27,1,70,83,54,51,91,62,75,17,26,0,
0,17,31,18,47,63,129,19,77,38,49,20,24,66,37,3,61,6,15,22,80,39,4,
45,99,84,78,100,13,96,1,30,144,34,69,53,111,82,54,29,58,64,85,56,114,76,104,75,46,33,
25,55,57,68,30,89,24,93,80,61,15,69,4,22,81,38,125,37,6,71,45,19,78,107,20,28,87,58,43,59,82,123,39,46,115,56,136,18,77,
20,24,45,69,123,6,71,4,38,77,39,15,80,22,61,81,37,
53,27,56,85,96,34,99,40,32,3,42,13,84,26,138,51,35,64,10,75,62,91,33,105,76,83,54,30,1,
10,24,17,4,26,6,35,42,3,102,44,66,40,47,20,
20,8,102,42,13,35,0,26,17,1,47,75,134,51,66,92,40,10,3,62,32,91,137,108,27,70,54,142,83,44,103,
15,45,54,69,58,64,114,56,53,82,76,46,33,30,1,96,13,100,78,
6,30,33,115,38,46,45,71,78,56,82,69,15,58,87,81,
27,24,22,40,63,92,121,62,4,17,39,10,49,20,0,26,6,35,42,3,102,44,47,66,
13,73,24,6,22,39,97,109,31,120,40,127,92,66,8,102,32,42,94,35,0,26,47,134,17,133,10,121,3,62,63,4,86,27,49,108,1,51,44,103,70,79,20,
58,40,96,56,85,111,53,99,34,131,3,42,13,84,26,138,51,64,10,46,104,75,33,105,76,83,54,30,1,
64,35,13,42,30,148,102,44,34,33,92,66,40,10,137,47,105,27,1,70,83,54,51,32,91,3,62,75,76,17,26,0,
22,70,27,31,20,120,4,62,39,97,10,17,134,47,26,0,6,35,42,32,3,102,44,66,121,92,40,
26,42,77,63,24,22,0,97,39,4,17,49,20,6,35,61,3,94,15,44,31,18,47,8,37,66,
1,30,115,38,46,33,45,71,78,56,82,69,15,58,87,
18,33,43,30,59,61,71,37,6,115,38,46,45,78,56,82,69,15,22,80,58,87,81,
6,30,64,73,97,105,4,90,31,120,127,34,130,108,20,79,103,44,102,42,13,35,0,26,17,133,119,1,47,75,134,51,66,8,33,92,40,10,3,62,32,91,137,86,27,70,54,24,142,83,
7,38,3,42,68,83,51,15,69,30,1,96,100,131,13,78,34,150,40,99,84,53,111,141,82,54,29,58,145,64,26,144,85,56,114,76,45,104,75,46,33,
0,106,104,111,44,146,1,131,13,42,34,96,56,27,99,40,53,84,85,26,138,51,153,35,64,10,75,3,62,32,91,33,46,105,17,76,83,54,30,
30,33,55,57,68,80,61,15,69,4,22,81,38,125,37,6,71,45,19,78,107,20,87,58,43,59,82,123,39,46,115,56,136,18,77,
27,20,121,92,0,51,147,17,134,47,10,4,62,1,40,66,102,44,3,13,42,6,35,142,26,
0,10,44,30,1,40,83,54,75,33,62,51,26,3,13,42,64,35,
15,45,99,84,78,100,13,96,1,30,144,34,69,53,111,82,54,58,64,85,56,114,76,104,75,46,33,
17,47,55,57,69,87,88,43,49,20,107,59,71,129,45,15,41,39,143,80,61,93,6,37,24,81,22,140,38,19,18,77,63,4,123,89,
20,64,105,8,108,35,13,42,148,102,103,44,34,33,92,66,40,10,137,47,27,1,70,54,51,32,91,3,62,134,75,17,26,83,142,0,147,
84,85,29,57,116,68,122,80,61,59,43,18,125,78,37,96,46,33,69,38,156,82,53,115,56,55,114,30,1,71,13,100,45,6,64,157,15,58,87,145,22,81,113,54,76,126,
0,17,20,24,77,4,39,22,6,35,47,15,44,61,3,66,37,
0,10,47,51,40,62,26,13,42,3,102,44,66,1,83,54,17,75,35,64,
0,34,40,96,56,111,3,42,13,84,26,138,51,35,64,10,46,75,62,33,105,76,83,54,30,1,
30,43,77,24,82,56,46,115,39,123,58,87,20,78,136,45,71,6,37,38,81,33,4,69,15,61,80,22,
0,17,38,129,77,20,24,63,3,61,22,35,6,44,15,39,4,37,66,47,
77,54,37,154,51,1,108,49,15,133,8,127,109,83,142,24,132,73,13,39,10,97,63,4,61,120,17,79,20,86,27,31,70,22,75,134,47,26,0,6,94,35,42,91,32,102,103,162,44,66,62,3,121,92,158,40,159,
10,34,45,51,69,78,58,82,111,33,46,75,76,56,64,54,84,30,1,96,13,100,
43,18,56,46,115,58,87,37,81,61,22,80,107,78,136,20,82,24,45,152,123,6,71,69,4,38,77,39,15,
0,17,43,45,47,63,81,123,71,129,20,39,4,77,38,140,24,37,6,61,15,22,80,
17,47,63,129,20,39,4,77,38,140,24,66,37,6,61,15,22,80,
82,3,66,31,149,89,123,4,63,136,77,18,78,19,38,0,59,88,20,49,107,87,57,173,55,47,43,69,17,71,129,45,15,41,39,143,80,61,152,93,6,37,24,22,140,81,
3,6,7,71,81,68,116,87,126,83,51,145,29,150,30,1,96,100,131,13,78,34,99,84,15,144,85,115,56,114,69,38,156,53,111,141,82,113,172,54,58,64,76,45,104,75,46,33,
44,87,88,107,43,41,143,3,15,39,19,38,69,71,129,6,123,93,152,45,24,20,49,80,61,140,22,81,37,66,59,0,17,149,31,77,18,47,4,63,
17,43,47,63,129,20,39,4,77,38,140,24,66,37,6,3,61,15,22,80,
8,10,39,97,17,63,4,15,44,6,35,22,61,121,3,24,20,49,19,129,42,0,26,47,77,18,66,37,31,27,
5,14,24,25,28,67,139,75,34,53,82,69,33,46,164,37,96,78,19,125,55,114,84,56,115,85,144,175,57,116,59,68,122,4,136,77,156,29,80,61,43,1,71,13,100,45,6,64,123,30,157,39,15,58,87,18,145,22,81,113,54,76,126,169,107,20,38,165,
5,7,28,51,39,53,82,14,141,38,69,33,46,164,37,96,78,125,55,114,84,56,115,85,144,175,57,116,59,68,122,4,77,156,29,80,139,61,43,1,71,13,100,45,104,6,64,30,157,15,58,87,18,145,22,81,113,54,76,126,150,99,34,111,75,
24,25,29,126,100,76,113,54,145,1,165,77,18,136,56,115,164,46,157,39,139,80,61,15,116,57,22,81,68,114,55,33,122,4,69,30,59,169,82,38,125,96,37,6,71,45,19,78,107,20,28,87,58,43,5,64,123,
27,34,84,51,138,40,1,30,54,44,102,75,10,0,171,83,142,62,3,13,42,64,35,47,17,76,105,66,33,92,26,85,
64,105,133,34,148,54,108,137,8,155,91,32,97,39,120,31,10,47,75,134,51,22,0,4,17,147,33,92,79,20,27,170,1,40,66,102,103,162,44,62,121,3,13,42,6,35,83,142,26,70,
44,82,94,3,66,31,149,89,123,4,63,136,77,18,78,19,38,0,59,88,20,49,107,87,57,173,55,47,43,69,17,71,129,45,15,41,39,143,80,61,152,93,6,37,24,22,140,81,
17,31,47,49,55,57,15,39,38,69,71,129,6,123,152,45,24,82,20,107,19,78,80,61,140,22,81,37,87,77,136,18,43,4,63,59,
46,56,87,37,81,61,22,80,78,136,20,82,24,45,152,123,6,71,69,4,38,77,39,15,
51,83,150,75,111,34,99,126,76,172,54,113,81,22,145,87,58,15,157,64,6,104,45,100,13,71,1,43,61,80,29,18,122,68,59,116,57,175,30,144,85,115,56,84,114,55,125,78,96,37,164,46,33,69,38,156,141,82,53,
Future sets, 
184,176,171,180,121,163,190,97,134,170,142,161,181,186,127,103,162,133,177,118,120,188,70,86,168,109,50,196,137,108,166,195,79,155,148,149,90,178,60,119,159,130,174,132,73,92,158,135,194,
164,147,116,96,83,174,144,85,130,195,166,148,106,167,108,112,171,53,141,199,187,128,99,194,76,95,153,182,131,160,168,110,150,91,146,172,104,64,191,192,133,34,161,119,51,178,177,170,111,142,138,137,155,181,159,105,127,156,175,117,193,145,84,114,

186,149,128,196,188,42,79,135,106,160,95,86,154,27,70,146,194,166,147,130,159,155,142,44,171,153,26,163,138,109,168,190,132,73,103,35,162,181,110,133,127,170,92,105,134,158,121,189,62,180,91,120,90,148,187,60,178,119,177,118,174,102,161,195,137,108,40,167,176,97,
123,109,98,162,97,89,169,136,195,77,170,52,151,93,152,121,180,184,185,189,63,181,192,74,132,191,135,193,154,140,24,183,124,163,176,118,107,166,139,198,21,120,179,173,186,196,143,149,158,197,88,49,101,129,188,41,159,94,190,
193,191,98,192,23,
187,170,157,154,118,89,163,173,152,93,180,140,169,198,80,139,165,175,22,149,61,188,129,197,179,52,184,125,185,189,124,183,88,94,123,181,159,41,101,158,162,98,166,39,186,196,143,107,135,193,136,77,195,191,132,192,74,63,190,199,72,151,37,176,49,
192,187,167,128,117,112,95,
163,135,190,132,155,174,119,90,73,86,127,181,133,118,108,50,166,79,195,159,130,109,
98,101,74,52,
182,147,138,128,190,121,171,112,160,105,134,170,142,194,158,92,73,86,120,154,95,153,155,110,181,106,127,133,103,162,146,91,32,90,148,159,130,174,161,108,166,195,137,178,119,60,177,118,70,168,109,

21,
177,159,156,142,138,117,105,137,155,181,175,170,111,84,178,119,161,192,191,104,172,146,91,150,34,110,168,160,131,182,153,95,194,99,128,187,199,141,171,112,167,106,148,166,195,130,85,144,174,
192,65,191,48,
172,156,145,116,87,129,77,43,187,140,81,197,189,52,179,196,149,98,157,185,126,199,72,190,101,61,188,180,176,192,74,163,181,122,135,175,88,132,191,107,136,143,80,139,71,198,169,89,193,57,184,125,124,183,173,55,151,152,93,165,38,167,123,115,113,37,164,186,59,
101,52,
185,184,176,173,188,180,121,147,154,190,97,124,163,94,108,196,137,189,130,159,195,197,79,166,168,109,50,177,118,133,181,186,127,132,73,86,149,90,148,60,119,92,158,135,194,142,170,134,120,102,161,162,103,155,174,
165,163,52,197,139,143,101,188,190,72,88,175,196,186,41,173,135,193,98,89,151,93,107,124,183,125,191,169,199,74,192,149,
191,193,169,149,124,197,52,143,98,190,74,89,196,186,173,151,93,72,101,188,
176,174,155,154,198,140,170,179,120,109,169,193,162,195,107,166,163,183,124,135,173,186,196,118,143,149,158,197,88,49,101,129,188,159,94,190,191,132,74,181,63,189,185,184,97,121,180,152,93,151,

165,175,52,149,125,184,185,189,129,188,124,183,139,80,198,199,140,169,197,93,152,180,173,163,176,89,118,179,88,94,123,63,181,159,101,158,162,98,39,186,196,143,107,135,193,136,77,195,191,132,192,74,190,151,

193,179,176,166,154,198,140,163,183,124,135,173,186,196,118,143,149,158,197,88,49,101,129,188,159,94,190,191,132,74,181,63,189,185,184,180,152,93,151,
193,191,151,98,72,
163,138,132,190,109,168,162,103,133,127,181,110,155,153,159,130,171,147,166,142,194,146,70,86,154,95,160,106,170,92,105,134,158,40,121,62,91,120,90,148,60,178,119,177,118,174,102,161,195,137,108,167,
194,155,161,190,181,127,103,162,133,118,120,70,86,148,90,60,119,159,130,137,108,166,195,174,73,153,109,168,158,170,
193,192,191,151,98,
150,191,65,116,48,193,167,187,192,112,141,199,117,175,
179,166,164,157,151,139,126,122,100,95,145,156,141,199,171,112,131,160,191,104,153,182,192,99,138,167,161,193,165,106,117,116,175,146,65,111,178,76,194,84,113,172,114,85,144,150,169,110,168,128,187,
197,186,162,188,159,149,120,118,135,196,109,94,181,190,132,163,124,195,50,166,
146,127,162,133,106,181,110,168,155,95,153,91,159,130,119,90,148,174,161,108,166,195,137,
195,179,174,166,164,157,126,122,100,96,145,114,85,144,84,178,111,150,191,104,95,153,182,192,194,76,165,106,193,113,172,146,116,175,117,156,169,110,168,160,131,171,53,112,199,141,167,138,187,128,99,161,
194,182,131,160,168,110,150,146,172,104,191,192,153,95,99,187,128,199,141,112,167,106,148,166,195,130,144,174,161,119,178,
176,171,146,180,121,110,147,154,163,190,97,134,170,142,135,194,158,155,102,161,181,127,103,162,133,177,118,120,91,70,86,148,90,178,60,119,159,130,137,108,166,195,79,174,132,73,109,168,153,92,
48,
180,176,163,181,135,88,132,191,107,136,165,143,188,185,98,149,196,179,101,190,72,192,74,189,52,197,175,199,140,80,139,198,169,89,193,184,125,124,183,186,173,151,152,93,
180,167,123,115,113,126,185,149,101,107,136,124,183,169,151,122,74,192,193,164,191,80,198,139,197,157,98,72,188,196,59,175,57,55,173,186,81,140,199,165,143,89,189,71,187,125,184,93,152,179,
162,158,123,118,159,94,89,88,179,176,163,173,186,196,143,107,135,193,195,77,181,101,132,191,192,74,190,151,180,152,93,197,169,140,198,183,124,188,129,189,185,184,149,
106,160,105,154,95,92,86,70,146,194,142,170,134,62,91,120,90,148,178,119,118,177,174,161,195,137,167,108,166,147,158,171,130,159,153,155,110,181,127,133,103,162,168,109,
124,135,173,186,196,188,88,101,74,143,52,
163,190,106,160,105,154,92,86,70,146,194,142,170,134,121,62,91,120,90,148,178,119,118,177,174,102,161,195,137,167,108,166,147,158,171,130,159,153,155,110,181,127,133,103,162,168,109,
189,184,179,74,192,169,183,125,122,93,151,199,173,175,59,98,107,165,191,143,139,197,101,72,188,89,193,196,186,
176,171,146,180,121,147,154,163,190,97,134,155,102,161,181,127,103,162,133,86,177,118,120,148,90,119,168,109,188,70,159,130,196,137,108,166,195,79,174,132,73,92,158,135,194,142,170,
182,156,152,150,145,143,136,184,125,199,192,187,193,164,167,196,169,157,98,198,139,197,172,113,191,126,67,183,116,175,117,122,151,89,68,186,173,115,107,165,188,179,
178,168,169,65,183,157,151,165,192,112,141,199,167,128,187,100,122,126,160,117,58,175,116,145,193,164,156,182,191,144,115,114,150,179,172,113,198,139,
185,184,176,173,154,188,149,147,142,148,161,194,135,109,137,196,181,94,159,189,130,133,186,127,166,195,197,79,108,177,118,132,190,162,103,163,134,124,97,155,119,174,120,180,121,170,158,

197,158,149,143,118,88,196,186,173,135,124,163,101,188,159,94,181,190,132,

199,182,177,170,142,138,148,166,137,195,167,108,153,95,155,168,110,181,161,174,130,159,91,119,178,105,160,131,194,146,106,192,133,127,171,112,128,187,

156,175,146,117,106,153,95,191,104,172,150,192,110,168,187,160,131,112,199,141,167,128,
156,145,175,84,130,83,111,106,194,161,174,178,137,166,195,150,110,168,160,131,148,177,85,144,191,193,75,104,138,167,155,181,146,172,192,105,153,95,182,99,128,187,199,141,112,171,
175,196,72,98,197,139,191,193,192,122,151,169,57,173,186,199,
153,126,122,169,183,157,164,151,179,165,117,199,141,112,192,100,167,193,175,116,145,156,182,191,104,144,115,114,150,160,131,168,198,139,187,128,111,178,172,113,
72,98,197,139,191,193,192,151,169,173,186,199,196,175,
160,126,122,117,199,141,112,192,128,187,100,167,193,164,175,116,145,156,182,191,144,115,114,150,179,172,113,139,165,151,157,183,169,
165,143,197,139,191,188,72,98,89,193,196,186,173,199,151,125,175,169,192,

165,175,123,89,179,176,163,151,180,173,186,196,143,107,191,135,193,136,77,101,192,181,93,152,197,169,199,140,139,198,183,124,188,129,190,189,185,125,184,149,
171,158,147,137,195,166,108,161,174,148,90,178,119,130,159,91,120,153,155,110,181,127,133,103,162,168,109,177,118,134,170,142,194,146,
197,189,185,184,180,158,149,143,118,88,196,186,173,135,124,163,101,188,159,94,181,190,132,
195,177,174,166,161,138,117,193,145,192,153,182,95,104,191,99,167,106,111,178,194,84,172,144,85,114,175,146,150,110,168,128,187,160,131,171,112,199,141,156,

185,176,188,149,180,121,120,109,108,119,147,158,132,190,102,161,181,159,189,130,195,166,196,137,163,134,103,162,133,97,155,154,135,194,142,118,177,148,186,127,174,170,
191,98,
169,167,98,113,191,139,193,187,192,199,116,175,117,122,151,
182,156,152,145,150,167,144,117,197,187,115,173,169,139,198,196,188,191,126,87,175,116,136,165,192,179,122,151,193,164,186,125,183,199,157,98,172,113,
120,118,109,86,162,133,127,181,161,103,155,148,90,119,159,130,137,108,166,195,174,
187,184,152,143,179,175,199,192,89,164,193,196,125,183,157,186,173,122,151,98,165,136,107,139,197,188,191,198,169,
98,
166,181,159,118,
101,
181,177,191,144,138,148,155,131,160,168,110,150,146,172,104,192,105,153,95,182,99,187,128,199,141,171,112,167,195,166,137,178,174,161,194,106,111,
161,138,117,193,192,153,182,104,191,99,167,106,111,178,194,84,172,144,85,114,175,146,150,110,168,128,187,160,131,112,199,141,156,145,
192,181,193,135,191,107,101,143,196,186,173,151,180,197,169,140,198,183,124,188,129,190,189,185,184,149,93,152,163,176,179,
197,196,186,164,193,151,122,117,199,141,179,150,192,187,115,144,165,198,139,191,157,183,125,169,175,116,145,126,167,113,172,156,182,
195,130,166,127,118,133,159,181,109,
152,149,184,185,189,179,192,175,199,140,198,169,89,193,196,125,183,186,173,151,93,139,197,188,143,165,136,107,191,
187,184,152,143,179,175,199,165,136,107,139,197,188,125,183,196,157,186,173,191,193,198,169,151,122,192,
197,196,186,164,193,151,122,117,199,141,179,150,192,187,115,144,165,198,139,191,157,183,125,169,175,116,145,126,167,113,172,156,182,
199,181,171,177,148,155,138,167,187,130,128,105,178,174,161,131,160,137,195,166,153,194,146,106,168,110,
194,178,111,106,167,128,99,182,153,192,191,104,172,175,146,150,110,168,187,160,131,112,199,141,
194,153,175,146,191,104,172,150,192,168,187,160,131,167,128,199,141,112,
159,166,181,90,
188,196,126,198,169,175,173,115,187,197,139,191,136,165,192,179,122,151,193,164,186,157,125,183,199,
188,196,186,173,135,124,101,
196,186,173,151,
166,
148,174,161,181,168,155,137,195,130,153,166,119,
158,194,142,170,134,120,118,161,103,181,155,148,119,127,130,159,162,133,174,109,137,166,195,108,
151,173,186,196,188,143,
196,159,135,181,132,163,124,

193,144,191,145,175,156,128,111,150,153,182,178,114,172,192,168,187,160,131,199,141,167,
190,166,163,195,162,159,135,181,132,118,

153,104,172,146,150,192,168,187,160,131,199,141,167,128,
182,156,145,116,193,167,187,191,192,141,199,175,117,144,172,150,

158,154,147,194,142,177,148,161,127,181,155,159,130,134,174,170,133,162,166,195,137,
119,166,127,130,195,181,155,159,133,174,108,
172,150,192,199,160,168,187,131,141,167,128,
195,178,174,161,160,166,153,194,168,146,
168,110,
197,188,183,196,186,173,191,193,169,151,
174,133,159,155,181,195,130,127,166,119,
181,159,

182,178,172,150,192,199,160,168,187,131,141,167,128,

193,187,191,192,199,175,
156,175,145,150,172,191,144,187,192,199,193,167,141,
187,139,191,165,192,179,151,193,164,157,183,199,175,169,
193,187,191,192,199,175,


166,130,
166,195,162,181,159,
190,170,195,162,159,181,158,
193,191,192,199,175,
184,151,152,191,197,188,186,173,196,183,198,169,193,179,

199,175,169,151,192,193,191,139,
193,187,191,192,199,175,
166,181,159,

190,189,185,197,184,180,173,186,196,188,149,
166,
187,168,167,160,
181,
195,166,181,159,
174,170,166,162,159,195,181,155,

198,197,186,196,183,179,191,193,169,151,
166,155,195,161,174,148,
178,160,194,168,153,
193,192,191,
189,188,185,197,184,196,186,173,
199,192,187,167,
174,170,166,195,194,181,155,
188,196,186,173,
191,172,167,187,192,199,150,
187,191,192,199,175,193,167,
168,
174,195,170,
195,174,161,
196,188,186,
199,192,187,167,

198,197,188,186,196,183,
168,
181,
195,
187,191,192,199,175,
193,191,192,199,175,
181,
181,


195,181,

199,193,192,191,
193,191,



193,191,
195,
194,
199,187,
196,186,

199,192,191,
























Past links sets, 





















4,12,
6,
5,
4,

3,
3,




10,

1,13,
3,

6,15,
15,
22,
26,
4,6,18,
3,
15,
3,



14,29,36,
6,20,24,
0,8,17,31,
1,
16,19,9,22,37,41,
1,33,

38,

55,
46,
38,43,
10,17,0,26,27,35,
6,15,
40,42,
20,22,24,
1,
14,29,30,46,

45,
45,

0,10,35,27,40,42,44,
38,
19,25,37,18,57,59,
0,8,10,17,27,35,44,
9,19,20,24,37,38,39,41,43,
54,
1,30,33,
4,39,61,

0,17,35,44,8,47,
22,37,38,
38,

1,54,
13,54,64,76,
13,54,64,76,
8,17,70,
15,69,
39,41,49,37,63,
4,18,39,59,61,19,45,71,80,
32,62,86,
13,32,35,51,62,
0,10,17,35,40,42,44,
18,19,20,24,43,77,80,
17,31,39,47,49,63,
7,30,32,34,40,53,51,64,75,
1,33,
0,4,17,20,35,44,47,66,
5,9,22,28,67,68,4,69,71,72,
34,75,84,
33,30,56,58,
16,74,77,88,
17,26,35,42,44,66,
47,62,70,66,92,
53,56,85,99,
13,40,42,51,10,75,83,
34,42,51,40,53,75,83,32,84,
18,20,43,45,71,77,80,81,
8,32,51,103,
4,20,62,31,70,66,79,92,
35,62,106,
56,75,84,96,
29,34,51,53,56,10,75,58,84,7,85,
33,38,58,68,78,30,56,69,82,
56,58,64,76,96,
38,45,58,78,56,82,87,
1,15,29,68,78,69,82,100,
7,53,64,29,68,76,13,78,69,82,100,
39,49,62,63,31,70,73,79,92,97,
34,91,108,
4,20,47,62,31,70,66,92,
10,4,17,20,0,26,35,42,44,47,66,
33,58,71,78,55,68,81,30,43,56,82,87,
4,38,39,61,
19,38,77,88,94,
18,59,45,71,78,80,81,82,61,87,
33,38,45,58,78,30,56,82,87,
79,102,108,
3,10,51,58,83,104,7,111,
20,24,77,
79,83,102,119,
51,83,104,111,
8,26,37,94,97,
79,102,108,
47,62,92,102,
8,77,88,94,97,
4,45,71,80,81,61,87,
47,75,70,83,91,92,102,
13,26,51,64,10,75,76,83,
4,30,57,68,115,125,
20,24,77,80,
29,82,100,78,104,111,114,
13,47,51,62,92,102,
49,59,63,45,71,81,41,93,
34,78,69,82,100,75,114,
45,15,54,78,69,82,100,114,
32,35,44,62,85,99,53,105,
1,47,10,62,102,
34,137,
0,3,17,19,18,31,47,49,63,66,80,129,
29,45,104,111,144,
25,30,57,28,93,68,107,89,115,125,123,136,
20,24,69,77,80,81,45,71,123,
56,85,91,96,27,53,105,99,138,
6,10,20,40,47,24,102,
108,134,20,137,142,
45,53,15,54,13,78,69,82,100,114,
30,33,6,71,81,115,
39,49,62,27,92,63,102,121,
13,73,86,97,109,127,94,120,133,121,134,
58,105,131,138,
64,76,105,148,
39,32,97,120,121,134,
8,18,26,37,77,42,94,97,
1,30,33,71,115,
18,30,33,59,61,71,80,81,115,
24,30,142,90,6,64,137,133,33,120,130,127,134,105,97,73,
38,42,68,40,131,141,145,7,150,
0,17,46,106,131,146,153,
30,33,57,68,107,115,125,19,123,136,
6,27,142,121,134,147,
0,13,30,33,35,51,64,10,62,75,44,83,
15,45,104,111,144,
17,47,57,87,89,107,123,129,88,140,143,
20,33,105,64,142,108,134,147,148,
84,85,116,57,122,125,113,126,145,156,157,
0,17,20,35,24,37,44,47,66,77,
0,13,47,51,64,10,62,75,83,102,
0,35,62,105,46,111,34,138,
20,33,30,43,77,24,115,123,136,
0,17,35,44,47,37,63,66,38,129,
75,83,91,77,142,154,132,158,159,162,
10,34,45,51,78,69,82,100,111,
107,115,136,152,
0,17,43,47,63,81,45,71,123,129,140,
17,47,63,66,129,140,
78,136,149,152,82,173,
3,6,172,81,156,150,7,141,115,131,126,113,145,116,71,
44,107,88,140,143,149,87,152,
3,17,43,47,63,66,129,140,
8,27,18,31,49,37,63,19,97,121,129,
5,24,25,28,67,14,144,164,139,165,169,175,
5,14,28,51,77,139,141,7,150,164,175,
5,165,139,126,113,164,157,28,122,145,116,25,169,24,
84,85,27,105,34,138,142,171,
33,133,148,64,155,162,105,170,
44,78,94,136,149,152,82,173,
17,19,152,129,140,82,49,136,107,78,63,59,57,31,47,
46,78,56,82,136,152,
51,83,141,150,164,172,175,
Future links sets, 
180,73,177,70,50,79,184,97,178,149,92,121,168,171,60,176,
147,96,83,76,53,116,64,51,164,34,

189,149,128,187,44,42,35,27,26,
139,121,120,109,98,136,123,97,77,41,89,24,21,
193,191,98,192,23,
187,170,157,166,49,41,154,37,61,22,
192,187,167,128,117,112,95,
163,135,132,108,79,190,86,73,50,
98,74,52,
182,177,32,73,112,138,105,92,121,60,147,70,128,154,171,

21,
171,159,142,105,156,117,91,85,84,177,138,34,
192,65,191,48,
172,156,145,87,61,43,116,38,37,
101,52,
185,180,176,60,189,102,73,50,79,94,184,97,149,92,121,86,173,197,168,
165,149,190,125,107,89,163,72,93,41,
190,149,197,93,89,74,124,72,169,52,
176,174,140,154,74,152,93,155,97,49,107,120,109,179,63,121,129,

98,80,63,52,39,

176,129,93,191,152,74,193,154,63,179,166,140,49,
193,191,151,72,
163,132,121,102,138,60,40,
194,170,158,153,70,190,73,60,
193,192,191,151,98,
150,141,116,112,117,65,48,
179,169,65,76,95,100,171,113,126,139,165,122,151,164,157,166,
197,190,149,118,109,120,94,50,
162,146,106,108,95,91,90,
179,174,157,76,96,122,100,126,165,164,195,166,53,169,113,171,
194,182,178,148,144,119,106,112,99,95,
180,70,79,178,91,97,110,73,102,92,121,146,171,60,176,
48,
190,180,88,132,80,74,176,163,72,52,
180,167,115,80,126,113,74,123,71,124,59,81,55,
158,162,123,118,94,89,88,77,74,
167,154,106,95,105,92,70,62,
88,74,143,52,
163,121,106,167,102,105,92,70,62,
179,122,107,184,93,74,189,59,
176,171,146,121,180,102,188,97,196,92,79,73,70,
182,145,89,115,67,125,184,68,126,152,107,136,172,143,156,150,
198,178,168,65,58,
197,189,185,180,177,94,184,97,120,149,103,142,121,134,176,147,173,79,137,154,

190,197,158,149,143,118,94,88,

91,182,95,108,192,105,131,106,199,112,138,177,128,171,142,

153,146,112,106,156,117,104,95,
156,145,85,84,83,75,
122,57,
198,122,115,153,114,112,111,104,126,113,100,
197,175,173,169,151,139,72,
160,122,128,115,114,112,126,113,100,
197,165,143,125,89,72,

165,125,136,123,89,77,
177,90,103,109,110,178,91,120,146,134,118,147,158,142,171,
190,189,180,197,184,158,149,143,118,185,94,88,
171,174,161,177,138,195,117,166,114,95,85,84,

189,176,121,185,120,109,103,180,102,149,97,
191,98,
167,151,122,169,117,116,139,113,98,
145,144,182,156,117,116,98,152,113,87,
137,120,118,109,103,86,
184,157,165,152,143,136,164,125,187,122,107,98,89,
98,
166,159,118,
101,
181,137,111,171,106,144,105,177,138,112,99,95,
161,138,117,114,85,84,
152,135,181,129,176,163,124,107,192,179,140,101,93,
198,197,196,113,126,141,117,156,182,122,125,115,144,116,145,186,
133,130,127,118,109,
165,152,140,149,136,125,107,93,89,
184,157,165,152,143,136,125,187,122,107,
198,197,196,113,126,141,117,156,182,122,125,115,144,116,145,186,
199,181,177,138,137,130,128,171,106,131,105,
194,175,111,106,112,99,
194,175,153,146,112,104,
159,90,
173,188,136,126,125,122,115,
188,173,135,124,101,
173,151,
166,
181,153,137,119,
158,137,134,120,118,109,142,103,
151,143,
196,159,135,132,163,124,

153,114,111,
190,166,163,162,159,135,132,118,

153,146,104,
145,144,141,182,156,117,116,

177,158,154,142,137,147,134,133,130,127,
108,
172,150,131,141,128,
195,194,178,174,161,160,166,153,146,
168,110,
197,188,183,173,169,151,
174,155,133,127,119,
159,

182,178,172,150,131,141,128,

193,187,175,
156,145,144,141,
187,179,169,183,157,164,151,165,139,
193,187,175,


130,
166,162,159,
190,170,162,159,158,
193,175,
184,179,173,169,152,151,

175,169,151,139,
193,187,175,
166,159,

190,189,185,197,184,180,173,149,
166,
187,168,167,160,
181,
195,166,159,
174,170,166,162,159,155,

198,197,186,196,183,179,169,151,
166,155,148,
194,178,160,153,
193,192,191,
189,188,185,197,184,173,
199,192,187,167,
174,170,166,194,181,155,
188,173,
191,172,150,
187,175,193,167,
168,
174,170,
195,174,161,
196,188,186,
199,192,187,167,

198,197,188,186,196,183,
168,
181,
195,
187,175,
193,175,
181,
181,


195,181,

199,193,192,191,
193,191,



193,191,
195,
194,
199,187,
196,186,

199,192,191,
























Coordinates
-2.48108,1.17947,5.50035
-2.41525,1.31312,0.780311
-2.41046,0.78495,1.30153
-2.40679,1.39101,5.88025
-2.37977,1.32539,4.16014
-2.37158,0.994987,2.67291
-2.36292,1.49926,3.87819
-2.34439,1.01791,1.21489
-2.31623,1.05929,5.2547
-2.31008,0.990135,3.422
-2.30548,1.2127,6.22395
-2.29822,0.775767,2.84977
-2.28826,0.923916,4.13178
-2.24297,1.19251,0.591061
-2.22668,0.988573,2.25607
-2.12862,1.48389,3.35584
-2.11737,0.962057,3.69531
-2.03863,1.28401,5.21413
-2.02612,1.11665,3.6063
-1.96921,1.09613,3.48
-1.95568,1.44781,4.30666
-1.92835,0.882065,4.14423
-1.91353,1.46817,3.94865
-1.89687,0.795728,2.53224
-1.86312,1.30512,4.18874
-1.83779,1.00173,2.88578
-1.82213,1.33116,6.0884
-1.80088,1.12359,5.89317
-1.77789,0.999415,2.68921
-1.7567,1.038,1.78609
-1.75306,1.29489,1.45953
-1.7355,1.0836,4.97818
-1.68608,1.09241,0.111014
-1.67866,1.32993,1.35592
-1.66908,1.16038,0.68818
-1.65718,1.30805,5.74366
-1.64692,0.900898,1.85282
-1.64437,1.26611,3.61256
-1.57173,1.29024,3.13117
-1.56633,1.46394,4.02944
-1.54515,1.30122,6.20887
-1.53199,1.06465,3.81833
-1.48897,1.42175,6.11437
-1.46966,1.17944,3.20791
-1.45492,1.40388,5.59292
-1.42957,1.27467,2.69175
-1.41912,1.26784,2.00053
-1.38222,1.46655,5.05079
-1.36724,0.818808,1.81138
-1.36351,1.13361,4.29765
-1.35334,0.778212,4.94742
-1.24728,1.25993,0.337721
-1.21259,0.900296,3.63534
-1.174,1.11317,1.07508
-1.15984,1.47509,0.766291
-1.15556,1.1146,2.9178
-1.08009,1.49408,1.83861
-1.07909,1.09207,2.94244
-1.04873,1.26882,2.03509
-1.0415,1.12591,3.07306
-1.03438,0.911631,5.83725
-0.981682,1.42706,3.55833
-0.961911,1.34264,6.14148
-0.95882,1.22172,4.38594
-0.949874,1.33686,1.02111
-0.940003,0.907136,1.95774
-0.932757,1.46489,5.2997
-0.906863,0.978146,2.50012
-0.901232,1.06959,2.39509
-0.88655,1.45372,2.52758
-0.846745,1.10827,5.83043
-0.832348,1.27286,2.98852
-0.827431,0.941243,3.09769
-0.814306,0.971288,5.45773
-0.766074,0.924016,3.6164
-0.763243,1.4849,0.682094
-0.735901,1.34951,1.19464
-0.698235,1.39332,3.68491
-0.652201,1.37858,2.30283
-0.628692,1.0721,5.40549
-0.61568,1.29883,3.34861
-0.511094,1.30525,2.986
-0.502668,1.42377,2.32272
-0.494046,1.35106,0.443668
-0.448299,1.21812,1.0365
-0.422344,1.15768,1.14205
-0.402662,0.970217,5.72958
-0.353622,1.35305,2.74978
-0.322691,1.05803,4.03754
-0.318144,1.02408,3.31547
-0.298538,0.938593,5.76979
-0.291009,1.12241,0.0983874
-0.210597,1.25745,5.74423
-0.199499,1.10163,3.5483
-0.162275,1.07766,4.65344
-0.10169,0.930759,0.767459
-0.094745,1.44283,1.38956
-0.0793289,1.13061,5.03767
-0.045451,0.828571,2.92102
0.0596035,1.20841,1.12397
0.0792375,1.24471,1.79806
0.11192,0.787681,3.8797
0.164587,1.46429,5.71
0.220696,1.11322,5.77775
0.285794,1.15637,1.17509
0.310594,1.30723,0.512486
0.314489,1.00504,0.615078
0.379488,1.19814,3.22233
0.409583,1.08,5.8517
0.424165,0.945924,5.49543
0.429092,0.960798,0.550886
0.431478,1.2612,1.22417
0.44434,0.793671,1.35685
0.462363,1.00573,2.19262
0.48716,1.21851,1.58279
0.50056,1.3484,2.46103
0.526204,0.99852,2.04686
0.531883,0.898525,1.8199
0.591587,0.822929,5.21244
0.638595,0.963454,5.99044
0.639116,1.13213,5.42909
0.649653,1.30815,5.21746
0.684676,1.00143,2.30257
0.690079,1.48339,3.21056
0.698504,0.95205,4.25346
0.723316,1.18901,2.81611
0.750774,1.14287,2.25673
0.779055,0.990291,5.735
0.790691,0.991608,1.11953
0.7956,1.49676,3.94519
0.802126,0.944063,5.99053
0.83173,1.16535,1.06229
0.843483,0.956015,4.79834
0.862469,1.03649,5.76754
0.912895,1.27794,5.67431
0.927558,0.918132,4.54292
0.951105,1.40958,3.00828
1.02201,1.15987,6.10474
1.03506,1.39446,0.819671
1.0514,1.0716,2.64305
1.06816,1.37168,3.79684
1.0813,1.07001,1.46115
1.15494,1.3362,5.95737
1.19443,1.11561,3.71658
1.2146,1.20675,1.63241
1.229,1.1252,1.82358
1.26478,1.08664,0.594659
1.37968,1.47922,5.87143
1.39077,1.16524,6.17482
1.39667,1.16063,4.23055
1.41066,1.06214,1.60003
1.42523,0.958906,2.9624
1.45498,1.40613,3.43705
1.46774,1.1734,0.659712
1.48043,1.46048,5.26755
1.51891,1.06038,5.92821
1.52617,1.17159,1.83091
1.52762,1.40992,2.35643
1.54703,1.23201,5.16026
1.58374,0.862157,5.44174
1.60856,1.11262,1.06185
1.64385,1.04736,0.0448913
1.64994,1.16745,5.47763
1.66601,1.08027,4.63033
1.67218,1.39739,2.23508
1.67403,1.23537,2.53496
1.7542,0.796067,6.01096
1.76849,0.892544,1.52224
1.80301,0.966766,0.538364
1.80779,1.11586,2.70309
1.89381,1.22098,5.62596
1.89902,1.48684,0.312281
1.90506,1.14542,1.63225
1.90948,0.936176,3.72448
1.97373,1.01416,6.13613
2.02864,0.977757,2.16057
2.09255,1.47492,4.52837
2.10047,1.47892,0.0123494
2.10339,1.36604,0.776424
2.12995,1.34185,2.72722
2.18993,1.39774,4.48377
2.20227,0.759633,5.26428
2.26399,1.36051,1.52087
2.28214,1.29163,3.15695
2.31095,1.33541,3.85732
2.31535,1.4678,4.05642
2.31665,0.913054,3.69996
2.34182,0.926416,1.76704
2.3428,1.0424,3.96815
2.35218,1.42181,4.08163
2.37151,1.17748,4.60142
2.39034,0.837992,2.38023
2.39258,0.826979,2.01848
2.40535,0.902893,2.47418
2.4408,1.26309,0.204144
2.44503,1.01874,5.87907
2.46092,0.895087,3.78509
2.46711,1.21247,3.59354
2.47255,1.49126,3.16406
2.47317,0.897399,1.97798