Storage option,sets
Size,100
Dimension,2
Shape,cylinder
Spacetime,BlackHole
Past sets, 


0,




4,














1,4,7,

0,

16,

0,2,3,6,

1,4,7,
3,6,

2,0,24,


4,7,15,

3,6,25,


35,
35,
1,12,
6,3,0,2,28,
12,23,
0,2,28,6,3,31,

23,

0,2,3,6,
40,

32,34,39,35,41,
1,12,
27,6,29,3,25,38,

35,
37,47,40,51,
37,40,

29,41,35,39,34,32,27,53,
23,48,
41,35,42,
34,39,41,35,42,
23,12,1,43,

32,34,39,41,35,42,
49,51,40,47,37,58,
32,34,39,41,35,42,
27,29,32,34,35,39,
41,42,35,57,
25,27,3,29,32,34,
25,27,3,29,32,
38,25,6,27,3,29,55,
39,35,34,32,29,27,70,
23,37,
23,40,37,59,
37,47,49,40,51,
66,
52,60,
23,48,
27,29,32,34,35,39,
52,60,
66,
56,60,52,80,
49,66,
58,37,47,40,51,49,68,
59,37,40,23,77,
41,42,52,56,35,57,
66,

52,60,
39,52,56,63,57,35,42,41,71,
34,39,52,56,63,57,35,42,41,71,
58,37,47,40,51,49,68,


58,37,47,40,51,49,68,
51,40,66,49,47,86,
Future sets, 
46,33,44,24,50,28,2,
54,65,43,30,22,
50,44,33,46,28,
73,50,55,74,38,31,44,72,46,28,
22,30,36,7,

50,55,74,38,31,44,46,28,
36,30,22,




54,45,65,43,


36,
26,






77,76,65,88,62,81,48,45,
33,
73,72,55,74,38,

82,73,72,75,70,61,74,55,
46,44,
82,73,72,75,70,61,74,55,

46,
73,72,75,70,82,69,67,61,53,

94,72,75,70,82,69,67,64,61,53,
75,70,41,67,69,93,64,94,71,42,89,63,61,82,53,57,

78,76,77,88,68,59,98,95,87,58,
74,55,
94,75,70,82,69,93,67,64,61,53,
88,58,87,95,59,98,68,78,99,77,51,
71,69,64,67,93,94,89,63,61,53,
71,69,64,67,93,94,89,63,
65,



99,78,68,98,95,87,58,
81,62,
99,86,78,87,95,98,68,

99,78,68,98,95,87,58,
94,92,89,83,85,93,80,
61,

74,
94,93,89,85,
89,93,94,71,
87,95,98,68,
88,77,
92,83,85,80,


94,93,


90,99,86,84,79,

98,95,87,

75,
94,93,





88,


85,





99,













Past links sets, 


0,




4,














1,7,

0,

16,

2,3,6,

1,7,
3,6,

2,24,


7,15,

3,6,25,


35,
35,
1,12,
28,
12,23,
28,31,

23,

2,3,6,
40,

32,34,39,41,
1,12,
27,29,38,

35,
37,47,51,
37,40,

29,27,53,
48,
41,42,
34,39,41,42,
23,43,

32,34,39,41,42,
49,58,
32,34,39,41,42,
27,29,32,34,35,39,
41,42,57,
25,27,3,29,32,34,
25,27,3,29,32,
55,
70,
23,37,
23,59,
37,47,49,51,
66,
52,60,
48,
27,29,32,34,35,39,
52,60,
66,
56,80,
49,66,
68,
77,
41,42,52,56,57,
66,

52,60,
39,52,56,63,71,
34,39,52,56,63,71,
68,


68,
51,47,86,
Future links sets, 
24,2,
54,43,30,22,
50,33,28,
73,72,50,38,31,28,
7,

50,38,31,28,
36,30,22,




54,45,43,


36,
26,






77,76,65,48,45,
33,
73,72,38,

82,73,72,70,61,55,
46,44,
82,73,72,70,61,55,

46,
73,72,70,82,69,67,53,

94,72,70,82,69,67,64,53,
82,70,57,42,41,

78,76,59,58,
55,
94,70,82,69,93,67,64,53,
59,51,
71,69,67,64,89,63,53,
71,69,67,64,89,63,
65,



99,78,58,
81,62,
86,78,68,

99,78,58,
94,92,89,83,93,80,
61,

74,
94,93,89,85,
89,71,
68,
77,
92,83,80,


94,93,


90,86,84,79,

98,95,87,

75,
94,93,





88,


85,





99,













Coordinates
-3.49614,0.825524
-3.4555,-0.825496
-3.42707,0.788825
-3.41254,0.887862
-3.39196,-0.706296
-3.35218,0.396432
-3.34927,0.818134
-3.33507,-0.656397
-3.32703,0.245693
-3.32699,0.341705
-3.31492,-0.34736
-3.26756,-0.321275
-3.26517,-0.774419
-3.26178,-0.0846705
-3.25386,0.204359
-3.22614,-0.491063
-3.22005,0.463954
-3.20072,-0.0192571
-3.19445,0.406324
-3.15295,0.0648563
-3.14816,-0.37714
-3.13832,-0.1262
-3.13225,-0.526847
-3.12409,-0.884166
-3.12086,0.454978
-3.11594,0.784012
-3.06056,0.317239
-3.05805,0.878338
-3.0574,0.58054
-3.0269,0.87735
-3.02651,-0.401661
-3.01741,0.606571
-2.94353,0.89406
-2.92719,0.312258
-2.85955,0.882173
-2.84635,0.95987
-2.84224,-0.1985
-2.82209,-0.893943
-2.8152,0.556387
-2.77089,0.856298
-2.74626,-0.916864
-2.73002,0.895044
-2.71811,0.89858
-2.71808,-0.409516
-2.6862,0.275354
-2.64478,-0.430219
-2.64078,0.287548
-2.62293,-0.881669
-2.62143,-0.572636
-2.60901,-0.945949
-2.60549,0.0819498
-2.59514,-0.850011
-2.47178,0.982909
-2.4666,0.632456
-2.46617,-0.129853
-2.39712,0.267925
-2.37113,0.881146
-2.36663,0.764622
-2.36156,-0.656427
-2.34994,-0.537936
-2.33687,0.986142
-2.30946,0.486331
-2.30516,-0.358153
-2.28794,0.660005
-2.28474,0.596195
-2.27666,-0.0377974
-2.26614,-0.918777
-2.24413,0.534706
-2.20811,-0.547457
-2.19395,0.480687
-2.18865,0.324553
-2.1817,0.614077
-2.13759,0.163298
-2.12971,0.102875
-2.11079,0.00587655
-2.08569,0.227166
-2.08468,-0.227204
-2.06086,-0.263157
-2.00088,-0.484796
-1.99947,-0.707099
-1.99656,0.73102
-1.98745,-0.0196057
-1.98494,0.107948
-1.94223,0.739109
-1.92942,-0.686724
-1.85286,0.602667
-1.83449,-0.510786
-1.83427,-0.28717
-1.83367,-0.0444688
-1.81553,0.418926
-1.80454,-0.633779
-1.77563,0.890319
-1.76647,0.666422
-1.75439,0.296746
-1.73542,0.256339
-1.72028,-0.0903177
-1.70982,-0.910995
-1.59986,0.913104
-1.5695,-0.0219623
-1.5248,-0.203192
r_S,2
Lambda0,5,
Lambda1,8,
Lambda2,9,
Lambda3,10,
Lambda4,11,
Lambda5,13,
Lambda6,14,
Lambda7,17,
Lambda8,18,
Lambda9,19,
Lambda10,20,
Lambda11,21,
Lambda12,22,
Lambda13,26,
Lambda14,30,
Lambda15,33,
Lambda16,36,
Lambda17,44,
Lambda18,45,
Lambda19,46,
Lambda20,50,
Lambda21,54,
Lambda22,61,
Lambda23,62,
Lambda24,64,
Lambda25,65,
Lambda26,67,
Lambda27,69,
Lambda28,72,
Lambda29,73,
Lambda30,74,
Lambda31,75,
Lambda32,76,
Lambda33,78,
Lambda34,79,
Lambda35,81,
Lambda36,82,
Lambda37,83,
Lambda38,84,
Lambda39,85,
Lambda40,87,
Lambda41,88,
Lambda42,89,
Lambda43,90,
Lambda44,91,
Lambda45,92,
Lambda46,93,
Lambda47,94,
Lambda48,95,
Lambda49,96,
Lambda50,97,
Lambda51,98,
Lambda52,99,