Storage option,sets
Size,25
Dimension,2
Shape,cube
Spacetime,BlackHole
Past sets, 




1,


3,
3,7,

6,
6,

1,5,7,3,8,

1,4,5,7,3,8,
8,3,7,5,4,1,2,15,
2,1,4,6,
2,1,4,5,3,7,
7,3,8,14,
6,1,2,4,17,
2,1,4,5,6,
4,8,3,7,5,1,13,
8,3,7,5,4,1,2,15,
7,3,8,14,
Future sets, 

13,15,23,16,20,18,21,22,17,4,
23,21,18,20,17,16,
8,24,19,16,23,15,22,13,18,7,
22,21,18,20,17,16,23,15,
21,18,16,23,15,22,13,
21,20,17,11,10,
18,13,22,15,23,16,19,24,8,
24,19,16,23,15,22,13,




22,
24,19,
23,16,

20,







Past links sets, 




1,


3,
7,

6,
6,

1,5,8,

4,5,8,
2,15,
2,4,6,
2,4,5,7,
8,14,
17,
2,4,5,6,
4,13,
2,15,
8,14,
Future links sets, 

13,4,
23,21,18,17,16,
7,
22,21,18,17,15,
21,18,15,13,
21,17,11,10,
18,8,
24,19,15,13,




22,
24,19,
23,16,

20,







Coordinates,
0.0447201,0.160985,
0.153847,1.68721,
0.263102,1.26511,
0.285455,1.9048,
0.329036,1.579,
0.368804,1.6799,
0.372198,1.00748,
0.482513,1.81193,
0.581429,1.79778,
0.655557,0.477249,
0.92724,0.56597,
1.0575,0.330925,
1.09138,0.187212,
1.11829,1.58345,
1.18113,1.98381,
1.36534,1.03801,
1.65314,0.765483,
1.74295,0.27345,
1.74729,0.57107,
1.7479,1.57212,
1.80399,0.224093,
1.82782,0.235001,
1.90722,1.24978,
1.96613,0.629553,
1.98019,1.56619,
