Storage option,sets
Size,100
Dimension,2
Shape,cube
Spacetime,BlackHole
Past sets, 












9,
6,

9,12,

5,6,


6,13,

8,
6,19,
7,11,

8,
0,14,
0,7,

22,8,26,
0,14,21,
11,
21,14,0,31,
12,9,15,
12,9,15,

13,6,5,17,
0,14,21,
7,0,28,
19,6,23,26,8,22,30,
19,6,23,13,26,8,22,30,
0,7,11,24,
12,9,15,
9,22,8,26,
12,9,15,
0,14,21,
13,6,5,17,
14,27,7,0,28,
0,14,21,
14,27,7,0,28,
20,40,30,9,22,8,26,13,23,6,19,41,

9,22,8,26,13,12,41,44,15,19,6,23,30,40,
31,0,27,14,21,33,
28,7,0,39,
31,38,21,14,0,33,46,
34,43,15,9,12,45,
8,34,15,12,9,35,
9,22,8,26,13,12,41,44,15,19,6,23,30,40,
46,21,14,0,49,
8,34,43,15,35,9,12,45,
43,15,9,12,45,
46,33,0,27,14,21,38,31,56,
38,46,21,14,0,49,
9,12,
53,40,30,59,9,22,8,26,13,12,41,15,44,19,6,23,
45,12,15,43,34,8,9,35,61,
26,8,34,15,12,9,35,
45,12,35,9,15,43,8,34,57,
49,56,31,38,21,14,27,0,33,46,63,
45,12,15,43,34,8,9,35,61,
50,7,33,21,14,27,0,31,28,54,
26,8,34,15,12,9,35,

46,21,14,49,0,52,

15,43,12,9,65,
74,
46,21,14,49,0,52,
31,49,52,0,14,60,21,33,46,38,64,
9,12,
57,61,35,9,8,34,43,67,15,12,45,71,
52,0,75,49,21,46,14,79,
57,34,8,15,61,9,35,12,45,43,69,
9,12,
70,60,31,49,38,64,21,14,56,27,0,33,46,63,
45,62,65,9,43,15,12,77,
57,61,35,9,8,34,69,43,15,12,45,71,
70,60,31,49,38,64,21,14,56,27,0,33,46,63,
34,57,45,62,65,9,43,15,12,77,
77,12,15,43,65,62,45,9,87,
81,87,9,45,62,43,15,12,77,65,91,

79,14,46,60,21,49,75,0,52,83,
34,57,77,12,15,43,65,62,45,9,87,


62,57,34,8,15,9,35,12,45,43,69,
14,21,76,74,52,78,
Future sets, 
49,94,75,46,42,64,38,33,80,56,27,70,83,54,86,28,72,60,31,89,63,79,50,48,55,39,




37,47,17,
23,17,20,59,51,37,41,40,66,53,47,13,
39,48,72,28,55,42,50,24,
67,71,61,98,69,40,66,82,53,22,51,41,88,59,30,84,26,44,73,68,58,
51,44,81,65,91,62,43,35,68,92,34,15,73,57,85,77,45,67,84,87,58,12,71,59,88,66,95,53,82,69,98,90,61,

32,42,24,
85,57,73,15,34,92,68,35,43,77,62,91,45,67,84,87,58,71,59,88,66,95,53,82,69,98,90,61,65,81,
47,53,66,41,37,51,59,20,
49,94,75,46,64,38,99,70,86,83,54,80,72,33,60,31,89,63,79,50,48,27,56,
45,91,62,77,43,35,68,67,92,34,73,57,84,87,58,71,59,88,66,95,53,82,69,98,90,61,

47,37,

40,66,53,59,51,41,23,
51,
49,94,79,99,70,83,54,80,56,86,60,31,89,63,72,33,75,46,38,64,
44,40,66,53,59,51,41,30,
41,51,59,53,66,40,
42,

73,68,44,40,66,53,59,51,41,30,
70,86,54,72,89,63,50,48,
72,50,48,55,39,

41,51,59,53,66,40,
54,80,56,70,86,89,63,72,33,

63,89,86,70,56,72,80,54,
73,57,84,58,71,88,95,82,98,69,90,61,67,68,
73,98,68,67,69,82,88,61,71,84,58,


80,64,63,89,86,70,56,
55,
59,66,53,51,
59,66,53,51,

77,87,92,57,84,71,88,95,82,98,69,90,61,67,62,91,
59,66,53,
87,92,57,84,71,88,95,82,98,69,90,61,67,62,91,
79,75,64,80,94,63,89,60,86,83,70,56,


79,75,83,70,64,80,89,94,86,60,
72,

99,80,79,83,94,75,
66,
72,

70,86,89,63,
90,84,88,98,95,82,69,

66,
94,89,86,80,
88,84,71,82,67,
98,90,91,92,95,87,
86,89,70,
89,86,80,
87,95,92,91,90,77,

82,

98,88,84,
89,86,
88,82,


99,78,
94,83,
99,
90,91,92,95,87,
99,
94,83,

92,

94,



95,92,91,



92,








Past links sets, 












9,
6,

12,

5,6,


13,

8,
6,19,
7,11,

8,
0,14,
0,7,

22,26,
0,14,21,
11,
31,
15,
15,

13,17,
0,14,21,
28,
23,30,
13,23,30,
0,24,
15,
9,22,26,
15,
0,14,21,
13,17,
27,28,
0,14,21,
27,28,
9,20,40,41,

40,15,41,44,
27,33,
39,
38,33,46,
34,43,45,
8,34,35,
40,15,41,44,
46,49,
8,34,35,43,45,
43,45,
27,56,
38,46,49,
12,
53,59,
61,
26,34,35,
8,35,57,
49,63,
61,
50,54,
26,34,35,

46,49,52,

43,65,
74,
46,49,52,
33,52,60,64,
12,
57,67,71,
75,79,
61,69,
12,
60,64,70,
62,77,
69,71,
60,64,70,
57,62,77,
87,
81,91,

60,83,
57,87,


62,69,
14,21,76,52,78,
Future links sets, 
49,46,42,38,31,28,27,




17,
23,17,13,
28,24,
69,58,26,61,22,
44,51,12,

32,24,
85,81,65,15,
47,41,37,20,
99,49,46,38,31,27,
59,53,45,43,35,34,

47,37,

23,
51,
99,49,46,38,31,
44,30,
41,40,
42,

73,68,44,30,
54,63,50,48,
50,48,39,

41,40,
33,

56,80,54,
73,68,61,58,57,
73,69,68,61,58,


64,56,
55,
59,53,51,
59,53,51,

77,62,61,57,
59,53,
62,61,57,
79,75,64,60,56,


79,75,70,64,60,
72,

99,80,79,75,
66,
72,

63,
90,95,82,69,

66,
94,89,86,80,
84,71,67,
98,90,87,
70,
89,86,80,
77,

82,

98,88,84,
89,86,
88,82,


78,
83,
99,
90,87,
99,
83,

92,

94,



95,91,



92,








Coordinates
-3.79897,1.74491
-3.73174,0.0541733
-3.73021,0.0513918
-3.69111,-0.640532
-3.63863,-0.387411
-3.61101,-1.09408
-3.58339,-1.2111
-3.47759,1.2482
-3.44604,-1.54891
-3.43512,-1.89262
-3.37156,0.381234
-3.33293,0.978284
-3.30584,-1.86384
-3.27861,-1.10088
-3.22381,1.76384
-3.18095,-1.74746
-3.17401,-0.489448
-3.08093,-0.782202
-3.07726,-0.491023
-3.00953,-1.06533
-2.95971,-0.926587
-2.94151,1.75625
-2.93797,-1.0744
-2.92263,-1.02134
-2.86908,0.774138
-2.82492,0.325449
-2.78711,-1.07009
-2.77121,1.32117
-2.70649,0.9993
-2.65985,0.0710958
-2.57713,-0.943566
-2.53143,1.35159
-2.4985,0.218929
-2.49843,1.32837
-2.44589,-1.48201
-2.42562,-1.44167
-2.41765,0.061331
-2.41184,-0.366992
-2.38374,1.35821
-2.3828,0.701237
-2.33681,-0.778208
-2.33623,-0.748679
-2.30126,0.361886
-2.30099,-1.66323
-2.27931,-0.830229
-2.271,-1.56894
-2.27084,1.54658
-2.18324,-0.123326
-2.07483,0.634894
-2.01835,1.56045
-1.83971,0.587038
-1.83159,-0.30901
-1.8257,1.67774
-1.82443,-0.445484
-1.8081,0.708488
-1.80183,0.323867
-1.76058,1.10874
-1.72845,-1.33326
-1.51131,-0.614718
-1.4939,-0.215096
-1.47025,1.2047
-1.44246,-0.970204
-1.44094,-1.43258
-1.42882,0.924197
-1.3497,1.07405
-1.33096,-1.62555
-1.31589,-0.0398362
-1.30235,-0.843501
-1.30059,-0.3908
-1.29071,-1.0678
-1.28973,0.834341
-1.27447,-0.842534
-1.14821,0.0568599
-1.14209,-0.221168
-1.12465,1.93766
-1.11743,1.34934
-1.05969,1.6662
-0.974968,-1.46439
-0.967072,1.89292
-0.941165,1.1556
-0.902629,0.818959
-0.819819,-1.59496
-0.674696,-0.326205
-0.65928,0.984482
-0.622541,-0.570789
-0.582798,-1.71756
-0.575441,0.361599
-0.552511,-1.21166
-0.546118,-0.469681
-0.522915,0.294725
-0.505861,-1.0177
-0.351256,-1.09905
-0.216573,-1.00023
-0.206762,-1.76373
-0.170092,0.749743
-0.149423,-0.893799
-0.144125,-1.85834
-0.135503,1.9748
-0.114384,-0.375862
-0.086957,1.32589
r_S,2
NHRVs_Open,0
NHRVs_Close,0
