Storage option,sets
Size,150
Dimension,4
Shape,cylinder
Spacetime,BlackHole
Past sets, 










































3,15,
19,






3,15,






13,
5,




4,









14,
11,
14,
21,



55,
20,
7,26,31,




5,





8,36,
16,
25,


1,
21,

38,



1,71,
56,
10,
47,
16,20,33,
23,41,55,
0,28,48,
13,
14,

0,17,21,28,29,


1,
18,56,
14,

9,55,41,80,
19,
36,8,93,
5,49,
92,
46,
31,
5,39,40,49,
54,
20,86,
16,33,52,53,
38,46,
3,15,38,46,
16,29,1,98,102,
64,
13,
8,36,64,
6,11,12,66,
16,33,96,
7,14,0,65,
11,39,
6,11,12,
20,22,30,49,5,19,32,58,
8,
0,28,47,
51,13,52,53,
26,31,
39,40,49,86,
Future sets, 
146,141,115,111,
118,105,135,98,

134,50,42,
63,
129,125,87,144,58,
143,139,
141,82,
138,124,145,93,
122,
107,
143,142,139,74,
143,139,
147,137,112,57,
141,120,113,75,73,
134,50,42,
140,132,135,109,94,
115,
119,
144,123,43,
144,131,109,81,
99,115,76,
144,
110,

95,
148,82,

146,115,111,
135,115,
144,
148,128,82,
144,
140,132,109,


138,124,93,

134,133,101,
149,142,129,
149,129,
122,110,




134,133,127,
146,108,
111,
149,144,129,125,

147,
147,132,
147,132,
130,
110,122,80,
119,106,

144,





138,136,
141,
139,




105,








122,





149,131,





126,
124,


140,

135,



135,















































Past links sets, 










































3,15,
19,






3,15,






13,
5,




4,









14,
11,
14,
21,



55,
20,
7,26,31,




5,





8,36,
16,
25,


1,
21,

38,



1,71,
56,
10,
47,
16,20,33,
23,41,55,
0,28,48,
13,
14,

0,17,21,28,29,


1,
18,56,
14,

9,41,80,
19,
93,
5,49,
92,
46,
31,
5,39,40,49,
54,
20,86,
16,33,52,53,
38,46,
3,15,38,46,
16,29,98,102,
64,
13,
8,36,64,
6,11,12,66,
16,33,96,
7,14,0,65,
11,39,
6,11,12,
20,22,30,49,19,32,58,
8,
0,28,47,
51,13,52,53,
26,31,
39,40,49,86,
Future links sets, 
146,141,115,111,
118,105,98,

134,50,42,
63,
129,125,87,58,
143,139,
141,82,
138,145,93,
122,
107,
143,142,139,74,
143,139,
147,137,112,57,
141,120,113,75,73,
134,50,42,
140,132,135,109,94,
115,
119,
144,123,43,
144,131,109,81,
99,115,76,
144,
110,

95,
148,82,

146,115,111,
135,115,
144,
148,128,82,
144,
140,132,109,


138,93,

134,133,101,
149,142,129,
149,129,
122,110,




134,133,127,
146,108,
111,
149,144,129,125,

147,
147,132,
147,132,
130,
110,80,
119,106,

144,





138,136,
141,
139,




105,








122,





149,131,





126,
124,


140,

135,



135,















































Coordinates
-3.97904,3.98292,0.773217,0.464712
-3.97106,3.60051,2.19028,0.581877
-3.95939,1.89028,0.987757,4.95808
-3.89577,2.73318,2.25073,2.0551
-3.82324,1.68319,2.84469,1.81646
-3.80419,3.73724,1.32039,4.83547
-3.80257,2.40923,1.74013,4.16629
-3.79728,3.44419,0.558075,0.843385
-3.76963,3.39896,0.985615,3.43548
-3.71839,2.99086,2.15388,2.87215
-3.70872,2.93354,1.18095,2.83313
-3.66814,2.93759,1.65485,4.35572
-3.63297,2.77491,1.47302,4.18886
-3.62782,3.77365,2.75626,0.757195
-3.58816,3.98625,0.247849,4.71362
-3.58749,2.79111,2.36765,2.12489
-3.51755,3.35677,2.07259,5.94298
-3.48218,3.57342,1.13853,6.2158
-3.46397,3.3631,1.5425,3.1615
-3.44104,3.85675,0.941043,5.53761
-3.41001,3.05935,1.68605,5.62798
-3.40583,3.95704,1.66254,0.333626
-3.40354,3.37384,1.18478,5.215
-3.3871,3.606,2.47021,3.27002
-3.38416,1.18114,0.510863,0.108924
-3.37433,3.16129,0.957586,5.47543
-3.33246,3.0978,0.793717,1.45069
-3.32658,1.27187,0.679586,3.93973
-3.31463,3.77844,0.936996,0.466842
-3.22623,3.59639,1.85857,0.121303
-3.19155,3.00837,1.0522,5.03894
-3.14853,3.85253,0.763448,1.0991
-3.12979,3.96417,1.3249,5.06084
-3.12416,3.12323,1.85761,5.69934
-3.10587,2.02222,2.49,0.719381
-3.09278,2.3067,0.474246,3.41668
-3.0709,3.8016,0.90286,3.8181
-2.90975,3.21986,2.17574,3.09527
-2.90253,3.58036,1.69978,1.52472
-2.8959,3.78764,1.9876,4.61699
-2.87552,3.99025,1.92359,4.58683
-2.84538,3.79504,2.31788,2.97321
-2.78562,2.36266,2.43741,2.08236
-2.78463,3.50488,0.877081,5.39863
-2.7656,2.69916,0.939161,3.27007
-2.76189,3.28566,1.53647,2.71711
-2.75979,2.95989,1.49488,1.76964
-2.75913,2.54911,0.915218,0.029032
-2.75247,3.45509,1.2906,0.846252
-2.72931,3.84969,1.6204,4.748
-2.71272,1.95606,2.33138,2.21992
-2.69116,3.87008,2.64509,0.0383198
-2.64542,3.7836,2.46858,6.05592
-2.64207,3.10739,2.55069,5.50052
-2.63944,3.87485,1.25236,2.45561
-2.60854,3.62926,2.19803,2.88446
-2.48244,3.92721,1.80963,3.3593
-2.46452,3.5666,2.66677,1.04176
-2.39239,3.95893,1.15534,4.85954
-2.3884,2.6413,2.34038,3.32441
-2.37778,3.29226,2.89801,3.67838
-2.35774,3.53129,2.08727,1.47094
-2.33768,3.55082,1.49357,1.10319
-2.31955,1.07076,2.52667,3.1252
-2.31874,3.67388,1.26897,4.20611
-2.30349,3.53048,0.458558,6.13302
-2.29908,3.24209,1.97826,3.85063
-2.24268,3.11431,2.08404,3.64572
-2.20397,1.64896,2.09912,0.715337
-2.13456,3.86467,0.713485,4.92485
-2.11024,3.66612,1.9589,0.316571
-2.09748,3.79393,1.84152,0.934458
-2.09455,3.70789,0.371429,2.90587
-2.06898,3.14683,0.440818,5.07557
-2.03796,2.46058,1.44262,4.62852
-1.98707,3.69965,0.307293,3.57084
-1.98224,3.73932,1.57341,0.585728
-1.97038,3.30402,1.30767,2.97356
-1.94191,3.87719,0.801909,4.84379
-1.93915,3.62689,2.3207,4.30591
-1.89874,3.39759,2.04287,2.83885
-1.89772,2.14227,1.72422,5.58859
-1.8557,3.16133,0.675382,1.27153
-1.84075,3.02893,2.16431,1.45387
-1.82517,2.84924,1.79307,2.10276
-1.81734,3.11888,1.1948,1.93599
-1.79528,3.48344,1.9263,5.16049
-1.7871,3.99879,1.23124,4.55584
-1.75055,2.94788,2.55292,0.242609
-1.74783,3.59634,0.439798,2.49053
-1.73845,3.55232,0.673048,1.54206
-1.72829,3.34454,2.82135,4.34234
-1.69188,2.83403,1.37016,6.20124
-1.68008,3.56952,0.85866,3.68166
-1.67768,2.84595,1.93336,6.02884
-1.67204,2.45091,0.841306,5.63211
-1.65355,3.86782,1.77458,5.78323
-1.6529,2.30803,1.65905,0.620457
-1.53867,3.75724,2.14122,0.120061
-1.4524,3.6016,1.36603,0.471778
-1.40684,0.752834,0.648265,2.43492
-1.34506,3.50154,1.53549,1.44628
-1.33604,3.97574,2.08225,0.0794961
-1.23786,2.01116,1.02273,1.53233
-1.15517,3.99848,1.50135,1.7601
-1.1421,3.80729,1.87314,0.864908
-1.10707,3.39543,1.74974,3.62722
-1.09231,1.59331,0.906675,1.98547
-1.08616,1.59373,1.10863,0.566206
-1.08048,2.74581,1.8084,5.90402
-1.05911,3.79765,2.37513,3.01133
-1.05229,3.77067,1.23198,0.747767
-1.04228,3.455,2.71846,1.80226
-1.02896,3.75775,0.707009,4.5457
-1.01929,2.57869,0.404487,3.96946
-1.0052,3.18827,1.39813,0.306332
-0.955922,1.73762,1.21945,1.00521
-0.952103,3.75775,1.48361,3.60407
-0.878247,2.91278,2.12569,0.466025
-0.808295,3.85894,1.66671,3.39042
-0.779753,3.95423,0.0933218,5.7526
-0.734408,2.73512,1.64073,1.02321
-0.725428,3.67587,2.03099,2.77058
-0.660432,3.58137,1.41239,5.68276
-0.654007,3.05332,0.876945,3.67966
-0.639744,3.82811,1.83283,5.0464
-0.637628,2.25047,1.59209,6.03576
-0.637255,2.45539,1.27744,1.71858
-0.624278,3.85498,1.0194,1.4179
-0.621951,3.62098,1.72398,4.58039
-0.610471,3.87225,1.27794,2.80187
-0.609811,2.89368,1.9365,5.24052
-0.591999,3.24825,2.22992,5.60619
-0.563845,2.77139,1.47734,1.46543
-0.519649,1.97099,1.74643,1.54241
-0.483709,3.98514,2.1656,0.00131737
-0.425708,3.36365,1.55884,4.14545
-0.356824,3.5429,2.50327,2.01099
-0.354951,3.72317,1.13797,3.93962
-0.345435,2.73774,1.80901,4.03983
-0.332393,3.72183,1.90864,5.87154
-0.273172,3.7785,0.265901,6.01003
-0.271829,2.70113,2.14675,4.76164
-0.250818,2.14938,2.18858,4.74694
-0.159306,3.09485,1.51363,5.11998
-0.156054,3.67957,0.742008,3.11974
-0.152251,1.59421,0.839703,0.342794
-0.142739,3.46824,2.68362,5.25373
-0.0844898,3.44704,1.12841,1.67296
-0.0818226,3.45695,2.11484,4.9284
r_S,2
NHRVs_Open,0
NHRVs_Close,0
