Storage option,sets
Size,50
Dimension,2
Shape,cube
Spacetime,BlackHole
Past sets, 





0,


1,


2,

12,

2,11,

9,
10,12,
0,5,
13,12,10,18,
9,
2,0,5,
2,0,5,
9,10,
12,13,16,
9,10,
0,5,
2,0,5,
0,5,2,11,
0,5,2,11,
10,9,26,
2,5,0,19,
2,19,5,0,27,
12,13,16,
19,5,0,2,22,
10,18,16,13,12,25,
27,2,0,5,32,19,22,35,
16,18,10,12,13,20,
10,18,16,13,25,12,34,
0,
19,5,0,27,
16,
16,42,
5,0,40,
16,13,25,12,34,
5,0,40,
20,34,12,25,16,18,36,10,13,39,
40,0,44,5,46,
33,27,0,5,32,19,2,41,
Future sets, 
40,30,29,27,23,5,44,46,33,35,22,48,19,32,41,28,37,49,
8,
33,32,49,23,35,22,28,15,29,30,37,11,


46,44,48,19,32,41,28,35,22,33,37,49,23,27,29,30,



31,26,24,21,17,
24,20,47,38,36,26,39,31,18,
30,29,15,
18,20,47,34,38,25,45,36,39,13,
36,39,45,25,38,34,47,20,


43,42,36,34,47,39,45,38,25,

39,36,38,47,20,
41,35,33,37,49,32,
47,38,

37,35,


45,39,47,36,
31,
41,37,49,33,




49,37,
49,
45,47,39,
37,
47,


47,
46,48,44,
49,
43,

48,

48,



Past links sets, 





0,


1,


2,

12,

11,

9,
10,12,
5,
13,18,
9,
2,5,
2,5,
9,10,
13,16,
9,10,
5,
2,5,
5,11,
5,11,
26,
2,19,
2,19,27,
13,16,
19,22,
18,25,
27,32,35,
16,20,
18,25,34,
0,
19,27,
16,
42,
5,40,
25,34,
5,40,
20,36,39,
44,46,
32,33,41,
Future links sets, 
40,5,
8,
33,32,28,23,22,11,


46,44,30,29,28,27,23,22,19,



26,24,21,17,
26,24,18,
30,29,15,
18,13,
34,25,20,


42,34,38,25,

39,36,20,
41,35,33,32,
47,38,

35,


45,39,36,
31,
41,37,33,




49,37,
49,
45,39,
37,
47,


47,
46,44,
49,
43,

48,

48,



Coordinates
-4.94238,-2.43941
-4.80071,0.805093
-4.7894,-1.85713
-4.65652,-1.103
-4.59673,-0.303589
-4.57294,-2.19989
-4.37707,-0.527736
-4.33951,0.899733
-4.33825,0.356603
-4.28063,1.24864
-4.00741,1.58928
-3.9059,-1.04834
-3.89733,1.95224
-3.87262,1.94737
-3.82091,-0.164131
-3.60511,-0.82694
-3.54021,2.22264
-3.53921,0.739528
-3.44772,1.5045
-3.41636,-1.90131
-3.1799,1.34826
-2.9008,0.473031
-2.88727,-1.31556
-2.86229,-0.779817
-2.78391,0.533934
-2.77011,1.54554
-2.73963,0.52821
-2.68583,-1.90195
-2.47704,-0.597259
-2.47477,-0.362969
-2.37372,-0.253649
-2.30415,0.209992
-2.29814,-1.43934
-2.24003,-1.61955
-2.09985,1.53328
-1.96656,-1.03062
-1.87554,1.16254
-1.72168,-0.947478
-1.61737,0.364936
-1.48134,1.08535
-1.48015,-2.46177
-1.43132,-1.6706
-1.37201,1.95699
-1.14809,1.9042
-0.849778,-2.04714
-0.688189,1.11018
-0.609174,-2.27657
-0.268655,0.0513284
-0.13535,-1.9759
-0.0753296,-0.32171
r_S,2
