Storage option,sets
Size,25
Dimension,3
Shape,cylinder
Spacetime,BlackHole
Past sets, 



0,
0,
0,
2,
1,

1,

0,1,
1,
7,1,0,11,
7,9,1,0,11,

3,4,5,12,11,13,0,9,7,1,14,
7,9,0,11,1,12,15,
1,3,4,0,5,8,10,
0,7,9,1,12,15,
15,12,1,9,7,0,19,
14,17,4,7,9,0,13,11,1,12,15,16,3,5,
2,11,7,10,8,13,0,4,3,1,5,18,
3,11,17,19,13,0,9,14,1,12,15,7,20,
3,11,17,19,13,0,9,14,1,12,15,7,20,
Future sets, 
20,19,3,16,24,11,23,22,18,5,21,4,17,14,13,
18,12,7,20,19,17,14,16,21,22,9,23,24,11,13,
22,6,
24,23,22,18,21,16,
22,18,21,16,
22,18,21,16,

20,19,17,14,16,21,22,23,24,13,
22,18,
20,19,17,16,21,23,24,14,
22,18,
17,14,16,21,22,23,24,13,
20,19,23,24,17,21,16,
24,23,22,21,16,
24,23,21,16,
20,19,21,23,24,17,
21,
24,23,21,
22,
23,24,20,
24,23,




Past links sets, 



0,
0,
0,
2,
1,

1,

0,1,
1,
7,11,
7,9,11,

3,4,5,12,13,14,
7,9,11,12,15,
1,3,4,5,8,10,
0,7,9,12,15,
19,
16,17,
2,13,18,
3,13,14,17,20,
3,13,14,17,20,
Future links sets, 
19,11,5,4,3,
18,12,11,9,7,
22,6,
24,23,18,16,
18,16,
18,16,

19,17,14,13,
18,
19,17,14,
18,
17,14,13,
19,17,16,
24,23,22,16,
24,23,16,
19,17,
21,
24,23,21,
22,
20,
24,23,




Coordinates
-3.8599,3.1835,4.75328
-3.54276,3.56009,3.07788
-3.51393,1.57981,2.56182
-3.40244,3.11898,0.431586
-3.39383,2.85906,5.2998
-3.26387,2.88452,0.238622
-3.24976,1.5432,4.68746
-3.21074,3.47138,1.22451
-3.09314,1.66863,1.31578
-3.06883,3.55853,1.33653
-3.06561,1.90077,4.64837
-3.05419,3.26588,5.55293
-2.95466,3.7207,1.26428
-2.9445,3.22923,6.25772
-2.63063,3.32074,4.83087
-2.50124,3.87848,4.41864
-2.14233,2.92457,4.49819
-1.95232,3.49951,0.630939
-1.40574,1.447,5.95825
-1.12771,3.93546,4.71766
-0.958908,3.9809,0.106365
-0.650554,2.62255,1.53903
-0.643323,0.998406,0.741316
-0.43496,3.85735,5.42033
-0.362438,3.76897,0.468848
r_S,2
NHRVs_Open,0
NHRVs_Close,0
