Storage option,sets
Size,100
Dimension,2
Shape,cube
Spacetime,BlackHole
Past sets, 








4,


1,
1,
9,
0,
0,


6,
7,4,8,
1,10,
9,13,
6,
16,10,1,20,
6,18,
4,7,
4,7,
0,
9,13,
7,9,4,17,

16,10,1,20,


0,14,
25,7,4,26,
17,13,9,21,
17,13,9,21,
20,1,23,10,16,31,
11,1,12,
25,7,17,4,26,
7,17,13,9,21,
11,1,12,
11,1,12,
8,7,4,25,
12,1,11,42,

9,13,
12,1,11,39,
39,43,42,11,1,12,45,
1,
1,
11,12,20,1,16,10,23,
11,12,20,1,16,10,23,
1,
10,11,1,12,
30,
28,36,21,9,13,17,37,
28,13,9,47,
42,11,50,1,12,51,
23,10,16,1,20,12,11,52,
30,
28,32,33,13,9,47,
10,43,42,45,39,11,1,12,48,
1,46,
32,33,30,56,
46,
37,17,13,9,21,36,28,57,
46,1,54,
30,56,
50,51,54,1,46,68,
9,56,30,33,32,65,
32,33,61,56,30,69,
46,1,64,
48,45,43,39,10,49,51,12,1,50,11,42,59,
30,47,9,13,33,58,32,28,62,
48,45,43,39,10,49,51,12,1,50,11,42,59,
56,30,61,
37,17,13,9,21,36,28,57,
28,32,33,13,9,47,30,56,
48,74,45,43,39,10,49,51,12,59,1,50,11,42,
48,12,1,39,45,42,43,49,10,11,63,
46,66,
45,43,50,11,51,70,12,54,46,1,59,42,49,68,39,
32,33,72,61,69,30,56,77,
46,54,76,50,11,48,45,43,39,10,49,51,12,59,1,42,
43,50,11,51,64,70,12,54,46,1,59,68,42,45,
1,66,46,82,
45,43,50,11,51,64,70,12,54,46,1,59,39,68,42,49,
54,68,64,66,1,46,73,
28,47,13,65,69,30,56,9,61,71,32,33,72,
64,1,66,46,82,
48,39,68,49,45,43,50,11,51,70,12,83,54,46,59,1,42,
30,61,
28,47,13,65,69,30,56,9,61,71,32,33,72,
46,66,
45,43,50,11,51,64,70,12,54,46,1,59,39,68,42,49,
68,54,50,70,12,51,64,66,1,46,73,
62,56,30,47,9,65,13,33,71,32,28,79,
54,64,73,1,66,46,82,
Future sets, 
15,34,27,14,
87,73,91,64,68,89,99,54,51,50,49,20,88,59,96,83,39,38,97,43,86,60,31,53,42,55,70,11,76,52,81,23,80,85,63,92,45,74,48,12,


29,26,35,40,25,19,44,8,

22,24,18,
41,29,26,35,40,44,25,19,
44,19,
98,79,21,90,71,13,78,47,29,58,75,62,37,41,67,28,57,36,94,
85,20,38,31,60,53,55,52,23,81,63,76,74,80,
55,53,60,43,86,42,39,83,96,59,88,49,76,52,81,80,85,63,92,45,74,48,
55,53,60,43,86,42,97,39,83,96,59,88,49,76,52,81,80,85,63,92,45,74,48,
47,58,75,37,78,41,67,57,28,62,36,94,90,21,79,98,
34,

31,38,52,60,53,23,
40,37,57,78,41,67,36,29,
24,

31,38,52,60,53,23,
37,57,78,41,67,36,

53,60,52,38,

44,40,35,
40,35,

94,90,79,98,62,75,58,67,78,57,

75,56,79,84,71,72,69,98,77,94,65,90,61,93,
38,
79,84,71,94,90,65,72,98,75,62,
79,84,71,94,90,65,72,98,75,62,


67,78,57,
67,78,57,

83,96,88,49,63,76,81,80,85,92,74,48,


86,45,74,80,76,85,81,83,96,63,92,59,88,49,
86,74,80,63,76,85,81,83,96,92,88,49,

86,74,80,63,76,85,81,83,96,92,88,49,
85,83,92,64,96,91,88,89,68,97,86,70,99,73,87,66,95,82,
94,90,79,98,62,75,58,
92,85,80,74,81,76,63,
88,92,96,83,81,85,76,80,74,
97,74,80,76,70,83,96,92,86,88,85,59,
97,74,80,76,70,83,96,92,86,88,85,59,
60,

85,70,96,83,97,88,99,86,92,89,68,

79,69,84,71,72,98,94,77,90,65,
78,67,
75,
88,86,92,96,83,85,76,80,74,

93,84,77,90,94,72,
98,75,
81,
96,91,88,89,97,86,99,73,
90,94,98,71,
97,89,87,91,99,95,82,

89,92,86,88,97,83,96,70,
84,90,94,72,
97,88,86,92,96,83,
98,94,90,
94,90,84,
99,97,89,
80,

85,
84,

98,


99,91,87,
92,
















Past links sets, 








4,


1,
1,
9,
0,
0,


6,
7,8,
1,10,
13,
6,
16,20,
18,
4,7,
4,7,
0,
13,
7,9,4,17,

16,20,


14,
25,26,
17,21,
17,21,
23,31,
11,12,
17,25,26,
7,17,21,
11,12,
11,12,
8,25,
42,

13,
39,
39,43,45,
1,
1,
11,12,23,
11,12,23,
1,
10,11,12,
30,
28,36,37,
28,47,
42,50,51,
52,
30,
28,32,33,47,
10,43,45,48,
1,46,
32,33,56,
46,
57,
46,54,
56,
50,51,68,
9,65,
32,33,61,69,
64,
48,10,49,59,
30,58,62,
48,10,49,59,
56,61,
57,
28,32,33,47,56,
74,
49,63,
66,
49,59,70,
72,77,
46,54,76,
43,45,59,64,70,
1,82,
49,59,64,70,
66,68,73,
28,47,71,72,
64,82,
48,83,
61,
28,47,71,72,
66,
49,59,64,70,
12,66,70,73,
62,71,79,
54,73,82,
Future links sets, 
15,27,14,
87,54,20,64,51,12,50,11,


29,26,25,8,

22,18,
41,29,26,25,19,
44,19,
71,29,13,
74,76,63,55,20,
53,43,55,42,52,39,
97,53,43,55,42,52,39,
28,47,21,
34,

31,23,
41,40,37,36,29,
24,

31,23,
41,37,36,

53,52,38,

44,40,35,
40,35,

94,90,79,62,58,57,

75,61,56,
38,
79,72,65,62,
79,72,65,62,


57,
57,

49,48,


59,45,
86,63,49,

86,63,49,
85,68,66,64,
94,90,79,62,58,
92,74,76,63,
88,96,83,81,76,74,
70,59,
70,59,
60,

99,85,68,

79,77,69,65,
78,67,
75,
88,86,96,83,76,74,

93,77,72,
98,75,
81,
96,91,88,86,73,
71,
97,89,95,82,

89,70,
72,
97,88,86,96,83,
98,94,90,
94,90,84,
99,97,89,
80,

85,
84,

98,


99,91,87,
92,
















Coordinates
-4.81154,1.12761
-4.78886,2.06944
-4.78383,-0.603821
-4.77974,0.0123259
-4.68375,-1.30515
-4.67093,-0.0790381
-4.52865,-0.974045
-4.44551,-1.30123
-4.37475,-1.06995
-4.29071,-1.89969
-4.28649,1.50678
-4.17852,1.64307
-4.16694,1.67843
-4.16561,-1.82109
-4.04334,0.787501
-3.93361,0.374043
-3.92549,1.09568
-3.9169,-1.44778
-3.75601,-0.309795
-3.68078,-0.659462
-3.65166,1.04007
-3.58021,-1.39873
-3.56156,-0.0654674
-3.47565,0.906469
-3.45572,-0.01052
-3.38996,-0.80355
-3.32644,-0.784619
-3.26601,0.431139
-3.19049,-1.57858
-3.13254,-0.772224
-3.0752,-2.42661
-3.07152,0.489677
-3.03652,-1.98343
-2.99939,-1.9956
-2.99805,0.0840397
-2.95922,-0.459095
-2.95551,-1.16164
-2.93031,-1.04683
-2.91832,0.357754
-2.91708,1.47288
-2.89278,-0.501435
-2.87326,-0.778344
-2.86551,1.47637
-2.86249,1.46799
-2.8492,-0.27161
-2.837,1.46817
-2.82649,2.37156
-2.79783,-1.549
-2.65609,1.24943
-2.63887,1.37003
-2.63768,1.62151
-2.62781,1.58981
-2.58729,0.38761
-2.52413,0.101972
-2.40611,1.86669
-2.39289,0.523248
-2.39248,-2.13225
-2.37649,-0.823432
-2.34194,-1.18761
-2.31098,1.38339
-2.30094,0.126828
-2.19727,-2.43658
-2.07889,-1.27833
-2.01879,0.746982
-1.98111,1.96746
-1.95048,-1.87325
-1.93675,2.37096
-1.89135,-0.34106
-1.89038,1.66843
-1.79971,-2.00913
-1.65052,1.43677
-1.6419,-1.7619
-1.60142,-1.87646
-1.51134,1.91703
-1.4667,0.648543
-1.43008,-0.860634
-1.38171,0.740507
-1.37503,-2.0773
-1.29213,-0.000610384
-1.2608,-1.13171
-1.23729,0.49478
-1.07125,0.030208
-0.871553,2.2117
-0.799102,0.598552
-0.728452,-1.83323
-0.573233,0.163685
-0.542777,0.90636
-0.528737,2.17044
-0.5126,0.565352
-0.482797,1.35127
-0.388997,-0.95482
-0.386331,1.90745
-0.353107,0.209315
-0.351072,-2.22719
-0.311329,-0.976064
-0.269284,2.28876
-0.190547,0.422239
-0.173664,0.885827
-0.157309,-0.355835
-0.154655,1.49597
r_S,2
