Storage option,sets
Size,75
Dimension,2
Shape,cube
Spacetime,BlackHole
Past sets, 




1,





0,
6,
5,
1,4,


2,8,
1,13,4,14,
3,7,
1,14,
2,4,1,13,
2,1,4,
7,8,
15,
3,6,11,
2,22,7,8,16,
3,6,11,
7,3,18,
1,16,2,7,8,
14,20,13,2,4,1,17,
6,7,3,18,
14,4,2,13,1,21,20,17,
17,14,20,13,4,1,2,19,
1,4,16,2,7,8,
13,17,14,1,23,4,15,19,
1,4,16,2,7,8,
13,17,14,1,23,4,15,19,
4,22,28,7,1,25,8,16,2,
3,1,18,2,16,22,25,8,7,
8,7,16,4,1,2,35,
33,37,4,22,28,7,1,8,16,25,2,
3,4,22,28,7,1,25,8,16,2,
13,17,14,1,23,4,15,19,
2,14,36,13,17,1,23,34,4,15,19,
19,8,31,20,14,4,2,13,1,21,17,29,
28,8,7,39,16,4,1,2,35,33,
13,35,2,1,4,16,7,8,21,
15,29,21,32,17,14,20,31,13,2,4,1,19,
29,2,20,32,14,36,13,17,1,23,34,4,15,19,
15,29,21,32,17,14,20,8,31,13,2,4,1,19,
21,8,7,16,4,1,2,35,13,46,
8,17,21,1,13,2,4,14,20,31,
20,17,4,2,15,43,14,1,36,23,42,13,34,19,
13,35,2,1,4,16,46,7,8,21,50,
7,8,16,20,21,1,13,2,4,
13,42,23,14,43,15,19,36,2,4,34,17,20,1,52,
1,19,2,13,8,20,31,14,17,4,21,29,32,15,49,
1,19,2,13,8,20,31,14,17,4,21,29,32,15,49,
20,32,17,4,2,15,43,14,1,36,23,13,34,19,
3,21,25,22,28,2,37,8,7,39,45,16,33,4,1,40,35,
35,46,21,7,54,8,16,20,1,13,2,4,
1,56,19,2,13,8,57,20,31,14,17,4,21,29,32,15,49,
13,17,14,1,23,4,15,19,
62,13,17,14,1,23,4,15,19,42,
43,31,21,48,14,29,2,36,19,20,32,15,13,47,17,34,1,23,4,
31,29,48,42,21,58,20,32,52,15,17,34,4,55,2,36,19,43,14,1,23,13,
43,20,31,21,2,14,29,36,13,19,32,15,47,48,1,64,17,34,23,4,58,
22,25,39,28,53,1,13,35,2,33,4,45,16,46,7,8,21,50,
36,2,34,63,23,17,62,4,43,14,1,15,19,13,42,
3,25,22,40,39,28,50,21,37,8,7,46,33,4,1,2,35,13,16,45,
47,34,23,36,48,4,1,61,20,19,57,2,21,13,32,31,14,17,29,56,15,8,49,
13,59,21,2,40,3,22,25,28,37,8,7,39,1,16,35,33,45,4,
29,48,42,58,20,32,52,15,17,34,4,55,2,36,19,43,14,1,23,13,
70,47,34,23,36,48,19,4,1,32,20,49,57,61,2,31,21,13,14,17,29,56,15,44,8,
29,48,42,58,20,32,52,15,17,34,4,55,2,36,19,43,14,1,23,13,
Future sets, 
10,
38,28,4,57,41,37,39,35,40,45,33,59,13,66,54,71,53,67,69,50,46,60,17,70,58,48,62,21,74,31,72,19,63,32,73,20,42,29,64,47,49,68,65,34,43,36,56,44,61,51,55,52,
68,43,20,67,35,33,45,41,59,38,25,72,71,40,28,53,37,60,69,46,50,54,39,16,55,52,58,32,51,61,44,56,73,57,74,65,48,31,49,29,66,47,64,70,21,
69,59,26,24,18,41,30,71,38,27,
41,37,39,35,40,45,33,59,13,54,71,53,67,69,50,46,60,17,58,48,62,21,31,72,63,32,73,42,70,29,64,47,66,49,68,65,34,74,43,57,36,56,44,61,20,51,55,52,
12,
30,24,26,11,
54,50,39,46,60,53,45,18,41,30,38,27,40,71,25,37,59,67,22,69,28,33,35,
51,70,61,56,57,49,73,44,16,39,54,50,46,60,37,53,28,40,71,25,38,59,41,67,45,69,22,33,35,


26,24,

71,53,67,69,50,46,54,60,17,48,62,31,63,32,42,73,70,64,47,72,66,29,49,68,65,34,74,43,57,36,56,44,61,51,20,58,55,52,
17,48,62,31,63,32,42,73,70,64,47,72,66,29,49,68,65,34,74,43,57,36,56,44,61,51,58,55,52,19,
61,56,57,49,62,63,42,65,34,68,23,70,47,36,73,48,64,43,66,55,72,52,74,58,
54,50,39,46,60,53,28,40,71,25,38,37,59,41,67,69,45,33,35,
62,63,42,70,64,47,72,66,29,49,31,68,48,65,74,57,73,36,56,44,61,51,32,58,34,43,55,52,
38,30,27,
62,44,63,42,52,55,43,68,32,66,49,48,65,64,47,70,36,73,56,74,57,72,61,58,34,
60,54,55,52,58,32,51,61,44,56,73,57,74,65,48,31,49,29,66,72,47,64,70,
71,59,54,53,67,69,50,60,31,65,51,61,44,56,73,57,66,49,47,64,70,46,
40,71,38,37,59,41,67,69,25,
62,63,42,34,68,70,36,73,48,65,64,43,66,55,72,52,74,58,

67,41,59,38,69,37,71,40,


67,45,59,69,41,37,71,40,
61,56,57,65,49,72,74,73,44,66,47,70,48,64,

65,51,61,56,57,73,44,66,47,70,64,49,
48,65,64,47,70,66,49,73,56,74,57,72,61,58,
67,45,40,71,69,59,
70,73,48,65,68,64,43,66,55,52,74,58,72,
53,60,46,39,50,67,69,71,59,45,
70,73,48,65,68,64,43,66,55,52,74,58,72,
59,69,71,40,

69,71,67,59,45,
71,69,59,

68,52,65,74,72,55,63,
68,64,66,52,65,58,74,72,55,
73,
67,71,69,59,
60,50,69,67,53,
73,70,66,64,
74,72,73,64,66,65,70,
57,56,61,70,73,
69,67,53,

72,74,65,55,
67,
60,
74,72,65,
70,73,61,
70,73,61,
74,72,66,65,
71,

73,70,
68,63,
68,
66,





73,




Past links sets, 




1,





0,
6,
5,
4,


2,8,
13,14,
3,7,
1,14,
2,13,
2,4,
7,8,
15,
3,11,
16,22,
3,11,
18,
7,1,16,
17,20,
6,18,
17,20,21,
17,19,20,
4,7,16,
17,19,23,
4,7,16,
17,19,23,
4,25,28,
1,18,25,
35,
33,37,
4,25,3,28,
17,19,23,
2,34,36,
8,19,29,31,
28,33,39,
13,21,35,
15,29,31,32,
32,29,34,36,
8,32,31,29,15,
46,
8,31,
20,42,43,
50,
7,20,16,21,
52,
49,
49,
32,43,
3,21,40,45,
46,54,
56,57,
17,19,23,
42,62,
47,43,48,
31,55,48,58,
58,64,
25,45,53,
43,63,
3,40,45,50,
47,48,61,
13,59,
55,48,58,
44,70,
55,48,58,
Future links sets, 
10,
38,28,19,4,
43,20,21,16,
69,18,24,59,26,41,
41,37,33,21,13,35,
12,
30,11,
54,35,18,28,33,22,
51,22,44,16,49,


26,24,

71,46,20,17,
19,17,
49,47,23,
54,25,35,28,33,
36,62,29,34,42,31,32,
38,30,27,
62,44,32,42,34,36,
29,31,54,32,52,
59,54,46,31,
25,
62,42,36,34,

41,38,67,37,


45,41,37,
48,47,49,44,

65,44,49,47,51,
49,58,48,47,
45,40,
48,43,
46,39,
48,43,
40,

45,
69,59,

63,52,
64,68,58,52,
73,
67,69,59,
60,50,
70,64,
74,64,65,70,72,
57,56,
69,53,

55,
67,
60,
74,72,65,
61,
61,
74,72,66,65,
71,

70,
63,
68,
66,





73,




Coordinates,
0.00953773,0.833875,
0.0313126,3.1619,
0.0790097,2.93923,
0.123889,1.58175,
0.266624,3.17781,
0.296403,0.815426,
0.388022,1.20022,
0.500549,1.86625,
0.51581,2.28785,
0.540625,0.76126,
0.579416,0.342594,
0.71184,0.897955,
0.833061,0.407448,
0.894833,3.2751,
1.14781,3.55912,
1.26737,3.88897,
1.3194,1.84045,
1.34418,3.3643,
1.34543,1.22469,
1.35768,3.45374,
1.3701,3.06918,
1.38573,2.62776,
1.59916,1.41408,
1.65928,3.95852,
1.76959,0.0156361,
1.79821,1.36177,
1.81182,0.293608,
1.8171,0.980651,
1.84719,1.45268,
1.96804,2.80954,
1.9755,0.626543,
1.99841,2.71462,
2.06143,3.04385,
2.11461,1.43882,
2.16982,3.46772,
2.1867,1.58378,
2.28252,3.50141,
2.3047,1.24287,
2.33498,0.879671,
2.3773,1.39947,
2.42209,1.2003,
2.50024,1.0091,
2.60592,3.69259,
2.64624,3.41059,
2.68571,2.14975,
2.76942,1.18035,
2.8096,1.46884,
2.8698,2.69904,
2.90397,2.94015,
2.905,2.39092,
2.91826,1.41574,
2.95718,1.80873,
3.00635,3.36621,
3.0199,1.36327,
3.0629,1.47389,
3.07297,3.32557,
3.10986,2.28985,
3.11749,2.34137,
3.15397,3.05757,
3.16718,0.897514,
3.19211,1.38113,
3.30747,2.18202,
3.34169,3.92722,
3.3525,3.91678,
3.48827,2.71222,
3.52663,2.8964,
3.54183,2.7154,
3.5511,0.884829,
3.62925,3.65594,
3.66136,0.72049,
3.69709,2.19868,
3.71437,0.56156,
3.81776,3.05048,
3.9006,2.0557,
3.90507,3.08817,
