Storage option,sets
Size,25
Dimension,2
Shape,cylinder
Spacetime,BlackHole
Past sets, 








1,
3,7,

4,


4,11,
4,




17,




Future sets, 

8,

9,
15,14,11,


9,



14,





20,







Past links sets, 








1,
3,7,

4,


11,
4,




17,




Future links sets, 

8,

9,
15,11,


9,



14,





20,







Coordinates
-5.98009,0.472063
-5.9128,-0.847669
-5.87589,0.31325
-5.82631,-0.547101
-5.73357,-0.993005
-5.70924,-0.0238615
-5.67976,0.40343
-5.46929,-0.321162
-5.35592,-0.572248
-5.19499,-0.0806409
-5.13795,0.398954
-4.82745,-0.560384
-4.80386,0.643487
-4.7187,0.409869
-4.71372,-0.480935
-4.43748,-0.126281
-4.42181,-0.467182
-4.41138,-0.388089
-4.40059,0.96989
-4.35224,-0.80047
-4.3462,-0.32792
-4.32989,-0.50985
-4.29759,-0.422035
-4.23391,0.62634
-4.04328,-0.466146
r_S,2
Lambda0,2,
Lambda1,5,
Lambda2,6,
Lambda3,8,
Lambda4,9,
Lambda5,10,
Lambda6,12,
Lambda7,13,
Lambda8,14,
Lambda9,15,
Lambda10,16,
Lambda11,18,
Lambda12,19,
Lambda13,20,
Lambda14,21,
Lambda15,22,
Lambda16,23,
Lambda17,24,