Storage option,sets
Size,250
Dimension,2
Shape,cube
Spacetime,BlackHole
Past sets, 












1,





10,
3,

8,
13,
2,8,
0,
17,0,20,


10,13,
2,
6,14,
0,

10,
10,18,
23,8,2,21,
3,19,
23,8,2,21,
1,

3,19,
3,
27,
1,
21,8,29,2,23,
8,2,29,
0,
1,12,
3,26,
19,3,40,
1,12,
14,6,30,
5,
5,
13,28,34,10,18,33,
19,3,5,40,
19,41,36,3,
1,7,15,
18,42,27,33,10,
21,22,44,23,45,8,13,2,29,
43,38,1,12,
27,
27,33,18,34,28,13,10,54,
22,23,45,8,13,2,29,
3,36,41,26,19,56,
49,19,36,3,40,
18,28,2,13,10,22,
35,21,44,23,22,45,8,59,13,2,29,
35,21,44,23,22,45,8,59,13,2,29,
11,30,20,17,6,14,
13,34,58,18,42,33,27,10,
5,
62,18,27,34,28,13,33,10,54,42,
35,29,2,8,45,23,44,21,37,
0,21,8,2,23,37,
24,17,20,31,11,0,25,
14,6,16,26,
0,29,37,23,2,8,21,35,
10,33,42,18,61,27,58,
5,12,38,1,43,60,
0,69,14,25,11,30,20,17,6,
5,71,
13,59,73,29,35,2,8,22,68,45,23,44,21,37,
8,25,0,11,17,46,24,31,20,75,
22,58,72,33,62,10,18,70,27,34,28,54,13,42,
55,19,5,40,3,49,
5,3,19,
22,58,72,33,62,10,18,70,27,34,28,54,13,42,
5,3,19,
19,3,5,86,
40,55,86,5,3,19,
8,25,0,11,17,46,24,31,20,75,
18,10,61,27,42,33,
41,5,55,65,49,40,19,36,3,
24,46,13,22,21,44,74,8,77,35,2,23,0,37,29,73,45,59,
24,31,14,25,69,0,80,11,30,20,17,6,
75,20,46,17,24,11,0,25,8,31,83,
11,24,20,17,29,74,31,8,21,25,2,35,0,46,23,37,
11,30,76,6,14,16,17,51,26,
21,2,31,8,83,25,0,11,24,20,17,46,75,23,
54,27,33,62,34,63,28,18,67,10,68,29,35,22,21,37,66,8,44,23,45,59,13,2,
21,45,23,22,2,8,66,29,58,72,33,62,10,18,70,27,63,34,28,54,13,42,
19,30,41,3,76,6,48,14,16,26,
11,24,20,17,45,29,37,46,0,23,25,2,35,31,77,8,74,44,21,
11,24,20,17,45,29,37,46,0,23,25,2,35,31,77,8,74,44,21,
16,26,0,69,14,11,30,20,17,6,51,
56,41,19,36,3,76,6,48,14,16,26,30,64,
2,61,78,22,58,72,70,33,62,28,84,10,27,18,34,54,87,13,42,
16,56,26,41,64,48,65,49,6,40,19,36,3,
41,5,55,65,49,40,19,36,3,
58,42,100,54,27,33,62,34,63,28,18,10,68,29,35,22,21,37,66,67,8,44,23,45,59,2,13,72,
2,61,78,22,58,72,70,33,62,28,84,10,27,18,34,54,87,13,42,
2,61,78,22,58,72,70,33,62,28,84,10,27,18,34,54,87,13,42,
2,61,78,22,58,72,70,33,62,28,84,10,27,18,34,54,87,13,42,
13,22,73,75,97,104,35,11,103,24,20,17,45,29,37,46,0,23,25,2,31,77,8,74,44,21,
40,55,86,49,5,3,19,
59,44,35,68,78,84,21,45,23,22,61,2,67,8,66,29,58,33,62,10,18,70,27,63,34,87,28,54,72,13,101,42,
31,63,10,28,18,66,20,67,2,24,46,23,94,0,13,59,22,45,68,21,44,74,8,77,82,35,37,29,73,
2,61,84,78,22,58,72,70,33,10,62,28,27,112,18,87,34,54,107,13,42,111,
54,34,33,27,62,63,10,28,18,67,13,73,59,22,66,29,35,2,68,82,8,45,23,44,21,0,37,77,
2,78,33,10,42,27,61,84,87,18,92,22,58,72,62,70,34,28,54,13,
16,95,24,31,25,69,0,17,14,51,11,30,20,80,6,
14,96,35,29,31,21,2,8,99,25,37,74,0,91,17,11,24,75,20,83,46,97,23,
42,73,100,13,54,27,33,62,34,63,28,77,18,10,68,29,35,22,21,37,66,67,8,44,45,0,59,2,23,82,
116,42,59,44,35,72,68,78,84,10,21,58,45,23,61,2,67,66,29,33,70,62,18,27,22,101,63,34,8,87,13,107,28,54,
73,110,58,27,42,54,23,100,33,2,62,34,63,28,59,18,10,72,68,37,29,35,66,22,21,0,67,8,44,13,45,82,
8,29,118,2,61,84,78,107,22,58,70,33,62,10,87,28,27,112,54,18,34,72,13,42,111,66,
3,36,19,49,14,65,48,64,41,26,56,16,40,6,108,
48,56,93,5,64,41,55,19,65,40,36,26,49,3,
111,113,2,61,84,78,22,58,72,70,33,10,62,28,27,87,34,54,107,13,42,18,112,
11,17,25,34,117,24,31,63,94,28,59,18,66,35,20,82,0,67,2,46,10,77,23,13,44,22,45,68,37,21,74,8,29,73,
16,24,26,31,51,14,25,69,0,80,11,30,20,17,6,
125,73,110,58,27,42,54,23,21,100,63,33,2,62,34,28,59,22,18,10,72,35,68,37,0,29,66,67,8,45,82,44,13,77,
120,28,2,78,33,10,42,27,61,84,87,18,92,22,58,72,62,70,34,54,13,113,
25,3,48,76,105,14,16,26,0,30,17,98,69,11,20,6,51,
25,41,3,48,76,105,14,16,26,0,30,17,98,69,11,20,6,51,
44,122,35,14,29,0,31,2,21,8,96,37,99,25,74,91,17,75,46,11,83,24,20,97,23,77,
68,114,13,22,73,75,17,46,97,94,35,11,44,103,104,45,74,83,24,20,29,59,0,37,8,23,25,2,31,77,21,99,
24,31,25,76,105,14,16,26,0,30,17,98,69,11,20,6,80,51,
54,70,72,22,34,92,18,58,87,113,84,61,27,13,42,10,78,2,28,62,33,120,133,
70,132,58,125,73,110,27,42,54,23,21,100,63,33,2,62,34,28,59,101,22,18,10,72,35,68,37,0,29,66,67,8,45,82,13,77,44,123,
73,21,44,13,23,77,10,46,2,67,74,37,0,8,45,82,35,29,66,18,22,59,28,20,94,63,68,31,24,117,34,25,17,11,130,
63,67,82,137,68,31,77,13,22,59,73,75,96,17,46,83,97,23,94,114,35,11,44,29,45,8,74,0,37,103,24,104,25,20,99,2,21,
51,20,80,11,6,98,17,26,16,14,105,30,76,25,31,24,69,0,138,
51,6,30,69,122,35,14,29,0,31,2,80,21,8,96,37,95,99,25,74,91,17,75,46,11,83,24,20,97,23,
138,0,69,24,31,25,76,30,105,14,16,3,26,17,98,6,11,80,20,51,143,
119,62,33,27,54,42,130,11,17,25,34,117,24,31,68,63,94,20,28,59,22,18,66,29,35,82,45,8,0,37,74,67,2,46,10,77,23,13,100,21,73,44,123,
44,63,23,45,21,66,59,118,29,101,42,111,84,120,2,61,78,107,22,58,13,72,129,70,92,33,62,10,8,126,87,28,27,34,113,54,112,18,
46,74,61,78,84,87,140,58,70,29,132,2,73,28,110,27,68,125,42,54,13,23,21,62,100,59,63,22,33,34,18,101,10,72,35,37,119,0,82,123,66,67,8,45,77,44,
37,92,63,101,67,23,45,21,68,35,44,59,116,18,112,54,113,34,27,28,87,126,8,10,62,33,70,72,13,58,22,107,78,61,129,2,84,111,42,29,118,66,124,
133,120,33,62,28,2,78,10,42,13,27,61,84,113,87,58,18,92,34,22,72,70,54,139,
27,33,54,119,62,141,67,73,100,21,44,13,23,77,10,46,2,74,37,0,8,45,82,35,29,66,18,22,59,28,20,94,63,68,31,103,24,117,34,104,25,17,11,130,
51,20,80,11,6,98,17,3,26,16,14,105,30,76,25,31,24,69,0,138,
2,23,51,8,95,25,0,11,69,83,24,17,46,16,75,20,31,96,14,21,80,30,6,91,
8,46,75,95,121,16,24,26,105,31,14,51,0,17,25,69,11,30,131,20,80,6,
44,77,45,67,0,37,35,101,18,33,22,10,63,59,100,62,23,66,119,13,54,72,125,68,27,110,28,73,2,132,82,29,123,70,58,34,140,87,84,78,8,61,21,74,46,42,148,
0,73,82,37,100,111,44,42,13,72,34,101,18,54,112,45,27,28,62,33,70,22,107,78,84,61,2,118,87,58,29,124,66,8,10,126,59,116,35,68,21,23,67,63,110,
44,144,51,14,6,80,30,69,122,11,35,29,0,37,74,31,2,21,16,95,8,25,91,96,17,75,46,83,24,99,20,97,23,77,
36,56,19,102,20,25,48,135,41,3,26,76,30,14,16,0,69,17,6,105,11,98,51,134,
106,41,56,19,36,3,76,6,11,48,51,14,16,26,30,64,102,
139,54,70,72,22,18,58,87,113,84,61,27,13,42,10,78,2,28,62,33,120,133,34,92,150,
54,70,72,22,34,92,18,58,87,113,84,61,27,13,42,10,78,2,28,62,33,120,133,
49,106,41,56,19,36,40,3,76,6,48,14,16,26,30,64,102,
77,62,0,73,82,132,35,37,84,100,111,44,42,72,34,101,54,18,112,45,125,28,33,70,23,22,116,78,61,2,87,58,27,124,66,8,107,10,29,126,156,59,68,118,21,67,63,13,110,
27,33,54,83,75,137,141,67,73,21,44,13,23,77,10,46,2,74,37,0,8,45,82,114,35,29,66,97,18,22,59,28,99,20,94,63,68,31,103,24,117,34,104,25,17,11,130,
106,41,56,19,36,3,76,6,11,48,51,14,16,26,30,64,102,
77,92,113,129,62,0,73,82,35,37,84,100,111,44,42,72,34,101,54,18,112,45,125,28,33,70,23,22,116,78,61,2,87,58,27,124,66,8,107,10,29,126,156,59,68,118,21,67,63,13,110,
61,78,84,87,72,101,58,70,140,146,25,62,27,74,54,42,33,130,11,17,34,23,24,31,68,21,63,94,0,117,20,67,125,28,59,119,22,18,66,29,123,132,35,82,45,8,37,2,46,10,77,110,13,100,73,141,44,
134,48,3,138,0,69,24,31,25,76,30,14,16,26,17,6,105,11,80,20,41,135,98,51,
37,67,68,35,116,72,54,70,22,18,58,87,113,84,61,27,42,147,10,78,139,2,28,62,129,33,120,133,66,34,101,92,13,150,44,111,63,23,45,112,21,59,126,118,29,107,8,124,
129,113,92,149,62,0,73,82,35,37,84,100,111,44,42,72,34,101,54,18,112,45,125,28,33,70,120,23,22,116,78,61,2,87,58,27,124,66,8,107,10,29,126,156,59,68,118,21,67,63,13,110,
67,68,35,72,54,70,22,18,58,87,113,84,61,27,42,147,10,78,139,2,28,62,129,33,120,133,66,34,101,92,13,150,44,111,63,23,45,112,21,59,126,118,29,107,8,116,
45,136,157,46,83,44,144,51,14,6,80,30,69,122,11,35,29,0,37,31,2,21,95,16,8,104,25,91,17,96,75,103,24,99,20,97,23,77,74,153,
73,82,100,133,149,8,37,84,92,45,63,101,54,67,120,23,70,68,35,129,44,59,116,22,18,112,113,66,34,28,87,62,33,72,110,13,10,107,58,78,61,2,111,139,42,126,29,21,118,27,124,147,
17,98,106,41,56,19,36,3,76,6,11,48,51,14,16,26,30,64,102,
120,149,166,113,77,92,129,132,23,62,0,73,126,82,29,35,37,84,100,58,44,42,72,125,34,87,101,163,54,107,18,124,112,59,45,28,33,70,22,116,10,63,78,61,8,111,2,27,66,13,156,68,118,21,67,110,
51,6,30,80,69,95,66,18,28,10,117,122,63,22,67,82,137,68,77,96,13,136,142,59,73,31,114,75,17,99,46,0,83,14,97,23,35,94,11,44,29,45,91,8,74,37,104,21,24,25,103,20,2,
75,48,95,121,131,143,14,20,80,6,17,3,26,16,152,11,105,30,76,51,98,145,25,31,24,69,0,138,
24,94,148,74,140,123,110,77,62,0,73,126,82,29,35,37,84,100,58,44,42,72,125,34,87,101,163,54,107,18,124,112,59,45,28,33,70,132,23,22,116,119,10,63,78,61,8,111,2,27,66,13,156,68,118,21,67,46,155,
150,139,161,70,22,34,18,58,54,113,84,27,72,13,10,78,87,28,62,92,33,61,2,120,133,42,160,
161,70,22,34,18,58,54,113,84,27,72,13,42,10,78,87,28,62,92,33,61,2,120,133,139,
67,35,68,112,126,8,107,111,101,29,118,59,66,21,45,63,44,42,133,120,129,2,61,160,33,92,62,28,87,78,10,13,72,27,84,113,54,58,18,22,70,34,161,139,23,150,147,
41,20,6,17,26,16,14,30,25,31,24,98,11,69,0,51,80,138,3,19,135,48,105,76,134,168,
121,136,157,46,83,44,144,51,14,6,80,30,69,122,11,35,29,0,37,31,2,21,95,16,8,25,91,17,96,75,24,99,20,97,23,77,74,153,
87,83,75,137,72,101,58,70,140,123,42,10,104,27,74,151,54,25,62,97,0,94,67,73,100,21,68,141,44,110,13,23,20,117,77,46,99,2,37,8,45,82,132,35,29,66,18,119,22,59,125,28,63,31,103,24,34,114,17,11,33,130,146,
100,62,91,14,96,164,136,27,54,83,75,22,31,141,35,67,73,20,74,44,97,122,13,66,23,77,24,21,130,119,10,63,46,99,2,37,0,114,45,82,29,18,59,137,28,94,68,103,8,117,11,34,104,25,17,33,142,
113,92,166,178,24,94,33,87,74,13,140,18,123,62,110,77,0,61,73,126,82,148,21,35,37,84,23,100,58,119,44,42,72,125,34,29,156,101,163,54,107,46,124,63,129,2,112,59,45,155,28,70,132,10,149,22,116,78,8,111,27,66,68,118,67,
116,126,124,118,107,112,111,167,61,2,78,84,25,87,146,155,28,72,101,42,58,117,70,11,13,140,22,62,27,74,54,33,130,17,34,23,82,141,24,31,68,148,21,63,94,35,0,59,20,67,8,125,66,119,18,77,156,29,123,132,73,45,37,46,10,110,100,44,
116,22,67,120,35,68,112,59,126,8,61,107,160,54,58,101,29,118,66,13,21,45,63,10,44,150,42,133,27,129,23,111,2,161,33,139,92,171,62,28,87,34,78,181,72,84,113,18,70,147,
131,134,95,48,41,135,143,14,20,80,6,17,3,26,16,152,11,105,30,76,51,98,145,25,31,24,69,0,138,
98,99,91,37,96,23,2,8,154,95,153,76,17,121,75,16,83,24,26,46,105,31,14,51,21,80,0,25,69,11,30,131,20,6,
33,54,130,34,176,117,51,6,30,80,21,69,95,66,18,77,136,28,122,63,22,67,8,82,23,10,137,68,96,37,13,142,83,24,59,0,73,141,14,31,114,75,99,46,97,35,94,11,44,103,29,45,104,91,74,25,20,2,17,144,
100,110,149,124,37,169,116,22,67,120,35,68,112,59,126,8,61,107,160,54,58,101,29,118,66,13,21,45,63,10,44,150,42,133,27,129,23,111,2,161,33,139,92,171,62,28,87,34,78,181,72,84,113,18,70,147,
48,145,98,8,154,95,76,17,3,121,75,16,24,26,46,105,31,14,51,80,0,143,25,69,11,30,131,138,20,6,152,
67,82,121,59,94,73,22,13,0,45,136,68,157,46,172,83,44,144,51,137,80,37,30,69,122,11,8,97,35,29,31,74,21,6,95,16,104,114,25,2,91,17,14,103,96,75,24,153,99,20,23,77,
111,150,161,70,22,34,18,58,54,113,84,27,72,13,160,42,10,78,87,28,180,62,92,33,179,120,61,2,133,139,
63,194,67,8,82,23,121,59,0,94,35,153,73,14,22,13,104,136,77,68,46,45,172,83,24,142,44,103,17,144,51,137,80,21,37,96,157,30,69,122,11,97,29,31,74,6,95,16,75,114,25,2,91,99,20,
111,112,107,116,124,84,78,61,184,117,87,20,83,75,8,70,72,101,34,58,125,140,73,123,42,10,77,104,37,27,94,74,141,151,17,54,25,62,97,137,0,67,100,33,167,21,68,44,110,13,23,46,99,2,45,82,132,35,29,66,155,18,119,22,59,28,63,130,31,103,24,114,148,11,146,
123,170,147,139,133,175,116,120,61,166,107,113,54,77,18,92,160,33,2,129,70,132,73,150,23,82,62,0,59,118,126,8,67,35,37,84,100,58,171,44,169,42,101,72,13,125,66,34,87,28,163,45,124,112,149,22,10,63,78,111,27,29,156,68,21,110,173,
26,131,45,121,80,136,95,75,46,44,144,104,21,51,96,30,153,69,122,11,35,29,83,0,37,31,2,6,172,25,8,91,183,17,16,99,24,103,20,14,97,23,77,157,74,
24,94,74,123,119,170,147,139,133,175,116,120,61,166,107,113,54,77,18,92,33,2,129,70,132,73,23,82,62,0,59,118,126,8,67,35,37,84,100,58,44,42,101,72,140,13,125,66,34,87,155,28,163,45,124,112,149,22,10,63,78,111,27,29,156,68,148,21,110,46,173,
91,107,116,124,96,142,84,78,61,184,117,87,20,83,75,8,70,72,101,34,58,125,140,73,123,42,10,77,104,37,164,27,94,74,141,151,17,54,25,62,97,137,0,67,100,33,167,21,68,44,110,13,23,46,99,2,45,82,132,35,29,66,155,18,119,22,59,28,63,130,31,103,24,114,148,11,146,
61,84,146,125,132,110,42,123,70,101,72,87,184,58,185,67,8,100,62,91,73,96,37,164,46,136,77,18,27,54,83,151,24,142,75,22,31,14,141,23,82,35,94,20,74,44,103,97,122,63,140,13,66,21,130,119,99,2,0,59,114,45,104,29,10,137,28,68,117,11,34,25,17,33,
195,84,10,111,150,161,87,70,112,33,113,34,18,13,92,129,58,133,54,27,72,2,160,42,78,107,28,139,22,180,62,179,120,61,
83,99,113,97,75,114,104,103,163,187,116,45,126,124,118,107,112,111,25,61,132,151,2,73,78,84,155,13,87,146,28,72,101,42,58,117,46,70,141,11,82,140,22,62,27,74,54,125,33,130,59,17,34,23,94,24,31,68,148,77,21,63,35,0,20,67,8,66,119,167,18,156,178,29,100,123,37,10,110,44,
44,59,63,23,45,66,118,29,126,195,84,10,111,150,161,8,87,70,112,33,113,34,18,13,92,129,58,133,54,27,72,2,160,42,78,107,28,139,101,22,180,62,21,179,120,61,
73,199,11,26,131,37,45,74,80,136,183,95,46,44,91,144,104,21,51,96,30,77,153,69,35,29,83,97,0,31,75,172,122,25,105,8,17,16,157,2,99,121,24,6,103,20,14,23,
76,98,131,105,26,121,157,46,83,44,144,51,14,6,80,30,69,122,11,35,29,0,37,153,74,31,2,21,95,16,8,25,91,17,96,154,75,24,99,20,97,23,77,
28,18,10,137,63,122,194,67,8,82,23,121,59,0,94,35,153,73,14,22,13,104,136,77,68,46,45,172,83,24,142,44,103,17,144,51,80,21,37,96,157,30,196,69,11,97,29,31,74,6,95,16,75,114,25,2,91,99,20,66,
83,97,75,114,147,104,103,120,175,129,163,92,113,187,116,45,126,124,118,107,112,111,25,61,132,151,2,73,78,84,155,13,87,146,28,72,101,42,58,117,46,70,141,11,82,140,22,62,27,74,54,125,33,130,59,166,17,34,23,94,24,31,68,148,77,170,21,63,35,149,0,20,67,8,66,119,167,18,156,178,29,100,123,10,110,44,37,186,
6,30,69,72,101,110,125,132,70,123,42,146,58,185,67,8,100,62,91,73,96,37,164,46,136,77,18,27,54,83,151,24,142,75,22,31,14,141,23,82,35,94,20,74,44,103,97,122,63,140,13,66,21,130,119,99,2,0,59,114,45,104,29,10,137,28,68,117,11,34,25,17,33,
118,126,112,111,197,91,107,28,116,37,124,45,96,142,63,84,78,61,140,17,184,117,87,8,20,99,83,75,70,72,151,101,22,201,34,58,137,125,46,73,123,44,42,10,77,104,25,164,27,94,74,141,62,54,97,18,67,146,100,21,33,0,167,68,110,31,13,23,2,82,132,35,114,29,66,155,119,59,130,103,24,148,11,
37,124,147,68,35,67,116,205,44,150,59,112,63,10,23,129,45,66,13,118,29,188,126,195,84,58,161,111,2,8,61,87,34,179,70,33,139,113,18,92,133,27,54,160,107,181,72,42,78,28,101,22,180,21,171,62,120,
76,98,131,105,26,121,157,46,83,44,144,51,14,6,80,30,69,122,11,35,29,0,37,153,74,31,2,21,95,16,8,25,91,17,96,154,75,24,99,20,97,23,77,
34,130,16,176,117,51,6,80,21,69,95,66,18,77,136,28,122,63,22,67,8,82,23,10,137,68,96,37,13,142,83,24,59,0,73,14,31,114,75,144,17,99,46,97,35,94,11,44,103,29,45,104,91,74,25,20,2,30,157,
35,29,190,74,153,98,24,25,91,37,0,17,96,23,97,2,76,8,80,6,21,121,154,75,95,16,83,46,26,105,31,14,51,69,11,30,131,99,20,
170,173,163,125,82,73,0,132,77,166,175,192,133,100,110,124,37,116,149,22,67,126,8,120,35,68,112,59,118,107,101,169,42,113,58,156,29,147,66,13,72,21,139,45,63,54,181,10,171,44,27,2,129,70,61,188,150,23,111,160,33,92,62,28,87,161,34,78,84,18,
14,156,211,33,118,29,126,37,112,23,111,201,22,91,2,107,197,18,28,117,116,27,124,35,45,96,142,63,84,78,167,61,140,17,184,87,97,20,99,10,83,75,164,70,72,151,62,101,34,123,58,137,125,46,73,44,42,77,104,25,114,94,74,141,54,67,146,100,11,21,110,0,68,31,13,82,132,66,155,119,59,148,130,103,24,8,187,
125,0,82,73,173,179,192,133,100,110,124,37,116,149,22,67,126,8,120,35,68,112,59,118,107,101,169,42,113,58,156,29,147,66,13,72,21,139,45,63,54,181,10,171,44,27,2,129,70,61,188,150,23,111,160,33,92,62,28,87,161,34,78,84,18,
14,122,156,211,33,118,29,126,37,112,23,111,201,22,91,2,107,197,18,28,117,116,27,124,35,45,96,142,63,84,78,167,61,140,17,184,87,97,20,99,10,83,75,164,70,72,151,62,101,34,123,58,137,125,46,73,44,42,77,104,25,114,94,74,141,54,67,146,100,11,21,110,0,68,31,13,82,132,66,155,119,59,148,130,103,24,8,187,
14,122,118,126,112,111,197,91,107,28,116,37,124,45,96,142,63,84,78,61,140,17,184,117,87,8,20,99,83,75,70,72,151,101,22,201,34,58,137,125,46,73,123,44,42,10,77,104,25,164,27,94,74,141,62,54,97,18,67,146,100,21,33,0,167,68,110,31,13,23,2,82,132,35,114,29,66,155,119,59,130,103,24,148,11,
23,14,103,6,121,2,17,8,105,13,172,22,75,31,0,29,35,16,122,69,96,157,51,104,144,91,97,44,99,46,95,24,77,183,83,30,136,80,21,74,45,37,25,131,26,11,199,20,73,153,206,
92,129,178,156,163,113,211,33,118,29,126,37,112,23,111,201,22,91,2,107,197,18,28,117,116,27,124,35,45,96,142,63,84,78,167,61,140,17,184,87,187,8,97,20,99,10,83,75,164,70,72,151,62,101,34,123,58,137,125,46,73,44,42,77,104,114,94,74,141,54,67,146,100,11,21,110,0,68,31,13,82,132,66,155,119,59,148,130,103,24,25,204,
147,68,35,67,205,44,150,203,59,112,63,10,23,129,45,66,13,118,29,126,195,84,58,161,111,2,8,61,87,34,179,70,33,139,113,18,92,133,27,54,160,107,181,72,42,78,28,101,22,180,21,62,120,
29,66,203,18,129,195,84,10,111,150,161,8,87,92,13,70,33,112,113,34,58,133,54,27,72,2,160,42,78,107,28,139,22,180,62,179,120,61,118,
144,148,78,95,80,51,176,87,84,61,210,6,164,30,69,72,151,101,22,110,31,125,46,132,70,123,44,42,146,67,58,137,27,8,100,21,62,141,91,73,96,184,17,37,136,77,185,18,97,54,83,24,103,142,63,75,14,23,82,202,35,114,94,20,99,74,122,140,13,66,130,119,2,167,0,59,45,104,25,29,10,28,68,117,11,34,33,
27,153,54,33,191,214,31,34,95,130,69,8,16,77,176,117,51,6,67,80,21,82,66,18,136,141,14,75,28,122,0,63,2,22,83,23,10,137,68,96,35,37,13,74,142,20,24,59,73,114,144,17,99,46,97,94,11,44,103,29,172,45,104,91,157,30,25,
122,14,28,125,92,129,178,156,59,163,66,113,211,17,114,33,130,118,21,29,126,37,112,222,23,111,104,22,119,91,201,2,99,107,10,204,197,100,217,18,117,116,27,124,35,132,45,142,96,63,84,78,167,70,61,140,184,87,187,8,97,0,83,75,164,67,72,151,54,62,101,34,123,58,155,137,46,73,44,141,42,77,94,74,146,11,110,13,68,31,82,148,103,24,25,20,219,
73,110,100,192,212,35,37,124,147,29,67,126,8,116,87,28,59,118,112,44,171,63,10,150,23,70,45,66,13,72,68,195,18,84,58,111,129,2,188,61,179,120,161,34,92,139,21,113,181,54,133,27,33,160,169,42,101,107,205,78,149,22,180,62,
51,80,95,107,116,148,155,78,87,84,61,210,6,164,30,69,72,151,101,22,110,31,125,46,132,70,123,44,42,146,67,58,137,27,8,100,21,62,141,91,73,96,184,17,37,136,77,185,18,97,54,83,24,103,142,63,75,14,23,82,202,35,114,94,20,99,74,122,140,13,66,130,119,2,167,0,59,45,104,25,29,10,28,68,117,11,34,33,
97,75,114,104,103,151,150,169,178,68,111,78,63,156,10,22,149,0,112,124,163,87,125,13,72,28,101,42,44,58,173,24,27,100,84,110,37,186,35,140,67,8,126,45,118,62,155,82,23,73,59,132,70,129,148,2,33,92,18,167,77,113,34,107,166,17,61,120,116,29,175,133,66,139,46,119,123,147,74,21,170,94,54,200,187,25,146,117,11,130,141,31,20,
113,163,178,217,211,156,220,42,14,103,122,33,118,29,126,37,112,23,111,201,22,91,2,107,197,18,28,117,116,27,124,35,45,96,142,63,84,78,167,61,140,17,184,87,187,8,97,20,99,10,83,75,164,70,72,151,62,101,34,123,58,137,125,46,73,44,77,104,25,114,94,74,141,54,67,146,100,11,21,110,0,68,31,13,82,132,66,155,119,59,148,130,219,24,
104,103,151,160,169,150,171,178,68,111,78,63,156,10,22,149,0,112,124,163,87,125,13,72,28,101,42,44,58,173,24,27,100,84,110,37,186,35,140,67,8,126,45,118,62,155,82,23,73,59,132,70,129,148,2,33,92,18,167,77,113,34,107,166,17,61,120,116,29,175,133,66,139,46,119,123,147,74,21,170,94,54,200,187,25,146,117,11,130,141,31,20,
31,117,181,161,192,20,169,150,160,198,200,54,94,170,21,74,147,123,119,46,139,66,133,175,178,29,116,120,61,166,107,34,113,77,18,92,33,2,148,129,70,132,59,73,23,82,155,62,118,45,126,8,67,140,35,186,37,110,84,100,27,24,173,58,44,42,101,28,72,13,125,87,163,124,112,0,149,171,22,10,156,63,78,111,68,
136,6,185,220,42,14,103,122,33,211,118,29,126,37,112,202,23,111,201,22,91,2,107,197,18,28,117,116,27,124,35,45,96,142,63,84,78,167,61,140,17,184,87,8,97,20,99,10,83,75,164,70,72,151,62,101,34,123,58,137,125,46,73,44,77,104,25,114,94,74,141,54,67,146,100,11,21,110,0,68,31,13,82,132,66,155,119,59,148,130,24,
188,181,161,192,169,150,160,198,200,54,94,170,21,74,147,123,119,46,139,66,133,175,29,116,120,61,166,107,34,113,77,18,92,33,2,148,129,70,132,59,73,23,82,155,62,118,45,126,8,67,140,35,37,110,84,100,27,24,173,58,44,42,101,28,72,13,125,87,163,124,112,0,149,171,22,10,156,63,78,111,68,
97,75,114,104,103,151,150,169,178,68,111,78,63,156,10,22,149,0,112,124,163,87,125,13,72,28,101,42,44,58,173,24,27,100,84,110,37,186,35,140,67,8,126,45,118,62,155,82,23,73,59,132,70,129,148,2,33,92,18,167,77,113,34,107,166,17,61,120,116,29,175,133,66,139,46,119,123,147,74,21,170,94,54,200,187,25,146,117,11,130,141,31,20,
66,203,18,129,195,84,10,111,150,161,87,92,13,70,33,112,113,34,58,133,54,27,72,2,160,42,78,107,28,139,22,180,62,179,120,61,118,
103,161,178,68,111,78,63,156,10,22,171,149,0,112,124,163,87,125,13,72,28,101,42,44,58,173,24,27,100,84,110,37,186,35,140,67,8,126,45,118,62,155,82,23,73,59,132,70,129,148,2,33,92,18,167,77,113,34,107,166,17,61,120,116,29,175,133,66,139,46,119,123,147,74,21,170,94,54,200,198,160,11,150,169,20,187,25,146,117,130,141,31,
132,77,180,218,84,125,192,58,0,67,82,149,73,173,112,45,133,66,100,170,33,110,124,37,116,22,156,126,59,8,120,35,169,68,118,107,101,171,34,179,42,113,166,29,72,21,63,54,188,147,10,181,44,111,27,161,139,2,129,62,70,61,13,150,23,160,92,28,87,78,18,
129,231,37,113,163,66,178,23,211,17,114,156,59,123,42,14,111,103,122,25,33,130,118,220,21,29,126,112,104,22,119,91,201,2,99,107,10,204,197,100,217,18,28,125,117,219,20,116,27,124,35,132,45,142,96,63,84,78,167,70,61,140,184,87,187,8,97,0,83,75,164,67,72,151,54,62,101,34,58,155,137,46,73,44,141,77,94,74,146,11,110,13,68,31,82,148,24,
121,13,153,82,11,54,33,104,191,214,31,34,27,176,95,24,130,59,69,16,226,77,6,117,46,51,122,67,80,21,66,137,18,136,141,14,75,28,99,0,142,63,2,73,144,22,164,83,94,10,68,96,25,35,37,74,20,91,114,17,97,44,103,29,23,172,30,45,8,157,
100,116,124,37,223,147,29,35,212,67,126,8,87,28,171,44,203,59,118,112,63,10,150,23,70,45,66,13,72,68,195,18,84,58,111,129,2,188,61,179,120,161,34,92,139,21,113,181,54,133,27,33,160,169,42,101,107,205,78,149,22,180,62,
82,173,228,161,27,73,110,100,33,192,212,78,35,169,37,124,29,67,126,59,8,116,87,28,118,112,45,111,63,147,10,13,150,70,133,72,58,195,61,18,84,129,62,139,2,66,203,188,54,120,171,34,101,92,21,113,180,44,181,23,160,179,42,107,68,205,149,22,
72,101,110,125,58,132,70,140,123,42,146,16,119,27,164,62,100,33,191,54,130,63,34,176,117,51,185,6,73,30,97,80,13,21,69,136,2,95,28,66,18,77,10,144,122,22,67,8,142,75,82,23,0,137,68,96,29,37,104,83,24,91,59,141,74,151,14,31,114,99,46,35,94,11,44,103,45,25,157,20,17,
242,100,33,116,124,37,223,22,29,35,169,212,78,67,126,59,8,28,111,118,112,45,63,147,10,13,150,87,224,70,203,66,133,72,2,139,61,18,84,195,58,129,62,188,54,120,161,27,171,34,101,92,21,113,180,44,181,23,160,179,42,107,68,205,149,
51,80,95,69,30,137,136,6,103,185,123,42,14,111,122,25,33,130,211,17,114,118,220,21,29,126,37,112,202,8,23,104,22,119,91,201,2,99,107,10,197,100,18,28,125,117,20,116,27,124,234,35,132,45,142,96,63,84,78,167,70,61,140,184,87,97,0,83,75,164,67,72,151,54,62,101,34,58,155,46,73,44,141,77,94,74,146,110,13,68,31,82,66,59,148,24,11,210,
30,69,92,202,185,136,34,137,129,25,37,140,113,10,163,66,178,75,126,17,114,6,217,222,11,156,59,123,231,20,42,14,220,117,111,103,211,0,122,33,130,27,118,21,124,240,29,132,112,104,22,125,119,91,201,2,99,107,204,101,197,94,100,18,28,23,234,8,219,116,13,35,45,148,142,96,63,84,187,78,167,70,61,164,184,87,97,83,67,72,151,54,62,58,155,46,73,44,141,77,74,146,110,68,31,82,24,
84,87,210,72,101,110,27,125,42,58,141,132,70,140,123,146,63,16,99,119,164,62,100,184,17,33,25,54,137,130,34,117,176,10,51,18,185,6,73,30,97,14,80,13,96,21,104,69,136,2,95,28,66,244,77,144,122,22,67,8,91,142,59,75,82,23,0,83,68,151,29,37,191,24,74,157,31,114,46,35,94,11,44,103,20,45,
223,243,101,82,173,228,161,27,169,73,2,110,181,100,29,242,33,192,70,78,0,149,35,37,179,124,195,67,126,59,8,150,116,45,87,28,118,112,111,212,63,205,147,10,13,84,133,62,72,58,129,61,18,160,139,68,66,188,203,54,120,34,92,21,113,42,180,44,23,107,171,22,
Future sets, 
249,156,170,218,125,105,239,132,123,119,198,140,175,216,163,166,77,74,148,155,80,134,158,135,24,202,152,241,145,234,143,232,168,182,138,227,131,220,104,193,103,94,183,221,226,137,99,208,199,185,96,246,157,114,229,176,231,142,31,210,121,83,172,191,207,219,130,196,240,151,122,211,244,117,206,248,201,222,95,184,194,247,214,153,190,75,164,25,204,217,46,225,136,213,91,209,144,233,236,230,141,215,154,177,197,200,186,97,178,235,146,238,167,187,189,
57,12,47,79,43,60,50,38,
120,160,150,133,139,180,161,179,113,112,195,111,118,129,203,107,237,66,45,126,224,23,153,99,226,101,228,63,190,147,205,59,186,44,171,74,201,35,144,122,249,231,104,215,97,206,103,230,212,199,172,213,136,245,183,157,207,77,204,94,221,114,241,223,73,200,82,209,191,137,246,119,156,29,194,67,181,196,208,142,176,141,164,37,132,117,244,214,125,234,130,239,219,110,169,149,238,123,232,124,233,188,222,184,242,185,151,240,146,235,167,192,116,243,225,68,247,140,173,217,218,170,229,166,100,227,175,236,163,178,198,216,155,210,202,197,248,187,211,148,220,
177,134,193,48,135,189,19,89,145,86,106,165,55,36,65,168,109,49,108,85,158,40,127,115,56,174,88,162,128,159,41,90,152,93,182,64,102,

88,89,79,81,55,53,52,85,86,109,90,115,93,71,128,
234,127,108,106,165,162,221,95,154,213,210,247,246,51,145,30,157,152,199,105,102,229,182,241,135,194,76,176,159,206,153,244,172,189,191,98,225,131,190,226,143,193,134,168,215,248,121,174,207,80,177,214,138,208,183,144,69,196,158,
57,
224,193,154,126,91,96,83,45,63,21,148,153,101,228,99,226,147,205,59,186,44,171,74,201,190,35,144,122,249,231,104,215,97,206,103,230,212,199,172,213,136,245,183,157,207,77,204,94,221,114,241,223,73,200,82,209,191,137,246,119,156,194,67,181,196,208,142,176,141,164,37,132,117,244,214,125,234,130,239,219,110,169,149,238,123,232,124,233,188,222,184,242,185,151,240,146,235,167,192,116,243,225,68,247,140,173,217,218,170,229,166,100,227,175,236,163,178,198,216,155,210,202,197,248,187,211,220,23,

33,18,92,219,176,117,244,208,66,78,205,34,161,141,214,87,130,239,112,54,181,163,226,123,232,191,241,132,164,62,171,119,246,228,101,222,113,240,216,107,234,220,111,238,146,249,140,243,116,151,248,139,185,58,72,175,169,235,126,229,120,247,125,110,237,147,210,204,198,184,84,211,187,167,202,155,28,129,225,148,245,118,231,160,150,233,124,133,242,236,230,180,179,70,197,195,209,100,227,203,223,217,201,224,149,212,218,166,188,173,192,186,156,178,200,170,
165,159,187,146,141,167,130,104,151,232,238,103,174,98,97,185,99,137,234,231,122,219,240,227,220,142,201,211,222,202,96,204,217,164,184,91,197,209,136,83,114,236,230,208,138,183,157,214,196,158,241,144,194,154,248,207,176,191,226,190,143,213,172,75,221,80,177,206,189,95,131,225,145,193,105,199,246,152,215,168,121,244,229,182,135,134,153,247,210,69,
79,60,50,47,
70,72,62,54,22,149,221,94,114,241,87,214,118,245,113,240,111,238,129,112,239,120,247,107,234,203,195,68,179,161,180,139,133,150,160,84,211,126,224,237,110,66,101,228,59,186,156,205,147,244,117,191,82,209,137,148,194,67,223,181,196,208,119,246,216,142,231,176,141,230,164,226,125,222,130,227,100,219,169,212,123,220,171,124,188,184,242,185,151,248,146,243,116,235,232,167,192,249,173,217,218,170,229,132,140,166,197,225,175,236,163,178,198,155,28,210,202,201,187,200,204,233,63,
217,127,185,231,202,234,136,219,240,227,220,122,106,165,162,221,95,154,213,210,247,246,51,145,30,157,152,199,105,102,229,182,241,135,194,76,176,159,206,153,244,172,189,191,98,225,131,190,226,143,193,134,168,215,248,121,174,207,80,177,214,138,208,183,144,69,196,158,
57,
244,214,172,153,196,183,199,208,121,127,226,108,206,105,194,76,135,134,193,106,165,221,162,159,157,98,154,213,158,177,174,145,215,168,152,131,190,248,189,102,138,143,241,182,207,
174,98,105,114,135,158,247,134,187,146,141,230,167,130,219,151,240,232,143,238,97,131,220,189,138,227,182,168,145,234,152,241,136,225,197,177,193,104,154,215,103,236,144,209,91,213,184,95,164,75,217,25,204,96,185,157,246,202,190,153,214,206,194,222,211,122,201,121,210,69,248,142,231,183,244,196,172,83,80,207,191,176,229,137,226,199,221,208,99,
92,176,117,208,66,78,34,141,214,130,239,54,163,226,123,232,191,241,132,164,62,171,119,228,222,113,216,107,220,111,146,249,140,243,151,248,139,185,72,181,175,169,235,126,229,120,125,234,110,219,237,244,147,210,101,204,198,184,87,84,187,167,58,202,155,238,129,225,116,148,245,231,160,150,247,233,124,133,242,236,230,180,161,179,70,195,112,209,100,203,223,217,197,201,118,227,224,246,149,212,218,166,188,173,192,186,156,178,200,170,240,205,211,
89,115,86,49,55,36,109,158,182,108,85,159,40,106,174,88,162,165,128,90,127,56,93,64,102,65,
233,117,105,114,135,158,247,134,187,146,141,230,167,130,219,151,240,232,143,238,97,131,220,189,138,227,182,168,145,234,152,241,136,225,197,177,193,104,154,215,103,236,144,209,91,213,184,95,164,75,217,25,204,96,185,157,246,202,190,153,214,206,194,222,211,122,201,121,210,69,248,142,231,183,244,196,172,83,80,207,191,176,229,137,226,199,221,208,99,
153,101,99,147,205,59,44,74,190,35,144,122,231,215,97,206,103,212,199,172,104,213,136,245,183,157,207,77,186,94,114,223,221,73,82,191,137,246,156,194,181,196,208,119,228,142,176,67,141,230,164,241,132,226,117,214,125,234,130,239,219,110,169,149,238,123,232,171,124,233,188,222,184,242,185,151,240,146,37,235,167,192,116,225,243,68,247,249,140,173,217,218,170,229,166,100,209,227,175,236,163,178,198,216,155,244,210,202,197,201,248,187,200,204,211,148,220,
221,114,87,118,113,111,129,112,120,107,203,195,179,161,180,139,133,150,160,84,126,224,237,66,101,59,156,205,147,244,94,191,82,137,234,245,148,194,223,181,196,208,119,216,142,239,231,176,141,238,230,164,67,241,226,214,117,125,222,130,227,219,169,149,246,212,123,220,171,124,188,184,242,185,151,248,240,146,243,235,110,232,228,167,192,116,68,247,186,249,173,217,218,170,229,132,140,166,100,197,225,175,236,163,178,198,155,210,202,201,187,200,204,211,209,233,63,
153,99,101,63,147,205,59,44,74,190,35,144,122,231,215,97,206,103,212,199,172,104,213,136,245,183,157,207,77,186,94,114,223,221,73,82,191,137,246,156,194,181,196,208,119,228,142,176,67,141,230,164,241,132,226,117,214,125,234,130,239,219,110,169,149,238,123,232,171,124,233,188,222,184,242,185,151,240,146,37,235,167,192,116,225,243,68,247,249,140,173,217,218,170,229,166,100,209,227,175,236,163,178,198,216,155,244,210,202,197,201,248,187,200,204,211,148,220,
152,145,143,168,182,138,131,104,103,94,221,226,99,208,199,185,246,137,241,114,234,229,176,231,210,83,191,207,172,219,196,240,227,122,244,117,183,220,142,248,121,201,211,222,95,194,247,206,214,153,190,202,75,157,96,204,217,225,164,184,213,91,209,144,236,230,215,154,193,177,197,136,200,186,178,233,232,235,146,238,167,187,130,141,151,189,97,
135,158,134,187,146,141,167,130,151,232,238,97,131,189,138,182,168,143,145,152,136,197,177,193,154,215,103,230,236,144,209,91,213,184,164,225,217,204,96,157,75,202,190,153,214,206,247,194,95,222,211,201,121,248,142,220,183,244,122,227,240,196,219,172,80,207,191,83,210,104,231,176,229,234,114,241,137,246,185,199,221,208,99,226,
199,154,206,105,207,145,143,221,138,190,152,215,213,98,135,168,127,134,108,165,128,182,189,106,102,158,159,76,177,174,193,162,131,48,64,
226,164,100,185,151,119,62,61,241,42,139,236,146,243,123,220,92,58,155,132,229,125,222,110,248,140,237,244,147,210,113,101,198,184,87,84,181,173,167,70,78,175,202,238,149,246,225,148,245,231,160,249,150,247,239,233,133,230,216,228,180,161,179,195,112,209,201,203,120,217,197,118,224,163,171,232,212,129,218,116,205,124,166,188,169,72,107,204,234,242,192,186,156,178,111,200,223,126,170,240,187,219,227,211,235,
176,141,214,130,117,208,54,226,123,191,241,164,62,119,222,216,113,220,146,249,243,140,151,248,185,72,175,169,66,132,235,229,126,125,228,110,237,244,147,210,107,101,204,198,184,87,84,187,181,167,202,155,238,225,148,245,231,160,150,247,233,133,236,230,139,242,180,161,179,195,112,209,203,100,120,223,217,197,201,118,224,163,246,149,171,232,129,212,218,116,219,124,227,166,188,173,234,192,186,239,156,178,111,200,170,240,205,211,
224,126,122,144,215,97,77,63,101,44,207,213,104,157,183,136,245,172,199,103,212,114,223,206,221,59,156,205,147,244,94,191,82,137,246,234,125,148,194,181,196,208,119,228,216,142,239,130,231,176,67,141,238,230,164,241,132,226,117,214,222,227,219,110,169,149,123,232,220,171,124,233,188,184,242,185,151,248,240,146,243,235,167,192,116,225,68,247,186,249,140,173,217,218,170,73,229,166,100,209,197,175,236,163,178,198,155,210,202,201,187,200,204,211,45,
106,162,95,210,247,69,51,145,98,246,152,102,199,105,229,182,135,176,159,206,153,244,172,157,165,248,154,191,225,131,207,226,143,190,189,193,134,168,215,121,174,221,80,177,213,214,138,208,183,194,144,241,196,158,
152,145,143,168,182,138,131,187,146,141,167,130,233,151,232,238,97,189,136,197,177,193,154,215,103,230,236,144,209,91,213,184,164,225,217,204,96,157,75,202,190,153,214,206,247,194,95,222,211,201,121,248,142,220,183,117,244,122,227,240,196,219,172,207,191,83,210,104,231,176,229,234,114,241,137,246,185,199,221,208,99,226,

92,70,78,54,226,123,191,241,164,62,119,222,216,113,220,146,249,243,140,151,248,185,72,175,169,132,235,229,126,125,228,110,237,244,147,210,107,101,204,198,184,87,84,187,181,167,202,155,238,225,148,245,231,160,150,247,233,133,236,230,139,242,180,161,58,179,195,112,209,203,100,120,223,217,197,201,118,224,163,246,149,171,232,129,212,218,116,219,124,227,166,188,173,234,192,186,239,156,178,111,200,170,240,205,211,
141,214,130,54,226,123,191,241,164,62,119,222,216,113,220,146,249,243,140,151,248,185,72,175,169,132,235,229,126,125,228,110,237,244,147,210,107,101,204,198,184,87,84,187,181,167,202,155,238,225,148,245,231,160,150,247,233,133,236,230,139,242,180,161,179,195,112,209,203,100,120,223,217,197,201,118,224,163,246,149,171,232,129,212,218,116,219,124,227,166,188,173,70,234,192,186,239,156,178,111,200,170,240,205,211,
122,144,215,97,103,199,172,104,213,136,183,157,207,77,94,114,206,221,73,82,137,245,156,194,223,181,196,208,119,142,231,176,141,230,164,241,226,191,214,125,130,219,169,149,238,212,123,171,124,188,222,184,242,185,67,246,151,240,146,235,110,232,228,167,192,116,243,68,247,186,249,173,234,217,218,170,229,140,166,100,227,225,175,236,163,239,178,198,216,155,244,210,202,117,197,201,248,187,200,204,211,148,209,233,132,220,
109,56,108,158,106,159,165,162,128,127,174,93,64,65,
212,190,169,149,192,110,242,245,100,103,157,144,136,207,213,199,172,183,215,122,97,104,231,228,221,142,206,114,137,216,194,123,202,170,178,173,94,77,244,156,235,227,148,196,117,125,204,208,163,234,155,239,175,246,167,132,211,166,218,217,146,225,249,82,73,240,151,230,222,229,140,219,220,141,184,176,247,130,209,201,119,198,248,164,243,187,236,210,238,185,226,197,232,241,74,191,214,233,200,186,
79,60,

90,55,49,115,93,162,65,109,128,85,108,127,
168,182,109,189,102,56,108,158,135,106,159,165,162,128,127,174,93,64,
146,123,92,58,155,132,229,125,222,110,248,140,237,244,147,210,113,101,198,184,87,84,181,173,167,70,78,175,202,238,149,246,225,148,245,231,160,249,243,150,247,239,233,133,230,216,139,236,228,180,161,179,195,112,209,201,203,120,217,197,118,224,163,171,232,212,129,218,116,205,124,166,188,169,72,107,204,234,242,192,186,156,178,111,200,223,126,170,240,187,219,227,211,220,235,
79,60,
207,213,157,183,136,104,172,199,103,114,206,221,59,156,205,147,244,94,191,82,137,234,245,148,194,223,181,196,208,119,216,142,239,231,176,141,238,230,164,67,241,226,214,117,125,222,130,227,219,169,149,246,212,123,220,171,124,188,184,242,185,151,248,240,146,243,235,110,232,228,167,192,116,68,247,186,249,173,217,218,170,73,229,132,140,166,100,197,225,175,236,163,178,198,155,210,202,201,187,200,204,211,209,233,
104,172,199,103,114,206,221,73,101,59,156,205,147,244,94,191,82,137,234,245,148,194,223,181,196,208,119,216,142,239,231,176,141,238,230,164,67,241,226,214,117,125,222,130,227,219,169,149,246,212,123,220,171,124,188,184,242,185,151,248,240,146,243,235,110,232,228,167,192,116,68,247,186,249,173,217,218,170,229,132,140,166,100,197,225,175,236,163,178,198,155,210,202,201,187,200,204,211,209,233,63,
193,154,155,148,104,103,114,221,226,117,185,214,208,99,199,246,137,241,234,215,229,176,213,231,122,210,157,191,244,207,225,172,219,196,240,227,183,220,142,248,201,211,222,194,247,206,97,153,190,202,96,204,217,164,184,91,200,144,197,209,136,83,94,186,178,233,232,235,146,238,167,236,187,130,230,141,151,

193,177,162,159,174,106,128,165,108,182,158,102,127,134,168,189,135,
115,85,65,162,128,109,108,93,127,

246,229,176,159,153,244,172,157,165,248,191,225,144,207,145,182,226,143,189,190,152,193,134,168,215,174,177,199,135,213,214,131,98,138,221,105,206,154,121,208,183,194,196,158,241,


226,191,241,164,62,119,216,123,220,146,243,151,248,185,72,169,132,229,125,222,110,140,237,244,147,210,113,101,198,184,87,84,181,167,202,155,238,225,148,245,231,160,150,247,233,133,230,139,236,180,161,179,195,112,209,203,120,217,197,100,201,118,224,163,246,149,171,232,212,129,218,116,124,249,166,188,173,107,204,234,175,242,192,186,239,156,178,111,200,223,126,170,228,240,187,219,227,205,211,235,
109,85,90,115,93,128,
158,159,165,162,106,128,127,108,174,64,

132,125,110,248,140,229,244,155,210,101,184,84,173,167,78,202,113,238,149,225,148,237,231,160,70,249,243,150,239,233,133,222,216,139,228,180,161,179,195,112,201,203,120,209,197,118,224,163,246,171,232,212,129,218,116,205,124,166,188,230,147,236,169,107,234,175,242,181,192,198,247,186,156,245,178,111,200,223,170,87,126,217,240,187,219,227,204,211,220,235,
205,147,94,82,137,245,156,194,223,181,196,208,119,142,231,176,141,230,164,241,226,191,214,125,130,219,169,149,238,212,123,171,124,188,222,184,242,185,67,246,151,240,146,235,110,232,228,167,192,116,243,68,247,186,249,173,234,217,218,170,229,140,166,100,227,225,175,236,163,239,178,198,216,155,244,210,202,117,197,201,248,187,200,204,211,148,209,233,132,220,
79,
202,236,167,246,155,234,225,148,227,160,239,150,229,133,212,139,218,180,161,240,179,195,116,203,124,197,118,201,224,163,242,171,92,232,237,243,233,249,170,188,230,169,173,107,186,149,228,175,181,192,113,198,120,247,112,178,129,111,238,200,147,223,231,209,156,235,217,78,245,166,187,126,205,216,222,219,204,211,220,
119,123,146,151,185,72,169,132,229,125,222,110,140,237,244,147,210,113,101,198,184,87,84,181,167,248,202,155,238,225,148,245,231,160,243,150,247,233,133,230,216,139,236,180,161,179,195,112,209,203,120,217,197,100,201,118,224,163,246,149,171,232,212,129,218,116,124,249,166,188,173,107,204,234,175,242,192,186,239,156,178,111,200,223,126,170,228,240,187,219,227,205,211,220,235,
196,208,142,176,141,164,241,226,191,214,130,124,149,212,171,188,169,147,223,181,205,222,245,184,123,242,185,119,246,151,146,110,232,101,228,167,192,116,243,125,247,186,249,173,234,156,217,219,218,170,231,229,166,100,227,225,175,236,163,239,178,198,216,155,210,202,117,244,197,201,140,248,187,200,204,211,148,209,238,233,230,235,240,132,220,
127,128,162,165,106,174,159,108,
109,93,128,108,127,
237,224,208,220,132,240,235,230,233,238,209,148,211,204,200,187,248,140,201,197,244,117,202,210,155,216,198,178,239,163,236,175,225,227,100,166,229,231,170,218,219,217,156,234,173,249,186,247,125,243,116,192,167,228,101,232,110,146,151,246,119,185,242,123,184,245,222,205,181,223,147,169,188,171,212,149,124,130,214,191,226,241,164,141,176,126,
194,223,181,196,208,142,176,141,164,241,226,191,214,130,169,149,212,171,124,188,222,245,184,123,242,185,119,246,151,146,110,232,228,167,192,116,243,125,247,186,249,173,234,156,217,219,218,170,231,229,166,100,227,225,175,236,163,239,178,198,216,155,210,202,117,244,197,201,140,248,187,200,204,211,148,209,238,233,230,235,240,132,220,
223,181,137,169,149,212,171,124,188,116,192,228,110,242,245,194,123,243,178,173,244,156,227,196,125,208,142,163,234,216,239,175,246,132,166,170,241,218,217,146,82,231,202,151,222,240,229,140,211,220,225,141,230,184,176,247,219,148,130,201,119,248,164,235,187,236,210,167,238,209,204,185,226,155,197,232,191,214,233,117,200,186,198,249,100,
247,210,134,135,244,121,152,193,145,225,168,182,95,177,206,80,246,172,213,229,189,143,226,144,176,207,248,190,153,194,158,241,215,196,154,191,131,214,157,183,138,221,199,208,105,
140,244,210,101,184,84,167,248,202,155,238,225,148,231,160,243,150,233,133,216,139,222,180,161,179,195,112,229,203,120,197,201,118,224,163,246,171,232,149,237,212,129,218,116,124,249,166,188,230,147,169,173,107,234,236,175,242,181,192,198,247,186,239,156,178,111,200,223,170,87,228,209,126,217,113,240,245,187,219,227,204,205,211,220,235,
81,
132,125,110,140,244,210,101,184,84,167,248,202,155,238,225,148,231,160,243,150,233,133,216,139,222,180,161,179,195,112,229,203,120,197,201,118,224,163,246,171,232,149,237,212,129,218,116,124,249,166,188,230,147,169,173,107,234,236,175,242,181,192,198,247,186,239,156,178,111,200,223,170,87,228,209,126,217,113,240,245,187,219,227,204,205,211,220,235,
228,221,206,114,137,194,123,249,178,173,244,156,227,196,125,208,142,163,234,216,239,175,246,132,166,170,241,218,217,146,82,231,202,151,222,240,229,140,211,220,225,141,230,184,176,247,219,148,130,201,119,248,164,235,187,236,243,94,210,167,238,209,204,185,226,155,197,232,191,214,233,117,200,186,198,
155,148,104,97,206,137,246,226,117,202,225,227,230,184,229,176,219,211,142,248,217,164,240,187,130,236,222,210,220,167,209,151,204,241,201,197,185,238,146,235,232,234,244,191,214,233,141,247,194,208,196,231,122,178,186,200,94,215,183,221,172,199,213,207,136,114,144,157,103,
177,193,154,230,236,114,83,136,209,197,144,91,184,164,217,204,96,202,190,153,206,247,194,222,211,201,248,142,220,183,227,240,196,219,172,225,207,244,191,157,210,122,231,213,176,229,215,234,241,137,246,199,99,208,214,185,226,221,
106,165,162,159,98,213,135,158,177,174,215,168,134,193,152,190,189,138,102,143,182,145,207,
166,207,157,183,136,163,216,175,140,198,155,148,119,213,104,114,172,206,221,199,94,200,186,178,231,196,208,194,247,141,233,214,191,244,234,123,232,235,146,238,185,197,201,132,241,204,151,209,103,167,220,210,222,236,239,130,187,240,164,217,248,142,211,219,176,229,184,230,227,225,202,117,226,246,137,
167,155,225,148,160,150,133,139,180,161,179,195,229,203,197,201,224,163,171,232,237,212,218,116,243,124,246,233,249,188,230,169,173,107,234,149,236,175,242,181,192,198,120,247,186,112,239,178,129,111,238,200,147,223,170,231,228,209,156,217,113,240,245,118,187,126,216,222,219,166,227,204,205,211,220,235,

152,145,143,168,182,138,95,206,246,172,229,189,226,176,213,207,244,190,153,241,193,215,196,154,191,177,214,194,157,183,221,199,208,121,144,225,248,131,

194,243,249,173,156,196,208,142,163,216,239,175,132,166,170,218,217,231,202,151,240,229,140,220,225,227,141,230,184,176,219,130,211,119,248,164,187,236,222,210,167,209,247,204,241,185,226,244,155,201,197,238,146,235,232,234,191,214,125,233,246,117,200,178,186,148,123,198,
209,197,184,164,204,96,190,153,247,222,211,217,201,248,220,183,136,227,240,196,99,122,219,172,207,244,157,194,231,213,176,215,210,137,234,229,202,241,144,191,246,199,225,208,214,185,206,226,221,142,
248,202,167,155,225,148,160,150,133,139,180,161,179,195,229,203,197,201,224,163,171,232,237,212,218,116,243,124,246,233,249,188,230,169,173,107,234,149,236,175,242,181,192,198,120,247,186,112,239,178,129,111,238,200,147,223,170,231,228,209,156,217,113,240,245,118,187,126,216,222,219,166,227,204,205,211,220,235,

115,90,89,
248,202,184,167,155,225,148,160,150,133,139,180,161,179,195,229,203,197,201,224,163,171,232,237,212,218,116,243,124,246,233,249,188,230,169,173,107,234,149,236,175,242,181,192,198,120,247,186,112,239,178,129,111,238,200,147,223,170,231,228,209,156,217,113,240,245,118,187,126,216,222,219,166,227,204,205,211,220,235,



217,211,222,190,201,122,196,220,183,227,153,240,219,207,244,157,194,231,213,176,215,136,247,210,234,229,202,144,246,172,199,225,208,214,221,185,206,241,226,248,191,
227,247,166,186,175,218,120,209,233,180,223,200,243,237,173,216,147,236,224,181,169,212,222,133,170,230,205,242,192,235,198,161,188,179,245,171,149,238,195,249,160,203,150,239,232,139,228,
128,
200,186,178,196,208,194,117,246,233,214,191,234,232,235,146,238,197,201,244,185,241,204,247,209,167,210,222,236,187,164,248,211,130,219,176,184,230,141,227,225,220,229,240,151,202,142,231,217,226,137,
246,229,189,176,207,244,190,153,241,193,215,213,196,154,191,177,214,194,157,183,221,199,208,206,121,144,225,248,226,172,
190,153,222,211,217,201,122,196,220,183,227,240,219,207,244,157,194,231,213,176,215,136,247,210,234,229,202,144,246,172,199,225,208,214,185,206,241,226,248,191,221,142,
215,183,206,221,172,199,213,207,196,236,230,209,136,219,248,211,194,231,114,197,234,184,229,144,227,157,240,217,176,246,202,222,185,226,201,137,220,191,214,208,244,241,204,122,210,164,247,225,142,
213,135,158,168,134,152,189,138,143,177,193,182,145,174,190,207,215,
204,190,164,222,217,211,184,197,201,122,196,220,183,227,240,219,207,244,157,194,231,213,176,215,136,247,210,234,229,202,144,246,172,199,225,208,214,142,221,185,206,241,226,248,137,191,
245,242,185,151,146,110,228,192,243,125,184,249,173,232,156,219,218,170,229,217,166,225,175,234,222,163,239,198,216,210,155,202,244,197,201,248,167,247,200,204,211,231,227,178,148,187,246,140,238,186,233,230,235,209,240,236,132,220,123,
205,181,223,147,167,155,148,184,202,248,210,244,225,116,222,169,229,188,230,218,171,212,201,211,220,173,197,247,200,227,204,166,219,231,178,240,187,175,228,163,216,217,170,234,246,149,243,236,242,192,245,239,186,156,209,140,249,235,124,233,198,232,238,
174,158,159,162,165,
238,199,221,206,172,232,196,236,230,209,219,248,211,194,231,114,197,184,229,227,240,217,176,246,202,222,185,226,201,137,220,191,214,208,244,241,204,210,164,247,225,142,234,151,
199,221,206,172,232,196,236,230,209,219,248,211,194,231,114,197,184,229,227,240,217,176,246,202,222,185,226,201,137,220,191,214,208,244,241,204,210,164,247,225,142,234,151,
221,206,207,215,190,213,135,158,168,134,152,189,138,143,177,193,182,145,154,
165,162,174,159,
229,203,197,201,224,171,237,212,218,243,124,233,249,230,173,149,236,242,192,245,198,188,247,186,239,129,238,200,147,223,170,228,175,181,234,209,156,240,187,246,217,216,163,169,222,178,231,219,166,204,118,227,205,211,220,232,235,126,
127,

228,192,243,249,173,156,219,218,170,217,166,175,125,222,239,198,216,163,210,155,202,244,197,201,248,167,247,200,204,211,184,231,227,225,178,148,234,187,140,232,238,186,233,230,235,209,246,240,236,132,229,220,
197,195,203,224,171,237,212,218,243,233,249,230,173,149,236,242,192,245,198,188,247,186,239,129,238,200,147,223,170,228,175,181,234,209,156,240,187,246,217,216,163,169,222,178,231,219,166,204,118,227,205,211,220,232,235,126,
197,203,224,171,237,212,218,243,233,249,230,173,149,236,242,192,245,198,188,247,186,239,129,238,200,147,223,170,228,175,181,234,209,156,240,187,246,217,216,163,169,222,178,231,219,166,204,118,227,205,211,220,232,235,126,
231,204,195,179,161,180,170,227,186,139,222,181,205,224,237,203,175,133,216,188,209,238,223,240,239,198,200,247,245,242,236,173,149,232,171,129,212,147,230,166,249,235,192,150,233,160,243,218,169,228,
236,230,209,137,248,211,194,231,197,234,184,229,227,219,240,217,246,202,222,185,164,201,220,191,214,208,244,241,204,225,196,226,176,210,247,142,

229,188,124,218,171,212,201,211,220,173,197,247,200,227,204,166,231,240,178,222,175,163,217,170,187,234,219,246,149,243,236,242,192,239,156,249,169,216,228,235,186,233,245,198,232,230,209,238,
233,130,214,191,232,238,197,201,246,226,185,241,204,209,167,222,244,236,230,210,164,247,248,211,219,184,225,141,220,229,146,187,151,234,202,231,240,217,176,227,
237,212,218,243,233,235,249,230,224,171,173,149,236,242,192,245,198,188,247,186,239,238,200,147,223,170,228,175,181,234,209,156,240,187,246,217,216,163,169,222,178,231,219,166,204,227,205,211,220,232,126,
185,151,200,235,178,233,186,146,244,210,148,248,217,202,229,225,211,240,209,220,201,232,230,238,204,236,219,231,167,234,197,187,246,184,155,222,247,227,
175,209,147,180,200,237,173,150,224,181,218,139,243,169,133,212,170,249,233,230,205,242,192,223,198,235,161,188,216,179,245,171,238,160,239,232,195,203,236,228,
208,199,221,206,183,194,177,154,196,213,215,193,241,190,207,
220,227,240,219,207,157,213,136,194,234,176,229,247,202,144,210,246,199,196,225,208,214,231,172,221,185,244,206,183,241,226,248,191,
198,244,210,247,248,211,202,184,222,146,225,148,227,232,201,238,186,217,187,233,204,235,209,167,246,178,240,229,230,231,200,236,140,219,197,155,234,220,
212,201,211,220,197,247,227,204,166,231,240,178,222,163,217,246,187,219,149,236,242,192,218,243,156,249,169,228,170,235,239,200,186,245,216,173,232,230,234,175,233,209,238,198,
218,170,166,132,175,239,198,216,163,155,244,201,210,167,247,204,248,211,202,184,227,222,225,148,234,232,238,186,217,187,230,233,235,209,246,178,240,197,231,200,236,229,140,219,220,
220,211,205,227,204,166,231,178,222,163,217,246,187,219,156,234,175,170,147,209,238,223,240,181,239,200,247,188,198,186,245,216,242,236,149,173,232,171,230,249,235,192,233,243,218,169,228,212,


227,222,205,224,237,203,166,175,170,147,209,238,223,240,181,239,200,247,188,198,186,245,216,242,236,149,173,232,171,230,249,235,192,233,243,218,169,228,212,
214,191,238,201,164,226,241,204,209,167,246,185,222,244,236,232,230,151,210,247,229,248,211,219,184,141,220,225,146,197,234,202,231,240,187,217,227,
221,199,206,189,177,154,213,215,193,190,207,
239,198,175,216,163,244,210,247,248,211,202,184,222,225,148,227,232,201,238,186,217,187,233,204,235,209,167,246,178,240,229,230,231,200,236,140,219,197,155,234,220,
180,200,237,173,150,224,181,139,218,243,169,212,249,233,230,205,242,192,223,198,235,161,188,216,179,245,171,238,160,239,232,195,203,236,228,
189,182,168,158,
189,182,168,158,
234,229,247,202,210,176,246,199,196,208,185,172,221,244,206,183,226,241,194,225,248,191,214,
194,197,184,229,227,219,248,240,211,217,246,231,202,222,164,220,191,214,208,185,244,241,225,196,226,176,234,210,247,142,201,
182,168,143,177,189,193,145,152,
180,200,173,150,181,243,212,233,230,205,160,218,249,192,223,198,235,188,216,245,171,238,179,237,239,232,203,195,224,236,169,228,242,
244,210,248,202,184,148,225,227,232,201,186,217,187,233,204,235,209,178,240,238,155,222,230,247,231,200,236,219,246,197,220,211,229,234,167,
191,238,226,167,241,209,185,244,236,232,230,201,151,210,204,222,164,229,248,219,184,225,220,197,234,247,202,231,240,211,187,246,217,227,
227,219,240,217,231,211,222,220,185,208,244,241,225,202,226,191,214,176,210,247,248,201,246,229,234,196,
177,189,193,145,
225,191,208,248,214,213,196,241,157,194,226,183,206,172,207,244,221,199,
193,189,177,
244,210,248,202,167,225,229,211,240,220,201,230,238,209,204,232,236,219,231,234,197,217,187,246,222,247,227,184,
209,223,181,200,173,188,169,245,242,236,232,230,249,238,235,216,192,233,243,218,228,212,171,198,239,
225,227,232,186,187,233,204,209,238,222,201,230,247,231,236,178,219,246,217,197,234,220,240,211,235,200,229,155,
242,192,186,218,243,249,173,228,170,235,239,200,245,216,232,230,236,175,233,209,238,198,
171,230,236,160,218,192,198,235,188,233,216,245,238,179,237,239,181,232,203,195,224,243,223,212,249,169,228,205,242,
244,236,232,230,210,209,204,222,229,248,184,225,201,220,197,234,247,202,240,231,246,227,217,211,219,
193,189,177,
207,215,213,190,194,226,183,206,221,199,172,241,208,196,
213,190,215,193,207,
229,235,200,211,220,234,197,217,219,178,231,240,247,230,222,201,238,204,187,236,186,246,209,232,233,227,
218,219,187,217,170,239,163,232,209,178,240,231,216,235,166,230,236,204,227,222,175,198,186,233,247,200,238,
248,214,213,207,194,226,183,206,244,221,199,172,241,208,196,


238,192,198,235,188,233,216,179,239,232,195,243,237,203,224,223,212,249,218,181,245,228,205,242,
238,192,235,188,233,216,179,239,181,218,195,243,237,203,224,223,212,249,245,228,205,242,180,

186,222,247,240,231,216,235,232,230,178,236,204,175,233,200,209,238,227,198,
241,227,219,240,217,222,220,231,185,229,244,210,246,248,202,225,201,247,211,234,

239,216,235,232,230,236,175,233,200,209,238,186,198,
229,225,211,220,187,201,238,204,232,236,219,231,234,197,217,222,230,247,240,227,246,209,
182,
245,242,236,232,230,238,192,235,233,243,249,218,228,216,239,198,
239,216,209,232,230,236,235,233,200,238,198,
232,238,198,233,188,239,235,218,192,242,212,216,245,228,249,243,
226,206,194,221,199,241,208,196,
249,243,218,239,216,232,230,236,235,233,200,238,198,

216,209,232,230,236,235,233,200,238,198,
225,191,226,241,244,248,214,

231,240,247,222,230,238,236,186,209,232,233,227,204,
239,218,212,243,237,195,224,223,249,245,203,242,228,205,
239,212,243,237,195,224,223,249,245,203,242,228,205,
223,233,188,239,235,218,192,242,212,216,245,228,249,243,

206,221,199,
229,225,201,197,220,222,234,247,202,231,246,217,211,240,227,248,219,
248,244,210,202,225,247,246,229,234,
238,236,209,230,232,233,
232,236,219,231,217,238,204,222,230,247,240,227,209,
239,235,218,216,212,245,228,249,242,243,

215,
248,244,241,226,
235,233,243,249,216,218,228,239,

208,196,
212,243,237,224,223,245,203,249,228,205,242,
208,
220,222,246,211,234,231,217,240,247,219,227,
235,238,233,
221,206,
238,236,230,235,232,233,
220,222,246,211,234,231,217,240,247,219,227,
246,247,225,229,234,
243,237,224,223,245,249,242,
222,247,227,240,
223,212,245,228,249,242,243,
221,



248,246,229,225,
246,222,234,217,231,240,247,219,227,
245,228,243,249,242,

241,226,


240,231,247,227,
239,
240,231,247,227,
246,231,247,240,234,

247,227,
245,249,242,
245,

241,

249,243,


247,240,


247,246,





247,

249,245,
249,
248,





Past links sets, 












1,





10,
3,

8,
13,
2,8,
0,
17,0,20,


10,13,
2,
6,14,
0,

10,
18,
21,23,
19,
21,23,
1,

19,
3,
27,
1,
21,23,29,
8,29,
0,
12,
3,26,
40,
12,
30,
5,
5,
28,33,34,
5,40,
36,41,
1,7,15,
18,33,42,
22,44,45,
12,38,43,
27,
27,54,
22,23,45,
26,56,
36,49,
2,22,18,28,
35,59,
35,59,
11,17,20,30,
34,13,58,
5,
42,62,
37,44,35,45,
0,37,
24,25,11,31,
14,6,16,26,
29,0,35,37,
58,61,
5,60,
25,69,
71,
68,73,
8,46,75,
70,22,72,
49,55,
5,19,
70,22,72,
5,19,
86,
55,86,
8,46,75,
18,33,42,61,
41,55,65,
24,46,77,74,59,73,
24,31,80,
83,
11,25,29,74,31,24,46,35,
17,11,51,76,
21,23,83,
37,62,68,63,67,66,
21,72,70,66,63,
76,48,19,41,30,
25,31,11,44,77,74,24,46,45,
25,31,11,44,77,74,24,46,45,
0,69,51,26,16,
30,48,64,76,
78,84,2,87,
6,65,64,48,16,
41,55,65,
58,72,100,
78,84,2,87,
78,84,2,87,
78,84,2,87,
22,73,104,103,97,75,
49,55,86,
68,101,87,84,67,78,
20,31,63,94,82,67,66,
111,107,112,
62,63,82,67,77,66,
2,92,87,84,78,
16,51,95,
99,97,96,14,91,
42,77,82,100,
107,116,
82,0,110,
29,66,8,118,
14,108,
64,48,93,
111,107,112,113,
11,25,34,117,
16,24,80,51,31,26,
77,125,
113,120,
48,98,25,105,
25,105,98,48,41,
44,77,122,
68,94,99,114,
24,105,80,98,31,
133,
101,123,132,
130,
137,82,67,63,96,
138,
51,95,122,
3,143,
119,123,130,
59,129,126,101,120,
46,78,74,140,119,84,87,
129,124,126,37,92,
139,
100,141,119,104,103,
3,138,
16,21,23,96,91,51,95,
8,46,131,121,105,75,
148,
124,0,110,126,82,
16,77,44,144,
56,102,134,135,
102,11,51,106,
150,
133,
49,102,106,
132,156,
54,27,137,141,
102,11,51,106,
77,156,129,125,92,
78,84,146,141,140,87,
134,135,138,
124,37,147,150,
120,125,149,156,
116,147,150,
157,153,103,136,104,
82,149,139,147,110,
98,102,106,
120,149,163,166,
142,136,51,117,95,
48,75,152,145,131,121,
94,155,163,
160,161,
139,161,
67,161,160,147,68,
19,168,
121,136,153,157,
87,146,151,140,137,
100,119,164,142,136,
149,166,178,
155,156,167,
171,181,
95,131,152,135,145,134,
37,154,99,153,98,
54,144,141,176,
110,181,169,171,149,
48,145,152,154,
67,172,137,82,121,
111,179,180,
142,194,
184,124,112,167,111,155,
123,169,175,170,173,160,171,
131,172,183,
94,175,170,155,173,
91,124,184,142,164,167,155,
61,84,184,185,
129,195,
113,99,187,178,151,114,
59,195,129,126,101,
73,105,199,
98,153,154,157,
66,196,
83,114,147,151,187,186,175,170,
185,140,151,69,146,
197,126,201,
37,124,188,205,
98,153,154,157,
130,157,176,
97,190,
170,192,188,173,175,
14,187,211,
125,156,192,188,173,179,
122,187,211,
122,197,126,201,
22,206,
92,129,204,211,
181,203,205,
203,8,118,66,29,
148,144,210,202,167,176,
27,172,191,214,
219,217,222,
73,192,212,
51,95,107,116,210,155,202,167,
151,200,187,186,114,169,
113,220,219,217,178,
151,169,200,187,186,160,171,
117,200,198,192,186,
202,6,211,220,
192,188,198,200,
151,200,187,186,114,169,
66,118,203,
103,161,200,198,187,186,
132,218,180,170,166,
129,204,231,
164,121,226,
100,223,212,169,149,
173,203,228,
191,140,151,185,146,157,
224,242,
51,95,210,234,
222,69,234,240,
210,84,184,244,
0,242,243,
Future links sets, 
249,125,105,77,74,25,31,156,24,46,
43,38,57,12,
120,113,112,111,23,29,66,107,
152,19,41,48,145,

79,52,86,53,88,55,71,
234,108,76,30,
57,
224,154,126,91,21,83,23,45,

33,28,18,
165,159,104,103,69,130,75,97,98,
60,50,47,
70,28,22,
217,30,76,122,127,
57,
157,153,131,76,121,105,108,
98,69,25,
92,66,58,34,
182,102,36,86,40,88,
117,69,25,
153,101,35,37,44,99,
221,87,114,59,84,63,66,
153,35,37,99,44,63,
131,104,103,95,138,94,75,97,
134,104,135,80,130,75,97,103,
48,64,131,76,105,
42,62,226,61,164,
66,54,
224,126,45,44,77,97,
102,69,106,51,
138,131,104,117,95,75,97,103,

92,58,54,
130,70,54,
97,67,77,68,73,
65,56,
212,190,169,149,73,74,77,100,
60,

55,49,
56,93,135,102,109,
92,72,123,58,
60,
157,104,73,136,59,103,
104,63,73,59,103,
154,148,104,103,91,83,94,97,

193,177,134,135,102,108,106,128,
162,115,85,65,

246,131,165,153,176,105,98,121,144,159,229,


191,164,62,
85,90,115,93,109,
158,64,

78,110,70,
205,67,147,68,94,
79,
202,92,78,
119,100,72,
142,100,101,117,119,
128,108,106,
109,108,93,
237,224,208,126,100,101,117,119,
181,142,100,116,194,117,119,
181,82,137,100,116,
247,210,105,80,
101,87,84,
81,
110,101,87,84,
82,94,114,228,206,
94,148,104,97,103,
177,83,91,114,154,
106,102,98,
166,157,132,123,94,104,119,136,103,
148,120,116,107,167,112,111,113,

138,131,95,

173,142,194,117,119,156,123,125,
209,99,96,
202,148,120,248,116,107,167,112,111,113,

115,90,89,
148,120,116,184,107,167,112,111,113,



201,153,122,
222,166,149,120,
128,
200,178,137,117,
246,229,189,121,176,144,153,
153,142,122,
215,122,114,
213,134,207,174,190,135,138,
204,190,137,122,
242,110,185,123,151,
147,205,140,116,
174,158,159,162,165,
238,172,151,114,
172,151,114,
206,134,154,135,138,
165,162,174,159,
229,129,124,118,
127,

192,173,156,125,
197,195,129,118,
197,129,118,
231,133,204,129,
236,137,204,209,230,

171,229,124,
233,176,130,
237,224,126,
185,148,151,146,
175,170,147,133,
241,154,177,194,183,
220,219,144,136,
198,146,140,
212,201,149,169,156,197,
218,170,166,132,
220,147,149,211,156,205,


240,222,205,147,149,166,203,
214,146,141,
177,199,189,154,
239,163,140,
161,139,
189,168,158,
189,168,158,
185,183,176,172,
194,184,164,142,
152,168,143,
173,180,150,
148,244,167,184,210,
167,164,191,151,
185,201,196,176,
145,
225,191,157,
193,189,177,
210,244,184,167,
209,169,171,181,173,
225,155,
242,192,170,173,175,186,
171,169,160,
244,236,230,184,204,209,232,210,
193,189,177,
213,207,172,183,190,
207,213,193,190,
229,201,187,197,178,200,
218,163,166,170,187,
244,214,207,172,183,213,


232,198,181,179,
238,181,180,179,

178,175,
241,201,185,

239,186,175,
229,187,197,201,225,
182,
236,192,232,242,198,230,
239,200,198,209,216,
232,192,198,188,
226,199,194,
243,198,218,200,216,

216,209,200,198,
225,214,191,

204,231,186,
218,195,
239,195,
192,223,188,

199,
248,201,202,197,
244,210,202,
238,236,209,230,232,233,
238,236,232,204,209,230,219,217,
235,218,216,212,

215,
244,226,
235,216,218,228,233,

196,
205,203,
208,
220,211,
235,238,233,
206,
238,236,230,235,232,233,
220,211,
234,229,225,
237,224,243,223,
240,222,
223,212,
221,



248,246,229,225,
234,219,222,217,
242,228,

226,


231,227,
239,
231,227,
234,231,

247,227,
242,
245,

241,

243,


240,


247,246,





247,

249,245,
249,
248,





Coordinates,
0.00462421,2.59037,
0.0150797,0.86329,
0.0297889,3.25717,
0.0514219,1.39327,
0.0538288,0.233481,
0.0859544,1.08893,
0.111729,1.79978,
0.138958,0.678909,
0.147219,2.97479,
0.149427,0.190003,
0.160976,3.76048,
0.166964,2.24199,
0.180975,0.748774,
0.187088,3.53065,
0.196404,1.89714,
0.197974,0.578927,
0.234621,1.65969,
0.234792,2.25619,
0.264877,3.69519,
0.268741,1.25689,
0.29468,2.28352,
0.301948,2.97907,
0.305922,3.41984,
0.325686,2.99098,
0.362899,2.39066,
0.365169,2.25492,
0.388974,1.44645,
0.39031,3.88193,
0.407677,3.516,
0.420111,3.04469,
0.42352,1.76978,
0.43303,2.29477,
0.460744,0.273437,
0.462529,3.80047,
0.466403,3.64736,
0.483628,2.97836,
0.485342,1.17762,
0.494972,2.91949,
0.504887,0.624971,
0.516004,0.0257942,
0.517799,1.03016,
0.521039,1.22484,
0.529028,3.88172,
0.536995,0.572153,
0.554299,3.0115,
0.576938,3.04375,
0.582588,2.50073,
0.586162,0.440044,
0.627691,1.23036,
0.642915,0.976449,
0.652943,0.417225,
0.656368,1.69206,
0.6725,0.575719,
0.678108,0.591973,
0.693756,3.57145,
0.696611,0.867372,
0.705715,1.11617,
0.716679,0.164164,
0.720952,3.7719,
0.738001,3.04909,
0.742841,0.415756,
0.769453,3.99006,
0.76955,3.57589,
0.814057,3.09017,
0.81537,1.03118,
0.816167,0.907054,
0.820425,3.14343,
0.832496,3.04198,
0.839076,3.01716,
0.846289,1.7328,
0.863492,3.7202,
0.872915,0.545217,
0.874051,3.60347,
0.884112,2.80787,
0.890005,2.5435,
0.890083,2.15672,
0.898603,1.28145,
0.904212,2.64288,
0.929581,3.83671,
1.00896,0.21569,
1.01664,1.67584,
1.0551,0.382181,
1.06448,2.80398,
1.10946,2.10288,
1.11389,3.60618,
1.13271,0.523495,
1.14503,0.398415,
1.1522,3.56313,
1.20317,0.337971,
1.20448,0.342529,
1.25069,0.314853,
1.26615,1.94394,
1.29263,3.96222,
1.31131,0.486726,
1.31401,2.48327,
1.32496,1.64565,
1.32797,1.94889,
1.33039,2.18525,
1.36626,1.15568,
1.36841,2.04083,
1.38074,3.0058,
1.40082,3.20344,
1.40136,0.894817,
1.42675,2.22325,
1.43121,2.21297,
1.43253,1.18621,
1.47326,0.783697,
1.47434,3.38168,
1.4928,0.589081,
1.5218,0.275314,
1.54579,2.9482,
1.5521,3.43456,
1.56019,3.42344,
1.56041,3.6191,
1.58988,2.17548,
1.62208,0.011137,
1.63307,3.18421,
1.64502,2.37541,
1.68581,3.34862,
1.7103,2.66324,
1.7128,3.69468,
1.71847,1.30476,
1.71897,1.82501,
1.72654,2.68489,
1.73541,3.19151,
1.74841,2.78979,
1.74943,3.31854,
1.7565,0.364512,
1.76663,0.115891,
1.78603,3.45993,
1.80831,2.32712,
1.81678,1.14524,
1.81758,2.75915,
1.83043,3.64328,
1.84015,0.814246,
1.84579,0.786787,
1.87515,1.71903,
1.88048,1.98313,
1.88467,0.962708,
1.89235,3.61665,
1.93551,2.69632,
1.93823,2.31479,
1.97722,1.93667,
2.01058,0.913638,
2.01479,1.53096,
2.08177,0.843435,
2.08315,2.34032,
2.08322,3.34607,
2.0888,2.69416,
2.13267,3.17487,
2.14513,3.67288,
2.16028,2.24578,
2.16967,0.73957,
2.17059,1.22548,
2.18428,0.942445,
2.19403,2.62179,
2.19818,2.93005,
2.2053,1.36295,
2.2117,0.452119,
2.2332,0.19868,
2.25006,3.70252,
2.2833,3.75791,
2.31721,0.0126473,
2.32807,2.8324,
2.39055,1.94086,
2.41247,0.0509172,
2.41608,2.8744,
2.43718,2.33079,
2.45122,0.420507,
2.51895,3.31758,
2.52055,2.90692,
2.52095,3.39312,
2.52432,1.12767,
2.53449,3.07547,
2.55344,0.0230797,
2.56657,2.84776,
2.56977,1.45146,
2.61628,0.438302,
2.62289,2.54805,
2.67607,3.75808,
2.68729,3.84637,
2.69089,3.44938,
2.71732,0.163447,
2.74194,0.875244,
2.77407,1.94311,
2.7802,1.62432,
2.78671,2.52526,
2.79154,2.34446,
2.8183,3.46069,
2.88092,0.136489,
2.8867,0.534509,
2.91767,1.35212,
2.96543,3.24888,
2.96623,0.213045,
2.9841,0.904723,
3.02917,3.85508,
3.06712,0.847344,
3.08512,1.93442,
3.09508,2.91094,
3.11652,0.568189,
3.12431,2.66582,
3.17384,1.79476,
3.19727,1.56596,
3.20104,3.86939,
3.20225,2.03546,
3.23822,3.66551,
3.24342,0.449366,
3.24815,0.333525,
3.30934,0.66277,
3.31181,2.14556,
3.32604,1.38237,
3.33092,1.77591,
3.34915,3.58164,
3.36883,0.208682,
3.3768,0.857389,
3.38438,0.154927,
3.40422,2.97609,
3.41878,1.73487,
3.42004,3.10468,
3.45706,1.68075,
3.46439,1.62768,
3.49147,0.263448,
3.4944,1.76048,
3.5424,3.68668,
3.57337,3.8444,
3.58597,1.21956,
3.60724,0.70621,
3.60922,1.65193,
3.61388,3.3486,
3.62286,1.26253,
3.62835,2.27996,
3.63149,1.56863,
3.63569,2.34585,
3.64202,2.57919,
3.6466,1.46472,
3.66708,2.68788,
3.68101,2.20916,
3.68135,3.91896,
3.7027,2.36847,
3.70411,3.10689,
3.70503,1.5469,
3.73189,0.612373,
3.76473,3.50361,
3.79601,3.33993,
3.8715,0.835392,
3.89608,3.5339,
3.92627,1.19639,
3.94165,1.31771,
3.94863,0.776682,
3.98947,3.32651,
