Storage option,sets
Size,200
Dimension,2
Shape,cylinder
Spacetime,BlackHole
Past sets, 














6,





1,

3,


13,

5,


4,

0,


9,
24,
9,35,
6,14,17,
8,



19,

6,14,17,23,
15,1,20,
9,


4,
33,42,
12,17,23,
7,12,23,
7,12,23,
28,
49,
15,1,20,
6,14,28,34,
24,
15,1,20,

1,
17,34,28,14,6,58,
7,12,

28,55,
42,33,51,

4,7,12,
19,13,25,
38,58,6,14,28,34,17,63,
65,
15,24,36,
48,28,55,

38,58,6,14,28,34,17,63,

7,14,6,45,23,17,12,52,
68,75,
1,15,20,46,
30,4,50,
23,17,38,34,28,14,6,58,

12,17,23,45,6,14,7,52,78,
28,48,
4,7,12,
17,53,23,12,7,54,
26,29,
6,34,48,55,28,14,66,
61,77,
53,23,12,7,54,
46,20,1,15,57,
48,61,
48,34,6,58,55,28,14,66,
1,26,29,
24,36,46,20,1,15,57,
65,75,68,79,
1,59,36,24,15,73,
68,
24,36,46,20,1,15,57,
34,38,23,17,14,6,45,
63,45,71,58,6,14,28,34,38,23,17,82,

1,20,59,36,24,15,73,
48,61,77,90,
61,77,90,
26,20,15,60,1,62,
68,


83,
20,1,57,36,24,15,73,
83,
20,26,29,1,62,
72,79,68,75,65,97,
73,15,24,36,1,20,59,98,

55,17,34,28,14,71,6,58,38,63,76,
75,79,99,68,108,
83,105,90,77,48,61,106,
108,68,99,79,75,119,
85,66,14,28,55,74,48,34,6,89,
109,
117,

63,45,58,6,14,28,34,38,23,17,82,


75,79,99,103,68,108,
65,73,15,24,36,1,20,72,59,98,
55,85,77,90,61,48,28,93,

65,73,15,24,36,1,20,72,59,98,
71,74,94,55,48,63,34,6,58,28,14,66,89,76,38,17,
98,59,20,1,36,24,15,73,116,
132,

75,99,103,68,108,110,
89,6,34,48,74,55,28,14,66,85,122,

111,113,83,109,123,
65,119,121,108,68,99,79,75,103,129,
99,103,68,108,110,
110,108,68,103,99,143,
6,34,14,66,55,61,74,48,28,85,
55,85,28,93,90,77,61,48,105,
93,28,74,48,61,90,77,85,55,66,131,
97,65,59,72,24,115,119,75,79,99,68,108,121,
15,24,59,72,79,68,36,75,65,97,
132,136,137,140,
98,59,72,20,1,36,24,15,73,65,133,
125,128,
113,83,109,123,
117,132,
125,128,
131,66,55,85,77,90,61,48,74,28,93,147,
125,127,128,
132,136,137,140,
97,65,59,72,24,115,119,75,79,99,68,108,121,
142,103,129,65,119,121,97,68,99,108,79,75,115,72,
123,109,83,113,153,
125,128,
111,106,113,61,48,77,90,105,109,83,120,
103,110,117,124,132,


111,106,113,61,48,77,90,105,109,83,120,

103,110,136,124,137,132,117,154,
90,77,106,123,109,83,61,113,111,141,
90,77,106,123,109,83,61,113,111,141,
99,103,68,108,110,117,124,
152,128,127,125,157,
124,75,117,143,138,99,103,68,108,110,79,144,
136,132,137,150,140,166,
113,83,109,123,125,127,
165,

110,72,115,160,121,142,103,129,65,119,97,68,99,108,79,75,
117,138,129,144,110,79,108,121,97,68,103,142,99,143,65,119,75,
142,103,129,65,119,121,97,68,99,108,79,75,115,72,
128,127,125,157,
72,115,142,103,129,65,119,121,97,68,99,138,108,79,75,110,
72,115,142,103,129,65,119,121,97,68,99,138,108,79,75,110,
83,109,123,125,127,128,
164,154,132,137,124,136,110,103,117,169,
165,
168,
103,117,154,140,124,150,137,110,136,132,158,
155,157,125,127,128,152,173,
83,109,123,125,127,128,
99,103,68,108,110,117,124,
132,124,117,110,103,164,
152,155,127,157,128,125,162,
132,124,117,110,103,164,
117,140,150,137,136,132,158,
140,164,154,132,137,124,136,110,103,117,169,

193,164,103,110,124,132,117,195,
Future sets, 
32,
98,95,62,116,114,151,112,60,130,100,96,57,135,92,80,20,107,104,46,133,

22,
86,50,81,69,30,
27,
78,58,145,84,45,71,122,139,126,63,102,118,89,134,76,94,38,14,101,82,
86,84,69,64,54,87,78,91,53,
39,
47,37,35,


86,69,64,54,87,53,84,91,78,52,
70,25,
122,139,63,94,38,101,126,102,89,118,82,76,134,71,45,84,145,58,78,
149,98,151,130,100,96,57,135,92,80,112,60,73,107,116,133,46,104,

87,63,38,101,126,102,118,82,76,134,71,45,84,78,52,

70,43,
151,130,100,96,57,135,92,80,112,60,107,133,46,104,114,116,


82,54,53,91,52,78,101,102,87,126,84,45,
148,59,36,149,100,98,159,130,133,104,96,135,116,151,112,73,
70,
107,95,114,88,

85,63,126,82,71,66,55,146,94,76,134,74,139,122,58,145,156,102,131,89,147,118,
95,114,88,
81,


67,51,
101,145,58,71,94,82,126,139,102,134,76,63,118,89,122,
37,
149,100,98,133,130,104,96,135,116,151,112,73,

101,126,76,102,118,82,134,71,



67,51,


126,102,101,84,78,
100,96,92,80,

120,167,74,139,156,145,163,105,134,93,122,85,146,94,131,147,89,
56,
81,
67,
84,78,
91,87,
91,87,
89,134,147,74,139,122,146,94,145,156,131,118,66,

112,100,96,92,
94,71,82,134,118,126,102,76,63,
149,116,148,135,104,130,159,133,151,98,
107,
145,90,147,156,171,106,93,120,146,167,131,170,163,105,
114,107,
126,76,102,118,134,71,

142,149,180,151,148,133,72,130,159,160,179,181,183,97,184,115,
156,145,94,122,139,147,134,89,

138,143,172,192,99,144,115,180,119,148,108,79,183,174,129,181,142,149,159,160,121,179,97,184,


134,118,102,
149,151,130,148,133,159,160,179,181,183,184,115,
116,135,104,130,133,112,151,98,
156,145,147,134,139,122,
138,115,180,119,148,79,183,174,129,181,142,149,159,160,121,179,97,184,
134,118,
105,170,131,163,167,146,120,106,171,156,147,90,
84,
174,129,149,159,160,121,179,181,142,183,97,184,148,119,180,115,


126,102,
185,120,153,161,191,113,141,167,171,170,176,163,111,

146,145,147,156,131,139,122,



134,139,122,
147,156,171,106,120,146,167,163,131,170,105,


146,147,156,131,
134,


149,148,159,160,179,181,183,184,180,115,
151,133,130,135,116,
192,144,172,143,174,184,142,181,129,183,180,119,148,159,160,179,121,138,



192,169,186,199,195,197,129,181,142,189,160,179,180,183,144,184,138,193,164,174,172,143,

163,167,146,120,
171,170,163,167,120,

192,144,172,143,174,184,142,181,129,183,180,119,148,159,160,179,121,138,
167,141,171,170,153,161,163,176,185,191,123,
192,189,179,169,138,184,197,183,144,180,164,193,174,172,143,195,199,186,
163,170,171,167,141,

176,163,161,153,170,171,167,141,

184,183,181,179,160,159,148,
135,
196,180,124,189,192,174,172,186,199,154,169,195,197,193,164,

142,181,184,183,180,179,148,159,160,121,
167,163,
159,148,160,179,180,183,184,181,142,
139,
191,185,176,161,153,170,171,141,
192,189,174,172,186,199,193,169,195,197,164,
185,176,162,182,157,173,190,155,194,191,152,

191,185,176,173,190,182,194,157,
185,162,182,157,173,190,155,194,191,152,
160,179,180,183,184,181,142,

156,147,
199,136,175,186,169,195,197,158,196,189,150,154,193,164,
151,


186,169,197,158,175,196,189,150,
186,169,197,158,175,196,189,150,
184,183,180,174,

197,158,175,196,189,150,
171,170,
184,183,181,180,179,160,
174,180,144,
180,174,


156,


196,189,175,

194,190,173,
161,
189,186,197,169,
194,190,

194,182,190,173,
196,189,

179,

194,

197,195,193,199,186,
187,177,
175,

188,
197,186,



190,



















199,

199,




Past links sets, 














6,





1,

3,


13,

5,


4,

0,


9,
24,
35,
14,17,
8,



19,

14,17,23,
15,20,
9,


4,
33,42,
12,17,23,
7,12,23,
7,12,23,
28,
49,
15,20,
14,28,34,
24,
15,20,

1,
17,58,
7,12,

55,
51,

4,7,12,
19,25,
38,63,
65,
15,36,
48,55,

38,63,

7,45,52,
68,75,
46,
30,50,
23,38,58,

78,
28,48,
4,7,12,
17,53,54,
26,29,
34,48,14,66,
61,77,
53,54,
46,57,
48,61,
48,58,66,
1,26,29,
36,46,57,
65,79,
1,59,73,
68,
36,46,57,
34,38,45,
45,71,82,

20,59,73,
48,90,
90,
26,60,62,
68,


83,
57,73,
83,
20,26,29,62,
72,97,
20,98,

55,71,76,
79,99,108,
83,105,106,
119,
74,85,89,
109,
117,

45,63,82,


79,99,103,108,
20,72,98,
55,85,90,93,

20,72,98,
71,74,76,89,94,
116,
132,

75,99,103,108,110,
122,

111,113,123,
65,121,129,
99,103,108,110,
143,
34,14,66,61,74,85,
55,85,93,105,
74,66,131,
59,115,121,
15,36,59,72,97,
136,137,140,
133,
125,128,
113,123,
117,132,
125,128,
147,
125,127,128,
136,137,140,
59,115,121,
115,142,
153,
125,128,
109,111,113,120,
103,110,124,132,


109,111,113,120,

103,110,136,124,137,154,
106,141,
106,141,
99,103,108,110,124,
152,157,
124,138,79,144,
150,166,
113,123,125,127,
165,

110,160,
97,117,138,142,144,
115,142,
157,
115,138,142,
115,138,142,
83,123,125,127,128,
164,169,
165,
168,
103,110,124,150,154,158,
155,173,
83,123,125,127,128,
99,103,108,110,124,
164,
152,155,157,162,
164,
117,150,158,
140,164,169,

193,195,
Future links sets, 
32,
95,62,98,20,

22,
86,50,69,30,
27,
14,
86,78,69,64,54,53,
39,
47,35,


86,69,64,54,53,52,
25,
145,89,58,45,38,
149,73,60,57,46,

87,63,52,45,38,

70,43,
133,116,114,130,104,60,57,46,


82,54,53,52,45,
59,36,
70,
107,95,114,88,

85,58,55,
95,114,88,
81,


51,
145,101,89,58,
37,
149,100,96,73,

101,82,76,71,



51,


126,102,101,78,
100,96,92,80,

105,94,93,89,85,74,
56,
81,
67,
78,
91,87,
91,87,
146,74,131,118,66,

112,100,96,92,
94,82,63,
159,149,148,104,98,
107,
145,93,90,
114,107,
126,76,71,

142,97,72,
147,145,94,89,

108,99,79,


134,118,102,
149,133,130,115,
112,104,98,
145,147,134,122,
138,79,
134,118,
90,
84,
174,129,119,97,


126,102,
185,120,191,113,111,

146,145,131,122,



134,122,
106,131,105,


146,131,
134,


149,180,115,
133,130,116,
192,172,143,138,129,119,



192,189,172,169,143,164,138,129,

146,120,
171,170,120,

192,172,143,138,129,119,
167,163,123,
189,192,179,172,169,143,164,138,
163,167,141,

176,163,153,167,141,

184,183,181,160,159,148,
135,
196,180,154,124,

121,
167,163,
159,148,142,
139,
191,185,176,153,141,
192,189,174,172,169,164,
185,176,162,157,155,191,152,

191,185,176,157,
185,162,157,155,191,152,
142,

147,
164,154,136,
151,


169,158,150,
169,158,150,
184,183,180,174,

197,158,150,
171,170,
184,183,181,180,160,
144,
180,174,


156,


196,189,175,

194,173,
161,
189,169,
194,190,

194,182,173,
196,189,

179,

194,

197,195,193,186,
187,177,
175,

188,
197,186,



190,



















199,

199,




Coordinates
-5.99432,0.293779
-5.99296,0.943998
-5.9607,-0.0891237
-5.94978,0.159634
-5.93135,-0.625361
-5.92684,-0.187671
-5.92406,-0.912325
-5.9219,-0.71247
-5.91485,-0.377718
-5.91269,0.401555
-5.89345,-0.0750062
-5.89337,0.0264035
-5.89275,-0.71382
-5.89199,0.501008
-5.88739,-0.885243
-5.88541,0.94727
-5.87195,-0.0363641
-5.87162,-0.838736
-5.86701,0.0129963
-5.85919,0.438559
-5.84855,0.882132
-5.8433,0.233472
-5.82434,0.0450169
-5.81236,-0.745635
-5.76992,0.967001
-5.76693,0.405165
-5.75964,0.617758
-5.74924,-0.0276114
-5.7421,-0.899434
-5.74205,0.593608
-5.74134,-0.48784
-5.7225,-0.0315132
-5.72114,0.040173
-5.70745,0.441232
-5.70653,-0.834536
-5.70484,0.241318
-5.67857,0.887959
-5.67095,0.20803
-5.66854,-0.732025
-5.66802,-0.166339
-5.66757,-0.0851296
-5.66358,0.237152
-5.65812,0.422094
-5.65583,0.238861
-5.64562,-0.0173654
-5.63843,-0.65574
-5.62218,0.709885
-5.61033,0.107445
-5.6088,-0.922892
-5.58957,-0.214423
-5.58096,-0.306349
-5.57209,0.346741
-5.56476,-0.537108
-5.56264,-0.50074
-5.55628,-0.494035
-5.55288,-0.793814
-5.55003,-0.181834
-5.54276,0.692393
-5.52065,-0.687636
-5.48382,0.854835
-5.44751,0.514038
-5.4336,-0.913123
-5.42757,0.451296
-5.42614,-0.629029
-5.39699,-0.304397
-5.39593,0.897956
-5.39568,-0.70919
-5.37283,0.160729
-5.37013,0.968661
-5.35706,-0.222344
-5.35616,0.0356148
-5.33577,-0.541871
-5.32697,0.844696
-5.32602,0.677986
-5.32478,-0.682324
-5.31887,0.909666
-5.31043,-0.546298
-5.29705,-0.881186
-5.2924,-0.342149
-5.28472,0.894194
-5.28178,0.413877
-5.26832,-0.0177919
-5.26752,-0.449161
-5.26074,-0.942472
-5.25424,-0.312997
-5.24945,-0.672674
-5.22484,-0.123077
-5.20997,-0.182135
-5.20758,0.0774638
-5.20531,-0.536439
-5.19684,-0.796071
-5.19425,-0.14292
-5.19297,0.365553
-5.18105,-0.716807
-5.17387,-0.499963
-5.16624,0.15208
-5.15865,0.444288
-5.14593,0.7901
-5.13528,0.550719
-5.12037,0.863744
-5.1157,0.346818
-5.11104,-0.262279
-5.10448,-0.315129
-5.08585,0.968298
-5.07075,0.444526
-5.05114,-0.684589
-5.04836,-0.706446
-5.03738,0.123938
-5.03038,0.829181
-5.01242,-0.878089
-5.00631,0.945482
-5.00468,-0.775807
-4.99724,0.355915
-4.97059,-0.799777
-4.95864,0.0177302
-4.95276,0.675874
-4.92542,0.354769
-4.90472,0.935604
-4.8976,-0.210187
-4.88281,0.691376
-4.87871,-0.586046
-4.85078,0.660265
-4.83813,-0.288118
-4.83132,-0.776972
-4.80814,0.878168
-4.80731,-0.940554
-4.80509,-0.0106614
-4.79029,-0.910992
-4.78035,-0.957837
-4.76192,0.644692
-4.74229,0.266542
-4.73921,-0.342357
-4.71643,0.961552
-4.69793,0.253084
-4.69253,-0.0520057
-4.68769,0.16871
-4.64436,0.929055
-4.63751,0.948526
-4.63226,0.59919
-4.62161,-0.0946135
-4.61893,0.947825
-4.61608,-0.564688
-4.60225,0.518029
-4.60145,0.598177
-4.57122,0.575415
-4.56606,-0.0977584
-4.50537,-0.162364
-4.49962,-0.121977
-4.49522,0.320031
-4.49458,0.140111
-4.47488,0.858811
-4.4562,0.0357299
-4.44641,-0.777605
-4.44625,-0.500691
-4.44533,0.728473
-4.42947,-0.773747
-4.40839,-0.0333426
-4.40335,-0.702468
-4.39517,0.759505
-4.3651,0.22704
-4.36482,0.291165
-4.3575,-0.432724
-4.35325,-0.747965
-4.32836,-0.200089
-4.32109,0.580104
-4.3144,0.978543
-4.3139,0.839457
-4.31372,-0.195425
-4.3101,-0.945447
-4.26913,0.583378
-4.26906,-0.225921
-4.26335,-0.21943
-4.25805,0.397191
-4.25199,-0.594714
-4.18833,0.295887
-4.17325,0.719945
-4.17088,-0.323254
-4.16986,0.875442
-4.16872,-0.985327
-4.15411,0.115339
-4.15074,0.191684
-4.146,0.0625239
-4.14414,-0.449129
-4.1303,0.117216
-4.12992,0.117879
-4.1275,-0.348475
-4.12035,0.441924
-4.11545,0.815358
-4.10044,-0.844577
-4.09219,0.504727
-4.08805,-0.473188
-4.08302,-0.329377
-4.06637,0.26661
-4.06504,0.326192
-4.06393,-0.504123
-4.0493,0.310218
-4.04,0.539767
-4.03853,0.392933
-4.03572,0.968714
-4.03096,0.294253
r_S,2
Lambda0,2,
Lambda1,10,
Lambda2,11,
Lambda3,16,
Lambda4,18,
Lambda5,21,
Lambda6,22,
Lambda7,27,
Lambda8,31,
Lambda9,32,
Lambda10,37,
Lambda11,39,
Lambda12,40,
Lambda13,41,
Lambda14,43,
Lambda15,44,
Lambda16,47,
Lambda17,56,
Lambda18,64,
Lambda19,67,
Lambda20,69,
Lambda21,70,
Lambda22,80,
Lambda23,81,
Lambda24,84,
Lambda25,86,
Lambda26,87,
Lambda27,88,
Lambda28,91,
Lambda29,92,
Lambda30,95,
Lambda31,96,
Lambda32,100,
Lambda33,101,
Lambda34,102,
Lambda35,104,
Lambda36,107,
Lambda37,112,
Lambda38,114,
Lambda39,118,
Lambda40,126,
Lambda41,130,
Lambda42,134,
Lambda43,135,
Lambda44,139,
Lambda45,145,
Lambda46,146,
Lambda47,148,
Lambda48,149,
Lambda49,151,
Lambda50,156,
Lambda51,159,
Lambda52,161,
Lambda53,163,
Lambda54,167,
Lambda55,170,
Lambda56,171,
Lambda57,172,
Lambda58,174,
Lambda59,175,
Lambda60,176,
Lambda61,177,
Lambda62,178,
Lambda63,179,
Lambda64,180,
Lambda65,181,
Lambda66,182,
Lambda67,183,
Lambda68,184,
Lambda69,185,
Lambda70,186,
Lambda71,187,
Lambda72,188,
Lambda73,189,
Lambda74,190,
Lambda75,191,
Lambda76,192,
Lambda77,194,
Lambda78,196,
Lambda79,197,
Lambda80,198,
Lambda81,199,