Storage option,sets
Size,61
Dimension,3
Shape,cylinder
Spacetime,BlackHole
Past sets, 



1,

0,


1,3,

1,7,
0,5,7,9,
2,3,1,8,
2,3,1,8,
0,2,3,8,9,7,1,10,
0,5,6,7,9,
2,1,3,
4,0,5,6,
4,6,
2,
5,11,10,7,9,8,3,2,0,1,14,
1,3,16,2,19,
9,6,5,0,4,17,
4,
4,6,
7,10,12,8,1,3,2,13,
7,12,8,13,1,2,3,16,
5,12,10,7,9,8,3,2,13,0,1,14,
8,12,1,2,3,16,
7,12,8,13,1,2,3,16,
16,3,2,1,8,12,7,13,26,
6,14,1,0,2,3,8,9,10,11,5,7,20,
11,27,1,14,5,12,10,7,9,8,3,2,13,0,
14,1,13,0,2,3,8,9,10,11,5,7,20,
16,3,2,1,8,12,7,13,26,
5,9,0,13,2,3,14,1,8,10,7,12,25,
13,19,16,3,1,12,21,8,2,28,
19,16,3,1,12,21,8,2,28,
19,2,16,3,1,21,
12,19,2,16,3,1,8,21,
16,27,11,25,35,9,5,0,13,2,32,3,14,1,8,10,7,12,
21,8,1,3,16,2,19,38,12,39,
8,21,1,3,16,2,19,12,38,
15,12,27,6,20,4,33,7,14,1,13,0,31,2,3,8,9,10,11,5,
39,12,38,19,16,3,1,8,21,2,41,
19,21,27,28,26,16,25,35,9,34,5,29,0,13,2,3,14,30,1,8,10,7,12,
7,36,28,44,39,38,19,16,3,13,42,1,37,8,21,2,12,41,
11,12,7,10,8,1,30,14,32,3,2,13,19,21,27,28,26,45,16,0,29,25,35,9,34,5,
41,2,21,8,1,42,3,16,19,38,12,39,44,
29,26,34,13,39,12,38,19,2,28,16,3,30,1,21,8,37,7,36,
26,25,10,14,29,0,9,34,5,19,16,3,30,1,12,21,37,8,2,28,7,36,13,35,
41,12,2,21,8,37,46,7,36,28,44,39,38,19,16,3,13,42,1,
26,34,13,7,36,28,44,39,38,19,16,3,1,21,2,12,41,8,37,
5,34,9,35,25,29,0,16,45,26,28,27,21,19,47,37,8,11,12,36,7,10,14,1,30,32,3,2,13,
28,20,33,26,12,7,10,8,30,1,14,27,16,40,11,25,6,35,9,34,5,29,0,13,2,3,32,
35,13,36,7,28,2,8,37,12,1,30,21,50,26,25,39,10,14,0,29,16,3,38,9,34,5,19,
15,26,20,33,12,7,10,8,30,1,14,27,16,40,11,25,6,35,9,5,29,0,13,31,2,3,32,
21,19,27,14,1,30,8,10,12,26,7,33,20,28,54,25,16,45,40,11,6,35,9,34,5,29,0,13,2,3,32,
26,34,1,42,13,3,16,48,19,38,51,12,41,2,28,21,8,37,46,7,36,44,39,
42,46,49,41,44,30,1,12,37,8,21,50,2,28,7,36,13,35,55,26,25,39,10,14,0,29,16,3,38,9,34,5,19,52,
28,36,7,46,44,2,21,37,8,1,13,42,3,16,48,19,38,41,12,39,
Future sets, 
20,33,15,54,14,43,56,27,57,31,5,50,59,55,35,22,45,32,17,11,40,53,47,
10,56,28,57,25,54,12,41,48,35,44,55,26,59,30,50,40,52,43,14,58,29,32,3,49,20,36,34,21,38,16,45,53,27,37,8,51,39,13,42,46,33,31,60,47,
19,38,21,16,31,20,14,33,13,39,46,60,51,37,45,47,50,30,59,26,55,44,35,48,41,12,42,54,25,57,28,56,27,53,40,58,29,49,34,52,43,32,36,
38,21,16,36,32,43,52,34,49,29,58,40,53,27,45,37,8,51,39,13,42,14,46,33,20,31,60,47,50,30,59,26,55,44,35,48,41,12,54,25,57,28,56,
24,23,18,22,43,17,
50,59,55,35,45,22,17,11,40,53,47,32,31,57,27,56,43,54,15,33,20,
24,57,31,18,22,17,43,56,54,15,
51,60,46,25,54,35,55,26,33,20,49,59,30,50,40,11,53,47,45,32,10,14,43,27,56,57,31,15,58,29,34,52,
31,20,14,33,13,39,46,60,51,37,45,47,50,30,59,26,55,44,35,48,41,12,42,54,25,57,28,56,27,53,40,58,29,49,34,52,43,32,36,
22,15,45,35,55,59,50,11,40,53,47,32,31,57,27,56,14,43,54,33,20,
32,45,47,53,40,50,59,20,33,55,35,25,54,14,43,27,56,57,31,
40,53,47,32,31,57,56,43,54,33,20,
42,41,48,44,26,55,35,59,30,50,47,45,54,25,57,28,56,27,53,40,58,29,49,34,52,43,32,36,37,51,60,46,39,
46,60,51,36,33,32,43,52,34,49,29,58,40,53,27,56,57,25,54,45,47,50,30,59,35,55,26,
50,59,55,35,20,33,54,43,57,31,56,27,40,53,47,45,32,
56,43,
40,53,49,36,42,48,41,52,39,45,44,57,28,47,21,50,55,26,37,51,38,58,29,60,59,30,46,56,54,34,
22,

46,59,60,58,38,51,37,55,50,21,47,57,44,45,39,52,41,48,42,36,49,53,
54,33,43,56,57,31,
47,57,45,39,41,48,44,42,36,49,53,52,55,50,37,51,38,58,60,59,46,



40,53,56,57,54,45,47,50,59,55,35,
58,56,54,55,50,30,59,49,47,34,53,57,45,52,
40,53,43,56,57,54,47,45,32,
54,47,57,36,49,53,52,55,50,37,51,58,45,60,59,46,
56,54,55,50,59,49,47,53,57,45,
56,54,55,50,59,49,47,53,57,45,
56,43,
47,54,57,56,53,40,
57,54,56,43,
54,52,55,50,59,49,47,53,57,58,45,
55,59,50,47,45,54,57,56,53,40,
53,52,55,50,49,51,58,60,59,46,
53,52,55,50,49,51,58,60,59,46,
49,55,42,44,52,48,51,58,60,59,46,41,
55,49,44,52,48,51,58,60,59,46,41,
56,57,54,
46,59,60,58,51,48,52,44,
48,51,58,60,59,46,

52,48,51,58,60,59,46,
57,53,47,
60,59,58,51,
53,
60,58,
59,
59,55,
58,
59,

57,
59,





Past links sets, 



1,

0,


3,

1,7,
5,7,9,
2,8,
2,8,
0,2,8,9,10,
5,6,7,9,
2,3,
4,5,6,
4,6,
2,
11,14,
16,19,
9,17,
4,
4,6,
10,12,13,
7,12,13,16,
5,12,13,14,
12,16,
7,12,13,16,
26,
6,20,
11,27,
13,20,
26,
5,14,25,
13,21,28,
21,28,
21,
12,21,
16,32,35,
38,39,
12,38,
4,15,27,31,33,
41,
27,28,29,30,21,34,35,
7,36,37,42,44,
32,45,
42,44,
29,30,34,36,37,38,39,
29,30,34,35,36,37,
46,
34,36,37,44,
36,37,47,
6,28,29,30,33,34,40,
38,39,50,
15,29,30,31,33,40,
45,54,
34,48,51,
46,49,52,55,
46,48,
Future links sets, 
14,5,
10,3,
19,16,14,13,12,
16,8,
24,23,18,43,17,
35,27,17,15,11,
24,31,18,17,54,15,
46,29,26,15,11,10,
14,13,12,
22,15,14,11,
25,14,
32,20,
42,29,28,27,39,26,25,
36,33,29,27,26,25,
35,27,20,
56,43,
40,29,28,26,21,
22,

21,
33,31,
45,39,38,37,36,



35,
34,30,
43,45,32,
54,45,37,36,
56,54,50,49,45,
56,54,50,49,45,
56,43,
47,40,
54,56,43,
54,52,50,49,58,45,
50,45,40,
53,52,50,49,46,
53,52,50,49,46,
49,55,42,41,
55,49,41,
56,54,
44,
48,46,

52,48,46,
57,47,
60,59,51,
53,
60,58,
59,
55,
58,
59,

57,
59,





Coordinates
-3.96103,2.50815,0.00165607
-3.90921,3.47552,0.00137074
-3.88842,3.72535,0.00124723
-3.8679,3.46699,0.00056454
-3.81484,1.89569,0.00161676
-3.80025,2.50308,0.000934487
-3.76021,2.15943,0.00112972
-3.71235,2.97434,0.00156739
-3.57703,3.27173,0.00176716
-3.43446,2.57867,0.00200966
-3.30822,2.90134,0.00117308
-3.02863,2.45129,0.00152748
-2.84299,3.45414,0.00119703
-2.79718,3.22948,0.00155003
-2.78686,2.63878,0.00131419
-2.64397,1.93816,0.00209009
-2.63919,3.75351,0.00137051
-2.46897,1.49021,0.000486897
-2.42637,0.962319,0.00168024
-2.37821,3.94833,0.000871516
-2.32276,2.31155,0.00126856
-2.21329,3.8371,0.000980758
-2.07131,1.31709,0.000450322
-2.02567,0.377036,0.00216759
-1.99971,0.531095,0.000870115
-1.99178,2.99523,0.00056287
-1.97637,3.26354,0.00114971
-1.96395,2.60717,0.000114713
-1.90297,3.46781,0.000741206
-1.85113,3.10139,0.00055762
-1.75659,3.12698,0.00180999
-1.74868,2.04547,0.00065027
-1.72453,2.55831,0.000888079
-1.72287,2.26056,0.000866283
-1.71084,3.22144,0.00124792
-1.63758,2.75233,0.00217222
-1.53104,3.51837,0.000565145
-1.52096,3.5661,0.000111483
-1.49708,3.89835,0.000510444
-1.38527,3.75645,0.0012997
-1.22503,2.41755,0.000770145
-1.16419,3.77396,0.000355736
-1.06082,3.94929,0.00164001
-1.03794,1.71163,0.00214876
-1.00704,3.75042,0.00196895
-0.922073,2.73269,0.00184645
-0.741424,3.65603,0.00200239
-0.734377,2.6838,0.000784175
-0.732788,3.82072,0.000393622
-0.732784,3.28798,0.00107701
-0.698345,2.90402,0.000733633
-0.635862,3.63153,0.0012144
-0.582326,3.46484,0.00215225
-0.569195,2.68955,0.00179634
-0.52375,2.0974,6.84617e-05
-0.466453,2.87947,0.000856849
-0.322628,1.81825,0.00151386
-0.203723,2.10403,0.00113695
-0.0471654,3.64322,0.000611674
-0.0346986,2.95893,0.000276573
-0.0212375,3.86535,1.03274e-05