Storage option,sets
Size,200
Dimension,3
Shape,cylinder
Spacetime,BlackHole
Past sets, 



































16,

11,







7,

















19,













14,

27,
9,15,19,
6,


53,


1,33,
14,

26,
50,


29,
4,14,
26,

4,8,29,31,

0,25,

11,
8,29,31,
8,

8,29,18,31,

32,




67,
32,
20,
0,25,
0,
28,


3,50,62,
3,22,
31,29,8,103,
68,92,
52,48,61,72,73,105,
55,56,
27,24,11,37,
58,26,96,
46,
1,
4,14,38,
3,50,62,
33,1,87,
51,5,57,

70,83,
50,62,
20,47,53,50,91,
76,
32,
1,
20,47,53,19,84,50,91,
40,
17,
28,118,
1,
60,64,68,
55,30,56,75,97,
70,83,
5,57,14,66,
89,71,32,114,
86,
4,82,31,18,29,8,106,
16,60,64,
32,108,
82,
22,28,46,110,
0,21,
46,129,
21,112,
32,119,
70,
28,46,110,
32,
21,25,0,100,
10,16,35,64,
51,5,57,14,4,95,
3,27,13,39,49,62,9,74,
52,48,61,105,
36,5,57,66,86,

4,38,51,5,57,76,
52,60,48,61,64,
10,17,21,
32,108,
33,1,141,

1,
16,52,35,48,61,72,73,105,
26,41,58,60,64,
60,68,92,108,119,32,161,
16,35,48,72,73,
17,16,35,112,
78,91,3,132,62,50,20,137,
36,32,58,71,90,26,96,
17,16,35,48,72,73,
70,83,135,
69,40,143,
24,55,56,101,126,97,67,65,30,59,75,46,37,11,
17,21,0,117,
21,112,
27,49,11,24,50,13,39,65,9,74,
9,15,20,47,53,19,84,63,50,13,39,91,
1,
112,21,0,158,
1,40,
69,85,86,
9,74,13,39,78,62,50,3,121,
1,
Future sets, 
158,190,195,117,116,165,100,
199,196,194,176,141,130,146,133,178,87,

168,184,132,122,198,121,
172,153,131,98,167,95,
172,170,167,150,134,
81,
45,
153,106,104,123,103,98,
198,193,192,168,80,
174,166,
192,127,189,102,37,

198,193,192,168,
150,131,167,95,88,77,
193,80,
154,166,179,182,183,186,35,
190,186,174,183,144,
153,106,
142,80,193,63,
184,142,138,193,115,
190,174,191,165,160,195,158,
157,122,

189,192,127,
116,165,100,
180,128,96,185,90,
168,192,127,79,
163,145,157,118,
153,106,123,103,98,94,
189,148,
153,106,123,103,98,
185,161,164,151,140,114,155,181,175,108,
176,133,87,

186,183,182,179,166,
185,170,
189,127,
172,131,
198,193,192,168,
196,188,143,
180,




189,163,157,159,129,
193,142,138,
179,186,173,182,169,125,
192,168,
192,137,198,121,138,142,132,184,193,91,
172,167,134,
179,173,169,125,
138,142,193,84,

148,189,126,
148,189,126,
172,170,167,150,134,
185,180,128,
189,
181,180,154,173,147,
179,173,169,125,
168,137,184,132,198,121,
193,
166,180,154,173,147,
192,189,
170,150,
189,113,
181,147,124,
197,188,
187,162,149,136,
185,151,
186,182,179,125,
186,182,179,125,
198,192,168,
189,148,
172,139,

198,184,



156,153,
187,149,136,
193,142,
197,
197,170,152,
133,

151,
185,
193,184,142,138,
181,124,


167,
185,128,
189,148,


165,
189,

123,

179,169,125,
153,

175,181,155,

163,157,

195,191,183,160,

151,


190,
145,
181,161,

198,




189,


159,


184,


187,

184,



176,

188,














195,


181,






































Past links sets, 



































16,

11,







7,

















19,













14,

27,
9,15,19,
6,


53,


1,33,
14,

26,
50,


29,
4,14,
26,

4,8,29,31,

0,25,

11,
8,29,31,
8,

8,29,18,31,

32,




67,
32,
20,
0,25,
0,
28,


3,50,62,
3,22,
103,
68,92,
52,48,61,72,73,105,
55,56,
27,24,37,
58,96,
46,
1,
4,14,38,
3,50,62,
87,
51,5,57,

70,83,
50,62,
20,47,53,91,
76,
32,
1,
20,47,19,84,91,
40,
17,
118,
1,
60,64,68,
55,30,56,75,97,
70,83,
5,57,14,66,
71,89,114,
86,
4,82,106,
16,60,64,
108,
82,
22,28,46,110,
0,21,
129,
21,112,
32,119,
70,
28,46,110,
32,
21,100,
10,35,64,
51,5,57,95,
3,27,13,39,49,62,9,74,
52,48,61,105,
36,5,57,66,86,

4,38,51,5,57,76,
52,60,48,61,64,
10,17,21,
108,
33,141,

1,
52,35,48,61,72,73,105,
26,41,58,60,64,
60,68,92,108,161,
35,48,72,73,
17,35,112,
78,91,132,20,137,
36,32,58,71,90,96,
17,35,48,72,73,
70,83,135,
69,143,
30,24,37,46,59,65,67,97,75,101,126,
17,21,117,
21,112,
27,49,11,24,50,13,39,65,9,74,
9,15,20,47,63,84,13,39,91,
1,
112,158,
1,40,
69,85,86,
9,74,13,39,78,121,
1,
Future links sets, 
158,117,116,100,
199,196,194,146,141,130,178,87,

168,132,122,121,
172,153,131,98,95,
172,170,167,150,134,
81,
45,
106,104,103,98,
198,193,192,168,80,
174,166,
192,102,37,

198,193,192,168,
150,131,95,88,77,
193,80,
154,35,
190,186,174,183,144,
106,
142,80,63,
184,142,138,193,115,
190,174,191,165,160,158,
157,122,

189,192,127,
116,100,
180,96,90,
168,192,127,79,
163,157,118,
106,103,98,94,
189,148,
106,103,98,
185,164,161,140,114,108,
176,87,

186,183,182,179,166,
185,170,
189,127,
172,131,
198,193,192,168,
196,143,
180,




189,163,157,129,
193,142,138,
179,186,173,182,169,125,
192,168,
192,137,132,121,91,
172,167,134,
179,173,169,125,
138,84,

148,126,
148,126,
172,170,167,150,134,
185,180,128,
189,
181,180,154,173,147,
179,173,169,125,
168,137,132,121,
193,
166,180,154,173,147,
192,189,
170,150,
189,113,
181,147,124,
197,188,
187,162,149,136,
185,151,
186,182,179,125,
186,182,179,125,
198,192,168,
189,148,
172,139,

198,184,



156,153,
187,149,136,
193,142,
197,
197,170,152,
133,

151,
185,
193,184,142,138,
181,124,


167,
185,128,
189,148,


165,
189,

123,

179,169,125,
153,

175,181,155,

163,157,

195,191,183,160,

151,


190,
145,
161,

198,




189,


159,


184,


187,

184,



176,

188,














195,


181,






































Coordinates
-3.99657,3.69684,3.93664
-3.9882,3.70402,5.92971
-3.9869,1.3398,0.212738
-3.95271,3.34056,2.29855
-3.94237,3.00997,1.24394
-3.92488,2.49806,0.828994
-3.89186,1.50063,4.49409
-3.88875,1.59019,1.15526
-3.86256,3.49262,1.26907
-3.83335,2.13367,2.06049
-3.82272,2.26937,4.4494
-3.80868,1.933,3.02108
-3.76779,0.548221,3.82278
-3.76154,2.90126,2.28651
-3.7465,2.27811,1.14041
-3.66232,1.97232,1.93064
-3.66015,3.86249,4.62463
-3.64222,2.70835,4.22489
-3.62609,3.06853,1.30535
-3.62539,2.28036,1.79326
-3.58767,3.06416,1.72315
-3.57611,3.95919,4.02009
-3.54216,3.70432,2.54643
-3.53886,1.16962,1.49549
-3.53886,1.73509,2.70373
-3.50699,3.9206,3.79375
-3.49119,1.79023,5.50531
-3.48776,1.89419,2.20992
-3.40271,3.7638,3.01534
-3.40118,3.4538,1.33087
-3.35496,2.10034,3.91027
-3.35472,3.57878,1.36143
-3.34834,2.75632,5.75583
-3.3314,3.06895,5.81999
-3.27741,1.11908,0.759804
-3.25597,3.48746,4.61149
-3.23557,1.88744,0.0506097
-3.22569,1.69163,2.96465
-3.21208,3.09894,0.899243
-3.21161,2.73638,2.47736
-3.1896,3.49821,6.17796
-3.15806,1.59498,4.93479
-3.13859,0.579404,4.99939
-3.12984,1.46374,3.23708
-3.09915,1.10712,5.6967
-3.09243,1.02699,0.893432
-3.07011,3.29582,2.69975
-3.04838,2.59453,1.76284
-3.0408,3.32678,4.7182
-3.01351,1.94736,2.09599
-2.99899,3.3866,1.95768
-2.9827,2.97774,0.784904
-2.98212,3.69674,4.86481
-2.97339,2.66305,1.90433
-2.96983,2.27669,1.4151
-2.96233,2.05612,3.55892
-2.92397,1.99344,3.48944
-2.90956,2.54382,0.610311
-2.90268,1.54985,5.21511
-2.89825,2.8411,3.01448
-2.89217,2.67092,5.09383
-2.8701,3.52179,4.74989
-2.84247,3.49444,2.01593
-2.80994,2.10199,1.6546
-2.78634,2.65326,4.96568
-2.77014,2.38141,2.8184
-2.72956,2.06754,0.25519
-2.72571,1.57709,3.60679
-2.68708,3.0289,5.10488
-2.64662,3.9971,0.0713241
-2.63353,3.43842,3.25937
-2.63333,1.95916,5.59874
-2.62678,3.53422,4.67089
-2.61201,3.6433,4.66136
-2.5926,2.21495,2.33037
-2.57905,2.66938,3.32158
-2.57106,3.31429,0.699247
-2.56353,1.76975,0.90403
-2.56273,3.13351,1.9764
-2.52557,1.02112,2.09775
-2.45505,1.74181,1.6934
-2.44883,0.666054,4.29208
-2.44613,3.43001,1.44711
-2.4385,3.13934,3.24621
-2.41812,2.49338,1.77092
-2.41092,3.14589,0.214525
-2.40085,2.66791,0.21307
-2.36969,3.10459,5.7333
-2.36284,1.34339,0.86303
-2.3566,2.33003,5.76612
-2.35489,1.68404,5.48235
-2.32795,3.02321,1.81337
-2.30105,3.14252,5.10255
-2.2898,3.9295,0.722567
-2.28941,2.41714,1.32676
-2.27395,2.21435,0.873005
-2.27338,1.40826,5.35417
-2.25842,2.16872,3.54875
-2.25535,3.30658,1.14647
-2.23804,1.35385,0.189576
-2.23674,3.78568,3.74707
-2.23027,2.46695,2.78961
-2.22623,0.493594,2.71706
-2.22461,3.45712,1.14439
-2.20579,3.56626,1.04262
-2.17723,3.86129,4.70642
-2.13695,3.3151,1.24593
-2.09474,3.85882,0.537039
-2.0887,2.75677,5.59798
-2.08344,3.99027,3.49288
-2.08276,3.81352,2.75973
-2.01174,0.968619,5.62735
-1.93463,3.71906,4.1294
-1.89892,1.01038,3.27305
-1.82283,2.04464,5.56217
-1.81762,3.36447,1.53643
-1.78173,3.25164,3.54909
-1.74833,2.73492,3.82951
-1.74465,3.4664,2.90539
-1.74117,2.55345,5.11114
-1.63796,2.55994,0.3327
-1.61368,3.43306,1.91735
-1.58911,3.75143,2.21266
-1.54764,3.60405,1.14116
-1.49986,3.13594,4.97514
-1.48166,3.49961,4.66116
-1.47339,1.37437,3.12303
-1.41925,0.535876,2.17799
-1.41296,0.634137,4.99267
-1.3132,2.90537,2.63799
-1.29826,3.58817,5.76082
-1.29495,2.27666,0.878342
-1.28193,3.40277,1.83072
-1.23781,3.28775,5.61648
-1.20218,2.09391,0.434431
-1.19156,3.82377,3.07299
-1.16349,3.14976,3.03845
-1.16138,3.4551,1.77967
-1.148,2.62329,1.54233
-1.1021,2.98914,0.393072
-1.08937,2.04767,5.30871
-1.07244,3.08675,5.35837
-1.05293,2.34397,1.50128
-1.02677,3.82038,6.00263
-1.02671,2.78679,4.22399
-1.00819,3.09215,2.85326
-1.00183,3.78364,5.73623
-1.00056,2.53441,4.92012
-1.00025,1.46246,3.28013
-0.991949,2.87242,3.12113
-0.991554,1.37262,0.230906
-0.990575,1.54106,5.5187
-0.980167,1.82144,6.05552
-0.918247,3.29247,1.21574
-0.915127,1.24348,4.61227
-0.899956,2.05769,5.2885
-0.85252,3.69634,1.36731
-0.846821,3.00233,2.50479
-0.77327,3.93535,3.93519
-0.751985,2.78269,2.56669
-0.744338,3.51548,3.98924
-0.728099,2.18646,5.10791
-0.723384,3.79465,3.17547
-0.707286,3.92837,2.66993
-0.688115,2.25917,5.16631
-0.679832,3.45369,3.63877
-0.667267,2.10082,4.42635
-0.642587,2.06043,0.521061
-0.639842,1.60667,2.00217
-0.61675,3.63346,4.68604
-0.601063,1.67802,6.28099
-0.596055,3.86512,1.52692
-0.574634,2.32951,0.60182
-0.557381,2.0524,4.71516
-0.546599,2.0286,3.98823
-0.483019,2.18854,5.33028
-0.439865,3.18417,5.31088
-0.439643,3.10317,5.11868
-0.438866,3.6662,5.53792
-0.435944,3.94239,4.60388
-0.422968,0.602216,4.4671
-0.415954,2.01311,5.08542
-0.397106,3.36112,4.22702
-0.383047,3.02639,4.09089
-0.368882,3.22731,1.63031
-0.342096,0.3561,5.15513
-0.322691,3.02712,4.14626
-0.282953,3.34389,3.05839
-0.282926,3.72586,5.93633
-0.257612,0.68086,2.69076
-0.252162,2.71426,3.82206
-0.250176,3.96554,3.99834
-0.210693,0.836394,1.94514
-0.195225,1.6747,1.56897
-0.154822,3.6693,5.43959
-0.146491,3.85405,3.8806
-0.0970362,2.90341,5.82606
-0.0913548,2.72233,6.20599
-0.0174791,2.10991,1.90446
-0.0026858,3.85599,5.28281
r_S,2
NLambdas_Sized_1,1
NLambdas_Sized_2,2
Lambda0,2,
Lambda1,12,
Lambda2,23,
Lambda3,34,
Lambda4,42,
Lambda5,43,
Lambda6,44,
Lambda7,45,
Lambda8,77,
Lambda9,79,
Lambda10,80,
Lambda11,81,
Lambda12,88,
Lambda13,99,
Lambda14,102,
Lambda15,111,
Lambda16,113,
Lambda17,127,
Lambda18,128,
Lambda19,148,
Lambda20,150,
Lambda21,151,114,89
Lambda22,152,
Lambda23,154,
Lambda24,168,
Lambda25,170,
Lambda26,180,
Lambda27,185,
Lambda28,189,101,59
Lambda29,192,
Lambda30,193,63