Storage option,sets
Size,203
Dimension,3
Shape,cylinder
Spacetime,BlackHole
Past sets, 











4,
2,



2,

3,5,6,
2,

2,
7,
7,15,

5,
1,4,
4,5,
15,20,7,23,
8,
16,19,2,21,
9,10,
12,16,19,2,21,7,22,
11,5,4,1,27,
22,7,21,2,16,12,19,32,
9,10,
0,
22,24,23,7,20,15,28,
12,22,23,7,20,2,15,28,
11,6,3,25,18,5,4,1,27,
7,12,21,2,19,16,30,
5,11,4,1,13,26,
17,6,3,18,5,25,
9,15,20,7,23,24,
16,19,2,21,
27,1,4,5,18,25,3,6,11,39,
25,5,18,6,17,3,42,
17,6,3,5,18,
12,30,21,2,19,16,44,
0,8,
33,39,11,3,25,18,5,4,1,27,6,45,
21,24,37,28,15,2,20,7,23,22,12,38,
3,6,17,10,9,35,
15,20,24,10,9,31,
23,30,32,19,12,16,15,2,7,22,21,34,
5,11,4,14,1,13,26,
22,30,16,32,19,2,21,12,7,40,
22,30,16,32,19,2,21,12,7,40,
24,37,28,15,2,20,7,23,9,22,12,38,
12,37,24,10,23,7,20,2,28,15,22,9,43,
5,31,35,9,10,17,6,3,52,
5,18,35,9,10,17,6,3,52,
52,3,6,17,10,31,18,5,9,35,61,
32,19,16,34,12,38,21,24,37,28,15,2,20,7,23,51,22,
30,32,19,16,34,12,38,21,24,37,28,15,2,20,7,23,51,22,
20,28,40,54,15,2,23,30,32,19,12,16,7,22,21,34,
22,51,23,7,20,2,64,12,38,30,32,19,16,34,21,24,37,28,15,
38,34,21,22,7,65,20,28,54,15,2,40,23,30,32,19,12,16,
20,34,15,23,28,57,22,30,56,16,32,19,2,54,21,12,7,40,
3,6,17,31,35,9,10,24,7,20,15,53,
15,28,24,21,63,34,16,37,66,22,51,64,12,9,38,23,7,20,2,30,32,19,
7,40,44,16,19,2,21,30,12,48,
32,71,7,40,44,57,16,2,21,30,12,19,48,22,
43,58,19,32,30,2,20,7,23,38,9,12,70,15,28,24,21,63,34,16,37,66,22,51,64,
9,27,4,6,3,42,5,47,18,17,46,25,10,39,11,1,
22,48,12,30,21,2,16,44,40,7,32,19,71,
1,11,4,27,52,3,42,10,9,6,35,5,47,18,17,46,25,
40,54,19,32,30,2,20,7,23,38,9,12,70,15,28,24,21,63,34,16,37,66,22,51,64,
34,56,22,72,7,32,71,48,19,40,44,57,16,2,21,30,12,
41,45,6,27,18,3,5,11,50,14,1,13,55,26,39,4,33,25,
16,21,58,43,59,7,20,12,37,53,24,10,23,31,2,28,15,51,22,38,9,
9,10,39,11,33,4,6,45,3,42,5,47,18,17,46,25,27,1,
43,58,64,51,22,66,37,16,34,63,21,24,28,15,70,12,40,54,2,77,19,32,30,20,7,23,38,9,
8,41,45,6,27,18,3,5,11,50,14,1,13,55,26,39,4,33,25,
18,43,23,52,5,69,17,3,60,31,6,35,9,10,7,20,15,24,53,
20,34,23,54,56,22,72,7,32,71,48,19,40,15,44,28,57,16,2,21,30,12,
65,67,56,57,73,21,34,63,16,24,37,22,51,64,58,43,28,15,70,12,40,54,2,77,19,32,30,20,66,7,82,23,38,68,9,
32,19,34,35,9,38,15,28,2,31,23,22,51,80,16,21,58,43,59,7,20,12,37,24,53,10,
33,4,39,26,55,13,25,83,18,5,8,41,45,6,27,14,1,3,11,79,50,
18,43,22,28,37,12,59,23,52,5,69,17,3,2,60,31,6,35,38,9,10,7,20,15,24,53,
26,50,1,27,25,46,17,81,3,42,9,10,39,11,33,4,35,6,74,45,5,18,47,
24,60,31,25,46,17,18,47,76,11,1,27,62,4,52,61,3,42,39,10,9,35,6,5,
50,60,31,1,27,25,46,17,52,81,61,3,42,9,10,39,11,62,33,4,35,6,74,45,5,76,18,47,
17,46,25,33,4,39,26,55,27,14,1,41,45,6,18,5,3,11,79,50,42,13,
35,64,10,53,24,37,12,70,20,66,7,59,30,43,58,16,21,80,51,22,23,31,2,28,15,73,38,9,19,32,63,34,
10,44,48,9,68,38,23,82,7,66,22,51,16,37,24,63,34,57,86,28,56,67,65,21,73,15,64,58,43,70,12,40,54,2,77,19,32,30,20,
31,53,10,59,9,38,23,20,30,32,19,77,2,54,40,12,70,15,73,28,24,21,63,34,16,37,7,66,22,51,64,43,58,
44,31,53,10,59,9,68,38,23,82,7,66,22,51,16,37,24,63,34,57,86,28,56,67,65,21,73,15,64,58,43,70,12,40,54,2,77,19,32,30,20,
35,58,43,64,51,22,19,77,32,30,59,38,9,20,23,10,53,24,31,2,54,40,12,70,15,73,28,80,21,63,34,16,96,37,66,7,
31,53,56,57,10,59,65,67,73,21,34,63,16,24,37,22,51,64,58,43,28,15,70,12,40,54,2,77,19,32,30,20,66,7,82,23,38,9,
40,54,34,63,32,19,59,30,20,70,12,37,7,66,24,53,10,64,94,35,43,58,16,21,80,51,22,23,31,2,87,28,15,73,38,9,
31,53,56,57,10,59,65,67,73,21,34,63,16,24,37,22,51,64,58,43,28,15,70,12,40,54,2,77,19,32,30,20,66,7,82,23,38,9,
32,19,53,24,37,12,20,7,59,43,58,16,21,80,51,22,23,52,31,2,28,15,38,9,10,69,3,6,35,17,34,
24,61,81,52,46,25,31,50,27,60,1,5,42,9,10,39,11,3,62,92,33,4,35,6,74,45,17,76,18,47,
68,75,12,30,21,2,16,57,28,44,15,40,78,20,72,65,7,34,23,54,85,56,22,32,71,48,19,
42,46,35,6,60,31,2,61,52,23,17,43,5,18,47,25,84,9,69,10,7,20,15,24,53,3,62,59,12,37,28,22,
65,67,38,68,9,64,51,48,32,22,56,85,54,23,34,63,66,7,72,20,19,78,40,15,44,28,57,2,21,30,71,12,70,16,75,24,37,
84,60,5,18,89,34,17,35,16,59,7,20,12,53,24,58,19,32,3,37,43,102,15,21,80,51,22,23,52,31,61,2,28,38,9,10,69,6,
17,46,50,79,11,3,14,27,6,45,1,88,33,4,39,42,13,26,55,25,83,18,5,8,41,
38,42,35,6,60,31,2,61,52,23,17,43,5,18,47,25,84,9,69,10,7,20,15,24,53,3,62,59,12,37,28,22,
3,6,17,9,38,73,15,28,87,2,31,12,70,30,59,20,19,32,37,63,34,54,40,100,66,7,24,53,10,64,94,35,43,58,16,21,80,51,22,23,
47,21,51,58,52,23,59,12,28,22,17,43,5,18,37,89,61,2,60,31,6,35,38,9,69,10,7,20,15,24,53,25,84,3,62,
46,17,25,33,4,10,39,26,55,27,14,1,41,45,6,47,18,5,3,11,79,50,42,13,
19,32,51,58,16,52,23,59,12,28,22,21,80,17,43,5,18,37,89,61,2,60,31,62,3,6,35,38,9,69,10,7,20,15,24,53,84,
10,44,48,72,85,9,68,38,23,82,7,66,22,51,16,37,24,63,34,57,86,28,56,67,65,21,73,15,64,58,43,70,71,12,40,54,2,77,19,32,30,20,
31,59,20,30,32,19,77,2,54,40,12,70,43,95,37,66,7,65,51,22,38,67,9,68,10,48,44,73,15,23,82,24,16,63,34,57,86,28,56,21,64,58,
26,47,18,31,60,1,27,5,46,52,81,61,50,24,25,103,74,45,42,9,10,39,11,3,62,92,33,4,35,6,17,76,
48,95,86,44,68,9,97,38,23,82,7,66,20,30,32,19,63,34,67,65,59,10,56,53,24,57,28,31,2,21,73,15,70,12,16,37,22,51,64,58,43,99,40,54,77,
72,53,58,64,21,28,86,57,34,63,16,24,82,23,15,40,54,2,31,71,12,70,77,19,48,32,30,59,20,56,115,43,95,37,66,7,65,51,22,97,38,67,9,68,10,44,73,
47,63,34,107,25,84,53,24,15,20,7,10,69,9,87,28,59,23,52,16,12,51,22,21,80,58,32,19,113,17,102,43,5,18,37,89,61,2,60,31,3,62,6,35,38,
73,77,58,43,37,24,75,16,70,12,71,30,21,85,56,32,22,51,48,106,38,67,9,68,64,65,54,82,23,34,63,7,66,72,20,19,78,40,15,44,28,57,2,
41,8,5,47,18,83,25,55,26,13,42,10,39,4,33,17,46,11,108,50,79,14,27,3,93,6,45,1,88,
48,86,44,98,77,67,57,56,101,82,23,22,80,21,16,58,43,35,94,64,69,10,31,2,15,73,12,70,97,38,68,9,28,87,17,3,32,65,6,51,110,30,59,20,19,96,37,63,34,54,99,40,100,66,7,24,53,
35,98,101,77,54,40,99,43,64,51,22,96,37,16,71,12,70,15,73,80,21,2,95,66,7,65,67,38,97,9,68,10,44,86,57,28,23,82,53,24,48,19,58,117,30,59,20,32,63,34,115,56,31,
4,27,34,46,105,42,109,47,25,84,53,24,15,20,7,10,69,9,28,59,23,111,52,16,12,51,22,21,80,58,32,19,113,17,102,43,5,18,37,89,61,2,60,31,3,62,6,35,38,
24,38,40,44,15,57,28,2,21,30,104,75,16,68,20,72,65,7,34,23,54,85,56,22,32,12,71,48,78,19,67,
85,101,73,44,10,68,9,67,38,97,22,51,65,7,66,37,95,43,115,56,20,16,24,53,63,34,57,28,86,21,64,117,58,72,2,31,82,23,15,99,40,54,71,12,70,77,19,48,32,30,118,59,
72,31,56,115,34,63,32,20,59,30,117,58,19,48,24,53,82,23,28,57,86,44,10,68,9,67,97,38,43,101,70,99,40,98,54,51,22,94,35,77,64,123,65,96,37,95,7,66,16,12,71,15,73,80,21,2,
101,106,85,114,73,44,10,68,9,67,38,97,22,51,65,7,66,37,95,43,115,56,20,75,16,24,53,63,34,57,28,86,21,64,117,58,72,2,31,82,23,15,99,40,54,71,12,70,77,78,19,48,32,30,118,59,
68,96,98,53,24,7,66,100,40,99,54,34,63,37,19,20,59,30,89,110,51,6,65,32,3,17,87,28,9,38,70,12,73,15,2,61,31,10,69,64,5,94,35,43,102,58,16,21,80,22,23,82,107,84,60,18,77,52,101,56,57,67,
38,19,48,71,32,22,56,85,54,23,34,7,65,72,20,78,68,16,104,75,12,30,21,2,28,57,15,44,40,
75,78,34,63,53,24,16,20,28,57,115,56,95,37,96,66,7,65,85,43,101,73,44,9,68,67,126,38,97,22,51,10,86,21,80,64,123,117,58,72,2,31,82,23,15,99,40,54,71,12,70,77,19,48,32,30,118,59,35,98,114,
48,61,84,60,5,18,53,24,7,66,100,40,99,54,34,63,37,96,19,20,59,30,89,110,51,6,65,32,3,17,87,28,9,68,38,97,70,12,73,15,2,31,10,69,64,94,35,43,102,58,16,21,80,22,23,82,52,101,56,57,67,77,98,44,86,
73,77,58,43,104,37,24,75,16,70,12,71,30,21,85,56,32,22,51,48,106,38,67,9,68,64,65,54,82,23,34,63,7,66,72,20,19,78,40,15,44,28,57,2,
70,73,46,105,42,109,38,35,6,62,3,31,2,61,30,89,37,18,64,5,43,102,17,113,66,7,20,107,53,24,84,25,63,34,47,15,60,119,32,10,69,9,58,87,28,59,23,111,52,16,12,51,22,80,21,19,
24,67,40,34,23,54,7,65,85,56,22,48,32,38,72,20,19,78,68,104,16,75,71,130,12,30,21,2,28,57,15,44,
29,41,8,5,18,83,25,55,26,13,42,39,4,33,17,46,11,108,50,79,14,27,3,93,6,45,1,88,
33,45,16,39,4,27,11,91,46,105,42,109,62,3,84,25,53,24,74,15,43,76,17,22,51,28,23,58,12,80,21,47,18,59,52,111,5,37,89,1,60,31,2,61,6,35,38,9,69,10,7,20,
8,29,41,45,6,27,18,3,5,11,50,14,1,13,55,26,39,4,33,25,
31,59,95,104,86,10,114,57,28,44,15,40,78,19,20,72,66,7,63,34,70,24,23,82,37,30,43,12,71,58,77,48,106,73,75,16,2,120,21,85,56,32,22,51,38,67,9,68,64,65,54,
95,122,107,86,44,98,77,67,57,56,6,65,51,110,30,89,59,20,96,37,54,99,40,73,19,48,32,61,129,2,100,84,60,63,34,132,5,64,18,66,7,53,24,3,17,87,28,9,68,38,97,70,12,15,31,10,69,94,35,43,102,58,16,21,80,22,23,82,52,101,
26,58,89,91,45,4,33,92,11,39,27,103,46,105,81,22,28,37,12,43,76,17,23,52,1,60,31,6,35,2,61,42,38,9,50,109,5,18,47,25,84,69,10,7,20,74,15,24,53,3,62,59,
69,85,100,87,17,6,3,38,97,67,9,68,127,10,44,23,82,53,24,48,19,72,20,31,56,115,86,57,28,63,34,32,58,117,59,118,30,43,101,70,99,40,98,54,51,110,22,94,35,77,64,123,65,96,37,95,7,66,16,12,71,15,73,80,21,2,
2,57,28,44,40,78,19,20,72,125,66,7,63,34,23,82,70,104,15,133,24,37,43,12,71,58,77,48,106,73,75,16,30,21,85,56,32,22,51,38,67,9,68,64,65,54,
94,127,106,128,114,98,35,126,67,68,9,101,43,65,7,66,38,97,96,37,95,44,73,131,72,75,16,34,63,53,24,78,19,20,115,56,28,57,85,22,51,10,86,21,80,64,123,117,58,2,31,82,23,15,99,40,54,71,12,70,77,48,32,30,118,59,
52,118,100,110,6,3,17,87,38,97,67,9,68,127,10,69,44,23,82,53,24,48,19,72,20,31,56,115,86,57,28,63,122,34,32,58,117,59,30,43,101,70,99,40,98,54,51,22,94,35,77,64,123,65,96,37,95,7,66,16,12,71,15,73,80,21,2,
26,58,89,91,45,4,33,92,11,39,27,103,46,105,81,22,28,37,12,43,76,17,23,52,1,60,31,6,35,2,61,42,38,9,50,109,5,18,47,25,84,69,10,7,20,74,15,24,53,3,62,59,
95,86,10,114,120,2,57,28,44,40,78,19,20,72,125,66,7,63,34,23,82,70,104,15,133,24,37,43,12,71,58,77,48,106,73,75,16,30,21,85,56,32,22,51,38,67,9,68,64,65,54,
104,114,10,95,31,86,53,59,118,57,28,44,15,99,40,78,19,20,72,66,7,63,34,70,24,23,82,37,30,43,12,71,58,77,48,106,73,75,16,2,120,21,85,115,56,32,22,51,97,38,67,9,68,64,65,54,
104,114,10,95,31,86,53,59,118,57,28,44,15,99,40,78,19,20,72,66,7,63,34,70,24,23,82,37,30,43,12,71,117,58,77,48,106,73,75,16,2,120,21,85,115,56,32,22,51,97,38,67,9,68,64,65,54,
53,54,65,64,68,9,67,97,38,51,22,32,115,56,85,120,2,16,75,73,106,48,77,58,40,15,44,28,86,57,114,10,104,95,37,118,59,30,31,21,139,20,78,19,72,43,66,7,63,34,70,71,12,24,23,82,
58,77,37,70,63,51,64,106,67,24,40,34,23,54,66,125,7,65,85,56,22,48,32,38,72,20,19,78,9,68,104,16,75,71,130,12,30,21,2,28,57,15,44,
33,45,30,64,74,21,80,12,16,52,111,23,59,28,87,9,69,10,7,20,15,124,6,46,105,4,63,27,34,47,42,22,51,109,25,84,53,24,58,32,91,19,113,17,76,102,43,5,18,37,89,61,2,60,119,1,31,3,62,35,38,107,11,39,
54,65,64,68,9,67,38,51,22,32,115,56,85,120,2,16,75,73,106,48,77,58,40,133,15,44,28,86,57,114,10,104,95,37,59,30,31,21,139,20,78,19,72,43,66,7,63,34,70,71,12,24,23,82,
33,45,30,64,74,21,80,12,16,52,111,23,59,28,87,9,69,10,7,20,15,124,6,46,105,4,63,27,34,47,42,22,51,109,25,84,53,24,58,32,91,19,113,17,76,102,43,5,18,37,89,61,2,60,119,1,31,3,62,35,38,107,11,39,
40,45,54,74,39,1,11,76,91,94,27,107,20,66,113,43,102,5,64,37,30,89,70,109,2,61,31,73,17,46,105,18,7,134,16,42,3,62,38,35,6,124,53,24,84,25,63,4,34,47,15,60,119,32,10,69,9,58,87,28,59,23,111,52,12,51,22,80,21,19,
46,105,42,109,111,62,113,25,47,119,122,107,86,44,98,77,67,57,56,6,65,51,110,30,89,59,20,96,37,54,99,40,73,19,48,32,61,129,2,100,84,60,63,34,132,5,64,18,66,7,53,24,3,17,87,28,9,68,38,97,70,12,15,31,10,69,94,35,43,102,58,16,21,80,22,23,82,52,101,
61,52,74,35,9,81,31,90,112,29,88,10,39,13,42,26,55,25,83,18,47,5,8,41,4,33,76,17,46,11,108,50,79,14,27,121,3,93,6,45,1,
81,39,11,107,38,35,62,27,63,4,105,46,124,6,15,74,20,137,10,69,9,87,28,7,34,33,111,52,59,30,89,64,5,12,21,80,45,16,23,47,42,22,51,109,152,25,84,53,24,58,32,91,19,113,17,76,102,43,18,37,61,2,60,119,1,31,3,
35,80,96,126,101,128,117,40,99,58,77,48,106,44,15,73,75,16,2,120,85,56,115,28,32,53,54,65,64,67,38,97,9,68,51,86,57,114,10,104,95,37,118,59,30,31,22,149,148,21,20,78,19,72,43,66,7,63,34,70,71,139,12,24,150,23,82,
63,37,64,51,44,15,57,28,48,135,22,56,85,65,66,125,7,23,34,40,54,67,38,24,32,72,20,19,78,68,104,75,16,130,71,12,30,21,2,
58,77,37,70,63,51,64,106,44,15,57,28,48,135,22,56,85,65,66,125,7,23,34,40,54,67,38,24,32,72,20,19,78,9,68,104,75,16,130,71,12,30,21,2,
59,143,54,65,64,68,9,67,38,51,22,32,56,85,21,30,16,75,73,106,48,77,58,71,12,19,78,20,40,44,57,28,86,147,2,120,114,10,95,37,72,43,66,125,7,63,34,23,82,24,70,104,15,133,
3,6,87,100,123,80,131,96,101,126,35,98,128,127,94,17,144,23,82,34,63,7,66,72,19,78,20,40,99,70,31,104,114,10,37,95,15,44,24,53,118,59,57,86,28,30,43,139,12,71,117,58,77,48,106,73,75,16,2,120,148,21,85,115,56,32,149,22,51,97,38,67,9,68,64,65,54,
98,123,131,133,153,82,23,150,24,12,139,71,70,34,65,54,53,28,115,56,85,120,2,16,75,73,15,44,35,126,67,80,96,37,32,159,101,117,58,40,99,128,10,106,48,77,64,38,97,9,68,51,86,57,114,104,95,118,59,30,21,148,31,149,22,20,78,19,72,43,66,7,63,
74,35,9,61,81,52,90,31,112,88,10,39,13,42,26,55,25,24,83,18,47,5,8,41,4,92,33,76,17,46,11,108,50,79,14,27,62,121,3,93,6,45,60,1,
87,100,123,131,98,127,94,144,133,153,82,23,150,24,12,139,71,70,34,65,54,53,28,115,56,85,120,2,16,75,73,15,44,35,126,67,80,96,37,32,159,101,117,58,40,99,128,10,106,48,77,64,38,97,9,68,51,86,57,114,104,95,118,59,30,21,148,31,149,22,20,78,19,72,43,66,7,63,
70,106,2,21,30,12,71,130,16,75,104,9,68,22,51,48,135,78,19,28,57,15,44,160,64,37,63,34,56,85,65,66,7,125,67,38,23,40,54,24,32,72,20,
130,118,97,53,78,19,71,58,77,48,106,73,75,21,12,139,162,44,32,30,59,85,56,115,16,143,65,54,64,68,9,67,38,51,22,40,57,28,86,20,147,2,120,114,10,95,37,72,43,66,125,7,63,34,150,23,82,24,70,104,15,133,153,31,
59,143,73,114,10,86,95,147,151,120,2,21,30,12,71,130,16,75,104,68,9,78,19,20,72,32,28,57,133,15,44,106,77,48,135,63,34,37,64,51,22,58,70,43,161,56,85,65,66,7,125,67,38,82,23,40,54,24,
73,151,77,58,43,161,20,72,32,24,54,40,82,23,38,67,125,7,66,65,85,56,104,75,16,130,71,12,70,30,21,2,106,48,135,167,22,51,9,68,19,78,28,57,15,44,160,64,37,63,34,
77,20,72,32,24,54,40,23,38,67,125,7,66,65,85,56,104,75,16,130,71,12,70,30,21,2,106,48,135,167,22,51,9,68,19,78,28,57,15,44,160,64,37,63,34,
71,123,117,115,72,127,95,140,101,52,82,23,22,80,21,16,58,102,43,35,94,69,10,31,15,12,70,97,38,89,30,59,110,51,65,6,56,96,37,67,77,18,44,57,86,98,156,46,105,111,42,20,107,48,109,122,63,62,3,113,54,25,84,47,119,60,99,40,73,19,32,61,2,129,100,34,132,5,64,66,134,7,53,24,17,87,28,9,68,
46,106,42,109,111,62,113,25,47,119,114,126,78,75,131,102,5,132,60,84,61,89,107,140,85,129,2,21,80,73,142,15,71,12,16,66,115,56,20,72,19,48,24,53,82,23,44,69,10,127,68,9,31,118,59,100,18,145,86,87,28,52,110,51,6,65,97,38,3,17,67,57,63,122,34,32,58,117,30,43,101,70,99,40,98,54,22,94,35,77,64,123,96,37,95,7,
1,11,115,117,27,4,124,95,140,101,52,82,23,22,80,21,16,58,102,43,35,94,69,10,31,15,12,70,97,38,89,30,59,110,51,65,6,56,96,37,67,77,18,44,57,86,98,156,46,105,111,42,20,107,48,109,122,63,62,3,113,54,25,84,47,119,60,99,40,73,19,32,61,2,129,100,34,132,5,64,66,134,7,53,24,17,87,28,9,68,
69,110,3,163,63,7,66,43,72,19,78,20,22,149,31,148,21,30,59,118,95,104,114,57,2,120,85,17,144,56,115,54,70,71,34,166,48,153,94,35,12,139,80,150,23,82,87,28,100,32,159,131,127,9,68,98,65,123,64,6,133,15,53,24,16,75,73,44,126,67,96,164,37,101,117,58,40,99,128,10,106,77,38,97,51,86,
55,13,14,41,91,28,37,12,59,53,79,20,7,43,23,76,17,6,35,2,61,22,81,52,105,46,27,5,90,31,1,60,18,47,26,116,50,24,84,25,103,15,74,45,42,9,69,10,39,11,3,62,92,33,4,
107,102,89,60,84,61,5,132,131,126,128,80,96,123,35,94,98,101,122,69,127,87,144,17,3,6,110,100,52,18,145,23,82,34,63,7,66,72,19,78,20,40,99,70,31,104,114,10,37,95,142,15,44,24,53,118,59,57,86,28,30,43,139,12,71,117,58,77,48,106,73,75,16,129,2,120,148,21,85,115,56,32,149,22,51,97,38,67,9,68,64,65,54,
31,115,153,160,162,32,19,78,9,68,104,75,72,130,71,139,12,169,51,30,59,73,57,28,86,21,16,143,114,10,95,120,2,20,147,133,15,44,106,77,48,135,63,37,64,22,58,70,43,34,161,56,85,65,66,7,125,67,38,82,23,40,54,151,24,
97,53,118,31,115,153,162,32,19,78,9,68,104,75,72,130,71,139,12,169,51,30,59,73,57,28,86,21,16,143,114,10,95,120,2,20,147,133,15,44,106,77,48,135,63,37,64,22,58,70,43,34,161,56,85,65,66,7,125,67,38,82,23,40,54,151,24,
122,125,86,51,97,38,77,106,10,128,99,40,58,117,101,37,164,96,67,126,44,73,75,16,24,53,142,15,133,6,64,57,85,114,144,17,104,163,80,2,120,118,59,31,149,22,30,21,148,110,19,78,69,3,7,66,43,72,131,63,95,147,20,56,115,54,70,71,139,12,34,166,175,48,153,94,35,150,23,82,87,28,100,32,159,127,9,68,98,65,123,
58,34,63,37,64,160,44,15,57,28,78,19,68,9,51,22,167,135,38,67,23,40,24,32,65,72,20,77,106,48,54,171,125,7,66,85,56,104,75,16,130,71,12,70,30,21,2,
28,8,7,23,43,91,93,13,20,79,41,14,55,53,112,76,17,6,35,61,22,81,52,46,27,5,90,31,1,60,18,47,26,116,50,83,24,84,25,103,15,74,45,42,9,69,10,39,11,3,62,92,33,4,
90,96,98,99,82,77,67,65,57,56,101,100,110,116,141,50,103,92,26,73,70,66,94,54,40,3,1,119,60,2,61,37,18,111,52,134,7,155,28,87,146,19,74,15,124,6,31,158,81,22,20,107,137,10,69,39,11,34,63,4,9,38,35,154,27,105,46,33,62,59,30,89,64,5,12,21,80,45,16,23,47,42,51,109,152,25,84,53,24,58,32,91,113,17,76,102,43,
60,1,45,6,93,62,3,121,27,14,79,50,108,11,46,10,112,25,83,61,90,31,88,29,81,52,9,35,74,39,157,41,13,42,26,55,18,47,5,8,4,33,76,17,
52,145,123,65,98,68,9,127,159,32,100,28,87,82,23,150,35,94,153,48,175,166,34,12,139,71,70,54,115,56,20,147,95,63,131,24,143,16,75,142,15,73,44,96,101,117,58,53,180,3,122,86,128,10,69,99,40,51,110,67,126,125,7,66,38,97,37,164,77,106,133,6,64,57,85,114,144,17,104,163,80,2,120,118,59,31,149,22,30,21,148,19,78,43,72,
104,105,120,128,7,95,37,96,123,64,77,35,94,22,54,98,40,99,70,101,43,30,117,58,32,34,122,63,57,67,144,17,3,38,97,65,6,51,110,52,28,87,86,21,80,61,89,60,119,73,132,5,102,131,72,107,48,78,19,114,75,16,173,46,140,111,106,47,2,129,42,109,62,85,84,25,113,126,24,142,15,71,12,66,115,56,20,53,82,23,44,69,10,127,68,9,31,118,59,100,18,145,
95,140,50,103,92,26,141,101,82,94,70,97,68,66,100,48,73,40,99,54,96,110,65,56,57,67,77,98,44,86,122,156,3,1,119,60,129,2,61,37,18,111,52,134,7,155,28,87,19,74,15,124,6,31,158,81,22,20,107,137,10,69,39,11,34,63,4,9,38,35,154,27,105,46,33,62,59,30,89,64,132,5,12,21,80,45,16,23,47,42,51,109,152,25,84,53,24,58,32,91,113,17,76,102,43,
117,95,140,50,103,92,26,141,101,82,94,70,97,68,66,100,48,73,40,99,54,96,110,65,56,57,67,77,98,44,86,122,156,3,1,119,60,129,2,61,37,18,111,52,134,7,155,28,87,19,74,15,124,6,31,158,81,22,20,107,137,10,69,39,11,34,63,4,9,38,35,154,27,105,46,33,62,59,30,89,64,132,5,12,21,80,45,16,23,47,42,51,109,152,25,84,53,24,58,32,91,113,17,76,102,43,
101,117,99,168,160,24,151,54,167,40,150,23,82,38,67,125,148,21,73,59,118,30,178,51,169,139,12,71,130,72,179,120,2,153,75,104,162,171,44,32,19,78,53,31,86,28,57,115,56,9,68,97,16,143,114,10,95,20,147,133,15,106,77,48,135,63,37,64,149,22,58,70,170,43,161,34,85,65,66,7,
43,102,76,17,113,91,32,58,24,53,84,25,152,109,51,42,47,23,16,45,80,21,12,5,132,64,89,30,59,62,33,46,105,27,154,35,38,9,4,63,34,11,39,69,10,137,107,57,56,110,67,96,37,98,40,99,73,77,18,48,100,70,66,95,82,141,140,81,22,101,50,54,103,44,92,26,65,124,6,94,68,97,156,86,122,3,1,119,187,60,129,2,61,111,52,7,134,155,28,87,146,19,74,15,158,31,20,
13,41,56,65,67,82,90,96,77,98,100,110,116,14,141,50,103,92,26,73,70,66,94,54,40,3,1,119,60,2,61,37,18,111,52,134,7,155,28,87,146,19,74,15,124,6,31,158,81,22,20,107,137,10,69,39,11,34,63,4,9,38,35,154,27,105,46,33,62,59,30,89,64,5,12,21,80,45,16,23,47,42,51,109,152,25,84,53,24,58,32,91,113,17,76,102,43,
25,47,62,113,140,163,153,166,54,65,64,68,9,67,38,97,51,22,149,159,32,56,115,85,21,148,120,2,129,16,75,73,106,48,77,58,117,71,12,139,43,30,28,86,100,110,17,144,87,101,127,69,128,10,98,133,6,122,63,35,94,123,96,164,37,107,60,89,84,3,177,118,59,61,126,5,132,80,102,131,72,52,18,145,150,23,82,34,7,66,19,78,20,40,99,70,31,104,114,95,24,142,15,44,53,57,
160,24,151,54,167,40,23,82,38,67,125,21,73,59,118,30,178,51,169,139,12,71,130,72,179,120,2,153,75,104,162,171,44,32,19,78,53,31,86,28,57,115,56,9,68,97,16,143,114,10,95,20,147,133,15,106,77,48,135,63,37,64,22,58,70,170,43,161,34,85,65,66,7,
52,168,135,169,123,65,98,68,9,127,159,32,100,28,87,82,23,150,162,35,94,153,48,175,166,161,34,12,139,71,70,54,115,56,20,147,95,63,131,151,24,143,16,75,142,15,73,44,96,101,117,58,53,180,130,3,122,86,128,10,69,99,40,51,110,67,126,125,7,66,38,97,37,164,77,106,133,6,64,57,85,114,144,17,104,163,80,2,120,118,59,31,149,22,30,21,148,19,78,43,72,
52,145,168,135,169,123,65,98,68,9,127,159,32,100,28,87,82,23,150,162,35,94,153,48,175,166,161,34,12,139,71,70,54,115,56,20,147,95,63,131,151,24,143,16,75,142,15,73,44,96,101,117,58,53,180,130,3,122,86,128,10,69,99,40,51,110,67,126,125,7,66,38,97,37,164,77,106,133,6,64,57,85,114,144,17,104,163,80,2,120,118,59,31,149,22,30,21,148,19,78,43,72,
41,116,90,43,102,76,17,113,91,32,58,24,53,84,25,152,109,51,42,47,23,16,45,80,21,12,5,132,64,89,30,59,62,33,46,105,27,154,35,38,9,4,63,34,11,39,69,10,137,107,57,183,56,110,67,96,37,98,40,99,73,77,18,48,100,70,66,95,82,141,13,140,81,22,101,50,54,103,44,92,26,65,124,6,94,68,97,156,86,122,3,1,119,187,60,129,2,61,111,52,7,134,155,28,87,146,19,74,15,158,31,20,
92,50,103,76,91,33,74,39,81,45,172,123,118,127,72,71,85,75,78,126,114,106,68,9,155,28,87,17,24,53,7,134,66,64,5,132,34,100,129,2,61,32,19,73,40,99,60,119,84,152,25,54,113,3,62,70,11,12,158,31,137,10,69,94,35,142,15,102,43,16,21,80,22,140,58,117,47,174,115,56,154,27,86,128,1,23,82,52,111,131,4,122,63,95,124,65,6,101,42,97,38,156,89,30,59,110,51,96,37,67,77,145,18,44,57,98,173,46,105,20,107,48,109,
115,31,162,133,120,95,86,72,32,23,82,40,167,22,51,169,67,38,9,68,65,63,64,58,77,135,19,78,37,160,15,57,28,147,20,106,48,181,54,44,171,125,7,66,85,56,104,75,130,71,139,12,70,30,21,2,73,24,151,170,43,34,161,59,16,143,114,10,
105,125,119,111,109,42,46,173,57,53,44,15,142,24,95,114,104,31,70,99,40,147,20,78,19,66,7,34,82,23,150,145,18,52,72,131,102,80,132,5,126,61,59,118,177,3,84,89,60,107,37,164,96,123,94,35,63,120,115,56,85,30,32,159,100,140,51,110,38,97,67,9,68,127,22,149,62,153,148,21,166,175,48,64,113,54,47,106,163,25,192,65,133,6,2,129,16,75,73,77,58,117,71,139,12,43,28,87,86,144,17,101,69,128,10,98,122,
93,107,112,102,113,32,34,124,111,21,80,51,16,109,38,5,27,22,81,61,2,35,6,46,105,17,76,52,23,7,176,58,59,20,79,55,13,91,43,141,14,53,28,19,146,37,41,12,90,31,1,60,18,47,26,116,50,24,84,25,103,15,74,45,42,9,69,137,10,39,11,3,62,92,33,4,89,
20,31,158,15,74,19,146,87,28,155,134,7,52,111,61,2,129,60,187,119,1,3,122,86,156,97,68,94,6,124,65,26,92,44,103,54,50,101,22,81,140,13,14,141,82,95,66,70,100,48,18,77,73,99,40,64,21,80,5,132,45,16,23,42,34,152,25,84,51,110,109,12,41,43,102,17,76,47,53,24,113,91,32,90,116,57,58,89,30,59,62,33,46,105,27,154,35,38,9,4,63,11,39,98,196,69,137,10,107,183,56,67,96,37,
11,27,124,153,163,156,172,177,145,18,100,118,31,9,68,127,10,69,44,150,23,82,53,20,56,115,66,139,12,71,15,142,24,126,113,25,84,85,62,109,42,129,2,47,106,111,140,46,173,16,75,114,19,63,122,34,159,32,58,117,30,89,43,102,101,40,99,98,54,149,22,104,105,120,61,70,59,186,1,128,95,37,96,94,35,134,7,123,64,77,57,67,144,17,3,38,97,65,133,6,51,110,52,28,87,86,148,21,80,60,119,73,5,132,4,131,72,107,48,78,
Future sets, 
49,36,
202,174,76,155,45,74,91,50,103,81,158,154,92,33,152,93,184,165,136,88,146,183,90,116,190,187,188,26,55,121,191,41,39,157,137,196,176,200,141,112,201,83,182,197,138,79,108,
21,19,44,30,16,176,80,95,153,66,193,114,173,99,135,194,67,58,185,126,123,113,172,149,178,51,57,166,140,199,72,56,183,148,118,177,197,70,168,96,68,195,85,120,179,75,202,162,143,170,164,105,77,12,139,110,169,82,128,187,129,188,100,159,32,98,147,115,174,198,71,167,40,144,86,145,122,54,181,180,63,190,131,158,152,124,132,102,34,161,154,87,94,107,78,196,73,200,134,119,65,192,133,191,64,151,125,106,171,201,142,160,101,189,130,163,104,150,186,59,127,117,175,48,97,156,155,38,109,89,141,146,111,137,
163,110,142,122,180,175,194,102,195,185,52,61,188,111,119,46,173,105,202,186,152,93,124,183,154,191,132,199,81,140,69,196,137,109,138,79,197,108,145,18,136,89,60,187,158,129,50,177,90,91,62,121,84,113,107,88,146,165,39,157,184,92,192,190,103,155,116,176,74,201,83,112,182,141,200,42,76,134,156,47,174,172,45,
27,26,92,33,200,141,182,112,83,201,176,157,39,108,79,197,138,50,91,165,136,74,45,103,190,155,184,41,146,88,55,174,116,202,76,188,11,93,152,121,90,124,183,154,191,81,158,187,137,196,
41,33,61,188,111,119,46,173,105,202,186,25,152,93,124,183,27,154,191,132,199,81,140,196,137,109,138,79,197,108,18,136,89,60,187,158,129,50,177,90,91,62,121,84,113,107,88,146,165,39,157,184,92,192,190,103,155,116,176,74,201,83,112,55,182,141,200,42,76,134,156,47,174,172,45,
163,110,142,122,180,175,194,102,195,185,52,61,188,111,119,46,173,105,202,186,152,93,124,183,154,191,132,199,81,140,69,196,137,109,138,79,197,108,145,18,136,89,60,187,158,129,50,177,90,91,62,121,84,113,107,88,146,165,39,157,184,92,192,190,103,155,116,176,74,201,83,112,182,141,200,42,76,134,156,47,174,172,45,
69,71,40,28,43,84,23,170,180,63,190,131,158,152,34,161,102,154,94,107,134,119,124,65,192,133,132,73,200,191,64,151,125,106,171,105,109,80,22,149,89,141,87,146,175,176,117,59,186,111,78,196,137,155,182,97,38,156,127,150,163,104,130,189,101,160,142,201,181,54,122,145,86,144,167,139,198,174,115,95,153,135,37,164,66,193,114,173,99,126,194,67,58,185,123,113,172,51,178,57,166,140,199,72,56,183,148,118,177,147,82,98,85,32,159,100,188,129,128,187,162,169,110,168,70,197,77,195,68,96,120,179,143,75,202,
165,121,108,182,83,88,49,136,138,157,184,29,
81,77,171,106,167,151,161,181,169,143,133,120,114,86,147,95,82,170,43,76,90,162,35,124,183,123,182,111,173,122,180,53,194,102,195,145,175,140,199,129,61,188,70,197,131,190,142,74,201,109,168,110,149,117,150,52,179,189,62,187,60,128,141,73,200,191,132,137,113,172,80,139,198,196,69,98,157,152,94,153,163,159,100,158,31,92,165,144,115,174,178,119,91,103,116,184,59,186,127,176,84,202,192,134,193,105,164,87,146,166,107,154,96,155,177,118,148,89,101,97,156,126,58,185,99,
121,114,112,147,95,81,169,76,90,162,35,124,183,123,182,111,173,122,180,53,194,102,195,145,175,140,199,129,61,188,197,131,190,142,74,201,109,168,110,149,117,150,52,179,189,62,187,60,128,141,200,191,132,137,113,172,80,139,198,196,69,98,157,152,94,153,163,159,100,158,31,92,165,144,115,174,178,119,91,103,116,184,59,186,127,176,84,202,192,134,193,105,164,87,146,166,107,154,96,155,177,118,148,89,101,97,156,126,185,99,
202,174,76,55,41,155,45,74,91,146,165,136,184,93,152,121,116,90,103,190,183,154,191,88,81,158,187,196,137,50,138,197,79,108,188,39,157,176,201,83,112,182,141,200,33,92,
105,170,202,75,143,179,120,96,68,195,77,197,70,168,110,169,162,187,128,129,188,100,159,32,85,98,82,147,177,118,148,183,56,72,199,140,166,57,178,51,149,172,113,123,185,58,67,194,126,99,173,114,193,66,164,135,153,95,115,174,198,71,139,167,40,144,86,145,122,54,181,180,63,190,131,158,152,124,132,102,34,161,154,87,94,107,78,196,73,200,134,119,65,192,133,191,64,151,125,106,171,201,142,160,101,189,130,163,104,150,186,59,127,117,175,48,97,156,155,38,109,89,141,146,111,137,80,176,
88,165,136,184,93,121,201,191,41,157,196,138,176,112,83,55,200,182,79,108,
201,191,88,165,136,138,157,176,112,83,55,200,182,79,108,121,93,184,
179,98,133,192,65,183,124,100,159,101,137,69,196,107,102,178,51,169,110,80,139,198,145,86,73,200,148,174,115,175,117,59,186,154,125,135,85,130,182,87,28,155,143,202,114,173,127,104,163,168,156,38,97,131,190,63,181,54,122,53,180,149,166,129,188,126,67,194,144,119,177,118,147,152,160,189,95,150,23,141,82,120,201,142,172,113,84,162,132,111,170,43,161,158,99,187,128,191,64,123,153,94,106,77,195,68,185,58,176,146,109,167,89,105,164,37,96,134,193,66,151,199,140,171,70,197,
137,80,119,107,87,102,124,113,56,183,142,201,170,160,101,123,199,72,140,166,164,185,126,67,194,135,153,85,144,143,202,75,193,66,114,173,180,98,99,40,167,147,177,118,95,82,169,110,168,197,70,77,96,155,156,172,195,68,186,127,120,179,133,188,129,130,189,30,148,134,200,73,132,86,145,122,54,181,151,192,65,94,152,158,106,125,154,34,161,187,128,71,198,139,149,178,44,171,78,196,174,115,131,63,190,191,64,163,104,150,117,48,175,57,32,159,100,162,97,
163,110,142,122,180,175,177,129,89,140,107,84,132,113,200,141,112,172,116,156,176,191,136,195,165,174,47,42,146,91,134,76,194,121,62,92,186,157,154,183,124,109,69,196,137,155,184,108,202,105,173,46,190,103,201,74,192,90,60,187,158,197,199,81,93,152,182,119,111,52,185,145,102,188,61,
89,84,132,129,62,113,140,107,90,187,158,197,79,138,81,199,191,108,177,50,109,137,196,154,183,124,91,152,93,88,146,165,136,39,157,184,121,92,192,190,103,155,116,176,74,201,83,112,182,141,200,42,76,134,156,47,174,45,172,186,202,105,173,46,119,111,188,61,
119,107,87,102,124,113,56,183,142,201,170,160,101,123,199,72,140,166,164,185,126,67,194,135,153,85,144,143,202,75,193,66,114,173,180,98,99,40,167,147,177,118,95,82,169,110,168,197,70,77,96,155,156,172,195,68,186,127,120,179,133,188,129,130,189,30,148,134,200,73,132,86,145,122,54,181,151,192,65,94,152,158,106,125,154,34,161,187,128,71,198,139,149,178,44,171,78,196,174,115,131,63,190,191,64,163,104,150,117,48,175,57,32,159,100,162,97,
84,120,113,172,111,43,170,187,128,191,64,132,95,189,160,152,147,118,177,119,162,99,158,144,194,67,201,142,153,94,106,195,68,77,126,185,58,146,109,167,176,89,164,37,105,193,66,134,96,123,151,141,82,199,140,171,161,197,70,188,129,166,149,53,180,122,181,63,190,131,97,38,156,168,163,104,127,173,114,202,143,155,28,87,182,130,85,150,135,125,154,186,59,117,175,115,174,148,200,73,86,145,198,139,80,110,169,51,178,102,107,69,196,137,101,159,100,124,183,65,192,133,98,179,
80,137,111,119,107,87,102,124,113,56,183,142,201,170,160,101,123,199,72,140,166,164,185,126,67,194,135,153,85,144,143,202,75,193,66,114,173,180,98,99,40,167,147,177,118,95,82,169,110,168,197,70,77,96,155,156,172,195,68,186,127,120,179,133,188,129,130,189,30,148,134,200,73,132,86,145,122,54,181,151,192,65,94,152,158,106,125,154,34,161,187,128,71,198,139,149,51,178,44,171,78,196,174,115,131,63,190,191,64,163,104,150,117,48,175,57,32,159,100,162,97,
182,38,80,137,111,146,141,109,176,105,89,155,156,97,175,117,127,59,186,150,104,163,130,189,101,160,142,201,171,106,125,151,64,191,133,192,65,119,134,200,73,196,78,107,94,87,154,161,34,102,132,124,152,158,131,190,63,180,181,54,122,145,86,144,167,139,198,174,115,95,153,135,37,164,66,193,114,173,99,126,194,67,58,185,123,113,172,149,51,178,57,166,140,199,72,56,183,148,118,177,147,82,98,85,32,159,100,188,129,128,187,162,169,110,168,70,197,77,195,68,96,120,179,143,75,202,170,
84,120,113,172,111,43,170,187,128,191,64,132,95,189,160,152,147,118,177,119,162,99,158,144,194,67,201,142,153,94,106,195,68,77,126,185,58,146,109,167,176,89,164,37,105,193,66,134,96,123,151,141,82,199,140,171,161,197,70,188,129,166,149,180,122,54,181,63,190,131,97,38,156,168,163,104,127,173,114,202,143,155,28,87,182,130,85,150,135,125,154,186,59,117,175,115,174,148,200,73,86,145,198,139,80,110,169,51,178,102,107,196,137,101,159,100,124,183,65,192,133,98,179,
165,135,125,116,103,91,84,182,154,150,175,117,127,186,59,163,168,156,97,131,190,63,181,122,53,180,143,202,149,173,114,115,174,148,200,73,86,145,87,198,139,80,110,169,51,178,102,107,69,196,137,101,159,100,192,133,124,183,98,179,166,129,188,70,197,161,171,140,199,82,141,151,123,96,155,134,66,193,105,37,164,89,176,167,109,146,58,185,126,77,195,106,94,153,142,201,194,144,158,99,162,119,177,118,147,152,160,189,95,132,64,191,128,187,43,170,111,172,113,120,
119,111,46,105,202,173,186,172,174,156,134,76,42,200,141,182,112,83,201,176,188,116,155,103,190,192,74,45,92,121,184,157,39,136,165,146,88,93,152,91,124,183,154,196,137,109,50,108,191,199,81,138,79,197,158,187,90,
188,187,190,116,183,90,146,88,165,136,184,93,121,201,191,41,157,196,138,176,141,112,83,55,200,182,79,108,
174,202,76,155,45,74,91,146,165,136,184,93,152,121,116,90,103,190,124,183,154,191,88,81,158,187,196,137,50,138,197,79,108,188,39,157,176,201,83,112,182,141,200,33,92,
182,85,104,135,125,130,38,154,150,175,117,127,186,59,163,168,156,97,131,190,63,181,122,180,143,202,149,173,114,115,174,148,200,73,86,145,87,198,139,80,110,169,51,178,102,107,196,137,101,159,100,65,192,133,124,183,98,179,166,129,188,70,197,161,171,140,199,82,141,151,123,96,155,134,66,193,105,37,164,89,176,167,109,146,58,185,126,77,68,195,106,94,153,142,201,67,194,144,158,99,162,119,177,118,147,152,160,189,95,132,64,191,128,187,170,111,172,113,120,
184,157,138,136,
134,94,73,152,158,154,145,86,151,125,161,106,189,130,172,188,129,192,65,133,179,120,127,186,68,195,122,54,181,187,128,148,198,71,139,149,178,171,78,174,115,131,190,132,64,191,163,104,150,196,117,48,175,57,159,100,162,97,156,155,96,77,70,197,168,110,169,82,95,118,177,147,167,40,99,98,180,173,114,66,193,75,202,143,144,85,153,135,194,67,126,185,164,166,140,72,199,123,101,160,170,201,142,183,56,
157,139,153,178,198,115,91,92,165,103,116,184,159,163,94,144,98,80,172,113,137,196,69,191,132,152,174,141,200,186,176,84,202,192,134,193,105,164,100,87,146,127,166,107,154,96,155,177,118,119,148,89,101,97,156,126,185,99,158,128,60,187,62,189,179,150,117,149,110,168,109,201,142,190,131,197,188,129,199,140,175,145,195,102,194,53,180,122,173,111,182,123,183,124,
113,57,166,140,72,199,123,149,178,67,194,185,126,99,56,183,193,66,164,135,153,95,173,114,115,174,198,139,148,118,177,147,82,98,85,159,100,188,129,128,187,162,169,110,168,197,70,195,68,77,96,120,179,172,143,75,202,170,167,144,86,145,122,54,181,180,63,190,131,158,152,124,132,102,34,161,154,87,94,107,78,196,73,200,134,119,65,192,133,191,64,151,125,106,171,201,142,160,101,189,130,163,104,150,186,127,117,175,97,156,155,
154,158,81,88,191,137,196,183,190,103,90,116,188,187,50,138,197,79,108,157,176,201,83,112,182,141,200,92,121,152,93,184,136,165,146,
107,124,102,87,78,200,73,134,94,119,152,154,158,131,63,190,180,145,86,144,122,167,170,202,143,172,179,120,192,65,133,132,64,191,151,125,161,106,171,201,142,160,101,189,130,163,104,150,186,127,196,117,175,181,54,97,156,155,96,77,68,195,70,197,168,110,169,162,187,128,129,188,100,159,85,98,82,147,177,118,148,139,198,174,115,114,173,95,153,135,164,66,193,183,99,126,185,194,67,178,149,123,199,140,166,
159,131,164,123,98,127,144,94,90,166,163,100,110,87,142,122,180,183,124,182,202,84,176,141,200,152,132,191,137,52,111,156,185,172,113,174,145,102,76,194,107,62,186,157,195,165,199,140,89,91,92,61,188,129,158,196,69,103,190,116,175,184,155,197,201,154,146,177,187,60,119,192,134,105,173,109,

89,105,176,109,141,146,58,185,126,96,155,106,134,193,66,164,123,151,82,171,167,161,197,70,140,199,166,77,195,94,153,142,201,194,144,158,129,188,162,119,177,118,147,152,160,189,95,132,64,191,128,187,99,170,111,172,113,120,179,98,183,124,133,192,100,159,101,137,196,107,102,178,51,169,110,80,139,198,87,145,86,73,200,148,174,115,114,173,149,202,143,180,122,181,63,190,131,97,156,168,163,59,186,127,117,175,150,154,
130,109,89,125,135,141,146,58,185,126,96,155,106,134,193,66,164,123,151,82,171,167,161,197,70,140,199,166,77,195,94,153,142,201,67,194,144,158,129,188,162,119,177,118,147,152,160,189,95,132,64,191,128,187,99,170,111,172,113,120,179,98,183,124,133,192,100,159,101,137,196,107,102,178,51,169,110,80,139,198,87,145,86,73,200,148,174,115,114,173,149,202,143,180,122,181,63,190,131,97,156,168,163,186,127,117,175,150,154,
91,74,146,165,136,184,93,152,121,92,190,103,45,183,154,196,137,50,108,191,88,81,138,79,197,158,187,90,155,116,188,157,176,201,83,112,182,141,200,
155,110,100,82,96,98,77,57,95,118,177,147,162,159,169,175,117,196,150,104,163,168,197,97,156,132,131,190,180,173,114,75,202,143,144,85,153,135,67,194,164,193,166,140,72,199,123,191,126,185,101,160,170,99,201,142,183,56,115,174,78,171,178,149,139,71,198,148,128,187,181,122,195,68,186,127,120,179,133,65,192,129,188,172,130,189,106,161,125,151,167,86,145,
201,191,196,138,157,176,83,112,182,200,79,108,121,93,184,136,165,88,
109,91,76,146,92,157,183,124,154,196,137,184,155,165,191,176,136,134,156,174,116,172,201,112,200,141,121,186,108,173,202,105,46,190,103,74,90,188,187,158,197,199,81,93,152,182,
182,84,82,95,147,86,114,120,133,143,170,111,89,180,122,194,195,166,107,197,110,175,127,174,145,146,87,152,96,155,100,159,187,129,188,137,196,148,193,134,150,179,189,97,156,126,185,117,176,186,59,118,177,162,168,109,139,198,80,149,178,119,153,94,101,169,115,163,105,164,128,99,158,154,183,124,191,132,190,131,102,98,173,202,144,123,201,142,172,113,140,199,73,200,141,192,
97,150,148,177,118,195,166,153,169,198,71,139,147,78,143,202,75,168,131,190,160,126,185,171,142,201,194,135,125,179,120,95,156,117,122,181,145,174,115,187,128,161,132,172,188,140,72,199,196,189,130,123,48,175,149,178,170,186,127,192,133,163,104,162,180,151,167,114,173,85,144,106,164,193,197,159,
155,154,158,81,88,191,137,196,183,190,103,90,116,188,187,50,138,197,79,108,157,176,201,83,112,182,141,200,92,121,152,93,184,136,165,146,
173,112,108,172,174,202,134,156,186,105,121,136,190,103,74,90,116,201,188,187,158,197,199,81,93,152,182,141,200,176,191,165,155,184,137,196,154,124,183,157,92,146,76,91,
121,119,112,111,173,109,172,174,202,134,156,186,105,190,103,192,74,90,116,201,188,187,158,197,199,81,152,182,141,200,176,191,165,155,184,137,196,154,124,183,157,92,146,76,91,
132,156,122,190,201,115,174,140,187,117,188,196,95,120,179,125,161,135,194,142,171,145,126,185,172,160,131,168,189,130,181,123,175,149,178,72,199,170,186,127,192,133,163,104,162,180,151,167,114,173,85,144,106,164,193,197,128,159,75,202,143,78,147,139,71,198,169,153,166,195,118,177,148,150,

187,188,197,116,103,190,183,138,196,191,201,90,157,176,141,83,112,182,200,79,108,92,121,93,184,136,165,146,88,
111,107,87,137,124,113,102,80,145,86,169,110,159,100,192,133,183,98,101,179,120,172,170,99,187,128,132,64,191,200,73,148,139,198,174,115,114,173,149,202,143,180,122,181,63,190,131,97,156,168,163,186,127,196,117,175,150,154,95,189,160,152,147,118,177,119,178,162,188,129,158,144,194,201,142,153,94,195,77,166,199,140,70,197,161,167,171,82,151,123,164,66,193,134,106,155,96,126,185,
185,195,145,102,194,76,62,157,61,172,113,137,196,191,132,152,174,141,200,186,176,84,202,124,183,182,156,107,165,199,140,111,89,91,92,188,129,158,187,103,190,116,184,155,197,201,154,146,177,60,119,192,134,105,173,109,
101,99,126,128,189,117,149,118,179,150,168,193,148,97,96,166,110,127,87,100,105,164,134,192,119,177,155,154,201,142,190,131,197,188,129,187,158,199,140,146,175,145,195,185,102,89,107,194,180,122,173,109,111,156,182,123,183,124,202,84,176,186,200,141,174,152,132,191,69,196,137,113,172,80,98,144,94,163,159,
155,110,100,85,82,96,98,77,177,147,162,159,129,188,169,175,117,196,127,186,150,163,189,168,197,97,156,187,128,148,139,198,174,115,114,173,118,95,153,135,164,193,130,104,183,99,126,185,194,67,178,149,123,199,140,68,195,166,101,160,142,201,171,106,161,125,151,191,132,133,65,192,120,179,172,143,202,170,167,181,122,144,86,145,180,190,131,
138,157,176,83,112,182,200,79,108,121,93,184,136,165,88,
191,101,183,99,85,78,171,170,126,185,149,178,123,199,140,166,193,164,153,142,201,194,135,144,202,143,173,114,115,174,139,198,148,128,187,181,122,195,68,186,127,120,179,133,192,129,188,172,130,189,106,161,160,125,151,167,86,145,180,190,131,132,156,97,197,168,163,104,150,196,117,175,169,159,162,147,177,118,95,
101,183,99,78,85,171,170,126,185,149,178,123,72,199,140,166,193,164,153,142,201,194,135,144,202,143,173,114,115,174,139,198,148,128,187,181,122,195,68,186,127,120,179,133,192,129,188,172,130,189,106,161,160,125,151,167,86,145,180,190,131,132,156,97,197,168,163,104,150,196,117,175,169,159,162,147,177,118,95,
181,161,151,146,141,111,82,107,87,152,158,119,137,154,124,113,102,80,155,126,185,149,178,123,199,140,166,195,193,164,94,153,142,201,194,144,202,143,173,114,115,174,198,139,148,200,73,191,132,128,187,99,170,134,172,120,179,101,98,183,96,133,192,100,159,110,169,86,145,180,122,190,131,156,97,197,168,189,163,150,186,127,196,117,175,188,129,162,147,177,118,95,
169,162,139,153,178,198,115,109,176,105,101,99,126,128,189,117,149,118,179,150,168,193,148,97,163,134,137,196,154,183,124,191,132,190,131,80,102,164,156,185,98,173,202,144,123,94,201,142,172,113,140,199,200,141,192,119,177,158,188,129,187,159,100,155,96,152,87,146,145,174,127,186,175,110,197,107,166,195,194,122,180,89,111,
184,116,103,165,92,91,89,140,199,107,129,188,158,187,197,190,201,154,146,155,177,119,192,134,105,173,109,111,156,182,183,124,202,84,176,186,200,141,174,152,132,191,196,137,113,172,
157,177,107,156,186,134,105,116,165,92,146,140,199,141,200,103,190,201,172,113,174,109,173,202,111,119,184,155,192,62,91,129,188,154,152,196,137,176,182,183,124,132,191,197,187,158,
184,192,119,111,173,109,113,172,174,202,190,103,188,201,154,152,155,196,137,176,182,183,124,91,191,197,187,158,200,141,199,146,92,165,116,105,134,186,156,
160,158,154,152,119,95,118,177,147,162,129,188,175,117,196,127,186,150,163,189,168,97,156,131,190,122,180,202,143,144,194,201,142,153,94,195,77,166,199,140,197,70,161,167,171,82,151,123,181,164,193,134,106,155,96,126,185,178,149,173,114,115,174,198,139,148,73,191,132,128,187,99,170,172,120,179,101,98,183,133,192,100,159,110,169,86,145,
154,158,152,145,86,169,110,159,100,192,133,183,98,101,179,120,172,170,99,187,128,132,191,73,148,139,198,174,194,201,142,143,202,144,180,122,181,190,131,97,156,168,163,150,186,127,196,189,160,95,118,177,147,162,188,129,175,117,153,94,195,77,166,199,140,70,197,161,167,171,82,151,123,164,66,193,134,106,155,96,126,185,178,149,173,114,115,
130,104,183,99,126,185,149,178,123,199,140,166,195,193,164,153,95,118,135,173,114,115,174,139,198,148,187,128,101,160,142,201,171,106,161,194,67,125,151,191,132,133,192,120,179,172,143,202,170,167,181,122,144,86,145,180,190,131,156,97,197,168,189,163,150,186,127,196,117,175,169,188,129,159,162,147,177,
160,95,118,177,147,162,129,188,175,117,196,127,186,150,163,189,168,97,156,131,190,122,180,202,143,144,194,201,142,153,94,195,77,166,199,140,197,70,161,167,171,82,151,123,181,164,193,134,106,155,96,126,185,178,149,173,114,115,174,198,139,148,73,191,132,128,187,99,170,172,120,179,101,98,183,133,192,100,159,110,169,86,145,
191,135,160,125,133,143,120,151,170,161,167,181,171,106,101,128,187,148,198,139,174,115,194,172,114,173,201,142,202,144,86,145,180,122,190,131,132,156,97,197,168,189,163,192,150,179,186,127,196,117,175,169,188,129,159,162,147,177,118,95,153,164,193,195,166,140,199,123,178,149,185,126,99,183,
129,120,106,143,133,130,135,160,125,161,167,151,181,128,187,148,198,139,174,115,194,172,114,173,201,142,202,144,86,145,180,122,190,131,132,156,97,197,168,189,163,104,192,150,179,186,127,196,117,175,169,188,159,162,147,177,118,95,153,164,193,195,166,140,199,123,178,149,185,126,170,171,
175,145,195,185,180,194,122,102,89,140,199,107,129,188,158,187,197,190,142,201,154,146,155,177,119,192,134,105,173,109,111,156,182,183,124,202,84,176,186,200,141,174,152,132,191,196,137,113,172,
167,106,82,151,161,171,181,77,155,126,185,149,178,123,199,140,166,195,193,164,94,153,142,201,194,144,202,143,173,114,115,174,198,139,148,73,191,132,128,187,99,170,134,172,120,179,101,98,183,96,133,192,100,159,110,169,86,145,180,122,190,131,156,97,197,168,189,163,150,186,127,196,117,175,188,129,162,147,177,118,95,
123,175,149,178,170,186,127,192,133,163,104,162,168,181,199,72,131,172,185,126,145,171,142,194,135,161,160,125,180,151,167,114,173,85,144,106,164,193,197,128,189,130,159,75,202,143,78,147,139,198,169,153,166,195,118,177,148,150,179,120,
172,145,142,126,185,194,135,160,125,161,167,151,180,181,168,171,104,163,127,186,170,199,178,149,175,162,133,192,114,173,85,144,106,164,193,197,128,131,189,130,159,202,143,78,147,139,198,169,153,166,195,118,177,148,150,179,120,
170,134,143,133,120,101,99,98,96,191,100,110,183,128,187,148,198,139,174,115,194,172,114,173,201,142,202,144,86,145,180,122,190,131,132,156,97,197,168,189,163,192,150,179,186,127,196,117,175,169,188,129,159,162,147,177,118,95,153,94,164,193,195,166,140,199,123,178,149,185,126,155,
152,137,141,158,187,188,197,116,103,190,90,201,182,200,176,191,165,155,184,196,154,183,157,92,146,
131,128,197,144,173,106,202,143,192,133,175,130,189,147,162,198,139,169,153,166,195,164,193,177,148,159,150,120,179,149,178,199,170,186,163,104,171,168,181,180,151,167,161,125,160,135,194,185,
157,116,165,92,146,141,158,187,197,191,91,182,176,137,184,155,152,154,183,196,201,188,200,103,190,
181,171,161,151,98,96,183,99,126,185,149,178,123,131,190,132,191,122,180,142,201,194,86,145,144,202,143,173,114,115,174,139,198,170,172,133,192,120,179,82,101,128,187,148,156,97,197,168,189,163,150,186,127,196,117,175,169,188,129,159,162,147,177,118,95,153,164,193,195,166,140,199,
131,128,197,144,173,106,202,143,192,133,175,130,189,147,162,198,139,169,153,166,195,164,193,177,148,159,150,120,179,149,178,199,170,186,163,104,171,168,181,180,151,167,161,125,160,135,194,185,
176,112,182,200,108,121,136,157,93,184,165,88,
200,102,164,123,98,144,94,140,199,113,172,201,142,185,156,131,190,132,191,202,173,124,183,154,137,196,134,163,192,119,177,158,188,129,187,159,100,155,152,87,145,174,127,186,175,110,197,107,166,195,194,122,180,
141,158,187,188,197,116,103,190,90,201,182,200,176,191,165,184,196,183,157,92,146,
191,170,143,133,120,101,128,187,148,198,139,174,115,194,172,114,173,201,142,202,144,86,145,180,122,190,131,132,156,97,197,168,189,163,192,150,179,186,127,196,117,175,169,188,129,159,162,147,177,118,95,153,164,193,195,166,140,199,123,178,149,185,126,99,183,
182,108,121,136,157,184,165,88,
182,111,109,173,192,119,177,155,154,146,156,183,124,176,134,105,186,202,141,200,174,152,132,191,137,196,113,172,201,190,197,187,158,188,129,107,199,140,
142,131,128,197,144,114,173,106,202,143,192,133,175,130,189,147,162,198,139,169,153,166,195,164,193,177,148,159,150,120,179,149,178,199,170,186,163,104,171,168,181,180,151,167,161,125,160,135,194,126,185,
122,132,156,97,197,168,131,190,189,192,163,179,150,142,201,194,144,202,114,173,115,174,180,198,139,172,148,128,187,186,127,196,117,175,169,188,159,162,147,177,118,95,153,164,193,195,166,140,199,123,178,149,145,185,126,
155,158,154,134,152,119,188,129,196,183,173,202,186,175,110,197,145,174,187,100,163,192,166,195,194,122,180,177,191,132,190,156,185,142,201,172,199,140,
165,184,157,136,121,108,
146,177,119,190,132,191,158,188,129,187,197,155,111,174,141,200,107,186,140,199,192,134,156,152,173,202,154,124,183,113,172,201,196,137,
201,182,200,176,191,165,184,196,183,157,
182,176,155,152,137,154,183,196,201,188,200,190,191,197,187,158,141,146,
165,146,190,103,116,197,191,201,188,196,183,182,200,187,176,141,
200,182,136,157,184,165,121,
155,144,188,129,196,183,173,202,127,186,175,110,197,145,174,187,100,163,192,166,195,194,122,180,177,191,132,190,156,185,142,201,172,199,140,
162,169,147,196,188,117,186,127,187,128,175,177,118,148,164,193,195,166,140,199,123,153,178,149,145,126,185,159,172,139,198,180,174,115,173,202,144,194,201,142,150,179,163,192,189,190,131,168,197,
159,142,201,175,131,190,164,123,156,185,98,172,188,129,187,192,163,166,195,132,191,196,183,177,180,122,194,145,174,127,186,140,199,197,173,202,144,
132,196,156,122,148,193,168,150,179,201,142,194,180,166,195,192,163,118,177,159,188,149,117,175,123,164,189,190,131,140,199,187,128,127,186,144,173,202,197,174,145,172,126,185,
183,191,132,163,166,129,188,196,192,172,185,156,195,177,180,122,194,187,145,174,127,186,140,199,197,173,202,144,123,164,190,131,175,201,142,
183,148,132,196,156,122,201,142,194,180,166,195,192,163,177,159,129,188,149,117,175,123,164,189,190,131,140,199,187,128,127,186,144,173,202,197,174,145,172,126,185,
166,163,174,145,197,110,186,173,202,187,183,175,194,122,180,177,191,132,190,195,156,185,142,201,172,199,140,192,196,129,188,
189,183,132,159,163,166,129,188,196,192,172,126,185,156,195,177,180,122,194,128,187,145,174,127,186,140,199,197,173,202,144,123,164,190,131,175,201,142,
124,201,172,196,183,154,202,173,152,156,134,192,199,186,107,200,174,140,155,197,187,129,158,191,132,190,119,177,188,
197,116,191,201,188,196,183,182,200,187,176,141,190,146,
186,149,148,163,150,159,177,164,166,153,195,199,170,171,168,181,180,151,167,161,125,160,178,193,194,135,179,185,169,139,198,162,147,189,130,175,133,192,143,202,
186,176,156,146,199,141,137,134,155,154,183,124,202,200,174,152,191,196,172,201,188,190,197,187,158,
173,171,181,167,161,170,151,144,197,128,168,180,166,195,194,175,162,199,147,186,185,149,178,169,139,198,159,148,177,153,120,179,150,189,143,202,133,192,163,164,193,
200,140,155,197,191,190,129,187,158,174,188,177,119,186,199,192,134,156,152,173,202,154,183,196,172,201,
136,157,184,165,121,
186,156,146,199,141,137,134,155,154,183,124,173,202,200,174,152,191,196,172,201,188,190,197,187,158,
191,183,175,142,202,173,197,199,186,174,145,129,187,194,122,180,177,132,190,195,156,185,201,172,140,192,196,188,
186,199,156,137,134,155,154,183,124,173,202,200,174,152,191,196,172,201,188,190,197,187,158,
200,182,165,184,157,
200,124,155,197,191,190,187,158,174,188,119,186,199,192,134,156,152,173,202,154,183,196,172,201,
149,148,162,169,166,195,194,199,186,128,175,185,159,177,164,193,197,168,180,144,202,173,192,163,131,189,139,198,178,153,179,150,147,
198,174,178,153,172,123,199,159,126,185,180,195,166,194,142,145,149,150,179,163,192,189,131,173,202,144,168,197,193,164,148,118,177,175,128,127,186,
191,201,196,183,182,200,176,
149,188,159,126,177,163,192,180,195,166,194,142,175,123,164,189,131,199,128,186,144,173,202,197,174,145,172,185,127,
179,150,149,145,142,166,195,180,194,185,126,159,163,192,189,131,173,202,144,168,197,193,164,148,177,175,128,186,199,
186,199,156,152,134,173,202,154,183,196,172,201,188,174,158,187,190,191,197,155,
186,162,147,185,175,199,194,195,166,180,168,139,149,178,169,198,159,148,177,153,179,150,189,202,192,163,164,193,
165,184,157,
194,180,177,156,185,195,140,192,190,196,188,172,201,187,145,174,186,199,197,173,202,
164,131,144,173,202,199,186,197,172,127,185,145,175,142,194,166,195,180,192,163,177,
202,200,152,191,196,201,188,174,190,197,187,158,183,154,155,
161,167,181,171,151,180,170,199,143,195,168,194,160,189,178,193,179,185,169,198,162,147,
159,163,192,131,197,164,177,175,186,199,202,144,173,185,194,180,195,166,
172,145,175,142,194,185,166,195,180,163,192,177,197,186,199,202,173,144,
197,164,159,177,175,186,199,185,194,180,195,166,144,202,192,163,
177,156,140,192,190,196,188,172,201,187,174,186,199,197,173,202,
168,151,195,179,161,178,170,169,198,160,189,171,181,194,135,193,167,
197,164,177,175,186,199,185,194,180,195,166,173,144,202,192,163,
177,156,140,192,190,196,188,172,201,187,174,186,199,197,173,202,
175,192,202,153,180,199,143,166,195,168,194,189,178,164,193,179,185,169,198,162,147,
202,172,183,196,201,188,174,187,190,191,197,155,
178,170,169,198,160,189,171,181,194,193,167,161,179,195,

183,196,201,188,200,187,190,191,197,158,

198,177,178,153,159,179,150,189,202,193,164,163,192,180,166,195,168,194,199,175,185,
192,190,196,188,201,187,174,186,199,173,197,202,172,
191,190,200,187,188,201,196,183,
185,194,195,180,192,177,202,197,186,199,173,
168,194,169,195,189,178,193,179,185,198,162,
177,175,186,199,185,194,195,180,166,192,202,163,
195,185,192,177,202,197,186,199,173,
200,191,190,201,196,183,
199,168,194,169,195,189,178,180,193,179,185,198,162,
189,159,185,202,175,199,194,180,195,166,163,192,164,177,
189,159,185,202,175,199,194,180,195,166,163,192,164,177,
164,192,166,180,195,168,194,199,175,189,202,185,159,
170,178,193,189,179,194,198,195,169,
183,196,201,188,187,190,191,197,158,
202,179,192,180,164,193,166,195,194,168,185,199,175,189,178,
197,191,190,187,188,201,196,183,
197,191,190,187,188,201,196,183,
190,196,188,201,187,174,197,202,172,
184,
197,191,190,187,188,201,196,183,
202,175,199,185,194,195,180,166,192,164,
178,170,198,189,171,181,193,167,
170,178,193,189,179,194,198,195,169,
198,179,193,178,189,195,194,168,
202,192,180,195,194,185,199,175,
192,180,195,194,185,199,175,

192,180,195,194,185,199,175,
181,171,189,193,198,170,
195,194,189,
198,195,194,179,189,193,178,
198,193,189,
193,189,198,181,
202,197,
197,202,199,186,
197,
199,185,194,195,180,
200,
202,199,192,
193,189,
193,189,
195,194,185,
198,

201,196,


202,
201,196,190,




199,



201,






Past links sets, 











4,
2,



2,

3,5,6,
2,

2,
7,
7,15,

5,
1,4,
4,5,
20,23,
8,
16,19,21,
9,10,
12,16,19,21,22,
11,1,27,
32,
9,10,
0,
22,24,28,
12,22,28,
11,18,25,1,27,
7,12,30,
5,11,13,26,
17,18,25,
9,20,23,24,
16,19,21,
39,
42,
17,18,
12,30,44,
0,8,
33,45,
21,37,38,
3,6,17,35,
15,20,24,31,
23,30,34,
5,11,14,13,26,
32,40,
32,40,
9,37,38,
10,12,37,43,
5,31,52,
18,52,
31,61,
34,51,
30,34,51,
40,28,54,
64,
38,65,
28,54,56,57,
3,6,7,17,35,53,
9,63,66,
40,48,
57,71,
43,58,70,
9,10,39,46,47,
32,71,
11,1,27,46,47,52,
40,54,70,
34,56,72,
41,50,55,
16,51,53,58,59,
9,10,45,33,46,47,
43,58,77,
8,41,50,55,
18,60,43,69,
28,54,56,72,
67,68,73,82,
34,35,80,
79,83,
18,38,59,60,69,
26,50,35,74,81,
39,60,62,24,76,
60,62,74,50,76,81,
46,79,
35,73,80,
10,48,86,
53,59,73,77,
44,53,59,86,
35,80,96,
53,57,59,67,73,56,82,
40,54,87,94,
53,57,59,67,73,56,82,
34,52,69,80,
24,92,
68,75,65,78,85,
47,46,59,62,84,
67,68,70,75,78,85,
61,84,89,102,
46,88,
38,42,47,59,62,84,
3,6,17,100,
47,25,51,62,58,84,89,
10,46,47,79,
62,80,32,84,89,
10,85,86,
31,59,95,
26,103,
95,97,99,
72,97,115,
25,47,63,107,87,113,
73,82,106,
10,47,93,108,
48,69,98,99,101,97,110,
71,98,101,115,117,
102,27,105,109,111,113,
24,67,104,
85,101,117,118,
72,94,123,
106,101,114,117,118,
98,99,101,68,107,110,
38,104,
78,75,114,123,126,
48,61,98,99,101,89,102,84,97,110,
73,82,104,106,
73,105,109,111,119,
24,67,130,
29,93,108,
45,74,80,91,105,109,33,111,
41,50,29,55,
31,59,95,104,114,120,
95,122,129,132,
58,89,26,91,103,105,109,
69,85,110,118,127,
125,133,
127,128,131,
52,118,122,127,
58,89,26,91,103,105,109,
95,114,125,120,133,
99,104,114,118,120,
114,104,117,118,120,
118,139,
58,77,106,125,130,
45,64,74,91,119,33,124,
115,133,139,
45,64,74,91,119,33,124,
40,45,54,74,91,94,124,134,
105,111,109,122,129,119,132,
29,31,61,76,90,112,121,
81,137,152,
80,35,126,128,96,148,149,150,
63,66,125,135,
58,77,106,125,135,
59,143,147,
3,17,100,139,144,148,6,149,
131,153,159,
24,90,92,112,121,
100,144,153,159,
106,160,
130,150,153,162,
59,143,147,151,161,
82,73,151,161,167,
77,167,
134,127,140,156,
109,46,111,131,140,142,106,119,145,
1,11,115,124,134,140,117,156,
69,110,163,164,166,
91,79,105,90,116,
139,129,142,144,132,145,148,149,
153,160,162,169,
118,153,162,169,
122,142,147,175,
58,171,
22,83,84,91,28,93,112,90,116,
98,99,101,110,146,141,154,90,116,155,158,
60,62,157,
143,145,180,
104,120,105,144,173,
140,141,154,155,156,158,
140,141,154,155,117,156,158,
148,149,168,170,171,178,101,179,
146,187,
14,158,41,155,116,90,67,154,141,146,110,98,82,56,
25,113,163,140,166,47,164,177,
170,171,178,179,
168,52,169,180,
145,168,169,180,
41,183,187,
128,154,103,155,158,172,173,174,
115,139,162,169,170,181,
105,147,173,175,192,
93,112,141,107,146,124,137,176,
14,196,
1,11,153,124,163,159,172,177,186,
Future links sets, 
49,36,
174,76,202,33,39,26,
21,19,16,12,
163,110,69,52,18,
27,26,11,
60,55,41,27,25,18,
163,110,69,52,18,
69,40,23,22,
83,49,29,
81,58,43,74,35,70,31,
114,112,121,95,81,59,74,35,31,
174,76,55,41,39,202,33,
59,48,40,38,32,
55,41,
201,191,55,
53,23,
80,44,32,30,
163,110,69,52,47,42,
89,84,61,47,42,39,
44,32,30,
53,43,28,
51,44,32,30,
182,38,37,32,
43,54,28,
165,135,125,103,91,53,43,37,
192,119,111,42,39,
141,116,90,146,55,41,
76,39,124,33,
85,68,182,65,38,37,
157,138,136,
64,54,48,40,
139,115,62,60,157,53,
113,75,57,56,34,
152,137,81,154,50,
87,78,64,102,63,54,
98,159,94,90,87,69,52,

59,58,51,
130,109,89,67,58,51,
91,74,45,
100,155,77,71,65,57,56,
191,138,83,196,79,
109,46,
84,82,73,59,
97,48,
155,152,137,81,154,50,
112,173,108,105,93,81,76,74,
192,121,119,112,111,109,105,81,76,74,
132,122,95,71,

138,90,83,92,79,
111,80,64,63,
194,145,102,76,61,60,
101,99,97,96,80,69,
100,85,155,77,68,65,
138,83,79,
191,101,99,85,78,68,
101,99,72,68,
181,161,146,141,111,82,80,151,73,
169,139,105,101,99,162,97,109,96,115,89,80,
184,92,91,89,84,
157,132,107,62,
184,113,111,109,105,92,91,
160,119,70,
154,152,66,
104,67,
160,70,
191,135,106,101,125,99,86,
129,106,104,86,
142,122,102,89,175,84,
106,77,73,
123,75,72,
127,118,85,78,
170,134,101,96,133,120,94,99,86,
154,152,137,92,155,90,
131,106,104,
157,92,91,
171,151,161,96,82,
131,106,104,
176,112,93,88,
102,137,98,159,94,113,87,
158,92,90,
191,170,133,120,101,99,86,
182,88,
182,132,113,111,109,107,105,
142,126,114,106,104,
114,97,95,
119,100,
108,
141,132,113,111,146,107,
182,176,191,165,183,157,
182,155,152,146,154,141,176,137,
165,103,
200,182,136,121,
155,127,100,
147,140,139,117,115,
159,98,
132,122,118,117,
191,183,132,129,123,122,
183,132,129,148,122,117,
166,163,110,
189,183,132,129,128,126,123,122,
132,124,107,
197,146,141,116,
186,149,148,139,133,130,125,
156,146,141,199,186,134,176,137,124,
173,161,151,167,128,133,120,
200,129,119,
136,121,
156,146,141,173,134,137,124,
191,183,175,132,142,129,122,
156,173,134,137,124,
200,182,165,157,
192,124,119,
149,148,147,139,131,128,
198,174,153,123,118,
191,183,182,176,
174,128,126,188,149,123,
179,150,149,148,145,142,128,126,
156,154,152,173,134,
149,148,186,147,139,
165,157,
180,156,145,140,
131,127,
202,200,174,155,154,152,
161,151,160,147,143,
159,131,
172,145,144,142,
197,159,144,
177,156,140,
168,151,135,
173,164,144,
177,156,140,
153,147,143,
174,172,155,
161,160,

200,158,

198,177,153,163,150,
192,188,187,174,173,172,
191,188,200,187,183,
180,177,173,
185,169,162,
186,177,166,163,
195,185,177,173,
200,191,190,183,
199,180,169,162,
177,189,163,159,
177,189,163,159,
168,159,
170,169,
158,
202,178,168,179,166,164,
197,191,188,187,183,
197,191,188,187,183,
188,187,174,172,
184,
197,191,188,187,183,
202,166,164,
178,167,
170,169,
198,179,178,168,
202,192,175,
192,175,

192,175,
171,170,
195,194,189,
198,195,194,179,178,
198,193,189,
193,189,181,
202,197,
197,199,186,
197,
199,180,
200,
202,192,
193,189,
193,189,
195,194,185,
198,

196,


202,
196,190,




199,



201,






Coordinates
-5.03286,1.27202,2.23025
-5.03077,2.53973,1.88805
-5.0128,5.55381,4.57576
-5.00262,3.30873,5.51241
-4.99871,2.58288,3.91972
-4.99708,3.01346,5.352
-4.98131,3.33334,0.323333
-4.96858,5.17962,6.17203
-4.94514,1.76733,6.12568
-4.8782,4.17678,4.70353
-4.85698,3.93021,6.2559
-4.8365,2.56693,2.43318
-4.78653,5.35311,0.102173
-4.77318,2.11742,1.84882
-4.76632,2.04736,3.0211
-4.741,4.8587,1.22766
-4.7215,5.59931,2.57988
-4.70362,3.41313,3.83502
-4.70083,3.0631,3.9566
-4.69203,5.67025,0.936436
-4.65961,4.76969,2.9248
-4.65289,5.47914,4.08179
-4.63495,5.0804,3.04165
-4.60855,4.87931,0.802597
-4.59634,4.4897,4.61738
-4.57815,2.85542,5.66017
-4.54459,2.25121,4.41309
-4.47737,2.63558,0.300054
-4.38481,4.8128,4.63335
-4.36572,1.60678,1.08534
-4.34363,5.56853,6.17155
-4.31153,3.91275,1.56945
-4.25677,5.24223,3.41687
-4.22808,2.41223,2.55583
-4.20303,5.19738,2.0787
-4.18312,3.68322,5.58544
-4.1712,0.714838,2.70199
-4.11516,4.58524,5.25386
-4.09769,4.80422,5.80444
-4.089,2.57153,2.13832
-4.07662,5.50881,1.75106
-4.0204,2.11582,5.16605
-4.00759,2.86666,4.13304
-4.00077,4.32652,1.64319
-3.99756,5.77649,1.61835
-3.9895,2.52217,1.74804
-3.9444,2.85204,5.25835
-3.94171,3.0108,3.5628
-3.88812,5.67816,0.182695
-3.86449,0.862395,3.93243
-3.85125,2.39479,4.90705
-3.83954,4.68683,0.766838
-3.8388,3.40239,4.1832
-3.80185,4.01095,4.41871
-3.80045,5.21627,3.27775
-3.79189,1.85983,3.07964
-3.78012,5.39729,0.191904
-3.77972,5.441,4.92446
-3.71419,4.47534,3.40474
-3.67323,4.25278,1.35571
-3.65815,3.30382,4.1096
-3.63073,3.23157,4.86589
-3.56195,3.18446,1.78841
-3.56191,4.69596,1.12009
-3.53921,4.80073,2.00834
-3.51119,5.09156,2.99086
-3.43307,4.78557,4.69776
-3.42987,5.02603,6.03854
-3.40585,5.15414,5.84249
-3.3713,3.63181,1.66951
-3.36172,4.71634,1.39585
-3.361,5.69594,2.48659
-3.2803,5.64633,4.4886
-3.25061,4.60858,4.40305
-3.24807,2.65178,4.04358
-3.21428,5.72612,4.31853
-3.19191,2.77175,1.45781
-3.16402,4.70765,5.55145
-3.15305,5.64885,1.46021
-3.14293,1.80881,4.77827
-3.12871,4.02882,5.74861
-3.12051,2.50608,4.80821
-3.10158,4.67139,0.218126
-3.00557,1.60101,5.38044
-3.00447,3.42136,3.58893
-2.96949,5.42317,1.86481
-2.91169,4.66079,0.744923
-2.88971,3.99898,3.42607
-2.77185,1.47402,5.8333
-2.75102,3.50443,3.28963
-2.73921,2.25912,3.66426
-2.73864,2.76135,0.44416
-2.72076,2.50115,2.0112
-2.70854,1.67856,2.42937
-2.68612,4.09658,5.94138
-2.68044,4.6614,4.02543
-2.65895,4.21009,3.75656
-2.63219,4.41736,0.0489241
-2.62694,4.18599,4.76219
-2.62045,4.28605,0.954177
-2.60131,4.08177,5.04598
-2.59588,4.26127,2.05849
-2.58633,3.60431,1.74539
-2.56396,2.51481,5.21666
-2.54347,5.51291,3.80829
-2.51582,3.11623,4.46374
-2.51064,5.065,2.25777
-2.47689,3.51425,5.46222
-2.46693,1.41545,4.59918
-2.44693,3.1631,1.9418
-2.43918,3.98148,3.44409
-2.40918,3.27065,4.65179
-2.40485,1.67115,5.74623
-2.39093,3.38159,5.51322
-2.36062,4.84814,4.75505
-2.32771,4.55728,1.66399
-2.32338,2.31156,0.738515
-2.2636,4.40253,3.06683
-2.15105,4.57089,1.94686
-2.14642,3.34652,3.05249
-2.12991,5.02022,3.12346
-2.11127,1.34279,1.25299
-2.10775,3.93723,2.58694
-2.02298,4.3766,0.336306
-2.01855,3.04871,2.72581
-1.99205,5.54829,0.454511
-1.98472,4.46263,0.818136
-1.95815,4.34691,4.18375
-1.91791,4.50574,1.45082
-1.91356,3.66257,5.86437
-1.91243,5.73933,5.7791
-1.89215,4.42431,3.36487
-1.87493,3.69288,5.93808
-1.82206,5.18076,4.43574
-1.79701,3.17054,6.09101
-1.76995,5.70011,2.55327
-1.74668,0.72728,3.94258
-1.74563,2.68732,5.93514
-1.72917,0.291778,5.18364
-1.70282,4.84014,3.137
-1.69564,3.71524,3.28972
-1.66318,2.48548,1.04802
-1.65788,4.11857,3.65843
-1.59254,5.25962,0.991704
-1.5818,4.46644,1.40953
-1.56892,4.00078,3.61998
-1.56149,2.38226,0.866403
-1.55835,5.11853,2.48933
-1.55692,4.679,4.80821
-1.55306,4.67464,0.494677
-1.5224,4.76678,0.713202
-1.5059,5.37575,1.00159
-1.47042,2.73978,2.21153
-1.45468,4.90608,3.95436
-1.40599,2.75086,4.7302
-1.39966,2.8355,3.00338
-1.39879,3.29447,5.19051
-1.37314,0.995375,5.81647
-1.36491,2.70552,2.9624
-1.33039,4.6755,4.92592
-1.31306,5.68252,4.30463
-1.28547,5.47993,2.43903
-1.27537,5.08418,0.00132899
-1.22142,4.46227,3.18311
-1.18547,4.69206,3.45806
-1.17361,1.0874,5.73877
-1.14056,4.60407,1.64652
-1.13936,5.68221,3.66573
-1.0924,4.9227,4.42812
-1.03215,5.28084,1.89323
-1.00195,5.58402,3.14799
-0.978886,5.66237,4.82787
-0.951799,3.34677,3.9296
-0.941623,3.51197,0.482177
-0.916292,3.24856,0.603014
-0.873753,4.41812,5.4343
-0.85758,1.54926,2.64814
-0.799585,4.01164,0.239304
-0.797623,5.18876,5.74426
-0.751918,5.11175,0.449366
-0.750306,4.41363,5.94257
-0.745057,5.75863,1.29733
-0.653942,1.10547,6.18043
-0.647941,2.33492,0.470484
-0.635228,0.287094,4.90524
-0.498106,4.28413,3.2567
-0.492512,3.53668,0.866934
-0.451908,2.50715,5.98418
-0.427572,2.56904,2.76015
-0.420554,5.12922,5.84737
-0.382017,2.48656,4.84028
-0.381097,2.01687,2.66141
-0.334459,3.87857,2.95035
-0.312308,5.28787,4.58167
-0.219344,4.55145,4.28044
-0.156769,4.43378,4.41886
-0.132724,2.19832,1.54242
-0.112914,2.84639,4.34106
-0.081697,5.5223,5.82084
-0.0686156,3.6582,1.54073
-0.0400736,1.12924,4.03978
-0.0279752,2.11538,2.76908
-0.0207445,3.47613,5.92595
r_S,2
