Storage option,sets
Size,100
Dimension,2
Shape,cube
Spacetime,BlackHole
Past sets, 










6,


7,

1,
1,15,
7,9,
7,13,
6,10,11,
5,
7,13,14,
1,
4,
5,8,
4,
4,7,9,
5,20,
5,8,
14,9,4,17,13,7,18,
9,4,17,13,7,18,
4,25,
11,10,6,19,
4,9,
15,1,16,
15,1,16,
11,10,6,19,
5,8,
34,16,1,15,22,35,
7,13,15,14,1,16,
9,4,17,18,1,14,13,7,21,
34,16,1,15,35,
9,18,1,14,13,7,21,
18,7,13,9,17,4,30,
4,5,20,
5,8,6,10,
24,8,5,28,
5,8,
7,13,15,14,1,16,
15,29,16,9,18,1,14,40,42,13,7,21,4,17,
18,21,16,1,14,15,13,7,9,48,
18,7,26,13,9,17,4,30,
34,16,1,14,15,39,13,7,35,48,
38,7,13,39,22,35,14,1,16,34,15,41,
5,8,6,10,
18,25,13,26,9,17,4,7,33,
43,30,4,17,9,13,26,33,7,18,25,51,
9,23,25,20,4,31,5,44,
4,18,50,21,16,1,14,15,42,13,7,9,48,17,
22,41,38,9,52,39,13,34,16,1,14,15,7,35,48,21,50,18,
23,26,25,31,9,17,4,7,33,
28,8,5,37,
1,22,
28,5,8,37,24,46,
15,16,1,22,
23,33,7,4,17,9,26,13,25,31,18,55,
38,7,13,39,22,35,14,1,16,34,15,41,
20,27,37,5,8,47,
34,35,39,40,17,48,29,58,4,18,50,21,16,1,14,15,42,13,7,9,
29,21,51,18,7,26,13,9,17,33,4,40,30,1,43,14,
53,18,50,21,48,35,7,22,41,15,9,38,52,39,13,34,16,59,1,14,
53,66,14,1,38,7,13,39,22,35,16,34,15,41,
38,7,13,39,22,35,14,1,16,34,15,41,
35,39,40,49,17,48,29,58,4,18,50,21,16,30,1,14,15,42,13,7,9,
8,23,25,27,20,4,5,44,
33,7,4,17,9,5,31,25,13,26,23,60,
38,7,13,39,22,35,14,1,16,34,15,41,
26,17,4,49,15,29,16,9,18,30,1,43,14,40,42,13,7,21,
40,53,17,4,58,18,50,21,48,35,7,22,41,15,9,38,52,39,42,13,34,16,59,1,14,
17,57,31,5,44,9,23,25,20,7,33,4,27,26,
53,52,41,22,38,9,7,13,42,15,14,59,1,16,34,35,48,68,39,40,17,4,29,58,18,21,50,
8,27,4,33,20,25,23,9,44,5,31,57,
26,48,17,4,49,15,29,16,9,18,30,1,43,14,40,42,13,7,21,
38,15,41,16,1,14,22,64,35,62,34,39,13,7,
14,1,59,16,34,13,42,39,52,38,9,15,70,41,78,40,53,17,4,58,18,50,21,48,35,22,7,
34,62,35,22,14,1,16,41,15,38,64,
15,16,22,1,62,
51,21,7,13,42,69,40,77,26,17,33,4,14,43,49,15,29,16,9,18,30,1,
51,21,7,13,42,69,40,77,26,17,33,4,14,43,49,15,29,16,9,18,30,1,
7,22,35,48,21,50,18,29,58,4,17,53,40,78,41,70,84,14,1,59,16,34,42,13,39,52,38,9,15,
49,15,53,17,4,58,29,18,80,21,50,48,35,22,7,89,40,78,41,70,84,14,1,59,16,34,42,13,39,52,38,68,9,
13,7,85,34,62,22,14,1,16,41,15,38,35,64,39,
9,68,38,52,39,48,50,18,29,58,4,17,53,21,80,22,15,49,78,90,35,66,7,89,40,41,70,84,14,1,59,16,34,42,13,
29,21,40,51,1,30,14,43,56,13,23,65,7,33,4,17,9,25,31,18,26,55,
25,56,18,9,16,87,29,15,49,43,14,1,30,88,51,77,21,7,26,13,42,17,33,4,69,40,
52,48,21,50,66,53,18,76,9,38,7,42,71,13,39,22,64,35,72,14,59,1,16,34,15,70,41,
52,48,21,50,66,53,18,76,9,38,7,71,13,39,22,64,35,72,14,59,1,16,34,15,70,41,
53,52,38,41,1,30,59,18,16,29,58,15,49,48,26,4,17,82,43,73,14,40,42,13,7,21,50,35,39,9,68,34,22,
86,39,64,35,13,7,85,34,91,62,22,14,1,16,41,15,38,
31,40,69,4,33,17,42,13,55,26,21,77,51,7,94,16,25,56,18,9,29,87,15,49,43,14,88,30,1,
Future sets, 

42,69,62,22,76,83,72,85,92,93,34,52,91,95,66,89,90,16,53,82,96,98,39,38,97,68,71,73,15,94,35,64,48,77,80,50,84,58,87,49,78,88,59,40,99,70,41,86,


58,44,78,43,80,73,56,84,25,57,55,26,94,65,81,79,60,30,89,93,74,75,40,99,97,68,23,82,51,77,87,29,88,69,49,33,92,31,90,
54,47,37,20,75,46,44,67,57,28,45,74,61,81,79,27,24,63,
19,32,45,54,36,10,
26,60,79,56,51,80,21,73,70,99,40,97,68,93,89,30,69,82,18,77,96,94,83,17,76,43,71,72,13,42,66,95,53,48,75,98,39,91,52,50,84,55,49,78,59,92,58,87,88,29,90,65,
81,47,45,74,61,54,67,28,46,37,63,24,
57,96,59,70,50,95,42,81,26,75,55,78,49,88,29,58,87,90,77,33,92,79,69,82,17,30,89,60,93,68,97,94,65,40,99,73,80,51,56,43,84,
54,36,45,32,19,
36,32,19,

75,48,53,66,52,71,72,76,83,91,98,39,50,95,42,84,43,49,78,59,92,58,87,88,29,90,55,65,94,96,77,18,82,69,30,89,93,68,97,40,99,70,73,21,80,51,56,
85,48,53,66,52,71,72,76,83,91,92,77,97,68,98,39,42,95,50,80,21,70,96,73,93,84,89,99,40,69,82,78,49,59,58,87,88,29,94,90,
48,73,35,94,71,39,98,97,38,68,80,53,96,82,50,84,58,87,49,78,88,59,77,64,99,70,41,86,16,90,89,66,95,91,52,34,92,85,72,83,76,
86,64,99,77,88,87,49,58,50,82,84,96,90,89,66,95,70,41,59,91,52,34,92,78,85,72,83,76,53,80,68,38,97,98,39,71,94,35,73,48,
79,77,90,87,58,92,29,88,49,78,82,69,30,89,60,93,68,97,94,65,40,99,73,80,51,56,43,84,55,75,
65,55,96,59,77,90,87,58,92,29,88,49,78,82,69,30,89,93,68,97,94,40,99,70,73,80,51,56,43,84,42,95,50,
36,32,
57,44,67,74,81,79,27,
96,50,95,42,80,73,70,99,97,68,77,92,93,84,89,40,69,82,78,49,59,88,58,87,94,90,
64,86,59,70,95,66,89,90,84,96,38,62,91,78,98,85,72,83,76,53,92,80,97,71,
74,93,65,75,60,79,81,57,
63,46,
74,56,94,55,81,79,60,99,75,65,93,57,31,
97,82,79,51,77,87,88,75,93,55,99,60,69,56,94,65,
81,79,74,67,
61,63,46,
93,89,69,49,88,92,82,87,94,90,77,68,97,99,73,80,
73,99,94,93,88,87,51,77,97,56,69,82,43,
93,65,75,99,60,79,81,57,

79,87,88,75,69,56,65,93,60,99,81,94,55,
52,59,41,70,95,66,89,90,84,96,38,91,78,98,85,72,83,76,53,92,80,68,97,71,
73,52,59,41,70,95,66,89,90,84,96,38,91,78,98,85,72,83,76,53,92,80,68,97,71,

67,63,61,
91,98,85,83,76,72,53,92,80,78,97,71,84,90,89,66,95,96,70,59,
98,91,83,76,73,72,71,52,78,70,96,66,95,89,92,53,90,84,68,97,80,59,
93,84,89,69,78,49,88,92,82,87,94,90,77,68,97,99,73,80,
91,98,85,83,76,72,53,92,80,78,97,71,84,90,89,66,95,96,70,59,
95,84,80,78,49,88,92,82,94,90,77,68,97,87,58,99,73,89,
97,77,87,88,93,94,99,82,69,56,
74,79,81,57,

63,
67,
82,52,96,95,50,89,70,58,84,78,73,80,92,90,97,68,59,
92,82,87,94,88,90,77,97,99,73,
70,58,84,89,78,73,80,92,90,97,68,59,95,96,
87,88,93,94,99,69,56,
70,96,95,89,92,90,84,97,78,80,59,
80,78,97,71,84,90,92,89,95,96,70,

99,93,65,
99,94,93,
81,79,
89,78,73,80,92,90,84,97,68,
80,78,97,84,90,92,89,95,96,70,
75,

86,91,98,85,83,

95,91,98,85,96,83,
93,
92,95,96,71,

97,90,92,80,
88,94,99,87,
96,95,89,92,90,84,
96,95,
96,95,
97,


96,95,
88,94,99,87,
89,92,90,84,

92,90,

97,

90,92,89,
98,91,
98,
99,94,
99,94,
92,90,
92,
98,


99,





Past links sets, 










6,


7,

1,
15,
7,9,
13,
10,11,
5,
13,14,
1,
4,
5,8,
4,
4,7,9,
20,
5,8,
14,4,17,18,
4,17,18,
25,
19,
4,9,
16,
16,
19,
5,8,
34,22,35,
13,14,16,
1,4,17,18,21,
34,35,
1,9,18,21,
30,
4,20,
5,8,10,
24,28,
5,8,
13,14,16,
40,16,29,42,
18,21,9,48,
26,30,
34,39,35,48,
38,39,41,
5,8,10,
17,18,25,26,33,
33,43,25,51,
9,23,31,44,
4,17,42,50,
38,41,50,52,
17,23,26,31,33,
28,37,
22,
37,46,
16,22,
23,31,55,
38,39,41,
27,37,47,
29,34,35,39,40,58,
29,33,40,43,51,
53,59,
53,66,
38,39,41,
30,35,39,49,58,
8,23,25,27,44,
5,13,60,
38,39,41,
26,43,49,
40,53,58,59,
17,26,27,33,57,
53,59,68,
8,27,33,57,
26,43,48,49,
39,41,62,38,64,
70,78,
14,41,62,38,64,
16,62,
69,77,
69,77,
29,84,
49,80,89,
39,85,
66,90,
29,40,56,65,
56,87,88,
42,64,70,71,72,76,
64,70,71,72,76,
53,59,68,73,82,
86,91,
31,55,94,
Future links sets, 

42,40,22,15,


58,44,40,33,30,29,26,25,23,
75,47,45,54,28,37,24,20,
10,
17,26,13,
81,74,47,45,54,28,37,24,
57,50,42,33,26,17,
54,45,19,
19,

75,48,39,21,18,
85,48,39,29,21,
16,
64,49,39,48,35,86,34,
60,58,79,40,30,55,29,
50,40,30,55,42,29,
36,32,
44,27,
50,42,40,
62,64,38,
74,65,60,57,
46,
74,56,55,31,
82,79,60,55,77,51,
81,79,74,67,
61,46,
93,89,69,68,49,
73,51,43,
65,99,60,57,

79,60,69,56,81,55,
68,52,41,38,
73,68,52,41,38,

67,63,61,
83,76,85,72,59,66,53,
83,76,73,72,68,66,53,91,52,
93,78,69,68,49,
83,76,85,72,59,66,53,
95,58,49,
77,82,69,56,
74,57,

63,
67,
82,52,50,
82,90,77,73,
59,58,
69,56,
59,
80,78,97,71,70,

99,65,
94,93,
81,79,
78,73,68,
97,80,78,70,
75,

86,85,83,

95,85,96,83,
93,
92,71,

97,80,
88,87,
96,95,84,
96,95,
96,95,
97,


96,95,
88,87,
84,

90,

97,

89,
91,
98,
94,
94,
90,
92,
98,


99,





Coordinates
-2.47283,0.0758394
-2.4621,2.49122
-2.42743,0.571409
-2.42439,0.700904
-2.42081,1.74589
-2.42058,1.21445
-2.41215,0.914582
-2.40917,2.08862
-2.36276,1.10115
-2.26154,1.84961
-2.26024,0.834625
-2.24686,0.72427
-2.23106,0.266328
-2.22996,2.08062
-2.18761,2.13998
-2.10475,2.36885
-2.05213,2.31924
-2.04258,1.7547
-1.98709,1.85727
-1.94191,0.565338
-1.875,1.0401
-1.83347,1.85278
-1.77247,2.45254
-1.75039,1.16583
-1.73217,0.628221
-1.69513,1.19841
-1.68769,1.39747
-1.67952,0.899812
-1.65492,0.612186
-1.65128,1.60809
-1.64706,1.54235
-1.61718,1.1455
-1.61547,0.247964
-1.60367,1.20814
-1.59799,2.25875
-1.59779,2.20589
-1.5559,0.290204
-1.52434,0.604399
-1.52079,2.20792
-1.50541,2.08783
-1.49983,1.61873
-1.49628,2.17246
-1.48104,1.74323
-1.47811,1.40003
-1.4678,0.874415
-1.42179,0.222686
-1.4068,0.433823
-1.39773,0.558768
-1.30557,1.8449
-1.24758,1.53658
-1.24716,1.79364
-1.23302,1.13514
-1.17252,1.83654
-1.15747,1.8963
-1.15631,0.0341018
-1.133,1.01084
-1.10072,1.02635
-1.07583,0.676786
-1.02321,1.60116
-1.02243,1.74099
-1.00717,0.758649
-0.961333,0.112921
-0.958669,2.49869
-0.944948,0.0610556
-0.914437,2.36641
-0.858489,0.751667
-0.858142,1.9292
-0.856559,0.142836
-0.821349,1.48214
-0.791125,0.969589
-0.777329,1.71329
-0.757427,1.86375
-0.753998,1.98817
-0.745627,1.35783
-0.722467,0.243084
-0.669848,0.532417
-0.64872,2.006
-0.625131,1.01144
-0.604709,1.49794
-0.574673,0.30797
-0.552388,1.43865
-0.530509,0.168528
-0.519529,1.0592
-0.501301,2.0964
-0.496135,1.46109
-0.465486,2.18656
-0.442301,2.45481
-0.392601,0.805438
-0.386128,0.810758
-0.384517,1.42088
-0.352601,1.39044
-0.339201,2.11662
-0.274581,1.34973
-0.265985,0.385232
-0.210354,0.650643
-0.164051,1.62004
-0.111879,1.64769
-0.0657529,0.874956
-0.0115072,2.12505
-0.00696567,0.486988
r_S,2
Lambda0,2,
Lambda1,3,
Lambda2,12,
Lambda3,32,
Lambda4,36,
Lambda5,45,
Lambda6,54,
Lambda7,61,
Lambda8,63,
Lambda9,67,
Lambda10,74,
Lambda11,75,
Lambda12,79,
Lambda13,81,
Lambda14,92,
Lambda15,93,
Lambda16,95,
Lambda17,96,
Lambda18,97,
Lambda19,99,