Storage option,sets
Size,300
Dimension,2
Shape,cube
Spacetime,BlackHole
Past sets, 









3,






12,
3,9,
7,

8,
4,




5,


2,
14,

5,

25,

11,
1,
10,7,18,

12,16,

1,26,5,32,
15,
15,


4,21,2,29,



29,2,4,21,47,
4,15,
1,35,

5,1,37,
2,18,7,10,38,
11,
27,25,34,

48,
32,5,26,1,3,42,
39,45,
0,24,
0,24,
3,9,12,8,20,
4,10,7,18,2,29,
34,25,27,58,
35,37,1,5,55,
5,9,3,17,8,20,
37,35,1,53,
17,20,8,12,9,3,65,
16,12,40,4,43,15,44,
35,32,26,37,1,5,42,55,
21,29,44,2,15,43,4,52,
26,32,20,8,3,9,5,17,69,
10,47,21,29,51,2,15,4,52,
0,24,14,30,
49,35,1,53,59,
14,30,
17,3,55,42,5,1,37,26,32,9,61,35,73,
26,5,53,1,37,35,55,68,
21,16,12,40,44,2,15,43,4,52,
17,40,20,8,12,9,16,3,65,
23,25,34,50,
18,7,38,45,39,10,62,
10,21,47,29,74,16,2,44,15,43,4,52,51,12,
65,3,16,9,12,8,20,40,17,83,
14,30,48,60,
39,45,54,48,60,
54,48,60,45,39,62,
54,48,60,45,39,62,
14,54,48,60,
47,21,51,38,29,15,2,18,7,10,56,4,66,
18,7,38,54,45,39,10,62,
12,51,86,21,76,47,10,29,16,74,2,15,44,43,4,52,
14,30,63,24,0,64,
7,89,90,62,45,60,48,54,39,91,
18,7,38,54,45,39,10,62,
28,63,24,0,64,
1,26,65,20,8,32,3,42,9,5,75,17,69,12,
54,60,48,30,14,88,
47,82,43,4,21,29,12,40,2,44,15,52,16,74,
4,43,87,9,65,3,16,12,8,20,40,17,83,44,15,
49,35,1,53,59,
20,68,73,80,17,42,5,1,8,37,55,26,9,3,32,61,35,
14,60,48,54,45,39,89,
14,30,63,24,0,64,
37,5,70,59,53,1,35,49,78,
38,7,18,2,56,45,39,10,62,
0,24,14,30,
17,21,52,20,16,3,12,40,4,72,43,15,44,65,9,8,
49,70,73,9,81,68,61,32,3,42,55,26,5,53,59,1,8,37,35,80,17,
47,21,51,38,29,2,18,7,10,56,4,66,
20,73,80,17,42,5,1,8,37,55,26,9,3,32,61,35,
48,60,62,10,39,45,54,38,18,7,98,
47,21,51,38,29,2,18,7,10,56,4,66,
30,14,24,0,77,
59,53,1,35,49,104,
20,70,73,9,81,68,61,32,3,42,55,26,5,53,1,8,37,35,80,17,
16,12,40,69,9,1,26,65,20,37,8,61,32,3,71,100,42,5,75,17,
16,12,40,69,9,1,26,65,20,8,32,3,71,100,42,5,75,17,
30,14,24,0,77,
38,7,52,4,43,66,95,12,51,86,21,18,47,76,10,29,16,74,2,44,15,
37,5,70,59,53,1,35,49,78,
1,4,43,15,44,71,5,87,9,65,26,32,3,16,12,8,20,69,40,83,17,75,
5,71,15,44,83,12,4,72,43,17,87,9,65,3,103,16,8,20,69,40,
12,43,74,52,66,93,44,15,2,21,51,38,29,76,47,18,7,10,56,4,
12,65,69,20,73,80,75,17,42,5,1,8,37,55,26,9,3,32,61,35,
43,74,52,66,93,44,15,2,21,51,38,29,76,47,18,7,10,56,4,
17,75,5,42,100,71,120,16,12,1,40,69,9,3,32,61,26,65,20,37,8,
17,80,35,37,8,1,59,53,5,112,73,49,70,9,81,68,42,61,3,32,55,26,
54,2,56,62,10,39,45,38,18,7,85,
105,17,80,35,37,8,1,53,5,20,70,73,9,81,68,42,119,61,3,32,55,26,
90,62,89,91,39,45,48,60,92,14,54,106,
15,93,113,51,38,21,116,29,2,47,18,7,39,10,56,4,66,
78,104,49,35,59,1,53,118,
9,17,70,42,3,61,32,81,68,55,26,5,53,37,35,78,49,1,59,73,
60,48,30,79,14,88,
59,53,1,35,49,104,
26,1,40,69,20,8,16,103,32,3,65,126,87,125,9,5,83,71,44,15,12,4,75,17,43,72,
56,40,82,15,44,2,74,16,29,10,38,12,51,123,7,52,4,43,95,66,86,21,76,47,18,
9,42,3,61,32,73,68,108,37,5,70,53,59,1,35,49,78,81,26,55,
54,2,62,10,39,132,45,38,18,109,94,7,56,85,
62,90,7,89,91,39,97,45,48,60,14,54,106,
7,20,10,86,51,8,95,74,16,76,47,21,82,72,43,4,29,12,40,2,102,15,44,52,
2,5,71,83,87,8,9,65,111,20,17,4,72,43,21,52,103,16,3,12,69,40,44,15,
49,
72,43,17,75,4,12,15,44,42,71,83,5,9,125,87,140,26,65,1,40,69,20,8,16,103,3,32,126,
80,112,73,59,1,49,78,35,8,37,53,108,137,9,17,70,5,42,81,68,61,3,32,55,26,
16,53,68,105,114,35,61,32,3,9,26,55,128,12,65,69,20,73,37,8,80,17,75,71,100,42,5,1,
59,53,1,35,49,104,
112,26,55,32,3,61,119,42,68,81,9,105,59,1,53,133,17,80,35,37,8,131,73,5,70,78,49,20,
15,44,40,69,12,3,16,103,52,21,43,72,146,2,5,83,71,29,87,9,8,65,82,111,20,17,4,
62,90,7,89,91,39,97,45,48,60,14,54,106,
51,71,2,47,83,29,87,8,9,65,82,111,20,17,4,72,43,21,52,74,103,16,3,12,40,102,44,15,
21,52,42,15,71,12,17,4,43,72,5,83,148,3,32,9,125,87,140,26,65,1,40,69,20,75,16,44,103,8,126,
59,49,20,70,12,5,73,8,37,35,80,17,133,75,112,53,105,81,9,68,42,1,119,61,3,32,26,65,128,69,55,114,
48,54,2,62,10,39,132,45,38,18,94,7,56,85,98,
49,147,
45,113,21,109,51,38,29,2,47,18,7,39,10,85,56,62,4,66,
51,10,86,83,2,87,29,47,8,9,65,82,111,20,17,4,72,43,21,52,74,16,3,12,40,102,44,15,
45,113,21,109,51,38,29,2,47,18,7,39,10,85,56,62,4,66,
72,12,38,10,29,16,44,74,15,2,40,127,56,82,141,51,123,52,4,102,43,95,7,66,86,21,76,47,18,93,
35,59,147,49,159,
59,53,1,35,104,49,147,
45,52,66,4,56,10,39,135,15,93,2,113,51,38,21,76,18,47,116,29,7,
5,10,86,82,65,9,87,29,83,8,47,2,51,155,20,17,4,72,21,111,52,16,3,71,12,40,43,102,103,44,74,15,
2,100,126,8,83,5,72,43,4,17,12,71,42,15,103,44,21,111,52,156,40,69,148,3,32,9,125,87,140,26,65,1,20,75,16,
21,29,66,85,56,143,54,2,4,62,39,10,132,45,38,47,18,109,94,7,
56,85,115,48,2,60,62,10,39,45,54,38,18,98,7,94,
105,32,3,61,81,42,114,55,26,68,9,152,59,119,1,112,53,133,17,80,35,37,8,131,73,5,70,78,49,20,
3,76,47,18,16,95,8,51,21,10,20,66,7,86,145,29,82,72,4,12,40,2,43,102,74,15,44,52,38,9,
37,61,120,100,126,8,83,5,72,43,4,17,12,71,42,15,103,44,21,111,52,156,40,69,148,121,3,32,9,125,87,140,26,65,1,20,75,16,
8,12,38,10,29,16,44,74,15,2,40,56,82,141,51,123,52,4,102,43,72,95,7,66,86,21,76,47,18,20,
42,3,61,32,73,68,55,26,81,108,104,136,78,49,35,59,1,53,118,124,37,5,70,
83,87,40,26,120,61,121,3,35,55,114,105,53,9,68,32,150,5,65,128,69,20,73,37,8,80,17,16,75,130,12,71,100,42,1,
32,1,26,140,125,42,72,43,21,75,16,3,148,69,40,103,44,74,15,153,126,8,2,5,83,12,71,29,146,87,9,65,82,52,111,20,17,4,
100,78,131,152,114,55,69,128,17,133,75,80,35,37,8,73,12,70,157,5,49,20,59,112,53,105,81,9,68,42,1,119,61,3,32,26,65,
72,12,38,10,29,16,44,74,15,2,40,127,56,82,141,51,123,52,4,102,43,95,7,66,86,21,76,47,18,129,93,
4,17,20,111,52,82,65,9,87,146,43,72,3,32,177,148,42,16,75,140,26,1,21,125,69,40,103,44,74,15,153,8,126,2,5,83,71,12,29,
80,118,104,17,81,136,78,49,35,1,59,55,26,142,9,42,68,61,3,32,73,137,108,124,37,5,70,53,
42,32,73,68,55,26,108,70,81,139,35,53,59,1,118,104,49,78,136,124,37,5,
105,83,87,44,15,43,40,1,69,128,100,42,4,5,16,75,17,12,71,130,68,9,125,121,3,32,120,61,26,114,55,65,20,37,8,73,80,35,
9,5,136,78,49,104,118,175,1,59,37,124,182,42,68,26,55,61,3,32,73,108,70,81,139,35,53,
65,26,32,3,61,42,80,71,12,70,157,17,133,16,75,128,69,55,114,131,73,78,49,20,152,100,119,1,178,35,37,8,5,59,112,53,105,81,68,9,
83,87,40,100,114,55,69,128,17,133,16,75,80,35,37,8,73,130,71,12,70,157,5,49,20,59,112,53,105,81,9,68,42,1,119,120,61,121,3,150,32,26,65,
53,1,104,159,49,147,59,35,164,
51,47,156,29,12,71,83,5,2,126,8,153,15,74,1,146,87,9,125,65,72,102,43,52,111,82,140,20,17,4,180,3,32,177,148,42,75,16,26,21,69,40,103,44,
72,12,38,10,29,16,44,74,15,2,40,127,56,82,141,51,123,52,4,102,43,95,7,66,86,21,76,47,18,129,93,
78,83,87,40,131,100,114,55,69,128,17,133,16,75,80,35,37,8,73,130,71,12,70,157,5,49,20,59,112,53,105,81,9,68,42,1,119,120,61,121,3,150,32,26,65,
104,124,142,149,105,32,3,61,81,42,55,26,68,9,152,59,119,1,112,53,133,17,80,35,37,8,131,73,5,70,137,78,108,49,20,
86,12,127,52,16,74,43,129,95,66,4,56,10,39,135,44,15,93,2,113,51,38,21,76,18,47,116,29,7,
93,9,3,172,20,18,40,2,44,15,74,16,29,56,174,10,38,12,8,95,82,141,51,123,66,7,52,4,102,43,72,145,86,21,76,47,
12,65,69,75,142,149,20,108,49,26,55,114,152,61,3,32,9,68,42,81,105,59,119,1,171,112,53,133,17,80,35,37,8,131,73,5,70,137,78,
1,159,49,147,59,35,164,
105,20,124,131,37,8,35,137,78,108,49,136,119,1,118,59,73,53,112,80,149,17,104,70,5,42,81,9,68,61,3,32,55,26,142,
20,49,108,78,137,70,5,55,142,26,42,81,3,32,61,105,149,124,37,8,104,133,17,68,9,152,118,59,119,1,112,53,80,35,131,191,73,
35,73,16,75,20,1,65,26,140,87,125,9,72,43,5,83,37,4,8,126,100,42,2,120,61,148,121,3,32,17,55,173,130,71,12,15,44,103,80,21,111,52,156,40,128,69,
18,32,26,95,7,153,15,74,44,103,2,29,146,87,9,65,82,47,126,8,145,86,69,10,155,83,5,167,51,20,76,17,4,72,21,111,52,75,16,3,71,12,40,161,43,102,
20,49,108,78,137,70,5,55,142,26,42,81,3,32,61,105,149,124,37,8,104,133,17,68,9,152,118,59,119,1,112,53,80,35,131,191,73,
53,1,104,159,49,147,59,35,164,
35,73,16,75,20,1,65,26,140,87,125,9,72,43,5,83,37,4,8,126,100,42,2,120,61,148,121,3,32,17,55,173,130,71,12,15,44,103,80,21,111,52,156,40,128,69,
70,5,37,124,139,53,59,1,104,118,147,164,35,151,159,78,165,49,136,
72,12,38,10,29,16,44,74,15,2,40,127,56,82,141,51,123,52,4,102,43,95,7,66,86,21,76,47,18,129,93,
18,95,7,15,74,44,103,2,29,146,87,9,65,82,47,8,145,86,69,10,155,83,5,167,51,20,76,17,4,72,21,111,52,16,3,71,12,40,161,43,102,
40,82,16,123,29,116,47,18,21,38,51,113,2,93,44,76,135,39,10,56,4,7,66,95,129,43,15,74,52,127,12,86,
102,43,161,40,12,71,3,16,75,52,111,21,72,4,17,76,20,51,29,2,74,15,103,44,153,95,7,65,26,32,18,47,199,83,87,146,9,82,8,126,155,145,86,10,69,5,167,
17,142,147,37,124,1,175,59,118,78,136,104,182,5,184,9,68,42,26,55,61,3,32,73,49,108,70,81,139,35,151,53,
42,32,73,68,55,26,108,70,5,37,124,81,139,53,59,1,104,118,147,164,35,151,159,78,165,49,136,
139,201,53,104,195,159,147,1,59,151,35,49,165,164,187,
40,149,9,68,81,105,171,53,112,59,5,37,35,17,133,157,70,80,120,61,150,32,3,12,71,42,100,26,65,152,8,185,128,69,75,16,55,114,131,73,137,78,108,49,20,178,119,1,
59,49,72,81,70,112,53,176,35,80,73,126,8,37,20,55,114,26,42,100,128,69,40,43,71,12,130,133,15,103,44,87,83,119,1,105,65,183,125,4,5,16,75,17,9,68,121,3,150,32,120,61,
131,8,149,175,1,35,136,55,26,142,81,17,104,59,118,139,80,181,42,9,68,61,3,32,73,78,137,49,108,124,37,5,70,112,53,
95,32,1,26,140,7,125,42,148,153,15,74,44,103,2,29,146,87,9,65,82,47,126,8,86,69,10,155,83,5,167,51,20,76,17,4,72,21,111,52,75,16,3,71,12,40,161,43,102,
168,69,128,40,156,52,111,198,21,80,103,44,15,12,71,130,114,173,55,17,32,26,65,1,140,75,16,125,9,73,87,35,20,202,72,43,5,83,37,4,8,126,100,42,120,2,61,148,121,3,
73,191,131,35,80,171,53,112,1,119,142,114,55,26,200,81,42,197,20,49,108,78,137,5,70,3,32,61,105,149,124,37,8,104,133,17,68,9,152,118,59,
139,201,53,104,195,159,147,1,59,151,35,49,165,164,187,
175,181,142,26,55,32,3,61,136,20,49,108,35,8,37,124,131,73,105,78,137,196,80,119,1,59,118,53,112,149,17,104,70,5,42,81,68,9,
127,129,39,116,12,38,10,29,16,44,74,15,2,40,56,82,141,51,123,52,4,43,95,7,66,86,21,47,18,76,135,93,113,
133,152,175,181,142,26,55,32,3,61,136,20,49,108,35,8,37,124,131,73,105,78,137,196,80,119,1,59,118,53,112,149,17,104,70,5,42,81,68,9,
69,75,73,191,131,35,80,171,53,112,1,119,142,114,55,26,200,81,42,197,20,49,108,78,137,5,70,3,32,61,105,149,124,37,8,104,133,17,68,9,152,118,59,
20,105,53,112,70,182,5,37,124,17,104,142,26,55,81,35,136,108,49,175,119,1,149,8,131,73,213,59,118,139,80,181,42,68,9,61,3,32,196,78,137,
68,55,26,108,136,49,165,78,159,151,35,203,164,70,5,37,124,81,139,53,59,1,104,118,147,
129,93,127,163,20,18,40,2,44,15,74,16,29,56,174,10,38,12,8,95,82,141,51,123,66,7,52,4,102,43,72,86,21,76,47,
1,159,49,147,59,35,164,
82,3,121,148,61,2,120,42,100,126,8,4,37,83,5,43,72,202,20,35,146,87,73,68,9,15,80,21,198,140,111,52,168,40,69,128,156,215,44,103,12,71,130,114,173,55,26,17,16,75,32,65,1,125,
69,75,136,59,118,152,9,68,17,133,104,8,37,124,149,105,142,114,55,26,200,3,32,61,80,119,1,131,35,73,191,171,53,112,216,42,81,197,20,49,108,196,78,137,5,70,
104,195,164,35,59,49,159,53,1,147,225,
8,165,181,53,151,35,80,139,136,137,78,175,1,59,118,147,124,37,142,26,55,17,104,208,182,5,184,68,9,42,61,3,32,73,49,108,70,81,
181,3,61,184,175,142,17,124,37,182,5,208,70,26,55,73,81,80,139,9,68,42,32,209,35,151,53,1,104,59,118,147,164,159,137,78,165,108,49,136,
157,100,16,75,128,69,71,12,73,191,131,35,80,171,53,112,178,1,119,142,114,55,26,200,81,42,197,20,49,108,78,137,5,70,3,32,61,105,149,65,124,37,8,104,133,194,17,68,9,152,118,59,
40,104,100,157,78,137,70,5,73,131,185,8,37,35,80,26,142,20,17,194,149,55,114,16,75,133,49,108,128,69,124,65,152,71,12,61,3,150,32,9,68,42,81,105,59,178,119,1,171,112,53,
100,177,156,188,102,43,161,40,12,71,180,3,16,75,52,111,21,72,4,17,76,20,51,167,5,83,74,15,103,44,148,32,42,9,125,7,65,153,95,140,82,26,1,2,29,146,87,47,8,126,69,10,214,155,86,
59,49,70,81,140,148,156,52,111,72,112,53,176,35,21,80,73,126,8,37,20,173,55,114,26,42,100,128,69,40,43,71,12,130,133,15,103,44,87,83,119,1,105,65,183,125,4,5,16,75,17,9,68,121,3,150,32,120,61,
53,168,105,69,128,40,156,52,111,198,21,80,103,44,15,12,71,130,114,173,55,17,150,32,26,183,65,1,140,75,16,125,68,9,73,87,35,20,202,72,43,5,83,37,4,8,126,100,42,120,2,61,148,121,3,
32,42,187,147,118,104,1,59,53,139,81,124,37,5,70,164,68,159,55,26,108,223,78,136,49,165,35,151,203,
152,157,78,61,120,32,150,3,121,186,68,9,17,75,16,5,4,125,183,65,105,1,119,83,87,44,103,80,73,53,112,70,81,49,20,176,131,190,72,43,59,35,212,126,8,37,26,55,114,42,100,12,130,71,128,69,40,15,133,
83,87,65,47,17,76,21,86,145,72,43,102,40,44,18,20,15,74,172,3,9,38,2,93,16,193,29,56,174,10,12,8,95,82,141,51,123,66,7,111,52,4,
136,100,12,157,216,59,118,152,9,68,194,17,133,104,8,37,65,124,149,105,61,32,3,142,26,200,80,178,119,1,131,35,73,191,75,171,53,112,128,69,221,55,114,81,42,197,20,49,108,78,137,5,70,
129,163,47,76,21,86,145,72,43,102,40,44,18,20,15,74,172,3,127,9,38,2,93,16,193,29,56,174,10,12,8,95,82,141,51,123,66,7,52,4,
8,20,163,93,129,18,40,127,44,15,74,16,29,38,12,72,102,43,10,2,179,56,82,141,51,123,52,4,95,7,66,86,21,76,47,
2,157,212,61,100,42,114,55,173,26,37,8,126,73,80,35,234,156,59,72,20,176,49,69,70,21,148,52,111,81,140,112,53,40,43,71,12,133,15,103,44,87,83,119,128,1,105,65,183,125,4,5,16,75,17,9,68,121,130,3,150,32,120,
68,55,26,124,37,5,70,203,187,164,210,81,139,201,53,104,108,195,159,118,147,1,59,35,151,136,78,165,49,
3,61,184,175,142,17,124,37,182,5,208,70,26,55,73,81,80,139,9,68,42,32,209,35,151,53,1,104,59,118,147,164,159,137,78,165,108,49,136,
12,218,181,175,220,221,70,5,137,78,196,108,49,20,197,81,42,216,112,53,171,191,73,35,8,37,124,104,133,75,17,68,9,152,118,59,69,136,227,149,105,142,26,200,55,114,3,32,61,1,119,139,80,131,
187,201,147,118,104,1,59,53,139,81,124,37,5,70,164,68,159,55,26,195,108,223,78,136,49,165,35,151,203,
139,81,124,37,1,104,53,147,187,42,32,59,118,236,5,70,68,159,55,203,26,164,223,78,136,108,49,165,35,151,
29,177,125,1,65,32,75,16,17,26,55,173,114,130,71,12,103,44,215,156,128,69,40,168,52,111,140,37,8,126,100,42,148,2,61,120,4,3,121,5,82,226,83,43,72,202,20,153,35,146,87,73,74,15,68,9,198,80,21,
87,83,142,1,119,178,20,49,108,78,137,73,190,131,114,55,16,75,69,128,185,8,65,37,152,211,5,59,26,149,112,171,53,105,40,81,186,9,68,35,194,17,133,157,70,80,120,61,150,32,121,3,130,12,71,42,100,
131,8,229,136,49,108,165,78,137,159,164,147,118,59,104,149,208,5,182,37,124,17,175,1,184,3,61,142,26,55,181,70,73,81,139,80,68,9,42,32,209,35,151,112,230,53,
176,87,83,142,1,119,178,20,49,108,78,137,73,190,131,114,55,16,75,69,128,185,8,65,37,152,211,5,59,26,149,112,171,53,105,40,81,186,9,68,35,194,17,15,133,157,70,80,120,61,150,32,121,3,130,12,71,42,100,
200,53,112,171,1,119,178,118,59,105,81,42,68,9,32,150,3,120,61,130,12,71,211,152,65,124,69,128,40,185,8,37,191,73,131,5,70,157,100,137,78,197,20,108,49,104,194,17,133,35,80,26,142,149,232,55,114,75,16,
59,112,119,81,70,65,183,150,32,17,26,55,173,114,12,15,133,44,103,235,49,176,105,1,128,69,40,156,215,168,52,111,53,71,198,80,140,16,125,68,9,73,87,35,20,75,202,72,43,5,83,37,4,8,126,100,42,120,2,61,21,148,121,130,3,
53,230,112,151,35,209,32,42,9,68,80,139,81,70,181,55,26,137,78,165,108,49,136,147,164,229,142,8,37,124,131,159,73,250,118,59,175,1,104,17,149,208,182,5,184,3,61,
86,167,168,100,155,37,55,173,44,103,40,10,69,21,26,16,75,42,148,177,32,121,3,180,4,17,153,8,126,120,61,2,5,83,29,156,47,51,130,12,71,188,72,43,102,15,74,1,87,146,9,125,65,52,111,82,140,20,
163,4,52,111,7,66,123,51,141,82,95,8,12,10,72,87,29,161,43,102,103,44,47,18,145,86,21,65,83,76,17,93,40,20,15,74,172,174,56,3,127,9,38,238,2,16,193,
177,156,188,18,102,43,161,40,12,71,180,3,16,75,52,111,21,72,4,17,76,20,51,167,5,83,74,15,103,44,207,148,32,42,9,125,7,65,153,95,199,140,82,26,1,2,29,146,87,47,8,126,69,10,214,155,145,86,
32,42,217,243,37,124,81,139,1,104,53,59,118,147,201,187,246,159,5,70,68,55,203,26,164,223,78,195,136,108,49,165,35,210,151,
139,187,228,104,195,164,151,35,165,49,159,53,59,1,147,225,201,
5,37,70,210,187,201,139,228,104,195,164,151,35,78,136,165,49,217,159,53,59,1,118,147,225,
55,68,124,37,5,70,203,210,187,108,195,225,118,147,53,136,78,165,49,1,59,151,35,159,217,139,164,201,104,
155,177,180,102,74,80,9,68,15,73,87,146,35,20,72,43,83,226,82,5,121,4,120,2,21,148,42,100,126,8,37,140,111,52,168,40,69,215,44,103,12,198,71,3,130,114,173,55,153,26,17,16,202,75,32,65,128,1,125,61,188,51,47,156,29,
55,124,37,5,70,203,210,187,201,139,228,104,108,195,164,151,35,136,78,165,49,217,159,53,59,1,118,147,225,
47,102,180,105,183,37,140,111,52,168,40,69,215,44,103,12,114,55,173,128,1,156,29,16,125,65,177,32,17,8,126,100,42,21,148,2,61,120,4,130,3,248,121,5,82,226,83,43,72,75,202,20,26,153,35,146,87,73,74,15,68,9,71,198,80,
176,74,177,215,65,183,150,32,17,153,26,55,173,114,12,15,44,103,235,105,1,128,69,40,29,156,168,52,111,53,71,198,80,140,16,125,68,9,73,87,146,35,20,75,202,72,43,5,83,37,4,8,126,100,42,120,2,61,21,148,121,130,3,226,82,
69,75,147,151,184,200,216,218,152,133,220,137,78,196,32,3,61,9,68,42,181,80,139,142,26,114,55,17,37,124,8,182,5,70,197,20,136,171,112,53,105,104,222,81,35,49,108,175,118,59,1,119,149,131,191,73,213,
183,150,105,180,53,235,37,140,111,52,168,40,69,215,44,103,12,114,55,173,128,1,156,29,16,125,65,177,32,17,8,126,100,42,21,148,2,61,120,4,130,3,248,121,5,82,226,83,43,72,75,202,20,26,153,35,146,87,73,74,15,68,9,71,198,80,
55,168,121,86,155,37,10,69,126,8,47,214,87,146,2,120,1,82,140,95,26,153,65,7,125,9,42,32,44,103,15,74,83,5,51,20,76,17,4,72,148,21,111,52,75,16,130,3,180,71,12,167,40,161,43,102,61,188,29,156,177,173,100,
38,1,167,5,69,10,86,145,155,126,8,82,9,205,146,87,83,199,47,18,32,26,21,111,52,75,16,3,40,72,161,43,102,74,15,103,44,71,12,207,4,17,76,20,51,29,2,153,95,66,125,7,65,
213,20,61,3,184,5,182,208,149,17,222,104,119,1,175,59,118,250,73,159,131,124,37,42,151,35,32,209,80,139,81,68,9,112,230,53,70,181,55,26,229,142,196,137,78,165,108,49,254,136,147,105,164,8,
181,73,208,17,142,175,184,61,3,244,151,35,209,32,187,42,147,230,53,1,37,124,81,80,139,104,118,59,236,182,5,247,70,9,68,159,55,26,203,164,223,137,78,136,165,49,108,
155,86,10,168,121,180,2,120,42,100,126,8,4,37,83,5,43,102,72,20,35,87,146,73,9,125,16,202,75,140,65,153,26,32,17,55,173,3,130,12,15,74,44,103,80,148,21,71,198,111,52,167,40,1,128,69,61,188,51,47,156,29,82,177,
203,225,147,118,1,59,53,159,217,49,165,136,78,260,104,108,195,5,70,187,124,37,210,201,139,228,164,35,151,
37,120,121,168,83,5,51,20,76,17,4,111,52,75,16,233,12,71,100,15,74,102,43,161,180,3,61,188,167,40,177,103,44,21,148,32,42,9,125,7,65,95,140,72,199,82,153,26,1,2,156,29,146,47,8,126,69,10,87,214,155,86,145,18,
61,3,175,73,151,210,35,165,49,108,104,53,1,124,37,139,243,217,159,42,246,187,209,32,81,258,55,236,59,118,147,201,182,5,247,70,9,68,26,203,164,223,78,136,195,
74,212,146,82,226,234,3,130,121,148,21,61,2,29,156,215,40,69,105,235,176,49,103,44,15,133,114,173,55,17,128,1,119,59,150,32,112,53,81,140,12,70,65,183,153,26,168,52,111,71,198,80,16,125,68,9,73,87,35,20,75,202,72,43,5,83,37,4,8,253,126,100,42,120,
177,156,188,18,102,43,161,40,12,71,180,3,16,75,52,111,21,72,4,17,76,20,51,167,5,83,74,15,103,44,207,148,32,42,9,125,7,65,153,95,199,140,82,26,1,2,29,205,146,87,47,8,126,69,10,214,155,145,86,
225,147,1,59,201,259,139,187,228,104,195,164,35,151,165,49,217,159,53,
203,225,147,118,1,59,53,159,217,49,165,136,78,260,104,195,5,70,187,124,37,210,201,139,228,164,35,151,
228,243,42,32,81,258,104,225,26,203,261,246,187,247,70,5,37,124,68,55,147,53,195,136,78,165,108,49,1,236,118,59,210,151,35,159,217,139,223,164,201,
71,151,184,213,222,178,65,124,37,8,35,171,53,81,147,20,216,157,42,68,181,104,191,220,218,175,221,49,108,78,137,197,70,5,133,75,17,194,152,245,118,59,196,69,9,136,100,227,149,105,142,26,73,200,182,55,114,3,112,239,32,61,128,1,119,12,139,80,131,
65,7,125,66,95,153,2,29,51,20,76,17,4,207,12,71,44,103,15,74,102,43,161,72,40,269,145,86,155,8,126,82,10,69,5,167,1,38,9,87,146,205,83,140,199,47,18,32,3,26,21,111,52,75,16,
114,171,191,8,105,254,49,108,165,78,137,196,142,229,26,181,197,70,53,230,112,136,9,68,139,80,209,35,151,42,164,37,124,131,32,159,218,250,118,59,175,1,119,104,222,17,149,81,208,55,182,5,184,3,61,147,20,213,220,133,152,73,200,
213,20,61,3,184,5,182,208,149,17,222,104,119,1,175,59,118,250,73,159,131,124,37,42,151,35,32,209,80,139,81,68,9,112,230,53,70,181,55,203,26,229,142,196,137,78,165,108,49,254,136,147,105,223,164,244,8,
114,191,8,105,254,49,108,165,78,137,196,142,229,26,181,197,70,53,230,112,136,9,68,139,80,209,35,151,42,164,37,124,131,32,159,218,250,118,59,175,1,119,104,222,17,149,81,208,55,182,5,184,3,61,147,20,213,220,133,152,73,200,
43,104,249,100,5,152,211,65,37,8,185,69,75,16,114,55,190,4,131,73,124,251,133,108,176,49,137,78,87,178,128,1,119,83,15,142,20,26,149,112,44,171,53,105,40,81,59,186,9,68,35,194,17,157,70,80,120,61,150,32,121,3,130,12,71,42,
210,53,159,217,49,165,151,35,187,225,118,147,1,59,228,201,259,139,278,104,195,164,
121,218,181,175,220,221,216,16,196,69,65,124,152,211,139,12,71,150,32,136,9,68,252,75,53,239,112,171,118,59,61,120,130,3,119,178,128,1,81,42,40,185,8,37,191,200,73,131,5,157,227,100,137,78,70,197,20,108,49,231,104,194,17,133,35,80,26,142,149,105,232,55,114,
55,108,49,165,78,217,159,1,53,59,118,147,225,203,279,104,136,195,5,70,187,124,273,37,260,201,139,228,164,35,210,151,
140,178,108,137,185,149,211,133,80,171,44,103,87,83,119,237,105,16,75,17,120,61,68,9,65,183,152,125,78,121,32,150,5,157,73,53,112,70,81,20,49,176,4,131,190,72,43,186,59,35,212,126,8,37,26,55,114,42,100,12,3,130,71,1,128,69,40,15,
244,8,223,164,105,147,136,254,49,108,165,78,137,196,142,229,203,26,55,181,70,53,230,112,9,68,81,139,80,17,222,104,149,208,5,182,124,37,184,213,3,61,20,270,119,1,175,59,118,250,73,131,218,159,42,151,35,32,209,
2,137,178,185,173,111,52,156,21,148,140,234,133,80,171,44,103,87,83,119,237,105,16,75,17,120,61,68,9,65,183,152,125,78,121,32,150,5,157,73,53,112,70,81,20,49,176,4,131,190,72,43,186,59,35,212,126,8,37,26,55,114,42,100,12,3,130,71,1,128,69,40,15,
68,261,263,151,210,35,164,1,59,118,147,78,165,217,159,49,108,136,195,55,53,289,225,203,279,104,5,70,187,124,273,37,260,201,139,228,
229,108,49,165,195,136,78,137,223,164,203,26,55,159,68,9,70,247,5,182,8,244,3,61,210,151,32,209,243,184,35,271,175,1,17,104,149,208,73,201,142,181,246,187,42,147,236,59,118,112,230,53,37,124,81,139,80,
37,70,210,225,118,147,1,59,201,259,139,187,228,104,195,164,35,151,78,136,165,49,217,159,53,
173,207,18,145,86,155,214,87,120,2,3,180,121,61,188,43,102,161,15,74,12,71,233,16,75,100,37,76,17,4,52,111,168,51,83,5,274,20,167,40,177,103,44,21,148,32,42,9,125,7,65,95,140,199,72,82,153,26,1,156,29,146,47,8,126,69,10,
173,18,145,86,155,214,87,120,2,3,180,121,61,188,43,102,161,15,74,12,71,233,16,75,100,37,76,17,4,52,111,168,51,83,5,274,20,167,40,177,103,44,21,148,32,42,9,125,7,65,95,140,199,72,82,153,26,1,156,29,146,47,8,126,69,10,
165,16,131,80,266,139,12,119,1,128,61,32,239,112,221,175,218,220,191,231,104,281,222,157,216,208,81,53,171,49,108,147,20,42,71,68,184,213,178,151,35,181,65,124,8,37,78,137,197,70,5,133,75,17,194,152,245,118,59,196,69,9,136,100,227,149,105,142,26,73,200,182,55,114,3,
52,21,148,15,40,69,128,1,71,130,3,12,100,152,211,65,183,125,9,68,105,237,119,178,61,120,83,87,290,140,81,108,137,78,185,126,8,17,75,16,133,149,80,53,112,171,44,103,121,32,150,5,157,73,70,20,49,176,4,131,190,72,43,186,59,35,212,37,26,55,114,42,
Future sets, 
110,117,77,64,122,96,99,107,63,
225,195,140,282,269,125,165,136,139,118,104,78,228,201,187,210,217,287,259,151,278,53,257,148,61,188,264,137,152,279,270,211,150,277,209,81,208,267,292,176,235,108,105,232,261,183,293,175,234,226,285,265,231,290,230,236,295,168,262,203,291,173,296,274,280,221,247,120,70,197,248,121,130,297,273,184,243,244,185,254,283,156,227,100,286,250,191,220,229,288,196,218,271,212,213,272,42,299,181,245,186,68,182,55,114,263,198,80,268,289,298,171,239,112,202,216,275,215,255,128,157,284,276,149,37,294,246,119,178,237,266,242,142,124,251,260,133,222,281,253,194,252,223,73,200,258,131,190,249,177,180,214,233,
292,242,202,198,235,253,215,168,146,226,82,143,109,158,132,56,267,276,66,193,86,51,199,257,179,170,297,238,141,268,189,248,29,265,206,95,145,272,153,205,264,224,166,74,192,255,169,296,180,167,163,76,177,269,102,161,277,162,93,135,262,207,116,233,47,174,241,123,219,160,240,113,172,274,256,129,188,282,155,214,127,204,
175,61,193,240,65,178,103,230,114,291,213,250,191,181,152,270,211,197,256,120,297,238,111,229,254,83,200,222,220,271,128,255,244,257,130,112,239,283,156,285,226,167,294,17,274,215,286,168,180,184,242,183,265,208,149,276,231,290,218,131,275,148,216,133,296,237,119,171,298,248,121,186,245,176,235,205,146,137,264,71,198,199,233,292,9,266,80,207,188,196,69,87,214,140,267,155,282,153,212,269,142,299,172,252,125,234,185,126,253,194,227,100,105,232,173,221,281,251,75,202,284,157,177,161,288,272,268,277,150,262,249,190,
286,183,125,103,237,212,180,140,267,276,86,145,272,204,127,214,155,282,188,129,256,274,172,299,113,240,160,219,189,248,76,126,253,66,193,51,167,226,265,206,153,242,156,215,146,205,264,82,198,148,21,257,234,116,292,233,224,174,47,166,255,168,177,235,202,173,192,74,290,163,297,52,179,238,111,141,268,72,199,169,296,95,269,102,161,277,162,93,135,262,207,241,123,
260,167,279,203,124,273,108,126,146,205,153,69,293,261,68,263,114,249,190,131,258,254,188,61,247,120,297,175,208,81,275,148,130,257,200,73,142,269,274,246,119,178,237,268,213,272,184,243,181,271,212,242,183,199,229,288,282,223,207,80,198,280,262,285,226,220,251,133,191,250,231,290,152,270,211,173,291,266,209,150,277,218,221,100,227,286,168,234,292,233,265,276,149,140,267,236,177,245,186,296,216,214,157,284,182,55,180,264,137,196,294,176,235,197,215,156,26,283,121,248,255,128,185,244,75,202,42,299,222,281,125,252,194,253,239,112,298,171,230,105,232,32,289,

268,214,154,160,219,189,93,238,179,297,233,174,115,56,145,204,256,169,97,38,274,240,269,143,144,85,94,170,162,172,113,66,199,257,141,277,132,116,207,296,205,109,18,163,192,158,129,241,123,166,282,224,127,98,135,193,206,
229,131,213,254,250,234,233,292,202,75,161,288,176,235,186,173,232,105,205,264,146,290,231,248,121,211,281,149,276,286,168,294,167,226,111,238,256,83,199,180,298,171,112,239,185,126,253,237,296,178,297,120,265,157,284,128,255,103,100,227,277,150,194,268,69,196,266,148,207,221,218,152,270,267,140,285,197,155,282,224,220,191,133,251,174,291,241,114,200,240,119,193,222,245,216,214,87,269,252,125,262,145,272,257,130,198,71,190,249,283,156,215,20,274,299,172,153,212,183,242,65,188,177,
275,184,180,239,112,168,286,283,156,215,257,130,265,231,290,183,242,128,255,276,149,294,167,244,218,131,216,133,274,17,271,220,222,200,83,254,229,111,238,226,285,208,297,120,256,197,211,270,152,181,191,250,213,291,114,230,103,178,296,237,119,171,298,248,121,186,245,176,235,205,146,137,264,71,198,199,233,292,148,266,80,207,188,196,69,87,214,140,267,155,282,153,212,269,142,299,172,252,125,234,185,126,253,194,227,100,105,232,173,221,281,251,75,202,284,157,177,161,288,272,268,277,150,262,249,190,65,240,193,
160,219,189,93,238,179,174,115,56,233,204,272,145,86,38,274,269,143,85,94,297,170,206,132,135,76,98,127,224,282,166,123,241,192,163,256,129,158,109,162,172,240,113,116,193,66,214,277,169,296,141,268,95,199,257,205,207,255,167,161,
57,36,
245,127,281,100,239,178,157,194,111,238,71,198,257,130,248,121,189,267,140,199,72,212,153,269,204,156,274,215,237,296,180,268,141,202,168,286,83,252,125,242,183,241,249,190,103,219,205,264,146,177,148,207,265,206,188,128,255,226,282,155,87,214,253,126,185,231,16,193,95,65,192,251,123,298,240,172,299,86,272,145,262,102,161,288,150,277,256,173,232,233,174,292,224,82,235,176,167,40,276,290,163,211,120,297,179,234,186,

144,134,110,107,101,138,79,92,30,88,117,154,96,122,106,77,
251,93,166,76,44,193,272,145,240,299,172,126,253,167,226,282,155,214,188,265,148,207,255,177,264,205,242,183,233,292,174,234,224,127,102,161,82,95,286,168,241,123,125,202,173,86,204,235,206,74,192,103,219,141,268,290,163,43,297,52,179,180,296,237,215,274,156,269,153,212,72,199,140,267,257,198,189,248,276,238,111,129,256,277,135,262,146,
298,231,185,192,123,95,86,193,272,145,240,299,172,126,253,226,282,155,214,87,188,265,148,207,255,177,264,205,146,262,161,288,150,277,256,173,232,233,174,292,224,82,235,176,206,102,167,40,276,163,290,211,120,297,179,234,251,186,219,103,190,249,241,183,242,125,252,83,286,168,202,141,268,180,296,237,215,274,156,204,269,153,212,72,199,140,267,189,121,248,130,257,198,238,111,
208,256,111,238,83,254,291,200,222,133,216,218,197,270,152,220,250,191,285,213,131,114,119,181,229,271,103,230,244,294,167,237,296,178,149,276,226,255,128,242,183,290,231,265,120,297,211,130,257,274,215,283,156,286,168,112,239,180,171,298,248,121,186,245,176,235,205,146,137,264,71,198,199,233,292,148,266,80,207,188,196,69,87,214,140,267,155,282,153,212,269,299,252,125,234,185,126,253,194,227,100,105,232,173,221,281,251,75,202,284,157,177,161,288,272,268,277,150,262,249,190,
205,207,277,296,257,199,66,116,113,172,162,109,158,129,163,192,241,123,166,282,224,127,98,135,193,132,206,141,170,94,85,143,269,240,274,38,169,256,204,56,115,174,297,179,238,93,189,219,160,

224,174,193,240,119,241,114,291,200,222,133,216,197,285,191,220,152,270,218,221,245,266,196,69,140,267,282,155,214,87,269,125,252,262,145,272,257,130,198,71,190,249,283,156,215,274,172,299,153,212,183,242,65,251,188,148,207,177,268,194,150,277,227,100,103,255,128,284,157,265,120,297,178,296,237,253,126,185,239,171,298,180,199,83,256,238,111,226,167,168,286,276,281,211,121,248,231,290,146,264,205,105,232,173,186,235,176,288,161,75,202,292,233,234,
156,146,215,198,292,168,253,235,173,242,234,202,226,153,82,265,248,177,167,255,205,264,166,224,193,76,51,189,192,74,163,206,297,179,111,238,268,141,257,199,169,296,95,269,102,161,277,162,93,135,262,207,116,233,47,174,241,123,219,160,240,113,299,172,274,256,129,188,282,155,214,127,204,272,145,86,276,267,180,

84,
110,117,77,64,122,96,99,107,63,
58,84,67,34,
223,243,282,199,181,212,271,272,213,229,288,198,207,80,262,285,226,242,183,220,191,250,231,290,270,152,211,133,251,268,237,178,246,119,274,269,142,200,73,130,257,275,148,81,208,175,184,120,247,297,61,188,254,131,258,190,249,114,173,291,266,209,150,277,218,221,280,100,227,286,168,234,292,233,265,276,149,140,267,236,177,245,186,296,42,216,214,157,284,182,180,264,137,196,294,176,235,197,215,156,283,121,248,255,128,185,244,75,202,299,222,281,125,252,194,253,239,112,298,171,230,105,232,
67,58,
99,
153,265,248,177,180,167,255,205,264,166,224,76,51,189,192,74,163,206,297,179,238,268,141,257,199,169,296,95,269,102,161,277,162,93,135,262,207,116,233,47,174,241,123,219,160,240,113,172,274,256,129,188,282,155,214,127,204,272,145,86,193,66,276,267,
110,107,101,88,138,79,117,96,122,77,

282,199,181,212,271,272,213,229,288,198,207,80,262,285,226,242,183,220,191,250,231,290,270,152,211,133,251,268,237,178,119,274,269,142,200,73,130,257,275,148,208,175,184,120,247,297,61,188,254,131,258,190,249,114,173,291,266,209,150,277,218,221,280,100,227,286,168,234,292,233,265,276,149,140,267,236,177,245,186,296,42,216,214,157,284,182,180,264,137,196,294,176,235,197,215,156,283,121,248,255,128,185,244,75,202,299,222,281,125,252,194,253,239,112,298,171,230,105,232,

67,84,58,
225,215,128,202,272,114,198,80,183,226,262,248,195,68,276,149,208,81,254,283,191,250,227,286,299,181,239,112,298,171,218,230,289,285,108,235,221,280,294,186,70,197,273,220,279,152,196,264,137,292,165,234,263,136,244,185,251,124,133,260,249,190,203,270,175,293,184,243,182,178,237,247,261,223,78,228,287,53,131,258,176,150,209,236,295,265,187,119,246,267,278,151,210,217,259,73,200,201,142,290,231,104,222,281,288,229,275,216,118,245,157,284,139,266,164,291,105,232,194,253,252,212,271,213,242,211,

130,274,296,173,297,273,203,295,120,247,221,280,236,184,243,70,197,254,283,185,244,227,286,250,191,220,229,288,230,290,231,265,285,226,262,234,175,293,183,248,261,291,232,105,108,235,176,292,208,81,267,209,150,211,270,279,152,264,137,196,218,271,212,213,272,299,181,245,186,68,182,55,114,263,198,80,268,289,298,171,239,112,202,216,275,215,255,128,157,284,276,149,294,246,119,178,237,266,242,142,124,251,260,133,222,281,253,194,252,223,73,200,258,131,190,249,
282,269,98,94,85,141,132,206,193,135,127,166,224,240,169,256,204,170,115,174,56,143,179,238,93,189,219,160,123,241,192,163,129,158,109,162,172,113,116,
166,135,106,89,154,206,90,219,132,158,169,109,98,143,85,94,62,91,170,144,115,162,97,160,192,134,
232,211,120,103,176,251,186,190,249,252,125,286,183,83,102,219,206,82,224,241,163,290,174,292,233,234,235,173,202,242,141,268,297,179,180,296,237,215,274,156,204,269,153,212,72,199,267,140,130,257,198,189,121,248,276,168,238,111,256,277,288,161,262,146,205,264,177,255,207,148,265,188,87,214,155,282,226,167,253,126,172,299,240,145,272,193,

280,236,177,180,214,168,233,182,209,216,157,284,245,186,276,149,292,234,286,100,227,221,277,150,266,265,267,264,137,294,176,235,218,197,196,156,283,121,248,215,128,255,185,244,202,299,222,281,252,194,253,239,112,298,171,230,105,232,291,173,114,249,190,258,131,254,188,61,297,247,120,184,175,208,148,275,257,130,73,200,142,274,296,119,178,237,268,251,133,211,152,270,290,231,250,191,220,183,242,226,285,262,80,198,288,229,213,272,271,212,181,
286,183,125,103,82,206,95,86,219,102,123,192,127,74,224,241,163,290,174,292,233,234,235,173,202,242,141,268,297,179,180,296,237,215,274,156,204,269,153,212,72,199,267,140,257,198,189,248,276,168,238,111,129,256,277,161,262,146,205,264,177,255,207,148,265,188,214,155,282,226,167,253,126,172,299,240,145,272,193,
286,183,125,103,82,206,95,86,219,102,123,192,127,74,224,241,163,290,174,292,233,234,235,173,202,242,141,268,297,179,180,296,237,215,274,156,204,269,153,212,72,199,267,140,257,198,189,248,276,168,238,111,129,256,277,161,262,146,205,264,177,255,207,148,265,188,214,155,282,226,167,253,126,172,299,240,145,272,193,
166,106,89,154,90,132,158,169,109,98,143,85,94,62,91,170,144,115,162,97,160,134,

206,257,199,141,269,240,95,272,297,238,179,268,189,256,76,135,193,282,224,166,296,163,192,264,205,255,167,169,51,102,161,277,162,93,262,207,116,233,174,241,123,219,160,113,172,274,129,188,155,214,127,204,145,86,
158,91,90,138,170,92,88,101,60,89,154,144,115,134,106,97,
225,195,147,253,186,242,212,234,278,151,259,287,217,210,187,201,228,261,236,131,258,247,246,223,209,182,243,184,293,175,290,104,231,288,229,222,280,221,251,124,271,213,164,291,232,200,142,260,194,252,254,78,137,196,244,185,273,190,249,203,294,178,237,295,211,270,136,263,165,292,152,279,220,108,285,289,230,218,171,298,112,239,181,299,159,286,227,250,191,283,208,276,149,139,266,157,284,197,118,245,216,275,281,
84,
262,116,162,93,161,167,255,207,205,192,163,241,123,277,160,219,113,172,274,188,129,155,214,127,174,233,86,145,204,296,166,224,282,193,135,76,256,189,268,179,238,297,272,95,240,269,141,199,257,206,
156,146,215,198,292,168,253,235,173,242,214,299,172,179,297,123,241,219,161,102,277,74,192,276,296,267,180,127,205,264,163,233,174,262,274,188,207,177,193,167,226,255,204,86,224,155,282,129,256,248,189,145,272,95,240,269,268,141,82,199,257,265,206,76,166,153,238,111,202,234,
176,265,267,150,278,151,259,287,217,210,187,201,228,78,261,236,258,131,247,246,119,223,209,182,243,184,293,175,290,104,231,288,229,222,281,275,216,118,245,284,157,139,266,291,232,200,142,194,253,252,212,271,213,242,178,237,295,211,270,203,190,249,260,133,124,251,185,244,136,263,234,165,292,137,196,152,279,220,273,197,70,186,294,280,221,235,108,285,289,230,218,171,298,112,239,181,299,286,227,250,191,283,254,81,208,149,276,
132,101,98,143,89,154,134,106,158,115,144,92,170,97,90,91,169,94,
289,268,263,215,255,128,202,272,114,198,80,284,157,245,186,181,299,213,218,137,264,196,271,212,211,270,152,298,171,239,112,276,149,294,246,119,178,237,266,242,142,216,275,251,133,222,281,253,194,252,223,73,200,258,131,190,249,68,150,209,267,81,208,292,176,235,105,232,291,261,248,183,293,175,234,262,226,285,265,231,290,230,288,229,220,191,250,286,227,244,185,283,254,197,243,184,236,280,221,247,182,
170,256,169,204,240,224,166,127,135,193,206,132,179,238,93,189,219,160,241,192,163,129,158,109,162,143,113,116,174,141,

67,
195,225,253,186,242,212,234,278,151,259,287,217,210,187,201,228,261,236,131,258,247,246,223,209,182,243,184,293,175,290,104,231,288,229,222,280,221,251,124,271,213,164,291,232,200,142,260,194,252,254,78,137,196,244,185,273,190,249,203,294,178,237,295,211,270,136,263,165,292,152,279,220,108,285,289,230,218,171,298,112,239,181,299,286,227,250,191,283,208,276,149,139,266,157,284,197,118,245,216,275,281,
170,88,101,138,89,154,134,106,115,144,92,97,90,91,
184,275,175,208,142,130,274,296,268,173,297,120,254,190,249,232,105,291,200,112,239,171,298,253,194,281,222,252,251,133,211,152,270,290,231,250,191,220,183,242,131,226,285,262,80,198,119,178,237,288,229,114,230,213,272,271,212,181,299,202,244,185,255,128,215,248,283,196,197,218,235,176,294,137,264,267,265,266,150,221,227,286,234,292,149,276,186,245,284,157,216,
109,98,94,91,170,115,144,162,97,160,134,85,143,169,158,132,90,154,
107,99,96,
107,99,96,
194,157,178,239,100,103,256,111,238,83,126,253,277,150,177,207,148,188,199,251,268,297,120,265,183,242,128,255,226,167,168,286,276,296,237,281,211,298,248,121,180,231,290,185,146,264,205,232,173,186,235,176,161,288,202,292,233,234,212,153,299,274,215,156,249,190,71,198,130,257,272,262,252,125,269,87,214,155,282,267,140,
172,141,123,174,116,162,113,129,163,192,241,160,189,93,238,219,206,193,135,127,179,282,166,224,269,240,204,169,256,

293,261,248,262,226,183,150,267,235,176,265,249,190,131,258,105,232,291,200,292,194,253,281,222,252,133,251,216,231,290,230,288,229,220,191,250,286,227,285,244,185,283,254,197,243,184,236,223,275,280,221,247,182,81,208,209,175,234,142,242,266,237,178,119,246,294,149,276,112,239,171,298,152,270,211,212,271,196,264,137,218,213,299,181,186,245,157,284,
153,205,146,148,188,140,267,282,214,269,125,252,186,264,235,176,239,298,180,198,168,286,156,274,215,299,212,233,292,234,126,253,194,266,207,227,100,245,232,173,221,281,199,251,75,202,157,177,288,185,272,268,277,150,262,249,190,121,248,257,130,211,297,120,265,231,290,183,242,128,255,226,276,178,296,237,
295,137,203,260,133,190,292,253,186,185,279,152,237,178,242,212,234,273,263,252,194,244,142,200,232,291,213,271,294,124,251,280,221,108,285,289,230,218,211,270,171,298,112,239,181,299,286,227,250,191,249,220,283,196,254,208,276,149,266,157,284,197,245,216,275,281,222,229,288,231,290,175,293,184,243,182,209,223,119,246,247,131,258,236,261,
281,298,231,185,167,232,186,264,146,205,235,176,237,296,276,286,168,226,255,242,183,290,265,120,297,211,268,251,288,173,202,292,233,234,212,153,299,274,215,156,249,190,198,130,257,272,262,248,121,180,252,125,269,214,155,282,267,140,199,188,148,207,177,150,277,253,126,
204,189,179,269,153,212,276,274,215,156,257,198,199,296,237,140,267,180,297,268,242,202,173,235,234,292,233,174,168,238,111,256,277,161,262,248,146,205,264,177,255,207,148,265,188,214,282,155,226,167,253,126,172,299,240,272,145,193,290,163,241,224,
209,182,184,275,175,208,142,254,190,249,232,105,291,200,112,239,171,298,253,194,281,222,252,251,133,211,152,270,290,231,250,191,220,183,242,131,226,285,262,80,198,119,178,237,288,229,114,230,213,272,271,212,181,299,202,244,185,128,215,248,283,196,197,218,235,176,294,137,264,267,265,266,150,221,227,286,234,292,149,276,186,245,284,157,216,
276,267,180,177,127,262,129,188,207,264,205,192,163,241,123,296,179,297,238,277,102,161,219,172,274,155,214,233,174,193,167,255,204,145,86,224,282,256,248,189,268,272,95,240,269,141,199,257,265,206,
266,245,221,207,199,194,157,177,251,288,232,173,202,253,292,233,234,212,299,215,274,156,227,100,281,198,298,239,180,185,272,268,277,150,262,249,190,121,248,257,130,211,297,120,265,231,290,183,242,128,255,226,168,286,276,178,296,237,176,235,264,186,252,125,269,214,282,267,140,188,148,
166,129,127,214,274,172,219,277,193,296,174,233,145,204,224,282,256,189,268,95,240,269,141,199,257,206,238,297,179,123,241,163,192,205,207,
122,117,
190,185,178,237,292,137,295,260,152,279,203,273,136,263,252,194,244,142,200,232,291,213,271,294,124,251,280,221,108,285,289,230,218,211,270,171,298,239,181,299,286,227,250,191,249,220,283,196,254,208,149,266,284,197,245,216,275,281,222,229,288,231,290,175,293,184,243,182,209,223,246,247,258,236,261,
138,
244,230,271,229,181,198,272,202,128,119,215,248,262,226,114,131,213,242,183,285,191,250,220,288,290,231,152,211,270,283,196,197,218,212,235,176,294,264,267,265,178,237,266,150,299,221,227,286,234,292,185,149,276,186,245,284,157,216,133,251,252,222,281,194,253,298,171,239,112,200,291,105,232,249,190,254,
243,236,280,247,223,209,182,184,275,175,208,142,229,254,283,197,185,244,285,227,286,250,191,220,288,290,231,230,242,234,266,237,178,246,119,294,276,149,112,239,171,298,152,270,211,212,271,196,137,218,213,221,299,181,186,245,284,157,216,251,133,252,222,281,253,194,292,200,291,232,258,131,190,249,
267,180,206,265,177,276,153,219,141,241,163,272,214,155,257,199,224,282,256,269,240,268,274,188,248,189,193,277,102,161,172,207,264,205,262,204,145,233,174,297,179,238,296,226,167,255,
153,269,242,183,202,173,268,297,238,167,226,255,168,286,265,290,264,146,205,125,249,190,186,251,199,161,237,296,140,267,180,177,176,235,262,256,234,233,292,198,257,277,248,103,148,207,299,188,87,214,272,156,274,215,126,253,155,282,276,212,

170,162,160,143,169,158,132,
255,167,161,214,274,172,219,277,193,296,174,233,145,204,224,282,256,189,268,272,95,240,269,141,199,257,206,238,297,179,123,241,163,192,205,207,
190,249,186,251,161,125,237,296,267,180,140,199,290,265,226,167,286,168,255,238,297,268,173,202,183,242,126,269,177,176,235,262,256,264,146,205,234,233,292,198,257,277,248,103,148,207,299,188,155,214,272,156,274,215,253,282,276,212,153,
138,101,
134,106,144,154,97,
134,144,154,97,
134,144,154,97,
134,
238,193,135,127,179,219,206,166,224,240,204,256,189,241,192,163,129,
170,158,169,143,
268,189,256,224,282,233,174,204,145,296,193,219,277,141,199,257,206,240,269,238,179,297,123,241,163,192,205,207,172,274,214,

154,144,
158,170,115,

281,185,298,239,121,262,272,198,248,130,190,249,215,274,299,212,234,233,292,253,202,232,173,252,288,251,150,268,211,297,120,265,231,290,183,242,255,226,168,286,276,267,178,296,237,176,235,264,186,

189,188,274,268,193,240,269,282,224,256,199,257,277,161,172,207,264,205,204,145,179,297,238,296,167,255,262,174,233,155,214,272,163,241,
256,248,277,257,198,177,205,146,264,235,148,207,299,234,188,155,214,272,156,274,215,253,282,292,233,262,276,153,212,269,126,242,202,173,268,297,255,168,167,226,265,290,199,140,180,267,296,237,
286,232,228,201,191,187,165,210,217,216,275,246,293,175,291,288,229,230,289,250,244,270,243,184,236,295,287,200,259,252,231,239,298,181,182,197,284,213,271,221,280,223,222,281,294,208,258,261,203,209,273,247,218,260,263,136,254,283,196,118,245,285,227,279,220,266,139,151,278,
284,218,196,264,265,176,235,267,150,178,237,270,211,152,298,239,231,290,288,220,191,283,285,266,197,183,242,212,299,221,227,286,234,292,185,276,186,245,157,216,133,251,252,222,281,194,253,171,200,291,232,249,190,
154,144,134,

289,218,298,239,181,299,286,227,285,250,191,221,280,294,271,213,291,232,200,142,244,270,211,220,249,251,194,252,283,196,254,208,149,266,284,197,245,216,275,281,222,230,229,288,231,290,175,293,184,243,182,209,223,246,247,258,236,261,263,273,
162,160,169,143,

202,234,242,173,235,253,168,256,161,262,292,233,268,238,297,180,267,296,199,198,257,215,274,276,282,153,269,277,248,146,205,264,177,255,207,265,188,272,214,155,226,167,
234,276,212,242,294,149,178,237,211,152,270,298,239,231,290,288,220,191,250,286,227,285,266,185,197,284,283,254,196,218,213,221,299,186,245,157,216,251,252,222,281,253,194,292,171,200,291,232,131,190,249,
162,160,166,192,206,219,135,
285,226,262,248,215,264,266,221,283,171,281,194,253,245,186,216,157,276,150,211,265,237,178,252,190,249,288,267,227,286,235,176,292,234,183,242,251,232,299,212,290,231,298,239,185,
170,
166,192,206,219,135,

287,200,252,231,197,181,182,298,239,284,271,184,243,213,270,244,250,230,289,288,229,291,175,293,263,246,216,275,221,280,223,222,281,294,236,295,266,208,258,261,203,209,273,247,218,260,136,254,283,196,245,285,227,279,220,
284,218,196,178,237,270,211,152,298,239,231,290,288,220,191,283,285,266,197,242,212,299,221,227,286,234,292,185,276,186,245,157,216,133,251,252,222,281,194,253,171,200,291,232,249,190,
211,297,173,288,252,202,253,292,234,212,299,251,290,183,242,255,226,268,286,276,296,237,265,267,176,235,264,186,274,215,249,190,130,248,198,272,262,
288,190,249,186,262,265,226,255,272,276,198,234,292,268,297,173,202,264,176,235,248,253,267,274,215,296,237,286,299,212,242,183,251,290,

206,141,219,193,179,238,174,224,240,204,256,189,241,163,
209,261,258,236,247,246,223,263,273,203,196,252,286,227,280,221,231,197,254,283,200,294,281,222,218,245,285,279,220,216,275,266,208,293,175,232,291,229,288,289,230,191,250,244,270,213,243,184,271,284,239,298,182,181,
269,212,276,262,233,292,253,214,272,215,274,156,202,173,268,297,183,242,255,168,226,265,282,290,140,180,267,237,296,188,234,299,148,235,264,177,198,257,277,248,
212,269,276,262,233,292,253,214,272,215,274,156,202,173,268,297,242,255,168,226,265,282,290,199,140,180,267,237,296,188,234,299,207,148,235,264,177,198,257,277,248,
219,206,192,179,224,240,204,256,189,241,163,
202,215,248,262,226,272,198,264,281,253,186,157,276,150,211,265,237,178,252,190,249,288,267,286,235,176,292,234,183,242,251,232,299,212,290,231,298,239,185,
240,224,219,206,204,189,241,192,179,
268,255,212,299,290,251,183,242,234,292,286,253,276,237,265,267,176,235,264,186,215,249,190,248,198,272,226,262,202,252,288,
254,213,284,218,196,197,185,285,266,283,227,286,221,299,245,216,251,252,222,281,194,292,171,200,291,232,190,249,250,191,220,288,290,231,239,298,270,152,211,237,178,
158,169,143,
234,276,212,242,197,185,285,266,283,227,286,221,299,186,245,157,216,251,252,281,253,194,292,171,200,232,190,249,191,220,288,290,231,239,298,152,211,237,178,

219,206,192,166,
260,209,261,258,295,236,280,247,246,223,263,273,203,254,283,196,294,281,222,218,245,285,227,279,220,275,266,208,293,175,291,229,288,289,230,250,244,270,213,243,184,271,284,239,298,182,181,
292,244,230,271,291,232,270,211,218,286,227,283,254,196,231,290,285,245,216,221,181,299,213,294,149,266,229,288,197,284,200,250,191,249,220,298,239,252,194,251,281,222,

259,245,278,217,213,287,260,210,209,261,258,295,236,280,250,279,266,208,285,283,254,288,229,223,294,281,222,275,246,182,298,244,273,270,291,243,184,271,284,203,230,289,263,293,247,
290,282,226,168,255,265,202,173,272,214,242,268,297,180,267,296,188,234,299,148,235,264,177,198,257,277,248,156,274,215,253,292,233,262,276,
179,219,193,238,174,224,240,204,256,189,241,163,
244,208,196,249,251,194,252,254,283,270,266,232,291,213,271,200,294,221,285,286,227,220,250,191,181,298,239,218,284,197,245,216,281,222,230,229,288,231,
169,

205,207,172,277,256,282,269,240,193,297,274,199,257,238,296,
205,274,257,199,296,267,180,297,268,233,262,276,282,153,269,277,248,264,177,226,255,207,265,188,272,214,
281,266,208,229,298,260,201,293,294,236,295,187,246,278,259,247,271,275,159,217,210,203,261,258,195,254,165,283,287,228,291,230,289,263,243,225,284,209,250,279,244,273,270,285,223,164,280,
299,214,180,297,268,272,173,202,242,234,188,198,257,277,248,274,156,215,267,296,253,235,264,177,292,233,262,276,265,255,168,226,
294,254,213,299,245,216,285,266,221,290,231,283,196,288,197,284,200,250,191,249,220,298,239,252,194,251,281,222,227,286,218,211,270,232,291,
267,235,288,252,211,190,249,186,265,237,276,253,286,176,292,234,242,251,232,290,299,212,
281,266,259,278,217,287,260,210,209,246,275,291,295,236,294,223,280,293,247,273,244,263,279,250,203,261,284,258,229,271,243,208,289,230,270,283,254,298,285,
194,281,252,251,216,245,299,221,283,266,286,227,285,292,171,200,232,249,191,220,288,290,231,239,298,211,237,178,185,197,
276,282,269,277,248,264,177,255,207,265,188,214,272,262,233,268,297,180,267,296,199,257,274,

268,297,167,255,277,274,199,257,296,205,269,282,207,262,233,214,272,
257,188,198,234,292,242,202,173,272,268,297,274,277,248,215,267,296,253,235,264,233,262,276,265,255,168,226,
242,190,237,186,298,211,231,178,239,185,292,249,288,286,299,251,290,232,252,281,

291,228,287,195,254,203,261,263,289,230,210,275,217,243,284,225,283,209,250,279,244,273,270,285,223,164,280,258,271,247,259,278,246,187,295,236,294,293,201,260,

256,277,274,199,257,296,205,269,282,207,233,214,297,268,

256,241,240,224,
285,283,270,244,250,209,225,284,243,217,275,210,258,271,247,259,278,246,187,295,236,294,280,293,273,279,201,260,230,289,263,261,203,254,195,287,228,223,291,
298,259,229,278,217,287,260,246,275,291,294,223,280,293,247,273,244,263,279,250,203,261,284,258,271,243,209,270,283,254,285,289,230,210,236,295,

255,277,274,199,257,296,205,269,282,207,233,272,214,297,268,
274,215,296,267,253,248,235,264,262,276,265,226,255,297,268,272,


292,283,221,227,266,245,216,299,251,286,239,194,281,252,290,232,249,288,231,298,211,
238,256,240,193,
297,268,242,292,234,198,276,272,255,226,265,262,264,235,248,253,296,267,215,202,
224,238,256,240,193,
275,220,245,218,222,294,254,283,285,281,229,266,208,288,230,250,244,270,291,213,184,271,284,298,
265,237,276,253,292,286,234,299,242,251,290,212,
265,188,272,180,267,296,257,274,255,297,268,233,262,264,248,277,
239,185,292,249,288,286,299,251,232,290,281,252,231,211,298,
241,
267,233,272,296,257,297,274,255,268,262,264,277,188,
250,294,229,220,271,213,291,266,298,285,270,254,283,218,281,284,245,222,230,288,
275,222,294,254,283,285,281,229,266,208,230,250,244,270,291,184,271,284,298,
265,267,235,237,276,253,292,234,299,242,264,290,212,
281,229,266,208,230,250,244,270,291,271,284,298,285,283,254,294,
292,232,249,288,286,299,251,290,252,211,
249,251,290,286,299,292,237,
259,247,271,278,287,258,210,246,217,275,295,243,236,294,280,293,273,279,260,289,263,261,
277,262,268,255,274,297,257,296,272,233,

249,251,290,286,299,292,237,
200,197,288,283,231,221,266,227,285,298,216,245,239,252,281,

240,256,238,
251,286,281,239,252,232,249,288,298,231,
259,228,278,287,258,210,246,217,275,295,243,294,280,293,273,279,260,289,263,261,
218,283,270,291,288,266,281,227,285,298,220,245,284,222,
283,231,221,227,266,288,285,298,245,252,239,281,216,
272,226,265,276,262,264,235,248,253,267,215,
297,274,257,296,269,282,277,207,
283,231,221,227,266,288,285,298,245,252,239,281,216,
259,278,287,258,210,246,217,275,295,243,294,280,293,273,279,260,289,263,261,
272,226,265,276,262,264,235,248,253,267,215,
279,289,273,263,293,223,291,275,246,247,280,236,294,284,258,271,243,261,

277,282,269,

277,282,269,296,257,
230,250,244,270,283,291,271,284,298,285,254,294,229,
275,250,244,270,283,291,284,271,285,254,294,230,
295,243,294,275,280,293,273,279,260,289,263,261,258,287,
252,290,251,299,286,288,249,
242,290,299,292,276,237,
266,298,285,270,283,291,281,284,222,
277,268,274,297,257,296,233,
253,248,267,264,262,276,265,226,
239,245,298,281,288,266,227,
295,278,287,261,263,289,279,273,260,275,293,280,258,
291,288,283,266,281,285,298,245,

288,283,266,281,285,298,245,
245,281,298,288,239,
284,281,291,283,270,285,298,266,
291,246,247,280,294,284,258,271,275,236,

259,295,261,287,278,260,273,279,289,263,293,280,228,
276,265,262,264,267,248,
288,281,298,245,
280,293,263,289,279,273,260,278,287,295,259,
294,254,285,284,291,283,270,250,
294,254,285,271,284,291,283,270,250,
298,288,
288,252,
296,297,274,
292,276,242,
267,265,276,253,
271,294,275,280,247,
292,299,290,
256,
288,298,281,



294,275,280,258,
291,294,284,271,
298,281,
294,275,280,258,
280,275,294,271,
267,264,
286,
270,283,291,284,285,254,
286,
288,
276,
285,284,291,283,270,



280,275,
295,287,278,
279,289,293,273,
293,280,

293,


298,


282,
291,
294,

293,289,
297,296,



287,
293,289,

298,







293,
299,









Past links sets, 









3,






12,
9,
7,

8,
4,




5,


2,
14,

5,

25,

11,
1,
10,18,

16,

1,26,32,
15,
15,


21,29,



47,
4,15,
1,35,

5,37,
2,38,
11,
27,34,

48,
3,42,
39,45,
0,24,
0,24,
9,12,20,
4,10,18,29,
58,
35,55,
5,17,20,
37,53,
17,65,
40,4,43,44,
35,42,55,
21,29,43,44,52,
26,32,69,
10,51,52,
0,24,30,
49,53,59,
30,
17,61,73,
26,53,68,
2,21,40,43,44,52,
17,40,65,
23,34,50,
38,62,
10,16,51,74,
83,
30,60,
39,45,54,60,
54,60,62,
54,60,62,
14,54,60,
15,51,56,66,
38,54,62,
76,86,
30,63,64,
7,89,90,91,
38,54,62,
28,63,64,
42,65,75,
54,88,
47,74,82,
4,43,44,87,
49,53,59,
20,68,80,
14,89,
30,63,64,
5,70,78,
56,62,
0,24,30,
17,21,52,65,72,
8,49,59,70,80,81,
51,56,66,
20,80,
60,98,
51,56,66,
77,
104,
20,70,80,81,
37,40,71,61,100,
40,71,100,
77,
38,66,95,
5,70,78,
1,4,43,44,71,75,87,
69,71,72,103,
12,74,76,93,
65,75,80,
74,76,93,
120,
112,
54,56,85,
105,119,
90,91,92,106,
39,93,113,116,
78,118,
17,61,70,73,78,81,
79,88,
104,
125,126,
56,82,123,
9,61,73,81,108,
94,109,132,
97,106,
7,20,72,95,102,
2,69,71,103,111,
49,
42,140,
108,112,137,
16,71,100,53,105,114,128,
104,
78,131,133,
82,29,146,
97,106,
71,102,51,103,111,
21,52,148,
112,114,128,133,
48,94,98,132,
147,
85,109,113,
86,87,102,111,
85,109,113,
72,127,102,141,
35,59,159,
104,147,
45,76,135,
5,86,155,
2,100,111,156,
47,66,143,
56,85,94,115,
114,152,
9,38,66,145,
111,120,121,156,
20,72,102,141,
61,73,81,108,124,136,
87,121,130,150,
74,148,153,
100,152,157,
72,127,129,102,141,
177,
80,136,124,137,142,
73,81,108,124,136,139,
105,114,121,125,128,130,
9,175,182,
16,71,178,
87,121,130,150,157,
104,164,
51,156,102,180,
72,127,129,102,141,
87,121,78,130,150,131,157,
104,124,142,149,152,
95,127,129,135,
93,172,174,
65,75,142,149,171,
1,164,
119,124,105,131,142,136,149,
118,191,
2,128,130,173,
126,145,75,153,18,161,167,
118,191,
104,164,
2,128,130,173,
124,136,151,164,139,165,
72,127,129,102,141,
145,146,18,161,167,
82,123,127,129,135,
199,
142,17,147,151,184,
81,108,124,136,73,151,164,139,165,
151,139,165,187,195,201,
149,150,171,120,185,
112,126,133,176,183,
131,139,149,175,181,
7,95,153,148,161,167,
114,168,198,202,
171,197,200,
151,139,165,187,195,201,
175,181,196,
127,129,135,141,
152,175,181,196,
75,171,197,200,
182,196,213,
81,108,203,
129,163,174,
1,164,
82,68,146,215,
75,196,216,
104,195,225,
8,165,181,208,
181,208,209,
16,71,178,194,197,200,
40,104,124,150,185,194,
100,188,214,
112,133,173,176,183,
168,183,198,150,202,
42,187,223,
152,190,186,212,
87,111,193,
136,178,194,216,221,
129,163,193,
20,163,179,
2,157,212,234,
81,108,203,210,
80,137,208,209,
139,218,12,220,221,227,
187,195,201,223,
236,
177,226,
186,190,194,211,
131,149,229,230,
15,176,186,190,194,211,
130,197,200,211,232,
112,133,176,215,235,
250,
55,130,167,168,173,188,
103,161,163,238,
207,188,214,
42,217,243,246,
151,139,165,187,201,228,
5,70,136,210,217,228,
68,203,210,217,108,225,
155,188,226,
55,108,203,210,217,228,
102,180,183,248,
176,177,226,235,
147,184,151,216,75,218,220,222,
180,235,248,
55,130,168,173,188,214,
66,125,205,38,207,
222,254,
230,244,247,
167,168,188,198,202,
108,203,260,
120,121,199,168,233,
9,175,209,182,247,258,
74,153,212,226,234,253,
205,207,188,214,
217,259,
203,260,
228,247,258,261,
71,147,151,184,222,239,245,
140,269,
171,197,200,218,220,222,254,
222,223,244,254,
197,200,114,218,220,222,254,
44,104,124,249,4,43,251,
118,210,278,
121,139,220,227,218,231,239,252,
55,273,279,
140,211,237,
223,218,244,270,
137,2,171,234,185,237,
261,263,289,
149,229,243,246,271,
70,136,210,217,259,
173,207,274,
173,274,
165,208,231,266,281,
21,52,148,290,
Future links sets, 
110,77,64,63,
225,195,125,53,42,37,
292,242,202,168,82,56,198,146,29,
61,9,
103,72,66,286,52,125,21,
167,124,108,69,55,32,260,26,

145,214,97,18,
229,112,20,
275,184,172,142,65,17,
86,76,66,38,
57,36,
245,127,65,16,

106,92,30,
93,52,44,251,43,
231,185,150,86,40,
208,137,111,83,80,71,69,
205,199,66,38,

241,174,145,119,114,105,69,65,
299,156,111,82,74,47,

84,
110,77,64,63,
34,
75,81,42,
58,
99,
153,74,66,47,
110,107,96,88,79,77,

75,42,

84,58,
164,73,68,53,

70,120,55,
269,123,172,94,98,85,56,
135,89,62,
232,120,83,121,82,72,

258,236,148,73,100,61,
286,125,103,82,74,72,
286,125,103,82,74,72,
89,166,62,

169,102,51,
158,60,
147,112,104,78,
84,
188,155,116,113,93,86,76,
299,156,111,82,76,74,
150,81,104,78,70,
132,101,98,94,92,91,90,89,
268,255,73,289,263,68,
170,141,116,113,109,132,93,

67,
164,112,104,78,
92,91,90,115,89,88,
175,142,137,120,80,
109,94,91,90,98,85,
107,99,96,
107,99,96,
194,128,111,100,83,71,
172,169,123,116,269,113,93,

226,261,105,81,
146,126,75,
295,260,137,124,119,112,108,
231,155,150,126,281,125,121,185,146,120,
179,174,145,204,126,189,163,111,
209,182,175,142,137,80,
276,129,127,102,177,86,
266,227,221,199,194,128,125,100,
129,166,127,95,
122,117,
190,152,136,137,124,108,
138,
181,128,119,244,114,112,105,
243,209,182,175,142,137,223,119,112,
226,153,206,141,102,
87,

170,162,160,132,
167,161,95,
238,186,176,161,190,125,103,
138,101,
106,97,
134,97,
134,97,
134,
193,135,129,127,
170,158,143,
192,145,214,123,

154,144,
158,115,

178,233,168,150,121,120,

264,204,188,179,189,163,174,161,155,145,
155,146,256,126,
286,232,228,201,187,151,191,165,139,118,
196,183,150,133,
154,144,134,

263,243,223,261,209,273,182,175,149,142,
162,160,143,

238,173,161,168,155,146,
234,212,253,149,157,131,
162,160,135,
285,171,183,157,215,150,
170,
135,

287,200,197,136,
196,133,
274,211,173,130,
288,190,274,183,176,186,173,

206,141,
232,203,209,196,191,286,182,181,175,
269,183,140,
212,199,140,
219,206,204,192,179,189,163,
198,183,157,202,150,
240,224,219,206,204,189,192,179,
252,198,268,255,190,186,183,202,176,
250,213,196,190,152,
158,143,
253,234,212,157,152,

219,206,192,166,
295,239,203,209,196,260,182,181,175,
244,181,292,149,

259,245,217,213,288,210,209,203,182,
290,282,148,
219,204,179,174,189,163,
208,196,191,194,181,
169,

205,199,172,
226,205,153,
281,266,208,165,159,
214,177,299,156,
294,213,250,211,196,194,191,
235,232,211,190,186,176,
266,259,217,210,209,208,281,203,
237,220,191,178,171,
276,214,199,177,

262,167,
188,173,168,
242,190,186,178,

164,

256,214,205,199,

256,241,240,224,
225,209,203,201,195,187,
298,259,217,210,209,229,203,

272,255,214,205,199,
272,268,255,274,235,215,


292,283,221,216,211,194,
193,
297,296,268,255,234,202,198,
224,193,
220,218,213,275,184,
265,253,234,251,212,
265,248,180,
239,231,185,
241,
267,264,188,
230,229,220,218,213,
222,275,184,
235,234,264,212,
281,266,208,
292,232,211,
251,249,237,
259,246,217,236,210,
277,262,257,268,255,272,233,

251,249,237,
200,197,

240,238,
251,249,239,232,231,
246,228,217,210,
227,222,220,218,
285,252,283,231,221,216,
272,235,215,
274,207,
285,252,283,231,221,216,
259,246,217,210,
272,235,215,
279,273,263,261,243,223,

277,269,

277,269,296,257,
298,244,230,229,
275,244,230,
263,287,261,260,295,243,
252,290,251,249,
242,276,237,
222,
277,268,257,233,
253,226,
239,266,227,
295,278,263,261,260,258,
291,288,285,283,266,245,

288,285,283,266,245,
245,239,
285,284,281,283,270,266,
291,284,246,236,

261,228,
276,265,262,248,
288,245,
280,263,260,259,
294,250,
271,250,
298,288,
252,
274,
292,276,242,
267,265,253,
247,
292,290,
256,
288,281,



294,258,
291,284,271,
281,
294,258,
280,275,271,
267,264,
286,
254,
286,
288,
276,
285,284,283,270,



280,275,
295,278,
279,273,
293,280,

293,


298,


282,
291,
294,

289,
297,296,



287,
289,

298,







293,
299,









Coordinates
-2.49803,0.742292
-2.49296,2.32954
-2.45295,1.391
-2.44896,2.0137
-2.44743,1.48553
-2.44671,2.18062
-2.44568,0.196588
-2.44421,1.23141
-2.43473,1.92506
-2.42437,2.01045
-2.41337,1.26926
-2.40771,0.303232
-2.40204,1.70604
-2.39767,0.0496666
-2.37371,0.788917
-2.35533,1.53159
-2.35139,1.65848
-2.34996,1.99832
-2.34496,1.1878
-2.34102,0.372068
-2.33511,1.84764
-2.33488,1.38352
-2.33417,0.0186039
-2.32548,0.511084
-2.31817,0.678325
-2.31072,0.43914
-2.30537,2.10795
-2.29697,0.39836
-2.28383,0.525204
-2.28325,1.29983
-2.28309,0.728024
-2.27492,0.295838
-2.27128,2.07338
-2.26828,0.206043
-2.26367,0.404083
-2.26254,2.35589
-2.24838,0.162485
-2.24449,2.21864
-2.23866,1.10357
-2.2329,0.956924
-2.22273,1.61077
-2.22192,0.0628595
-2.20846,2.07205
-2.19464,1.4548
-2.19068,1.44717
-2.17514,0.897866
-2.17506,0.129564
-2.17464,1.2331
-2.1672,0.781231
-2.1657,2.48174
-2.15991,0.344015
-2.15869,1.21913
-2.13742,1.35204
-2.11485,2.35062
-2.11036,0.792431
-2.10263,2.15215
-2.09118,1.03898
-2.08265,0.0190009
-2.07833,0.232583
-2.0693,2.37762
-2.0683,0.711463
-2.04848,2.01493
-2.04669,0.820889
-2.03939,0.418847
-2.03578,0.409855
-2.03097,1.65849
-1.98839,1.03567
-1.98029,0.137494
-1.95209,2.139
-1.94536,1.70659
-1.93511,2.23071
-1.93218,1.63131
-1.92142,1.35908
-1.92041,2.0379
-1.91027,1.20405
-1.89018,1.69998
-1.86718,1.08955
-1.86061,0.328432
-1.84676,2.27559
-1.84569,0.435658
-1.82333,1.96083
-1.81695,2.11115
-1.80991,1.20369
-1.80798,1.48296
-1.80552,0.00063026
-1.80438,0.69943
-1.79914,1.1091
-1.79613,1.47185
-1.78872,0.452935
-1.78573,0.548221
-1.76067,0.537732
-1.76038,0.537847
-1.75563,0.446612
-1.6919,0.876646
-1.68502,0.575101
-1.67791,1.01826
-1.67638,0.135543
-1.67616,0.480823
-1.67238,0.545275
-1.66567,0.0558882
-1.66361,1.60813
-1.66111,0.347368
-1.65577,1.09173
-1.61769,1.3085
-1.60342,2.37732
-1.58294,1.79317
-1.58045,0.351276
-1.57668,0.0282439
-1.57072,2.17547
-1.57035,0.584542
-1.56522,0.139494
-1.56038,1.20968
-1.55452,1.88363
-1.55172,0.684961
-1.51874,1.7003
-1.51567,0.391202
-1.51449,0.673017
-1.5036,0.0174449
-1.4962,2.31583
-1.49565,1.79177
-1.49387,1.4859
-1.48977,1.45254
-1.48725,0.00403643
-1.48057,0.83621
-1.46901,2.22129
-1.46538,1.30491
-1.4647,1.2639
-1.46263,0.769013
-1.45806,1.59813
-1.44742,0.744532
-1.43458,1.46768
-1.42228,1.85066
-1.41621,0.414172
-1.41316,1.71398
-1.41181,0.193032
-1.40815,0.596468
-1.39795,2.30524
-1.36972,1.95994
-1.35887,0.0232559
-1.35612,2.36898
-1.33818,1.1934
-1.33218,0.737753
-1.32851,2.0068
-1.31421,0.330105
-1.29556,0.101913
-1.28624,0.84872
-1.28432,1.06023
-1.28184,2.46567
-1.27555,1.15953
-1.26067,1.87441
-1.25231,1.5156
-1.2464,2.38415
-1.24361,1.69794
-1.23181,1.0168
-1.22475,0.0537578
-1.21908,0.935283
-1.1983,1.11392
-1.17765,1.55486
-1.17398,0.181392
-1.16561,2.47275
-1.16528,0.306176
-1.16248,0.850216
-1.15657,0.311803
-1.15337,0.618834
-1.14204,2.45136
-1.12997,2.39724
-1.11753,0.344062
-1.10925,0.85936
-1.08219,1.02915
-1.08148,0.140664
-1.07868,0.039523
-1.06102,1.63722
-1.05901,0.64787
-1.054,1.06621
-1.04858,0.590614
-1.04425,2.01488
-1.02414,1.31396
-0.99971,0.913271
-0.984625,1.52478
-0.975774,0.432485
-0.963525,0.877869
-0.954474,1.91525
-0.943249,2.02115
-0.92251,1.14363
-0.919059,2.01022
-0.907046,1.46553
-0.88954,1.30114
-0.886842,2.42868
-0.875956,0.800422
-0.862856,0.311742
-0.860342,1.30226
-0.847769,1.65466
-0.832965,0.178775
-0.819893,0.42772
-0.814526,1.51992
-0.803399,2.47729
-0.795407,1.73506
-0.792685,1.6348
-0.787444,0.930589
-0.78744,0.605335
-0.781331,1.63392
-0.777666,2.44261
-0.775594,0.941461
-0.747863,2.24058
-0.737416,0.185557
-0.731879,0.515043
-0.717905,0.119434
-0.714457,0.547276
-0.71006,1.9708
-0.704871,2.03684
-0.704382,2.38693
-0.699526,1.34942
-0.698565,1.05509
-0.698392,1.77266
-0.69168,0.60436
-0.68596,0.86777
-0.678263,1.58529
-0.670972,2.40805
-0.669105,1.67354
-0.667163,0.0736321
-0.662925,1.64126
-0.646027,1.53523
-0.639547,1.72021
-0.638235,2.13782
-0.631044,0.188939
-0.629388,2.49636
-0.621037,0.819185
-0.613659,1.56113
-0.589903,2.46353
-0.577776,1.86971
-0.560594,1.9034
-0.552148,1.42119
-0.551339,1.35617
-0.549247,0.494929
-0.542159,0.887112
-0.54065,0.811756
-0.532301,2.07708
-0.525445,0.991413
-0.522281,0.209342
-0.517946,1.45308
-0.513114,0.128021
-0.512549,0.0263578
-0.463867,0.846086
-0.452829,2.15281
-0.451538,1.93778
-0.448909,1.48323
-0.448352,2.12232
-0.436207,2.07087
-0.43165,0.640146
-0.43013,1.18103
-0.430103,1.77734
-0.415117,1.12231
-0.409594,1.26586
-0.40584,0.736877
-0.398649,1.76354
-0.395978,0.488671
-0.381022,0.0727267
-0.362055,0.301144
-0.333059,2.09639
-0.325725,2.44274
-0.323983,2.29772
-0.323224,2.19495
-0.318216,0.518922
-0.312282,2.21079
-0.306458,0.530755
-0.299835,0.59071
-0.295202,1.53332
-0.257026,0.544381
-0.254555,0.322208
-0.250857,0.104788
-0.249447,1.66803
-0.244383,1.89288
-0.24206,0.414269
-0.235766,2.24084
-0.221286,0.225706
-0.19202,2.01618
-0.187767,0.550761
-0.184109,0.119128
-0.182863,2.43971
-0.176322,2.25623
-0.176059,2.074
-0.173397,1.36713
-0.171658,0.0302544
-0.156707,1.5298
-0.153329,1.66881
-0.151046,1.5597
-0.144768,0.941142
-0.144754,2.41705
-0.133427,1.15832
-0.122233,2.22437
-0.12171,0.776417
-0.0884093,1.60271
-0.0881904,0.684792
-0.0856297,2.19975
-0.0734213,1.79701
-0.072634,2.32395
-0.0725587,0.0855982
-0.0598615,0.0788524
-0.0406985,1.32296
-0.0205379,0.684284
r_S,2
Lambda0,6,
Lambda1,13,
Lambda2,19,
Lambda3,22,
Lambda4,31,
Lambda5,33,
Lambda6,36,
Lambda7,41,
Lambda8,46,
Lambda9,57,
Lambda10,67,
Lambda11,84,
Lambda12,96,
Lambda13,99,
Lambda14,101,
Lambda15,107,
Lambda16,110,
Lambda17,117,
Lambda18,122,
Lambda19,134,
Lambda20,138,
Lambda21,144,
Lambda22,154,
Lambda23,158,
Lambda24,160,
Lambda25,162,
Lambda26,166,
Lambda27,169,
Lambda28,170,
Lambda29,189,
Lambda30,192,
Lambda31,204,
Lambda32,206,
Lambda33,219,
Lambda34,224,
Lambda35,240,
Lambda36,241,
Lambda37,242,
Lambda38,255,
Lambda39,256,
Lambda40,257,
Lambda41,262,
Lambda42,264,
Lambda43,265,
Lambda44,267,
Lambda45,268,
Lambda46,272,
Lambda47,276,
Lambda48,277,
Lambda49,282,
Lambda50,283,
Lambda51,284,
Lambda52,285,
Lambda53,286,
Lambda54,288,
Lambda55,291,
Lambda56,292,
Lambda57,294,
Lambda58,296,
Lambda59,297,
Lambda60,298,
Lambda61,299,