Storage option,sets
Size,150
Dimension,2
Shape,cube
Spacetime,BlackHole
Past sets, 








0,3,

5,





13,
9,

12,
9,
13,16,
1,5,10,
7,
1,5,10,
13,16,
0,3,6,


2,

10,5,1,22,
7,11,

7,11,
5,11,
1,5,
0,3,8,
2,
31,10,24,1,5,22,
1,
28,30,
31,10,24,1,5,22,
15,18,12,19,
12,14,15,18,
11,7,32,
36,1,5,10,
1,10,35,5,22,11,31,
2,4,6,
25,13,16,21,
44,12,19,14,15,18,
21,25,13,27,16,
2,3,4,6,
21,13,28,16,27,25,
11,35,42,31,10,24,1,5,22,39,
11,42,31,10,24,1,5,22,39,
1,49,21,25,13,16,40,
1,10,32,7,22,45,11,34,35,5,31,
12,14,15,18,
49,30,53,21,13,16,27,25,28,51,
21,16,13,25,46,36,1,5,40,10,
13,16,24,46,36,1,5,40,10,
23,34,7,32,11,
16,21,27,13,30,28,43,15,18,12,19,41,
60,21,16,13,25,46,36,10,49,1,40,5,
14,25,63,12,21,27,13,30,28,43,15,18,19,16,53,41,
11,2,7,23,
38,23,2,7,29,
46,27,10,56,1,49,16,21,25,36,13,40,28,5,51,
19,49,1,59,30,53,27,21,13,16,25,51,28,12,41,
66,38,11,2,23,7,
41,30,59,68,51,46,27,10,56,5,1,49,53,16,21,25,36,13,40,28,
38,23,2,7,29,
19,44,58,12,14,15,50,18,
23,24,42,47,57,31,1,39,10,32,45,7,22,35,11,5,34,
10,31,22,5,1,35,34,23,7,32,45,62,11,
22,31,56,64,13,60,21,16,25,46,36,10,24,61,49,1,40,5,
36,7,35,32,55,34,11,45,22,42,54,31,10,47,24,1,5,39,
22,31,51,56,27,64,13,60,21,16,25,46,36,10,24,61,49,1,40,5,
47,54,24,42,55,57,31,1,39,10,32,45,7,22,35,11,5,34,
30,43,19,44,58,12,14,15,50,18,
40,13,36,46,35,55,11,22,42,54,31,10,47,24,1,5,16,39,
51,49,65,27,14,25,63,21,13,30,28,43,15,12,53,59,18,19,16,41,
42,27,76,22,31,56,10,64,36,13,60,21,16,25,46,24,1,61,49,40,5,51,
50,15,12,14,58,44,19,18,73,
34,11,35,22,7,45,32,10,39,1,31,57,47,5,24,42,23,74,
19,44,58,12,14,15,50,18,
23,42,74,5,31,24,47,1,10,32,7,45,22,35,57,11,34,39,85,
19,44,58,14,12,15,50,73,18,84,
44,14,63,12,16,27,50,13,30,28,43,15,18,19,41,21,58,
50,14,12,18,44,58,19,43,30,28,15,80,
70,66,38,2,23,11,34,7,32,
23,40,46,36,47,24,1,31,77,42,55,79,32,10,57,11,34,39,45,22,54,7,35,5,
2,34,23,7,32,45,62,11,
27,41,90,73,50,14,12,18,44,58,19,80,43,30,28,15,
30,88,19,58,84,18,43,14,12,50,44,15,73,86,
40,44,50,1,82,13,51,28,49,19,27,14,25,21,30,53,43,15,59,12,65,18,41,63,16,69,
88,19,58,84,18,43,14,12,50,44,15,73,86,
18,15,43,19,28,53,12,59,30,41,69,22,78,31,51,5,56,10,27,64,36,13,60,68,21,16,25,46,71,24,1,61,49,40,76,
56,96,40,69,44,15,50,21,1,30,59,82,53,13,51,28,49,19,27,14,43,25,12,41,65,18,63,16,58,
39,11,55,28,53,68,59,30,41,12,71,25,42,13,27,56,76,22,51,31,69,10,36,21,16,46,83,24,60,1,61,49,19,78,40,64,5,
64,15,43,61,14,18,65,19,24,71,25,41,30,53,12,59,36,60,13,51,5,28,46,22,69,27,10,56,1,49,63,16,68,21,40,
35,54,39,11,55,28,53,68,59,30,41,12,71,25,42,13,27,56,76,22,51,31,10,36,21,16,46,83,24,60,1,61,49,19,78,40,64,5,
35,54,39,11,55,28,53,68,59,30,41,12,71,25,42,13,27,56,76,22,51,31,10,36,21,16,46,83,24,60,1,61,49,78,40,64,5,
40,1,58,21,41,82,19,18,59,15,43,28,69,30,27,16,50,12,53,14,63,44,13,89,51,49,65,25,
23,74,36,47,24,1,31,77,42,55,79,32,10,57,11,34,39,45,22,54,7,35,5,
44,50,64,69,40,36,1,5,56,10,46,82,60,13,51,28,49,19,27,14,25,24,71,68,21,30,53,43,15,59,12,65,18,41,63,16,
25,21,61,16,13,92,34,5,23,40,11,46,36,7,47,24,60,1,31,77,42,55,79,32,10,39,57,45,81,22,54,35,
35,54,22,45,57,39,32,31,1,10,47,81,7,36,46,11,77,40,60,23,79,42,5,34,55,92,13,16,24,61,21,25,107,
28,30,97,19,84,50,18,12,86,80,43,88,14,44,58,95,15,73,
28,45,34,32,7,77,78,39,47,54,11,55,35,25,42,13,27,56,76,51,31,10,36,21,16,46,83,24,60,1,61,49,40,64,5,22,81,
28,90,41,27,94,30,97,19,84,13,50,18,12,86,80,43,88,14,44,58,95,15,73,
11,39,42,83,76,31,78,64,27,15,43,61,24,14,51,18,65,28,98,19,56,71,25,41,30,53,16,12,49,59,101,22,36,60,13,5,46,69,10,1,63,68,21,40,
25,53,21,13,63,73,89,12,86,14,88,15,94,43,80,18,50,84,58,16,95,19,30,44,27,41,90,28,
23,77,34,7,45,32,57,79,39,47,54,11,55,35,25,42,13,27,56,76,51,31,10,36,21,16,46,83,24,60,1,61,49,40,64,5,22,81,
95,58,73,15,44,14,43,80,18,50,13,84,19,97,88,30,94,27,12,41,90,86,28,111,
25,21,61,16,13,92,34,5,23,40,11,46,36,7,47,24,60,1,31,77,42,55,79,32,10,39,57,45,81,22,54,35,
42,76,31,78,22,61,106,24,65,44,50,64,69,28,40,36,1,5,46,56,98,15,10,51,82,41,60,19,13,49,27,68,14,25,71,30,21,53,12,43,59,101,18,63,16,
5,36,73,90,96,56,104,40,1,63,58,27,89,21,41,51,19,50,18,49,59,28,82,15,43,12,69,30,16,53,14,44,80,13,65,25,99,
42,83,76,31,78,22,61,106,24,65,44,50,64,69,28,40,36,1,5,46,56,98,15,10,51,82,41,60,19,13,49,27,68,14,25,71,30,21,53,12,43,59,101,18,63,16,
7,47,81,69,100,103,21,35,76,54,13,39,11,55,28,53,12,68,27,59,30,71,41,25,42,83,1,56,22,51,10,31,36,16,46,5,24,60,61,19,102,49,78,40,64,
36,5,10,46,71,73,90,96,56,104,40,68,1,63,58,27,89,21,41,51,19,50,18,49,59,28,82,15,43,12,69,30,16,53,14,44,80,13,65,25,99,
65,113,25,53,84,63,73,89,58,94,27,12,43,14,21,88,15,13,80,18,44,111,50,86,19,16,97,30,41,90,95,28,
86,28,30,19,41,88,84,109,15,97,50,73,18,12,58,80,14,44,43,90,95,
61,89,58,106,24,65,44,50,64,69,28,40,36,1,5,46,56,15,10,51,82,41,60,19,96,13,49,27,68,14,25,71,30,53,12,43,59,18,63,21,104,99,16,
10,46,68,71,118,36,5,73,90,49,14,56,15,63,40,1,58,27,89,104,21,41,82,51,19,50,18,59,28,69,43,12,53,94,30,99,16,44,80,96,13,65,25,
78,32,23,64,77,36,34,7,45,57,16,79,39,47,54,13,11,55,35,76,25,42,83,1,27,56,51,10,92,114,31,21,46,5,24,60,61,49,40,81,22,
16,63,115,28,95,58,15,44,73,14,43,21,80,18,109,50,13,25,84,19,97,88,89,30,94,86,27,12,41,90,111,
18,120,7,54,47,81,69,22,100,53,103,56,21,68,35,76,13,60,39,11,55,28,12,59,27,30,71,24,41,25,42,83,36,1,51,10,31,78,16,46,102,5,61,19,49,40,64,
23,57,28,45,34,32,7,77,36,78,39,47,54,13,11,55,35,76,25,42,83,1,110,27,56,51,10,31,21,16,46,5,24,60,61,49,40,81,64,22,79,
69,59,53,25,65,49,51,89,15,28,30,43,1,84,80,19,58,44,12,94,50,73,14,90,41,82,27,18,63,16,13,21,88,86,
39,96,13,42,83,30,76,31,78,25,22,61,106,53,24,65,12,44,50,64,117,69,16,28,40,36,1,5,46,56,98,15,68,119,10,63,51,82,41,60,19,49,27,14,71,18,21,43,59,101,
30,61,14,89,58,106,12,59,24,71,65,18,44,50,64,69,22,28,40,36,1,5,99,46,56,15,10,104,51,82,41,60,13,19,96,49,124,27,68,21,25,53,43,63,16,
27,123,86,28,30,19,88,41,18,84,109,15,97,50,73,12,58,80,14,44,90,43,95,
58,78,25,39,96,43,13,42,83,30,76,31,131,22,61,106,53,24,65,12,44,50,64,117,69,16,28,40,36,1,5,46,99,56,98,15,68,119,10,63,51,82,41,60,19,49,27,14,71,18,21,59,101,
34,32,7,45,47,81,69,100,103,21,35,76,54,13,39,11,55,28,53,12,68,27,59,30,71,41,25,42,83,1,56,22,51,10,31,36,16,46,5,24,60,61,19,102,49,78,40,64,
45,34,32,7,77,47,81,103,21,35,76,54,13,39,11,55,28,53,12,68,27,59,30,71,41,25,42,83,1,56,22,51,10,31,36,16,46,5,24,60,61,19,102,49,78,40,64,
84,10,104,46,68,71,21,118,36,5,99,73,90,43,49,96,14,56,15,63,16,40,1,58,27,89,41,88,82,51,19,50,18,65,59,12,125,28,69,53,94,30,44,80,13,25,
44,47,82,100,55,54,35,18,65,11,39,42,83,36,76,31,78,64,27,112,15,43,61,14,24,71,51,28,19,56,103,25,41,30,53,16,63,12,59,49,101,22,69,60,13,102,5,46,10,98,1,68,21,40,
58,78,25,39,96,43,13,42,83,30,76,31,131,22,61,106,53,24,65,12,44,50,64,117,69,16,28,40,36,1,5,46,99,56,98,15,68,119,10,63,51,82,41,60,19,49,27,14,71,18,21,59,101,
53,113,65,127,90,63,115,41,28,16,95,58,21,89,44,73,14,88,80,50,13,25,84,19,18,97,109,30,15,94,86,12,27,111,43,122,
25,13,44,30,53,28,59,50,125,19,82,88,94,41,80,27,1,40,69,16,56,14,49,96,43,90,73,58,5,89,36,12,65,118,21,18,71,15,68,99,46,51,104,63,10,84,137,
47,100,55,54,35,103,82,50,44,18,65,11,39,42,83,36,76,31,78,64,27,112,15,43,61,14,24,71,51,28,19,56,25,41,30,53,16,63,12,59,106,49,101,22,69,60,13,102,5,46,10,98,1,68,21,40,
96,56,99,40,19,69,59,53,90,95,16,104,25,65,28,49,12,86,130,51,14,88,89,30,43,80,1,5,84,58,21,44,15,94,50,13,73,41,82,27,18,63,113,
43,15,18,120,7,54,47,81,69,22,100,53,103,56,21,68,35,76,13,60,39,11,55,28,12,59,27,30,71,24,41,25,42,83,36,98,1,51,10,31,78,16,46,102,5,61,19,49,40,64,
127,90,63,115,41,28,16,95,58,21,89,73,14,88,43,80,50,13,25,84,19,18,97,109,30,15,94,86,12,44,123,27,111,
61,60,64,106,10,104,46,68,71,21,118,36,5,99,73,90,43,49,96,14,56,15,63,16,40,1,58,27,24,121,89,41,82,51,19,50,18,65,59,12,125,28,69,53,94,30,44,80,13,25,
59,49,51,140,58,53,94,65,86,90,63,115,41,82,16,12,95,13,21,89,127,44,73,88,80,50,25,84,43,19,18,14,97,15,109,27,113,30,28,111,122,
44,103,47,82,100,41,55,54,35,18,65,138,11,39,98,42,101,83,24,36,76,31,78,19,64,5,27,112,53,15,43,102,61,14,71,12,51,28,56,25,30,16,63,59,49,22,81,69,10,60,1,13,46,68,21,40,
42,80,76,31,78,101,132,30,61,14,89,58,106,12,59,24,71,65,18,44,50,64,69,22,28,40,36,98,1,5,99,46,56,15,10,104,51,82,41,60,13,19,96,49,124,27,68,21,25,53,43,63,16,
Future sets, 
26,37,8,
130,69,143,99,56,96,104,103,138,85,120,135,114,24,77,139,116,57,110,142,105,126,144,31,47,100,101,107,54,42,148,39,74,81,134,87,112,92,108,55,102,149,40,117,119,136,83,129,76,98,131,22,78,79,132,128,75,106,124,146,61,36,118,46,71,137,141,125,121,68,60,64,
38,67,72,91,93,70,48,29,52,66,
26,52,37,8,
52,48,
143,118,36,10,144,77,64,131,60,68,135,121,54,125,141,74,137,71,138,46,61,128,146,79,124,57,106,39,75,142,132,78,22,98,31,76,129,83,136,119,117,149,102,35,55,108,92,112,87,134,81,148,42,107,101,100,47,114,126,105,110,116,139,24,120,85,103,
52,48,26,
128,144,126,79,74,72,67,114,70,120,23,93,116,91,62,85,108,75,66,87,105,107,32,129,92,45,135,110,136,57,77,34,
37,
20,17,
64,60,68,121,125,141,137,71,46,61,146,124,106,75,128,132,79,78,22,131,98,76,129,83,136,119,117,149,102,55,108,92,112,87,134,81,74,39,148,42,54,107,101,100,47,31,144,126,105,142,110,57,116,139,77,24,114,135,120,85,138,103,
112,70,66,100,126,105,129,34,93,92,75,45,74,79,138,108,57,116,107,136,77,110,87,135,85,144,114,55,62,91,32,35,103,102,47,142,120,148,128,81,54,
103,58,19,86,136,69,102,128,120,100,135,84,88,73,140,43,96,149,82,98,97,95,148,109,115,94,147,80,90,143,111,44,123,133,137,113,127,145,89,142,122,112,106,118,65,132,117,50,119,138,101,130,63,99,144,139,146,125,131,121,104,141,124,134,
115,16,81,61,132,21,89,145,78,149,127,56,60,131,63,134,130,59,107,108,116,49,120,65,136,140,69,122,51,113,53,124,102,64,135,117,96,25,82,104,118,68,139,147,76,99,142,71,121,126,83,110,114,138,129,143,100,119,128,98,141,106,144,101,112,103,146,125,137,148,111,
82,101,112,65,58,138,148,145,122,86,133,139,109,115,111,140,44,141,94,123,80,127,130,113,88,125,118,121,73,132,149,137,90,89,104,124,143,96,84,131,134,146,99,106,119,117,95,142,97,147,50,
58,50,84,73,88,86,43,96,149,98,97,44,95,148,109,115,94,147,90,143,111,123,133,80,137,113,127,145,89,142,140,122,112,106,118,65,117,119,82,138,101,130,99,144,139,132,63,146,125,131,121,104,141,124,134,
81,61,21,89,145,78,127,60,63,130,107,108,116,49,65,132,140,122,113,53,120,102,64,131,117,69,136,96,149,82,104,51,118,135,68,147,56,99,142,121,126,59,83,110,114,71,138,124,129,76,143,100,119,128,98,141,106,144,101,112,103,146,134,139,125,137,148,25,

128,58,50,84,73,88,86,43,96,149,98,97,44,95,148,109,115,94,147,90,143,111,123,133,80,137,113,127,145,89,142,140,122,112,106,118,65,117,119,82,138,101,130,99,144,139,132,63,146,125,131,121,104,141,124,134,
136,102,128,120,100,135,69,86,84,88,73,43,96,149,98,97,95,148,109,115,94,147,90,143,111,123,133,80,137,113,127,145,89,142,140,122,112,106,118,65,117,119,82,138,101,130,99,144,139,132,63,146,125,131,121,104,141,124,134,50,

89,145,127,63,107,108,116,60,65,140,122,113,53,49,102,64,117,69,96,149,104,51,130,82,135,147,56,99,142,118,78,131,121,68,126,83,136,110,114,71,124,129,76,143,100,119,128,98,141,120,106,144,101,112,59,103,146,134,139,132,125,137,148,138,
132,78,98,76,75,83,119,117,149,102,55,92,131,112,87,134,74,148,54,101,100,31,128,81,107,108,144,47,126,79,105,142,129,110,116,139,42,39,136,57,77,114,135,120,85,138,103,
129,107,126,92,105,87,66,75,108,85,62,114,91,116,93,70,67,72,74,
106,76,98,78,101,124,132,146,61,83,119,117,149,39,139,102,131,112,87,74,148,100,54,128,107,144,108,126,105,142,92,129,134,55,110,81,116,79,42,136,77,114,135,120,85,138,103,
145,127,107,108,116,60,65,140,122,113,53,49,102,64,117,69,96,149,104,51,130,82,135,147,56,99,142,118,78,131,121,68,126,83,136,110,114,71,124,129,76,143,100,119,128,98,141,120,106,144,101,112,59,103,146,134,139,132,125,137,148,138,

133,115,111,94,89,145,127,63,65,140,122,113,51,104,114,83,136,110,129,126,78,131,141,100,147,106,53,82,135,103,144,102,143,130,99,139,98,134,132,149,96,112,59,71,124,118,146,125,137,121,68,138,101,142,69,148,117,119,120,128,
129,110,109,90,68,59,53,41,94,147,133,123,115,111,103,136,102,71,124,128,120,100,135,82,98,137,113,127,145,89,142,96,149,140,122,69,112,143,106,118,65,148,117,119,138,101,130,99,144,139,132,63,146,125,131,121,104,141,134,
72,67,
95,109,90,80,59,41,94,147,133,123,115,111,103,136,102,71,124,128,120,100,135,82,98,137,113,127,145,89,142,96,149,140,122,69,112,143,106,118,65,148,117,119,138,101,130,99,144,139,132,63,146,125,131,121,104,141,134,
78,98,76,75,83,119,117,149,39,139,102,131,112,87,74,148,100,54,128,107,144,108,47,126,105,142,92,129,134,55,110,81,116,79,42,57,136,77,114,135,120,85,138,103,
91,114,135,93,116,110,87,136,57,108,85,62,74,107,75,45,92,129,105,126,79,77,

135,91,110,57,108,74,107,126,75,77,114,92,129,85,105,87,116,79,136,62,93,
75,103,102,47,105,142,120,135,148,128,81,110,87,57,116,74,144,85,114,108,138,79,77,136,107,129,92,126,54,
118,105,77,46,92,139,81,128,71,137,141,125,78,121,68,61,108,134,116,76,142,120,83,148,101,119,135,98,107,60,144,136,103,126,114,110,102,149,131,100,129,112,117,106,132,146,124,138,64,

91,70,72,67,
134,139,131,112,87,74,100,54,107,108,126,105,92,110,81,116,129,136,77,135,148,120,85,144,128,102,79,138,142,114,55,103,
104,96,92,81,61,64,107,108,116,56,99,142,118,78,121,126,83,110,114,71,129,143,100,76,119,136,128,68,135,98,141,120,106,144,101,131,112,103,146,149,60,134,139,117,148,132,124,125,137,102,138,
133,123,115,111,94,103,136,102,71,128,120,100,135,98,137,113,127,145,89,96,140,122,112,149,143,106,147,118,69,148,117,119,82,138,101,130,99,144,65,139,132,63,142,146,125,131,121,104,141,124,134,
149,117,112,119,134,139,131,87,74,100,54,107,108,126,105,92,110,81,116,129,136,77,135,148,120,85,144,128,102,79,138,83,142,114,55,103,
98,97,95,109,115,94,90,111,123,133,137,113,127,145,89,96,140,122,112,149,143,106,147,118,148,117,80,119,82,138,101,130,99,144,65,139,132,63,142,146,125,131,121,104,141,124,134,
148,138,145,122,86,133,139,109,115,111,140,141,94,123,80,127,130,113,88,147,125,118,121,73,132,149,137,90,89,104,124,143,96,84,131,134,146,99,106,119,117,95,142,97,50,
135,93,110,136,57,108,74,107,126,75,92,129,85,105,87,116,79,114,77,
92,81,71,137,141,125,121,68,61,134,116,108,128,76,142,120,83,148,119,135,98,107,144,78,136,103,126,114,110,60,139,102,131,100,129,149,112,117,106,132,146,124,138,101,64,
142,138,144,120,135,148,128,81,77,87,110,105,74,85,108,136,114,129,92,116,107,126,79,

64,69,96,104,130,82,147,56,99,142,118,78,121,126,83,110,114,71,129,143,100,76,119,136,128,68,135,98,141,120,149,106,144,101,131,112,103,146,134,139,117,132,124,125,137,102,148,59,138,
142,117,119,106,99,134,131,96,124,104,89,90,149,132,73,121,118,125,146,147,88,113,130,97,84,143,127,123,94,140,111,115,109,139,80,133,95,141,137,122,86,145,
114,83,110,129,126,78,141,100,147,106,82,103,144,136,102,143,130,104,99,139,98,134,135,132,149,112,71,118,146,125,137,96,124,121,131,138,101,59,142,69,148,117,119,120,128,68,

113,122,140,141,100,147,106,82,103,144,136,102,143,130,104,99,139,98,134,135,132,149,112,71,118,146,125,137,96,124,121,131,138,101,59,142,69,65,148,117,119,120,128,
107,108,126,105,92,114,110,81,116,129,136,77,135,148,120,144,128,102,79,138,142,103,
103,107,108,126,105,92,114,110,81,116,129,100,136,77,135,148,120,144,128,79,138,142,102,
118,99,78,126,110,114,129,83,143,76,136,128,68,135,98,120,149,144,100,131,112,103,134,139,142,117,148,119,101,132,146,124,121,125,141,106,137,102,138,71,
107,116,126,92,114,129,108,85,74,105,87,79,
134,99,124,104,89,90,149,132,73,121,118,125,146,147,88,113,130,97,84,143,127,123,94,140,111,115,109,139,80,133,95,141,137,122,86,145,
147,82,103,136,102,106,143,130,104,141,99,139,134,98,135,132,149,112,118,146,125,137,100,124,121,131,96,144,138,101,69,148,117,142,119,120,128,71,
116,108,128,76,142,120,83,148,119,135,98,107,144,78,136,103,126,114,110,139,102,131,100,129,149,112,117,134,106,132,146,124,138,101,64,
146,132,124,116,108,107,101,134,117,112,129,100,131,102,139,110,114,126,103,136,78,144,98,138,119,148,83,142,120,149,76,135,128,
93,75,
113,127,145,89,96,140,122,112,143,147,118,148,117,119,138,130,99,101,65,132,142,146,125,131,121,104,149,82,141,124,137,106,134,139,
124,146,132,106,101,134,117,112,129,100,131,102,139,110,114,126,103,136,78,144,98,138,119,148,83,142,120,149,76,135,128,
140,122,112,147,118,148,119,138,130,101,142,117,146,96,125,131,121,104,82,141,124,137,149,132,134,139,106,143,99,
91,70,

136,128,135,98,120,149,144,100,131,138,112,103,134,139,142,117,148,119,101,132,146,124,121,125,141,106,137,102,71,
130,106,104,99,143,139,134,98,135,132,149,112,118,146,125,137,100,124,141,121,131,96,144,138,101,148,117,142,119,120,128,
91,
137,141,125,121,124,146,132,119,148,142,139,117,134,112,138,131,102,144,149,120,98,100,135,106,128,101,136,103,

121,118,125,146,84,130,97,143,127,123,140,115,113,147,109,133,95,94,141,111,88,137,122,145,
87,105,85,

117,83,129,131,139,134,114,110,126,103,136,100,144,98,138,119,142,120,112,135,148,149,102,128,
136,114,129,110,92,126,105,116,108,107,
126,103,136,128,135,129,100,98,120,149,144,102,131,138,112,134,117,110,139,142,148,119,
129,114,92,126,105,116,108,107,
149,113,133,123,146,121,140,111,145,122,130,147,90,137,94,141,118,125,143,115,127,109,
148,136,135,129,107,110,108,114,126,116,120,144,128,
147,148,138,130,142,117,119,96,131,121,104,141,124,137,125,146,118,149,132,134,139,106,143,99,
131,139,134,114,129,110,126,103,136,100,144,138,119,142,120,112,135,148,102,128,
97,127,123,140,115,113,147,109,143,133,95,111,130,137,122,141,145,88,
87,
130,95,143,109,113,147,115,140,123,133,111,145,122,127,97,

141,137,130,95,143,109,113,147,115,140,123,133,111,145,122,127,97,
130,145,127,122,140,104,143,132,149,147,118,146,125,137,124,141,121,113,
133,123,121,94,111,145,130,147,113,137,141,146,125,143,115,140,122,127,118,

126,116,108,107,

130,137,141,146,125,143,111,115,140,147,122,145,127,113,
143,113,115,109,140,147,133,111,123,122,145,127,
131,121,141,124,137,125,146,118,149,132,134,139,143,99,
115,109,140,147,133,111,123,122,145,127,
149,144,138,148,131,112,134,117,139,142,119,
143,139,134,132,149,118,146,125,137,124,141,121,
148,138,142,120,135,144,128,
149,138,148,131,112,134,117,139,142,119,
148,138,136,142,120,135,144,128,
148,138,136,142,120,135,144,128,
143,132,149,118,146,125,137,124,141,121,

132,149,146,124,119,134,117,139,142,131,
108,

140,147,133,123,145,127,
129,
115,122,140,147,145,127,
142,148,138,
143,140,147,122,
126,
140,145,147,127,

134,139,131,
137,141,146,125,
134,139,131,
144,128,
146,
147,140,
145,133,
149,132,
146,141,137,

147,145,140,


143,
139,134,
149,




141,
148,

147,









Past links sets, 








0,3,

5,





13,
9,

12,
9,
16,
1,10,
7,
1,10,
16,
0,3,6,


2,

22,
7,11,

7,11,
5,11,
1,5,
8,
2,
24,31,
1,
28,30,
24,31,
15,18,19,
12,14,15,18,
32,
10,36,
31,35,
2,4,6,
21,25,
19,44,
21,25,27,
2,3,4,6,
21,25,27,28,
35,39,42,
11,39,42,
40,49,
31,34,35,45,
12,14,15,18,
30,49,51,53,
25,40,21,46,
24,40,16,46,
23,32,34,
27,21,41,43,
49,60,
14,53,63,
2,11,23,
29,23,38,
28,46,51,56,
1,41,19,59,
38,66,
41,59,68,
29,23,38,
50,58,
23,57,47,42,39,
31,35,45,62,
31,56,61,64,
55,34,45,54,36,47,
31,64,61,56,51,
54,55,47,57,
30,50,43,58,
16,40,55,54,47,46,
59,65,
42,51,76,
73,
74,
50,58,
85,
84,
50,58,63,
28,80,
32,34,70,
23,77,79,46,40,
45,2,62,
27,41,73,90,
30,86,43,88,
40,50,69,82,
86,43,88,
78,43,76,71,69,
58,56,96,
55,83,78,71,69,
22,61,71,69,64,65,
19,54,83,78,71,55,
54,83,12,78,71,55,
40,82,69,89,
77,74,79,
24,50,82,71,69,64,
60,61,81,92,
107,
28,80,95,97,
28,83,78,81,77,
13,94,95,97,
11,101,98,83,39,
53,89,94,95,
23,83,81,79,77,
111,
60,61,81,92,
42,98,101,106,
36,104,99,90,73,
83,98,101,106,
7,102,100,103,81,
71,104,99,90,73,
65,111,113,
41,90,109,
99,104,61,106,
71,94,118,
78,92,114,
89,109,25,115,
18,120,
23,79,110,
69,82,94,89,88,86,
96,117,39,119,
22,124,
27,123,
99,131,
102,34,45,100,103,81,
81,77,102,103,
88,125,
44,82,112,47,102,103,100,
99,131,
122,127,
137,
100,112,47,102,106,103,
130,113,5,104,99,
98,120,
123,127,
61,106,121,125,
82,140,
81,138,
42,132,101,98,80,
Future links sets, 
26,8,
22,24,69,36,40,
66,29,93,38,48,52,
52,26,8,
52,48,
143,36,35,10,
52,48,26,
120,34,32,23,
37,
20,17,
46,24,22,
32,34,112,35,66,55,
103,58,44,19,
111,16,
65,58,44,
44,58,43,
25,81,61,21,

44,128,58,43,
102,69,50,43,

63,51,53,49,60,
132,101,31,
114,92,129,74,62,67,72,66,
106,61,42,39,
127,51,53,49,60,

133,51,53,63,94,
110,109,41,53,68,90,
72,67,
95,80,59,41,
78,76,39,75,42,47,57,
91,62,45,

57,62,77,135,91,
75,54,57,47,
118,77,46,

70,72,67,
131,54,74,55,112,
96,56,61,92,81,104,60,
123,63,69,94,71,
117,54,74,55,149,83,
98,63,80,95,97,
138,50,
135,57,77,75,93,
60,61,92,81,68,
142,138,74,79,77,81,

64,59,56,
96,106,73,80,86,89,
83,78,68,59,

113,65,59,
77,102,79,103,81,
102,77,79,103,81,100,
99,76,78,68,
79,74,
99,73,80,86,89,
82,71,69,
116,107,64,
146,124,116,76,101,78,107,
93,75,
89,65,
78,106,101,76,
101,122,82,
70,

71,
130,106,104,96,101,98,100,
91,
121,106,125,103,98,100,101,102,

121,118,94,84,
105,85,

98,83,
105,110,136,92,114,
126,110,98,103,100,102,
129,114,105,92,
149,109,90,
148,135,120,107,110,136,114,116,
147,138,96,106,104,130,
119,112,100,110,102,114,103,
88,
87,
97,130,95,

137,97,130,95,
130,127,113,104,
121,123,118,94,

126,116,107,

130,125,113,111,
113,111,109,
131,99,
111,109,
149,112,117,119,144,
139,118,143,121,124,134,
142,138,135,120,
149,119,117,112,
142,120,135,136,138,
142,120,135,136,138,
124,121,143,118,

117,142,119,146,124,
108,

127,123,
129,
122,115,
142,138,
143,122,
126,
127,

131,
125,
131,
144,128,
146,
140,
145,133,
132,
146,137,

145,140,


143,
139,134,
149,




141,
148,

147,









Coordinates,
0.00462421,0.820425,
0.0150797,2.32807,
0.0514219,1.20448,
0.0538288,0.839076,
0.111729,0.976449,
0.138958,2.19403,
0.147219,0.913638,
0.160976,1.5521,
0.180975,0.738001,
0.187088,0.440044,
0.197974,2.14513,
0.234621,1.72654,
0.268741,3.57145,
0.29468,2.8183,
0.305922,3.92627,
0.325686,3.80047,
0.362899,2.7802,
0.365169,0.263448,
0.388974,3.6466,
0.420111,3.45706,
0.42352,0.264877,
0.460744,2.79154,
0.462529,1.88467,
0.466403,1.36626,
0.483628,1.93551,
0.504887,2.69089,
0.516004,0.572153,
0.517799,2.97609,
0.536995,3.06712,
0.576938,0.890005,
0.582588,3.17384,
0.586162,1.80831,
0.642915,1.43253,
0.656368,0.0859544,
0.6725,1.40136,
0.678108,1.65969,
0.693756,2.19818,
0.696611,0.234792,
0.716679,0.904212,
0.720952,1.71847,
0.742841,2.28352,
0.769453,3.04375,
0.814057,1.76978,
0.816167,3.33092,
0.832496,3.57337,
0.846289,1.38237,
0.863492,2.16028,
0.884112,1.53096,
0.890083,0.521039,
0.898603,2.48327,
0.929581,3.58164,
1.00896,2.50073,
1.01664,0.273437,
1.0551,2.68788,
1.10946,1.58988,
1.11389,1.62768,
1.13271,2.2833,
1.1522,1.26253,
1.20317,3.70411,
1.26615,2.51895,
1.31131,1.94394,
1.31401,1.88048,
1.33039,0.867372,
1.38074,2.84776,
1.47326,1.93823,
1.4928,2.74194,
1.5218,0.529028,
1.54579,0.333525,
1.56019,2.17059,
1.56041,2.36847,
1.62208,0.438302,
1.64502,2.16967,
1.68581,0.149427,
1.73541,3.70503,
1.74841,0.86329,
1.74943,0.652943,
1.76663,1.71897,
1.78603,1.14503,
1.81678,1.71903,
1.81758,1.06448,
1.84015,3.41984,
1.84579,1.31771,
1.87515,2.52055,
1.89235,1.63307,
1.97722,3.75808,
2.01058,0.627691,
2.01479,3.8715,
2.08177,0.578927,
2.08315,3.76473,
2.08322,2.96623,
2.0888,3.34607,
2.13267,0.0126473,
2.18428,0.872915,
2.2053,0.0297889,
2.31721,3.23822,
2.43718,3.64202,
2.45122,2.39055,
2.52095,3.7719,
2.52432,1.65193,
2.53449,2.37541,
2.56657,1.43121,
2.56977,1.7128,
2.61628,1.29263,
2.62289,1.25069,
2.67607,2.41608,
2.68729,0.275314,
2.71732,1.83043,
2.77407,0.494972,
2.88092,0.407677,
2.8867,3.64736,
2.91767,0.705715,
2.96543,3.36883,
2.9841,1.40082,
3.08512,3.02917,
3.09508,0.43303,
3.11652,3.3768,
3.12431,0.136489,
3.19727,1.47434,
3.20104,2.34032,
3.20225,1.45146,
3.24815,0.76955,
3.30934,2.15672,
3.31181,3.04469,
3.32604,3.68101,
3.34915,1.7565,
3.38438,2.25006,
3.40422,0.166964,
3.41878,3.24342,
3.42004,0.624971,
3.46439,0.196404,
3.49147,2.55344,
3.4944,1.36841,
3.5424,1.7103,
3.58597,3.68668,
3.60724,1.32797,
3.60922,0.39031,
3.61388,0.301948,
3.62286,2.2332,
3.62835,0.81537,
3.63149,1.32496,
3.63569,3.04198,
3.66708,2.2117,
3.68135,0.874051,
3.7027,2.41247,
3.73189,0.485342,
3.79601,3.31854,
3.89608,1.76048,
3.94165,2.78671,
3.94863,0.554299,
3.98947,1.42675,
