Storage option,sets
Size,75
Dimension,2
Shape,cube
Spacetime,BlackHole
Past sets, 









3,
1,
1,
1,
7,
4,
1,10,
1,6,
2,
1,10,
2,
11,1,12,
3,9,
2,3,9,
1,11,
1,11,
7,13,
2,19,
6,7,
2,3,9,
1,11,24,
6,1,16,
17,3,2,9,22,
2,3,9,
15,10,18,12,1,11,20,
15,10,18,12,1,11,20,
3,
19,2,26,
7,6,1,16,
12,20,11,1,10,23,
22,9,2,3,17,31,
1,11,24,
24,11,1,29,
33,20,11,1,12,18,23,10,15,34,
21,3,9,35,
21,3,9,35,
15,6,16,10,1,18,
34,15,10,23,18,38,12,1,24,11,20,33,42,
2,21,3,9,35,
3,35,
21,3,9,35,
21,9,3,2,28,
29,40,1,11,24,41,
21,2,28,3,9,35,
29,24,11,1,40,
43,44,48,35,9,3,21,49,
32,28,2,3,9,21,50,
42,46,20,33,34,15,10,23,18,38,12,1,24,11,
35,9,3,28,2,47,21,52,
20,10,23,41,24,11,1,40,29,12,51,
29,18,15,34,23,10,1,24,11,33,20,12,38,
21,3,9,35,48,
49,47,21,3,9,35,48,44,43,28,2,54,
21,22,9,3,28,2,32,
23,10,20,12,38,29,40,1,11,24,41,
24,42,29,33,20,11,1,12,38,18,23,10,15,34,
49,21,3,9,35,48,44,43,54,
54,2,28,43,44,3,21,47,49,48,35,9,61,
66,54,2,28,43,44,61,3,21,47,49,48,35,9,
52,9,35,48,49,47,21,61,3,44,43,28,2,54,
52,50,47,21,22,35,9,2,28,32,3,55,
20,10,23,41,12,51,11,24,29,40,1,53,
2,65,49,21,47,9,35,48,3,61,44,43,54,28,
66,54,2,28,43,44,61,3,21,47,49,48,35,9,
33,18,15,24,1,11,40,29,38,41,12,20,10,23,34,
54,43,44,48,35,9,3,60,21,49,65,
Future sets, 

37,20,23,24,53,51,40,11,63,34,18,10,12,41,70,29,58,16,45,42,64,38,56,15,73,46,30,59,33,
47,50,52,32,61,71,17,69,68,39,55,26,31,19,36,62,22,57,28,67,66,72,
48,35,71,74,61,32,69,57,28,50,21,68,39,55,52,49,22,47,44,60,31,54,9,67,65,66,72,43,62,
14,

27,30,37,45,16,
37,27,25,13,

22,47,44,54,67,65,66,72,43,31,60,62,49,52,55,39,68,21,50,28,57,69,32,61,74,71,
70,58,45,42,64,38,56,15,73,46,59,33,18,34,63,
40,51,53,24,23,20,46,59,33,41,70,29,58,42,38,64,56,63,34,73,
73,34,56,64,38,42,63,58,70,33,59,46,20,
25,

45,42,64,56,34,73,46,59,33,
45,37,30,
39,31,
45,42,64,56,34,73,46,59,33,
36,26,
70,58,63,42,38,64,56,34,73,46,59,33,
62,60,52,55,50,49,57,69,61,74,71,68,43,72,66,65,67,54,44,47,
69,62,39,31,
70,58,42,46,59,56,63,73,64,38,
56,41,73,63,58,70,51,64,40,53,46,59,29,

36,

62,66,72,67,71,61,57,52,68,55,69,50,
59,53,64,51,70,58,63,73,41,

39,
62,69,55,
73,59,46,56,64,42,
73,59,46,56,64,42,
52,49,60,48,57,69,61,74,71,68,43,72,66,65,67,54,44,47,


73,64,63,56,59,46,

73,63,53,58,70,51,
73,63,58,70,51,
64,56,46,
61,74,71,68,72,66,65,67,54,
61,74,71,68,72,66,65,67,54,

56,
69,66,72,67,68,71,61,57,
60,61,74,71,68,72,66,65,67,54,
61,74,71,68,72,66,65,67,54,
69,55,
70,58,
69,68,57,
70,
65,66,72,67,68,71,74,61,
69,




74,
71,68,67,72,66,



74,71,
72,67,








Past links sets, 









3,
1,
1,
1,
7,
4,
10,
1,6,
2,
10,
2,
11,12,
9,
2,9,
11,
11,
13,
19,
6,7,
2,9,
24,
16,
17,22,
2,9,
15,18,20,
15,18,20,
3,
26,
7,16,
20,10,23,
31,
24,
29,
23,33,34,
21,35,
21,35,
15,16,18,
24,38,42,
2,21,35,
35,
21,35,
21,28,
40,41,
21,28,35,
29,40,
43,44,48,49,
32,50,
46,
47,52,
20,10,23,51,
29,33,34,38,
21,48,
47,28,54,
21,22,28,32,
38,40,41,
38,29,42,
54,
61,
66,
52,61,
22,47,52,55,
20,10,23,51,53,
61,65,
66,
33,34,38,40,41,
60,65,
Future links sets, 

16,12,11,10,
47,28,22,32,19,17,
35,9,
14,

27,16,
37,27,13,

32,28,22,21,
58,38,70,18,15,
24,23,20,
20,
25,

45,34,33,
45,37,30,
31,
45,34,33,
26,
70,58,38,34,33,
52,50,62,49,60,47,44,43,
69,62,31,
70,58,42,38,
46,40,29,

36,

62,61,52,50,
64,59,53,41,

39,
62,55,
73,59,42,
73,59,42,
52,49,48,47,44,43,


73,64,63,59,46,

73,63,53,51,
73,63,51,
64,46,
54,
54,

56,
69,61,57,
60,54,
54,
55,
70,58,
69,68,57,
70,
65,61,
69,




74,
71,68,66,



74,71,
72,67,








Coordinates
-4.98218,-0.898653
-4.96642,-2.4203
-4.82938,1.93907
-4.82038,2.36548
-4.68089,0.807054
-4.59557,-0.186586
-4.53509,-1.4315
-4.52874,-1.14623
-4.44666,-0.73022
-4.31588,2.28289
-4.26488,-2.03926
-4.12307,-2.30276
-3.90726,-2.07754
-3.86967,-0.535236
-3.83411,0.146807
-3.7664,-1.62648
-3.73216,-1.18934
-3.72713,1.23778
-3.72564,-1.66005
-3.64595,0.952307
-3.54778,-2.08006
-3.50556,2.3297
-3.41788,1.44507
-3.35473,-2.09408
-3.35329,-2.29813
-3.32552,-0.143947
-3.11767,0.443944
-3.06123,-0.352594
-3.05987,1.85234
-2.93686,-2.23641
-2.91181,-0.605865
-2.89166,0.994466
-2.85415,1.39594
-2.81167,-1.50615
-2.77829,-1.42149
-2.76674,2.44791
-2.75577,0.107235
-2.70006,-0.166451
-2.61983,-1.5579
-2.35948,0.586607
-2.3322,-2.35432
-2.31886,-2.1685
-2.26407,-1.15649
-2.09928,2.23645
-2.06839,2.19383
-2.05002,-0.201742
-2.00346,-0.967827
-1.95618,1.80554
-1.95458,2.49793
-1.93215,2.30688
-1.78463,1.18886
-1.70418,-2.18821
-1.57211,1.41511
-1.49483,-2.28351
-1.47659,2.16787
-1.39799,1.01058
-1.10119,-0.218642
-1.03878,1.07812
-1.01118,-1.57746
-0.936657,-0.690363
-0.927703,2.48529
-0.907332,1.6931
-0.857754,0.210054
-0.841398,-1.23677
-0.833533,-0.524627
-0.720335,2.03832
-0.584119,1.53523
-0.312852,1.44161
-0.212014,1.09043
-0.142495,0.0324352
-0.133059,-1.81162
-0.0569133,1.59588
-0.0427375,1.08464
-0.0387769,-0.344001
-0.0261883,1.89547
r_S,2
