Storage option,sets
Size,50
Dimension,4
Shape,cylinder
Spacetime,BlackHole
Past sets, 

























7,

15,




16,
6,16,

0,

0,12,
2,17,


13,


6,
3,6,9,
0,4,
16,26,


Future sets, 
46,37,35,

38,
45,
46,

45,44,33,
25,

45,


37,
41,

27,
47,33,32,
38,








47,























Past links sets, 

























7,

15,




16,
6,16,

0,

0,12,
2,17,


13,


6,
3,6,9,
0,4,
16,26,


Future links sets, 
46,37,35,

38,
45,
46,

45,44,33,
25,

45,


37,
41,

27,
47,33,32,
38,








47,























Coordinates
-3.83041,3.96109,2.64169,0.825116
-3.76148,3.31808,1.7263,4.97231
-3.67834,3.73592,1.16406,5.80982
-3.65905,3.35197,1.29011,2.34185
-3.59735,3.77739,2.28495,5.3226
-3.50382,1.97888,1.6395,4.32276
-3.47341,3.46729,0.443019,2.65791
-3.44845,2.72745,2.67122,2.21866
-3.44126,2.36851,1.66248,5.13231
-3.39589,3.7914,1.05659,3.02184
-3.34152,3.74113,2.04841,5.18903
-3.32658,0.804489,1.10854,4.37035
-3.3194,3.22849,2.37282,1.20444
-3.29167,2.87471,2.53145,6.04695
-3.15305,3.94937,2.58004,4.03736
-3.08969,2.99001,1.40529,3.99157
-3.07442,3.78508,0.681069,3.79941
-2.91621,3.72824,1.37682,5.03998
-2.77345,3.75994,1.81052,5.39921
-2.76118,3.88128,0.477782,5.84406
-2.62787,3.40505,1.05476,4.10522
-2.6073,2.95466,1.55982,2.66397
-2.45216,1.19414,0.69602,4.50659
-2.37055,3.59261,1.57978,4.89552
-2.35315,3.00037,1.04375,2.64923
-2.31445,2.36983,2.37127,2.42679
-2.29235,3.52384,0.477493,4.14884
-2.24785,2.37476,1.32778,3.93229
-2.04922,3.19991,2.37011,2.23055
-1.78834,2.16945,1.89703,0.404196
-1.74719,3.48533,2.53449,2.87538
-1.70053,2.72715,2.91813,5.58467
-1.68797,3.09113,0.715817,4.12494
-1.4661,3.37682,0.3716,3.45031
-1.46375,2.85788,1.17289,3.39877
-1.20021,3.76869,2.62725,0.547272
-0.992769,3.1481,1.92995,2.88308
-0.90001,3.41657,2.44045,0.637994
-0.721874,3.17805,1.0278,5.34267
-0.645577,3.63267,0.903339,2.02074
-0.608988,3.97434,1.43557,4.4624
-0.490336,1.86017,2.30544,0.367546
-0.445009,3.74762,2.05514,3.47582
-0.441056,2.87244,1.22986,1.49726
-0.397091,2.21162,0.318479,3.54496
-0.394068,3.36217,0.717912,2.51054
-0.237564,3.13674,2.50205,6.00865
-0.16458,3.67261,0.741959,3.78944
-0.133538,2.94229,0.79072,4.6953
-0.0900758,2.94275,0.891355,1.47968
r_S,2
NHRVs_Open,0
NHRVs_Close,0
