Storage option,sets
Size,250
Dimension,2
Shape,cube
Spacetime,BlackHole
Past sets, 





1,


2,




3,7,



2,




2,8,


11,
3,7,


2,8,
6,
1,19,
6,
3,16,
1,19,
18,
14,2,17,
3,7,
11,25,
21,
6,
6,14,
17,8,2,22,
14,
18,24,15,28,
7,3,13,26,
7,3,13,26,
21,39,
11,7,3,13,
8,22,17,2,14,36,
35,28,15,24,18,44,
6,8,2,36,14,17,43,
28,15,24,18,44,
3,16,
14,22,2,8,17,29,42,
22,8,2,29,
6,12,20,
26,33,7,16,3,37,
13,26,33,7,16,3,37,
8,36,6,2,41,14,17,43,
44,18,24,15,28,52,
7,18,11,25,38,
26,13,3,7,11,48,
16,
19,
18,35,11,25,38,
12,20,30,6,32,
30,32,6,14,40,
42,29,17,8,22,14,2,54,
35,44,18,50,24,15,28,52,
53,3,16,63,
12,20,30,6,32,
22,51,43,17,40,14,41,2,6,36,8,59,
26,33,7,37,16,3,53,
60,52,28,15,24,50,18,44,35,69,
15,28,18,35,24,11,25,38,
16,
36,49,54,2,14,22,8,17,55,29,42,68,
35,52,28,15,50,24,18,44,60,
12,20,30,6,32,
12,20,
36,49,42,29,17,8,22,14,2,54,
68,42,29,55,17,8,22,14,2,54,49,36,77,
42,49,59,22,51,17,40,72,43,14,41,2,6,36,8,
7,33,63,16,3,53,70,
38,25,18,61,48,11,7,3,13,26,62,
54,2,14,22,8,17,55,29,42,68,
57,58,53,3,16,63,37,7,33,13,26,73,
71,32,6,30,20,12,40,66,79,
25,74,35,60,52,28,24,50,18,15,44,11,69,38,
8,2,29,
25,26,13,3,45,16,7,62,33,46,11,37,48,58,57,
25,26,13,3,7,62,33,46,11,37,48,58,16,45,
41,6,81,77,82,17,68,42,29,55,8,51,22,43,14,2,54,49,36,
67,32,6,30,20,12,66,40,14,79,
17,2,8,22,42,29,55,
25,74,35,60,52,28,24,50,18,15,44,11,69,38,
22,29,2,8,90,
71,32,6,56,30,20,12,66,79,
3,16,63,76,
29,8,36,6,54,83,42,49,30,59,22,51,17,40,72,43,14,41,2,
37,62,26,13,7,46,11,48,3,61,18,25,38,45,
41,67,32,6,43,30,20,12,40,14,79,
12,20,40,14,6,32,17,43,30,2,41,67,
16,76,
66,79,14,40,12,20,30,43,6,32,67,41,102,
49,32,67,30,59,22,51,17,40,72,43,14,41,2,6,36,8,
14,68,55,29,42,22,86,8,54,2,17,95,
67,71,32,6,30,20,12,66,40,14,79,
79,66,40,12,20,30,6,32,71,88,
42,49,32,67,30,59,22,51,17,40,72,43,14,41,2,6,36,8,
3,7,38,25,11,48,61,35,18,26,13,65,
12,20,36,40,14,6,32,17,43,30,2,41,67,
17,90,8,2,42,55,29,22,97,
28,3,7,38,25,24,11,48,61,35,18,13,65,
35,37,45,85,7,46,38,25,18,48,11,61,3,13,26,62,
46,70,57,87,58,53,3,45,16,63,37,7,33,13,84,26,73,
36,103,20,40,6,32,17,14,43,30,2,12,41,67,
70,53,33,7,84,76,63,16,3,99,
11,46,70,57,87,58,53,3,45,16,63,37,7,33,13,26,73,
53,73,57,58,48,26,13,25,3,16,45,7,46,91,33,62,11,37,
40,59,36,49,54,2,14,43,41,93,6,81,68,42,29,55,77,22,51,82,17,8,
57,38,18,45,16,92,25,26,13,61,3,7,46,33,62,11,37,48,58,
8,17,82,51,22,77,55,29,42,68,121,40,43,14,59,36,49,54,2,41,93,6,81,
36,54,86,22,17,90,95,8,2,42,113,55,29,107,68,97,14,
45,46,35,85,38,25,18,48,11,61,3,13,26,7,65,62,
73,63,53,57,87,58,48,26,13,25,3,16,45,7,46,91,33,62,11,37,
40,59,86,36,49,54,2,14,43,41,93,6,81,68,42,29,55,77,22,51,82,17,8,
46,76,70,57,87,58,53,3,16,63,37,7,33,13,84,26,73,
58,85,16,45,38,101,33,62,37,11,26,13,7,46,48,61,3,18,25,
33,53,70,99,63,76,3,16,104,
29,83,106,8,36,6,2,41,110,32,42,20,49,67,17,30,59,14,43,72,22,51,40,
13,57,73,3,16,63,76,37,7,33,53,99,70,84,26,
77,14,97,68,49,107,29,36,54,2,86,22,17,124,8,95,90,42,113,55,
81,77,55,68,82,2,41,14,43,72,40,17,29,100,42,8,36,49,6,54,83,30,59,22,51,
70,37,11,120,62,33,91,46,7,126,48,73,63,53,57,87,58,26,13,25,3,45,16,
86,81,6,93,41,2,54,49,59,14,43,36,123,8,17,82,121,77,51,22,55,29,42,68,40,
41,6,81,77,36,82,90,49,107,68,55,29,42,43,14,51,22,86,54,2,17,8,95,
76,73,84,26,13,33,7,11,63,37,46,70,57,116,87,58,53,119,3,45,16,
90,8,2,55,29,22,97,
86,81,6,93,41,2,83,54,49,59,72,14,43,36,123,8,17,82,121,77,51,22,55,29,42,68,40,
59,36,82,77,81,41,6,93,49,107,68,55,29,42,43,14,51,22,86,54,2,17,8,95,
40,51,22,72,43,14,59,30,17,67,131,29,42,83,106,2,41,8,36,6,110,32,49,20,
83,54,29,106,8,36,6,2,41,110,32,100,42,20,49,67,17,30,59,14,43,72,22,51,40,
55,68,82,77,81,2,41,14,43,72,40,17,29,100,42,8,36,49,93,6,54,83,30,59,22,51,
8,17,82,51,22,77,55,29,100,42,68,121,40,72,43,14,30,59,36,49,83,54,2,41,93,6,81,
118,116,58,87,46,26,84,13,57,73,128,70,99,3,45,132,16,63,76,37,7,33,53,
14,97,68,49,107,29,36,54,2,86,22,17,124,8,95,90,42,113,55,
14,97,29,55,42,54,2,8,90,95,17,22,113,
63,92,37,11,46,62,33,91,120,3,53,73,57,58,16,45,48,26,13,25,7,
58,87,46,104,118,26,84,13,57,73,70,99,3,132,16,63,76,37,7,33,53,
95,8,17,2,54,86,22,51,14,43,42,137,41,93,6,81,97,68,113,55,29,77,90,36,107,49,82,
16,45,3,119,53,58,87,116,57,138,73,76,11,63,37,84,26,13,33,7,46,70,
17,97,42,29,55,2,8,90,22,139,
86,81,6,93,41,2,83,54,49,59,72,14,43,36,123,8,17,82,121,77,51,22,55,29,42,68,40,
97,29,55,2,8,90,22,139,
90,8,2,29,22,97,
139,22,90,8,2,55,29,42,97,17,153,
58,104,118,26,84,13,57,73,70,99,3,132,16,63,76,37,7,33,53,
63,76,3,16,104,
81,82,55,113,42,90,95,8,124,17,133,29,77,14,68,97,107,49,36,54,2,86,22,
16,45,3,25,13,26,58,87,57,53,92,63,70,37,11,46,7,120,62,33,91,126,135,48,73,
55,68,82,77,81,2,41,14,43,72,40,17,29,100,42,8,36,49,93,6,54,83,30,59,22,51,
48,16,45,3,119,53,58,87,116,57,138,73,76,11,63,37,84,26,13,62,33,7,46,70,
8,17,82,51,22,77,55,29,100,42,68,121,40,72,43,14,30,59,36,49,83,54,2,41,93,6,81,
48,16,45,3,119,53,58,87,116,57,138,73,76,11,63,37,84,26,13,62,33,7,46,70,
33,53,70,99,104,76,63,16,3,159,
18,38,53,73,57,45,16,92,25,26,13,3,7,46,91,33,62,11,37,48,58,
41,6,81,82,55,113,42,90,95,8,124,17,133,29,77,43,14,68,97,107,49,36,54,2,86,51,22,
53,33,7,37,76,63,16,132,87,58,46,104,84,26,158,13,118,57,73,70,99,3,
126,7,25,13,26,48,45,16,87,58,57,37,11,63,92,53,46,149,33,62,91,120,3,73,
81,82,55,113,42,90,95,8,124,17,133,29,77,14,68,97,107,49,36,54,2,86,22,
3,99,70,73,57,118,13,158,26,84,169,53,33,7,104,46,37,76,150,63,16,132,87,58,
8,2,29,
53,33,7,37,76,150,63,45,16,132,87,58,46,104,84,26,158,13,118,57,73,128,70,99,3,
11,146,53,33,7,37,76,150,63,45,16,132,116,87,58,46,104,84,26,158,13,118,57,73,128,70,99,3,
123,68,42,29,145,55,51,77,164,121,82,17,8,40,72,43,14,30,59,36,49,83,54,2,100,41,93,6,22,81,
16,45,119,3,25,13,84,26,116,58,87,57,53,63,70,37,11,46,7,120,62,33,91,126,135,48,73,
118,128,99,70,46,33,13,26,84,37,63,11,7,152,132,16,45,3,119,53,87,58,116,57,138,73,76,
77,86,36,107,49,14,68,97,29,113,55,42,54,147,2,148,90,124,8,95,133,17,22,
72,83,6,93,41,55,127,68,107,49,136,77,123,59,82,141,54,29,42,43,14,51,81,22,86,2,17,8,36,95,121,40,
159,3,16,63,76,130,104,99,70,53,7,33,166,
13,57,37,73,130,104,33,7,53,118,70,99,63,76,3,16,26,84,
13,57,37,73,130,104,33,7,53,118,70,99,63,76,3,16,26,84,
30,14,72,43,59,49,83,54,2,100,41,93,6,154,36,123,8,17,82,121,77,51,140,81,22,55,29,86,145,42,68,40,
97,139,22,90,156,55,29,2,8,173,
7,166,33,53,70,99,104,76,63,16,3,130,159,84,
48,128,70,46,62,33,13,26,84,37,63,11,7,152,16,45,3,119,53,87,58,116,57,138,73,76,
84,26,16,3,76,63,13,130,104,57,182,37,73,70,99,33,7,53,118,
130,58,87,45,132,16,63,150,76,37,46,104,7,33,172,3,73,128,99,70,57,118,53,169,13,158,26,84,
173,8,2,156,90,22,139,97,29,55,185,
81,82,77,86,36,107,49,14,68,97,29,113,55,42,54,147,2,148,90,124,8,95,133,17,22,
107,86,36,54,14,157,139,22,148,90,2,113,55,29,42,68,155,97,17,124,95,8,153,156,
159,3,16,63,76,104,99,70,53,33,166,
97,22,90,156,55,29,2,8,173,
121,123,40,133,59,137,42,14,43,51,2,17,8,86,151,93,124,6,41,22,81,97,127,68,54,113,55,29,77,90,95,36,107,49,141,82,
121,40,133,59,137,42,14,43,51,2,17,8,86,151,93,124,6,41,22,81,97,127,68,54,113,55,29,77,90,95,36,107,49,141,82,
82,139,22,17,133,153,95,8,124,90,148,2,147,54,179,36,77,86,49,107,29,42,14,68,97,55,113,
166,33,53,70,99,130,104,16,3,159,76,63,193,
130,58,87,45,132,16,63,150,76,37,46,104,7,33,172,3,73,128,99,70,57,118,53,169,13,158,26,84,
118,99,84,26,13,33,46,63,37,187,128,11,70,48,7,152,16,62,3,119,53,87,58,116,57,138,132,73,76,45,163,
59,93,137,151,8,90,55,171,17,133,141,82,29,160,42,168,77,14,43,68,97,107,49,95,36,113,54,2,86,81,22,51,41,124,6,
77,86,36,107,49,54,14,157,139,22,148,90,147,2,113,55,29,42,68,155,97,133,17,124,95,8,153,
13,57,37,73,118,26,84,7,33,166,53,186,70,99,104,159,130,76,63,16,3,
156,153,8,95,124,17,97,155,68,42,29,192,36,49,107,86,54,147,2,14,157,139,22,55,113,148,90,
13,57,37,73,118,26,84,181,7,33,166,53,186,70,99,104,159,130,76,63,16,3,
91,73,138,57,116,58,87,53,119,16,48,165,76,45,163,63,37,26,13,3,62,33,7,152,46,11,70,126,84,25,
14,54,17,42,190,95,153,8,173,2,90,22,139,155,97,29,113,55,156,185,157,
87,58,183,118,53,7,33,99,70,73,84,26,158,13,188,130,46,104,132,16,3,76,63,182,37,57,
119,130,169,172,174,16,150,63,7,33,53,76,37,146,87,58,46,45,104,84,26,13,118,175,116,57,132,73,128,11,70,158,99,3,
59,93,137,151,8,90,55,171,17,133,82,147,29,160,42,168,77,14,43,68,97,107,49,95,36,113,54,2,86,81,22,51,41,124,6,
6,124,41,51,22,81,86,141,82,17,133,55,171,54,113,90,8,151,93,137,59,201,147,29,160,42,168,77,14,43,68,97,107,49,95,36,2,
168,123,82,141,49,107,36,95,90,8,2,51,196,137,59,160,42,133,17,43,14,121,40,86,151,93,124,6,41,22,81,97,127,68,54,113,55,29,195,77,
168,123,82,141,49,107,36,95,90,8,2,51,196,137,59,42,133,17,43,14,121,40,86,151,93,124,6,41,22,81,97,127,68,54,113,55,29,195,77,
150,84,26,13,33,46,158,99,128,70,11,63,37,118,7,152,16,104,45,3,178,119,53,146,87,58,116,57,138,132,73,76,
121,40,6,124,41,51,22,81,86,141,82,17,133,55,171,54,113,90,8,151,93,137,59,201,29,160,42,168,77,14,43,127,68,97,107,49,95,36,2,
77,90,148,113,55,22,139,157,14,2,147,54,86,107,49,36,204,156,192,17,153,8,95,124,97,155,68,42,29,
107,157,185,156,55,113,29,68,97,155,139,207,148,90,14,54,2,17,86,173,42,190,95,8,153,22,
72,83,133,40,121,123,59,137,42,14,43,51,2,17,8,86,151,93,124,6,41,22,81,97,127,68,54,113,55,29,136,77,90,95,36,107,49,141,82,
72,83,82,141,49,107,36,95,90,2,51,137,136,77,195,59,42,133,17,14,43,40,123,121,8,86,151,93,124,6,41,22,81,97,127,68,54,113,55,29,
193,203,3,16,63,76,130,159,104,99,70,186,166,13,57,37,73,205,118,53,26,84,181,7,33,
84,7,181,193,16,3,166,33,198,53,70,99,159,130,104,76,63,
43,171,82,148,90,81,22,139,197,157,191,14,107,49,86,202,77,179,2,54,113,55,147,29,160,42,68,155,97,133,17,124,36,95,8,153,
90,148,113,55,22,139,157,14,2,147,54,173,86,107,49,36,204,156,192,17,153,8,95,124,97,155,68,42,29,
48,84,26,13,33,46,99,128,70,11,63,150,37,118,7,152,16,104,45,3,178,119,53,146,87,58,116,57,138,132,73,76,
3,99,158,70,11,128,76,63,33,7,174,58,16,172,169,53,189,130,119,150,209,37,87,146,46,45,104,84,26,13,118,116,175,57,132,73,
139,93,137,151,51,43,41,97,68,49,107,86,77,82,168,55,171,14,191,133,17,160,42,113,54,29,147,148,90,6,124,8,36,95,81,22,2,179,
159,3,16,63,76,104,99,70,53,33,166,
82,197,77,42,68,155,124,8,153,17,133,192,97,156,95,36,49,107,204,86,202,29,147,179,2,191,14,157,139,81,22,55,54,113,148,90,
77,29,147,2,14,216,157,173,55,139,22,148,90,113,54,223,107,49,86,204,192,17,153,8,36,95,124,156,97,155,68,42,
40,2,36,95,49,107,97,68,43,14,17,133,82,141,86,51,41,8,124,6,151,211,93,55,171,54,113,22,81,168,90,137,59,201,147,29,160,42,77,
51,153,8,95,36,6,124,17,133,97,139,197,81,22,90,148,171,55,82,43,191,14,157,222,77,107,49,86,202,179,2,113,54,147,29,160,42,68,155,
199,73,132,57,175,116,118,13,26,58,174,7,33,63,76,128,70,11,99,158,3,119,225,16,172,169,53,189,130,150,209,37,87,146,46,45,104,84,
119,174,183,46,150,63,37,76,16,104,45,146,87,58,189,130,199,7,33,172,3,132,73,128,11,70,116,175,57,118,53,169,13,99,158,26,84,
119,174,183,46,150,63,37,76,16,104,45,146,87,58,189,130,199,7,33,172,3,132,73,128,11,70,116,175,57,118,53,169,13,99,158,26,84,
174,169,128,172,150,33,7,53,118,183,84,26,58,146,87,208,63,99,158,13,11,70,188,189,130,46,73,132,16,104,45,3,76,182,37,116,175,57,199,
84,26,158,99,13,169,53,118,16,45,104,46,76,37,63,150,183,233,174,146,87,58,57,175,116,119,3,132,73,189,130,199,7,33,172,128,70,11,
159,166,174,169,128,172,150,33,7,53,118,183,84,26,58,146,87,208,63,99,158,13,70,188,189,130,46,73,132,16,104,45,3,76,182,37,116,57,199,
148,6,124,41,51,22,81,86,179,2,82,17,133,55,171,90,8,93,137,59,151,210,95,36,147,29,160,42,168,77,191,14,43,68,97,107,49,113,54,
63,104,130,159,76,221,84,33,7,181,193,16,3,166,198,53,70,99,
173,190,8,2,185,29,55,156,139,22,97,90,194,
171,90,148,113,54,55,22,81,139,153,8,124,192,133,17,68,155,42,77,197,82,228,97,156,95,36,49,107,204,86,202,29,147,2,179,191,14,216,157,
49,124,155,68,97,156,157,147,29,107,139,217,14,207,148,90,113,54,2,194,17,86,55,173,42,190,36,95,185,8,153,22,192,
148,201,6,124,41,51,22,81,86,179,2,141,82,17,133,55,171,90,8,93,137,59,151,210,95,36,147,29,160,42,168,77,191,14,43,68,97,107,49,113,54,
138,152,3,99,158,70,11,128,76,63,33,7,174,58,16,172,169,53,130,178,119,150,209,37,87,146,46,45,104,84,26,13,118,116,175,57,132,73,
82,197,202,42,68,155,148,90,22,139,14,179,2,173,55,229,147,29,77,157,216,113,54,223,107,49,86,204,133,192,17,153,185,8,124,95,36,97,156,
169,172,174,150,84,26,13,33,46,158,99,128,70,11,63,37,118,7,152,16,104,45,3,178,119,53,146,87,58,138,132,73,76,116,57,175,
124,155,68,97,156,157,29,107,139,217,14,207,148,90,113,54,2,194,17,86,55,173,42,190,36,95,185,8,153,22,192,
119,174,183,182,46,150,63,37,76,16,104,45,146,87,58,189,130,199,7,33,172,3,132,73,128,11,188,70,116,175,57,118,53,169,13,99,158,26,84,
33,7,181,84,26,198,53,118,205,73,37,57,13,166,193,63,76,203,3,16,159,130,220,104,99,70,186,
Future sets, 

34,31,5,
112,117,36,83,210,142,231,54,113,240,100,218,212,153,93,211,151,196,137,124,242,107,171,103,230,222,95,106,194,164,223,155,245,127,68,195,55,229,185,134,207,148,143,202,226,154,82,141,162,247,217,90,49,176,147,8,59,51,228,110,213,86,145,173,184,243,238,179,180,121,197,168,201,192,133,191,17,144,42,219,160,216,157,136,204,77,22,140,81,139,72,190,131,241,123,29,156,97,215,
159,99,70,53,37,84,239,221,186,118,130,198,181,166,227,193,33,57,26,132,158,85,62,189,172,45,169,235,58,177,236,206,152,111,170,199,163,13,182,178,237,91,209,150,205,146,220,161,203,125,183,248,249,122,188,129,167,135,92,73,200,187,119,246,128,87,214,149,208,120,101,225,138,232,114,126,244,165,224,174,115,233,116,234,48,175,46,


56,231,51,243,32,143,110,112,106,164,105,67,109,94,212,98,108,226,79,134,117,176,30,144,66,184,145,162,230,103,71,100,218,168,41,131,72,102,142,201,40,127,195,136,123,196,137,88,215,219,213,154,140,121,180,141,93,211,151,83,210,238,59,
181,118,186,221,239,84,37,57,26,132,158,85,62,189,172,45,169,235,58,177,236,206,152,111,170,199,163,13,182,178,237,91,209,150,205,146,220,161,203,125,183,248,249,122,61,188,129,167,135,92,73,200,187,119,246,128,87,214,149,208,120,101,225,138,232,114,126,244,165,224,174,115,233,116,234,48,175,46,
59,51,173,145,86,213,243,184,180,121,238,179,147,176,49,90,217,247,162,141,82,154,226,202,143,148,207,134,197,168,228,110,201,192,133,191,144,42,219,160,216,157,136,77,204,22,140,81,139,72,190,131,241,123,29,156,97,215,185,229,55,195,68,127,245,155,223,164,194,106,95,222,230,171,107,242,124,137,196,151,211,93,153,212,218,100,240,113,54,231,142,210,83,


235,152,138,175,234,248,178,119,246,187,163,200,233,115,167,65,209,91,149,62,244,126,135,225,48,161,25,92,129,89,236,177,206,120,61,122,101,75,85,232,114,38,214,96,125,170,111,165,224,
112,56,98,66,105,108,79,94,117,88,71,102,109,80,103,
205,220,203,183,188,182,167,135,248,209,91,150,249,122,237,178,92,161,163,170,111,199,125,152,206,177,236,235,58,200,187,119,246,128,146,214,87,149,208,120,101,225,138,129,232,114,126,244,165,224,174,115,233,116,234,48,175,46,169,45,172,189,62,85,158,132,
94,108,67,217,107,148,207,54,43,105,131,137,196,176,49,215,121,180,238,179,93,211,81,140,136,68,195,102,229,245,127,144,231,202,143,191,133,192,36,86,213,154,218,100,247,124,242,77,204,145,117,59,72,112,171,103,230,51,228,110,147,106,226,223,164,197,41,168,216,151,123,241,222,243,184,212,162,82,141,134,160,219,201,210,83,142,
75,50,89,78,52,74,69,60,96,44,
104,99,159,63,70,53,84,92,224,165,206,58,235,200,73,187,181,220,161,175,116,57,234,126,244,177,236,118,237,178,246,119,248,189,130,33,166,225,227,198,163,221,186,152,239,193,135,122,249,158,132,232,76,203,183,170,188,129,182,120,138,167,199,172,169,149,208,91,150,209,174,233,205,146,87,214,128,
217,54,148,207,107,113,153,157,42,131,137,196,176,49,215,121,180,238,179,93,211,81,140,136,68,195,229,245,127,144,231,202,143,191,133,192,36,86,213,154,218,100,247,124,242,77,204,145,117,59,72,112,171,103,230,51,228,110,147,106,226,223,164,197,168,216,151,123,241,95,222,243,184,212,162,82,141,134,160,219,201,210,83,142,
167,129,101,61,52,44,122,35,74,111,75,85,114,69,125,96,65,78,115,60,89,50,
64,34,31,
142,112,143,56,98,66,105,108,79,94,117,88,71,131,102,109,80,103,
47,39,
156,97,72,139,190,185,155,194,55,106,241,222,95,164,223,77,204,195,68,136,229,216,144,191,133,192,219,42,160,230,171,107,242,124,137,196,127,245,123,151,215,157,211,93,153,212,140,81,131,218,100,240,113,54,231,142,210,83,201,110,228,168,197,134,207,148,143,202,226,154,82,141,162,247,217,49,176,147,179,238,121,180,184,243,213,86,145,

114,75,50,89,78,52,74,69,60,96,44,
92,170,161,135,126,120,149,91,65,129,167,115,89,177,206,61,122,101,75,85,114,38,96,125,111,
111,85,58,205,167,135,62,189,248,209,91,150,237,178,92,161,220,163,87,214,170,199,125,152,206,177,236,235,73,200,187,119,246,128,146,149,208,120,101,225,138,129,188,232,126,244,165,224,174,115,233,116,234,175,57,46,169,45,172,122,249,203,183,182,158,132,

114,75,50,89,78,52,74,69,60,96,44,
173,142,131,97,156,113,240,139,190,185,153,157,155,194,55,197,168,140,218,151,210,123,127,245,215,196,137,242,124,93,211,107,171,230,160,219,134,207,148,201,143,202,100,226,81,154,212,82,141,162,54,231,228,247,90,217,176,147,179,238,121,180,184,243,213,86,145,192,133,191,144,216,229,136,68,195,204,77,223,164,95,222,241,
144,145,184,176,162,100,71,102,131,103,142,66,134,105,79,108,98,94,109,67,164,106,112,110,143,88,117,

71,102,131,103,142,66,105,79,108,98,94,109,67,106,112,110,143,88,117,
193,227,166,181,198,130,118,186,221,239,135,163,189,248,237,178,177,236,152,244,126,57,116,175,234,220,161,122,249,158,132,232,203,183,170,188,129,182,120,225,138,167,199,172,169,149,208,91,150,209,174,233,205,146,87,214,128,119,246,187,73,200,235,58,206,165,224,92,84,

111,75,114,125,69,96,74,65,78,115,89,50,
192,247,124,117,112,59,72,51,242,147,106,145,133,191,143,202,231,144,127,245,229,195,136,204,77,140,81,218,100,226,223,164,197,168,216,151,123,241,222,243,184,213,154,212,162,228,110,82,141,134,160,219,171,230,201,210,83,142,211,93,179,238,180,121,215,49,176,196,137,131,
115,135,163,189,248,237,178,177,236,152,244,126,57,116,175,234,220,161,122,249,158,132,232,203,183,170,188,129,182,120,225,138,167,199,172,169,149,208,91,150,209,174,233,205,146,87,214,128,119,246,187,73,200,235,58,206,165,224,92,101,
167,61,122,101,75,115,89,96,125,129,111,114,85,65,
47,
127,195,136,123,196,215,109,212,94,102,134,219,88,143,108,110,230,112,142,83,106,105,164,67,213,154,131,72,140,121,180,218,100,103,162,117,176,184,145,144,
168,102,226,127,195,136,123,137,196,215,121,180,140,141,142,83,201,112,230,143,105,164,106,93,211,151,210,134,238,59,219,212,103,162,110,117,176,243,184,154,213,145,144,72,131,218,100,
157,153,113,110,142,131,197,168,140,218,151,83,210,123,127,245,215,196,137,242,124,93,211,107,171,230,160,219,134,207,148,201,143,202,100,226,81,154,212,82,141,162,54,231,228,247,217,176,147,179,238,121,180,184,243,213,86,145,192,133,191,144,216,229,136,68,195,204,77,223,164,95,222,241,
222,102,59,127,243,184,211,93,112,230,201,142,83,143,218,100,131,72,105,164,106,238,151,210,123,215,196,137,195,136,212,231,144,168,51,110,226,141,134,140,180,121,219,154,213,103,162,117,176,145,
60,69,96,74,52,78,89,50,
199,125,152,235,200,214,146,101,187,246,120,149,92,119,178,237,170,236,177,206,122,91,209,161,189,248,135,167,225,138,129,232,163,126,244,165,224,174,115,233,116,234,175,
169,172,199,125,152,235,200,214,146,101,128,187,246,120,208,149,92,119,178,237,170,236,177,206,122,150,91,209,161,189,248,135,167,225,138,129,232,163,126,244,165,224,174,115,233,116,234,175,

224,111,170,161,135,126,206,177,149,91,120,62,101,165,200,122,163,114,85,92,187,129,125,115,167,
223,226,197,168,140,81,218,100,151,123,241,222,164,204,77,195,136,229,245,127,216,144,231,202,143,191,133,145,243,184,213,154,212,162,228,110,82,141,134,160,219,171,230,201,210,83,142,211,93,179,238,180,121,215,176,196,137,131,106,147,242,
78,74,96,89,69,
231,168,212,195,136,123,137,196,215,210,151,164,106,141,134,140,121,180,238,219,213,154,162,110,226,176,145,144,72,131,100,218,143,83,142,201,230,93,211,184,243,127,
69,74,96,89,78,60,
149,126,170,120,183,172,87,214,187,128,158,224,165,118,177,236,70,188,132,200,73,161,220,135,193,227,198,237,246,119,178,249,235,206,181,152,199,186,244,208,169,182,221,163,239,84,138,166,225,232,203,130,248,189,150,209,174,233,116,175,234,146,205,167,
207,148,143,100,81,226,154,212,162,82,141,228,134,219,160,171,230,201,107,211,93,124,242,137,196,215,127,245,247,217,176,147,179,238,121,180,184,243,213,86,145,192,133,191,202,231,144,216,229,136,68,195,204,77,223,164,222,241,123,210,151,218,140,168,197,
194,155,157,153,185,190,139,240,113,148,207,226,197,168,140,218,151,210,123,241,95,222,164,223,195,136,229,245,127,216,144,231,202,191,133,192,145,77,204,243,184,86,213,154,212,162,228,82,141,134,160,219,171,230,201,211,93,179,238,180,121,215,176,196,137,147,217,107,247,242,124,
98,
249,203,183,188,182,158,132,122,120,167,170,126,244,152,178,119,237,236,177,220,161,232,138,225,248,189,163,135,199,172,169,149,208,91,150,209,174,233,205,87,146,116,175,234,214,128,246,187,200,235,206,165,224,
158,129,122,92,120,167,170,126,244,152,178,119,237,236,177,161,232,138,225,248,189,163,135,199,172,169,149,208,91,150,209,174,233,87,146,116,175,234,214,128,246,187,200,235,206,165,224,
238,210,230,211,141,164,106,134,201,83,142,140,219,212,162,110,176,243,184,154,213,145,144,72,131,100,218,143,180,121,215,196,123,136,195,127,
78,89,96,74,
122,114,101,115,125,129,111,85,
165,200,163,101,122,92,85,187,129,125,115,167,177,206,126,135,161,120,91,149,170,
159,149,99,170,183,172,187,128,158,200,224,165,118,177,236,70,188,132,161,220,135,193,227,198,237,246,119,178,249,235,206,181,152,199,186,244,126,208,169,182,221,163,239,84,138,166,225,232,203,130,248,189,150,209,174,233,116,175,234,146,205,214,87,

125,114,111,
108,105,98,94,109,88,
112,110,108,106,143,117,142,103,131,105,102,94,
124,242,247,107,217,147,137,196,176,215,121,180,238,179,93,211,201,230,171,219,160,134,141,82,228,162,212,154,213,184,243,204,86,145,192,133,191,202,231,144,216,127,245,229,136,195,77,223,164,222,241,123,210,151,218,140,168,197,226,
89,96,74,
193,227,135,181,198,249,161,220,152,119,178,237,236,177,118,165,224,206,235,200,187,246,128,214,172,183,158,132,199,186,244,208,169,182,221,163,239,188,84,138,166,225,232,203,130,248,189,150,209,174,233,116,175,234,146,205,
108,98,109,88,
110,154,140,142,134,83,219,180,100,106,164,162,176,184,145,144,131,218,143,
249,203,183,188,182,167,158,132,120,170,126,244,152,178,119,237,236,177,220,161,232,138,225,248,189,163,135,199,172,169,149,208,150,209,174,233,205,87,146,116,175,234,214,128,246,187,200,235,206,165,224,
96,89,

152,206,138,159,163,104,199,172,189,248,130,165,224,209,150,208,237,178,214,236,118,183,198,169,227,186,158,99,244,181,239,200,182,221,132,193,233,174,203,232,166,225,146,205,175,234,249,220,187,128,246,188,235,
229,216,202,133,212,145,184,243,213,154,195,136,123,241,210,151,164,245,127,218,140,231,144,222,168,197,226,191,162,228,82,141,134,160,219,171,230,201,211,93,179,238,180,121,215,176,196,137,

108,105,102,98,94,109,88,

228,191,168,222,231,134,140,218,127,160,219,141,171,230,201,144,226,162,211,93,238,180,121,215,176,137,196,164,151,210,241,123,136,195,154,213,243,184,145,212,
197,228,191,168,222,231,134,140,218,245,127,160,219,141,171,230,201,144,226,162,211,93,238,180,121,215,176,137,196,164,151,210,241,123,136,195,154,213,243,184,145,212,
219,180,100,164,162,176,184,145,144,218,131,143,134,142,140,154,
239,221,186,132,183,182,169,158,199,172,208,188,244,163,138,225,232,203,189,248,150,209,174,233,234,116,175,205,146,214,128,246,187,200,235,206,224,165,118,177,236,237,178,152,220,249,
129,125,115,
140,215,184,243,210,151,222,231,202,238,179,196,137,219,160,241,212,201,230,171,229,197,226,168,147,141,228,180,217,107,223,154,213,218,247,191,204,216,127,245,242,124,211,133,192,136,195,
208,169,172,199,135,163,138,225,232,189,248,161,150,209,174,233,234,116,175,146,214,128,246,187,200,235,206,224,165,177,236,237,119,178,152,244,126,170,
109,

195,192,133,211,124,242,228,245,216,157,204,191,223,247,218,213,217,207,148,147,168,226,222,243,185,139,197,210,151,190,155,215,156,97,194,240,202,238,179,137,196,219,160,241,153,212,201,230,171,231,113,229,
167,206,126,135,161,177,149,170,120,
167,170,149,161,122,
162,226,144,201,230,211,141,243,127,218,140,219,238,151,180,121,215,176,196,164,210,123,136,195,213,184,145,212,154,

207,148,215,243,210,151,222,231,202,238,179,196,137,219,160,241,212,201,230,171,229,197,226,168,147,141,228,180,217,107,223,213,218,247,191,204,216,245,242,124,211,133,192,195,

194,155,240,185,190,139,156,215,243,210,151,222,202,238,179,196,219,160,241,153,212,201,230,171,231,113,229,197,226,168,147,148,207,217,213,218,247,223,191,204,157,216,245,228,242,124,211,133,192,195,

193,227,132,221,239,181,186,198,200,183,182,169,233,174,203,232,166,225,146,205,175,234,244,249,220,246,188,235,118,236,214,178,237,208,150,209,224,130,248,189,172,199,158,
164,162,176,184,145,144,143,134,
129,
105,
117,
227,193,159,169,158,246,172,236,181,239,174,233,244,186,203,232,198,166,225,199,188,221,182,220,249,175,234,205,208,237,209,150,235,189,130,248,183,224,214,

143,142,131,
217,180,141,147,168,226,197,201,230,171,212,241,213,218,247,223,191,204,229,216,245,228,242,124,211,133,192,195,160,219,137,196,179,238,202,231,222,151,210,243,215,


143,142,131,


217,207,148,147,168,226,197,201,230,171,212,241,213,218,247,223,191,204,229,216,245,228,242,124,211,133,192,195,160,219,196,179,238,202,231,222,151,210,243,215,


209,248,232,234,237,225,138,163,246,244,224,233,175,146,214,187,200,177,235,206,165,236,178,152,

220,249,235,244,232,203,225,174,233,205,146,246,188,236,175,234,214,178,237,208,150,209,224,248,189,172,199,158,169,182,183,200,
248,234,233,232,209,225,138,163,246,244,224,214,187,200,177,206,165,236,178,152,
170,149,177,161,135,
215,196,164,123,136,195,176,213,184,145,212,154,180,219,140,218,

212,213,195,176,184,154,180,219,140,218,136,
247,216,204,223,229,218,213,242,241,212,228,191,192,133,195,245,160,219,196,179,238,202,231,222,210,211,243,215,171,230,201,197,226,168,147,

206,170,177,161,135,
218,215,196,212,213,195,219,180,
199,189,200,187,224,209,237,214,234,178,236,246,146,175,233,225,174,232,244,248,235,

209,199,198,225,189,232,203,244,186,233,236,181,239,221,182,220,249,234,205,208,237,235,248,183,188,
142,
200,169,158,199,172,189,224,209,208,150,237,214,234,178,236,246,146,175,233,225,174,232,244,248,235,
196,219,195,191,245,228,179,171,213,218,160,241,212,238,202,231,222,210,211,243,215,230,201,197,226,168,

177,161,
218,219,180,
218,210,226,213,195,219,212,151,238,196,215,243,230,201,211,
163,246,244,224,214,187,200,206,165,178,152,
190,185,245,216,202,231,228,240,153,192,226,197,223,222,157,204,217,207,247,155,242,229,241,
184,
218,211,230,243,215,201,196,212,213,195,219,180,



184,176,
237,214,234,236,246,175,233,225,232,244,248,235,209,224,
242,230,211,210,229,223,179,243,191,204,238,222,228,241,231,202,216,245,226,197,
217,204,223,229,242,179,202,231,192,243,191,238,222,228,241,216,245,226,197,247,
170,
224,214,189,172,237,244,199,225,174,232,246,175,233,236,234,209,235,248,
226,195,219,213,212,238,196,215,243,201,230,211,210,218,
206,200,187,214,224,244,246,178,
197,222,204,223,157,217,207,192,247,242,229,241,228,231,202,216,245,
184,
217,207,192,247,242,229,241,228,231,202,216,245,223,204,222,
204,194,223,185,207,247,217,240,242,190,245,216,229,192,241,228,
217,207,192,247,242,229,241,228,231,202,216,245,223,204,222,
214,248,235,169,234,189,172,208,237,244,199,225,174,232,246,175,233,236,209,
181,220,239,221,249,186,203,193,198,237,227,205,166,
226,231,222,212,238,210,211,230,243,215,201,


206,200,
176,
206,
227,237,198,193,203,186,205,249,221,239,220,181,

226,213,212,238,210,211,230,243,215,201,
189,172,237,244,199,225,232,246,233,236,234,209,235,248,

226,231,222,238,210,211,230,243,241,215,201,
244,199,225,232,246,233,236,234,209,235,248,237,189,
223,229,190,242,240,217,247,194,207,245,185,
237,234,236,246,233,225,232,244,248,235,209,
234,236,246,233,225,232,244,248,235,209,


246,244,224,214,
243,238,226,222,231,228,241,245,197,

239,221,220,249,205,
208,237,235,248,188,
236,233,248,235,237,234,208,

245,207,247,217,240,242,190,
205,220,249,203,
200,
248,235,237,208,
237,248,235,234,236,233,232,225,
240,217,247,242,207,
243,238,241,228,226,231,222,
247,242,216,229,241,228,245,223,204,
220,221,239,249,198,
247,242,240,
219,213,212,
213,212,
245,241,228,231,222,
249,239,221,
237,248,235,234,236,233,232,

215,243,230,211,
245,241,228,231,222,
249,220,
223,245,228,241,229,216,
249,220,

242,247,217,
237,235,
244,232,225,
243,238,
230,




241,245,229,
247,242,


249,
239,
231,
245,229,

232,


241,
245,



236,
















Past links sets, 





1,


2,




3,7,



2,




8,


11,
3,7,


8,
6,
1,19,
6,
3,16,
1,19,
18,
14,17,
3,7,
25,
21,
6,
6,14,
17,22,
14,
18,24,15,28,
13,26,
13,26,
39,
11,13,
22,36,
35,44,
6,8,36,43,
44,
3,16,
14,29,42,
22,29,
6,12,20,
26,33,37,
13,26,33,37,
8,36,41,43,
52,
7,18,38,
26,48,
16,
19,
35,38,
12,20,30,32,
30,32,14,40,
54,
50,52,
53,63,
12,20,30,32,
22,40,51,59,
26,33,37,53,
60,69,
24,15,28,35,38,
16,
49,55,68,
50,60,
12,20,30,32,
12,20,
49,54,
77,
42,49,72,
7,33,70,
61,62,
55,68,
57,58,63,73,
71,40,66,79,
38,74,
29,
25,46,57,45,58,62,
25,46,45,58,62,
41,51,81,82,
67,66,79,
42,55,
38,74,
22,90,
56,71,66,79,
3,63,76,
30,54,83,
37,45,46,61,62,
43,41,67,79,
12,20,17,43,41,67,
76,
66,102,
49,67,72,
86,95,
67,71,66,79,
88,
42,49,67,72,
48,61,26,65,
12,20,36,43,41,67,
42,55,97,
24,28,48,61,65,
35,37,45,46,85,
46,45,84,87,
36,103,
84,99,
11,45,46,70,87,
73,91,
40,59,93,
57,61,92,
121,
36,107,113,
45,65,46,85,
87,91,
40,59,86,93,
46,76,84,87,
58,85,101,
33,70,99,104,
20,29,83,106,110,
13,57,84,73,99,
77,124,
81,82,100,
70,120,126,
86,123,
41,82,51,90,81,107,
76,116,119,
55,97,
83,86,123,
59,93,107,
131,
20,100,106,110,
93,100,
100,121,
116,118,128,132,
49,124,
54,95,113,
63,92,120,
46,87,104,118,132,
93,113,137,
138,
42,139,
83,86,123,
139,
97,
153,
58,104,118,132,
3,63,104,
82,81,133,
92,135,
93,100,
62,138,
100,121,
62,138,
33,70,99,159,
18,38,73,91,92,
41,51,82,81,133,
46,87,158,
126,149,
82,81,133,
150,169,
29,
45,128,150,158,
11,146,150,158,
123,145,164,
116,119,135,
118,128,132,152,
133,147,148,
83,127,136,141,
7,130,166,
57,73,118,13,130,
57,73,118,13,130,
140,145,154,
139,156,173,
84,130,166,
62,128,152,
182,
45,128,130,172,
185,
81,133,82,147,148,
124,148,155,156,157,
166,
55,156,173,
123,127,133,141,151,
121,127,133,141,151,
82,153,179,
130,193,
45,128,130,172,
118,132,163,187,
141,151,160,168,171,
133,147,148,155,157,
13,57,73,118,186,
147,192,
13,57,73,118,181,186,
163,126,152,165,
54,95,113,155,157,190,
46,87,158,183,188,
119,130,172,174,175,
59,151,147,160,168,171,
147,201,
160,168,195,196,
168,195,196,
146,150,158,178,
121,127,201,
77,204,
107,148,207,
83,127,133,136,141,151,
83,136,195,
193,203,205,
84,181,198,
43,160,191,171,197,202,
173,204,
146,150,48,178,
189,209,
151,160,168,171,179,139,191,
166,
197,202,191,204,
216,223,
40,211,
51,222,
199,225,
119,174,175,183,189,199,
119,174,175,183,189,199,
174,175,189,199,208,
233,
146,166,174,189,199,208,
179,191,210,
221,
190,194,
171,216,228,
147,192,194,217,
179,191,201,210,
178,209,
185,197,202,229,
172,174,175,178,
192,194,217,
119,174,183,175,188,189,199,
198,220,
Future links sets, 

34,31,5,
17,8,
159,99,53,37,33,26,13,


51,41,40,32,56,30,
181,84,61,37,26,13,
59,51,29,22,


175,119,48,25,
112,103,80,71,79,66,56,
205,203,183,182,132,48,46,58,45,
43,67,54,41,36,
75,44,
76,63,53,33,
103,42,36,
167,44,61,35,
64,34,31,
143,112,103,80,71,131,79,66,56,
39,
97,72,49,55,42,

114,75,44,
92,91,38,
73,62,57,111,46,58,45,

114,75,44,
173,131,90,55,54,
100,71,67,79,66,

71,67,79,66,
166,130,73,84,58,57,

75,65,115,50,
117,112,124,59,51,49,
115,101,73,58,57,
96,167,89,75,65,61,
47,
230,121,127,88,72,67,
112,168,103,102,93,137,59,
153,113,110,95,83,54,
222,112,102,59,103,51,
52,50,
199,189,174,125,119,116,115,101,92,91,
150,125,119,116,128,115,101,92,208,169,91,

224,111,114,62,
147,110,106,83,81,77,
78,69,
231,168,93,137,72,
69,60,
73,70,
207,148,100,81,68,
139,113,95,86,194,77,
98,
205,203,183,132,122,182,91,87,
158,129,92,91,87,
210,141,127,121,72,
78,74,
122,114,101,111,85,
187,165,101,92,91,163,85,
159,149,99,87,70,

125,114,111,
108,105,98,94,88,
112,110,108,106,103,102,94,
86,77,
74,
166,135,130,119,84,
108,98,88,
110,106,83,
205,203,183,182,167,132,120,87,
96,89,

128,104,138,99,
216,133,82,

108,102,98,94,88,

191,168,137,160,134,171,93,
191,168,137,160,134,197,171,93,
219,180,154,218,140,131,100,
221,186,132,128,118,116,
129,125,115,
154,136,140,127,107,
208,169,150,128,126,119,116,
109,

137,97,
167,126,120,
167,149,161,122,
162,151,144,141,127,121,

207,148,107,

156,139,113,

166,132,130,118,
164,162,145,144,143,134,
129,
105,
117,
159,158,150,130,

143,131,
217,141,137,124,


143,131,


207,151,148,124,


146,177,138,

205,203,200,183,182,178,158,150,146,
234,233,248,209,177,138,
149,135,
215,196,164,145,123,

195,176,154,140,136,
192,147,133,

206,170,135,
218,215,196,195,180,
199,189,178,187,174,146,

198,189,199,186,209,183,182,181,
142,
200,178,158,150,146,
202,196,195,191,218,179,171,168,160,

177,161,
218,219,180,
151,
163,165,152,
226,185,155,153,
184,
218,201,196,195,180,



184,176,
237,224,214,175,
242,211,210,202,204,191,179,
202,217,191,192,179,
170,
214,175,174,224,172,
226,218,210,201,196,195,
206,187,178,
197,157,
184,
207,202,192,
194,192,185,
207,202,192,
214,175,174,208,169,
166,
226,222,212,210,201,


206,200,
176,
206,
237,227,193,186,181,

226,213,212,210,201,
172,

241,226,222,210,201,
246,209,199,189,
223,194,185,
237,234,246,233,248,235,209,
234,246,233,248,235,209,


246,244,224,214,
243,238,226,197,

221,205,
188,
248,233,234,208,

245,190,
205,203,
200,
248,208,
237,248,235,234,233,225,
240,207,
243,238,228,226,222,
247,242,204,
220,198,
247,242,240,
219,213,212,
213,212,
245,228,222,
249,221,
237,248,235,234,233,232,

243,215,211,
245,228,222,
220,
228,223,216,
220,

217,
237,235,
244,225,
243,238,
230,




241,229,
247,242,


249,
239,
231,
229,

232,


241,
245,



236,
















Coordinates
-4.96188,0.250324
-4.94682,-0.773721
-4.93603,-2.47445
-4.91978,2.23802
-4.85541,0.66195
-4.83297,-0.667231
-4.825,-1.73209
-4.8035,2.11222
-4.76247,-2.48432
-4.70271,-0.505325
-4.69808,-0.331775
-4.67662,1.71492
-4.67129,-1.25596
-4.66168,1.98145
-4.6405,-2.04345
-4.61318,1.11415
-4.58453,2.45811
-4.58302,-2.15086
-4.57114,1.36129
-4.56482,-0.623499
-4.53532,-1.27215
-4.53479,-0.874791
-4.50286,-2.23682
-4.47775,0.747666
-4.45335,1.09133
-4.45245,1.50301
-4.45164,1.99074
-4.43406,0.794271
-4.39309,1.08903
-4.38526,-2.40207
-4.36229,-1.40007
-4.35164,-0.454199
-4.34259,-1.27598
-4.32737,2.23374
-4.2946,-0.381678
-4.27602,1.14091
-4.26258,-1.93863
-4.24986,2.02199
-4.24261,1.30063
-4.23829,-0.70088
-4.21713,-1.56374
-4.20349,-1.66458
-4.184,-2.15441
-4.17335,-1.69781
-4.06076,0.911518
-4.0583,1.71918
-4.04254,1.75839
-3.99128,-0.464601
-3.98341,1.47809
-3.97847,-1.88762
-3.967,0.864924
-3.92032,-1.65224
-3.91237,0.768056
-3.91013,2.29174
-3.90606,-2.05111
-3.90436,-2.24548
-3.89484,-0.803276
-3.87717,1.98477
-3.84375,1.77337
-3.83672,-1.56773
-3.834,0.693921
-3.82552,1.14134
-3.80395,1.42322
-3.77011,2.33016
-3.76069,-0.0451993
-3.72587,0.911031
-3.71233,-0.836063
-3.67194,-1.07934
-3.65008,-1.97467
-3.64489,0.621372
-3.63394,2.28538
-3.61297,-0.728419
-3.60417,-1.36947
-3.59703,1.98621
-3.52759,0.514527
-3.52122,0.693267
-3.45963,2.46241
-3.42948,-1.79477
-3.4259,0.35787
-3.4225,-0.716381
-3.41258,-0.27945
-3.38147,-1.68305
-3.36867,-1.73733
-3.29018,-1.30196
-3.17997,2.13348
-3.0969,0.747204
-3.08832,-1.94765
-3.06889,1.69034
-3.05877,-0.405476
-3.04157,0.117402
-3.03091,-2.3352
-2.9912,1.23064
-2.98236,1.04713
-2.96023,-1.48909
-2.95969,-0.408956
-2.95962,-2.06683
-2.95701,0.0753054
-2.94623,-2.32787
-2.93087,-0.245777
-2.89437,2.37495
-2.88893,-1.05104
-2.88133,0.682631
-2.86373,-0.394874
-2.81958,-0.461941
-2.81107,2.44841
-2.79791,-0.331802
-2.77259,-0.70978
-2.75097,-1.94199
-2.73032,-0.163047
-2.72269,-0.100274
-2.71953,-0.714766
-2.71006,0.31836
-2.68235,-0.394045
-2.66781,-2.10757
-2.63233,0.151606
-2.60657,0.403822
-2.6012,1.55611
-2.57659,-0.259727
-2.54698,2.05745
-2.49773,1.44882
-2.48602,1.00878
-2.48078,-1.24028
-2.43067,0.54371
-2.41577,-1.18153
-2.40525,-1.88232
-2.34869,0.0742517
-2.34205,0.984938
-2.27321,-1.20919
-2.24357,1.55468
-2.22596,0.21573
-2.21717,2.29995
-2.19462,-0.297492
-2.19063,1.67714
-2.16133,-1.67884
-2.13759,-0.523952
-2.09118,0.798404
-2.05959,-0.979573
-2.03679,-1.34437
-2.03008,1.17357
-1.9952,-2.34425
-1.97403,-0.883704
-1.97315,-1.17505
-1.96022,-0.0715037
-1.94341,-0.121829
-1.92506,-0.460803
-1.87251,-0.636153
-1.84082,1.44632
-1.83566,-1.78677
-1.8235,-2.03428
-1.81985,0.402449
-1.81797,1.53503
-1.80929,-1.26302
-1.80593,1.10058
-1.78837,-2.18233
-1.78629,-0.664236
-1.76094,-2.29912
-1.7508,-2.42343
-1.74147,-2.16872
-1.74049,1.59629
-1.73992,2.4908
-1.70214,-1.39597
-1.69872,0.411543
-1.66801,-0.343035
-1.66795,0.850194
-1.65912,-0.419255
-1.65871,0.828499
-1.60612,2.429
-1.60305,0.0864909
-1.58534,-1.26497
-1.56518,1.51257
-1.54299,0.188918
-1.51125,-1.39825
-1.49702,1.49041
-1.44728,-2.49571
-1.44593,1.38983
-1.40291,1.27527
-1.34942,-0.128265
-1.33917,0.320853
-1.32282,0.903909
-1.30159,-1.53977
-1.29396,-0.580617
-1.28639,2.23426
-1.28157,1.79037
-1.27117,1.62741
-1.2674,-0.185462
-1.25387,-2.40076
-1.24949,2.10353
-1.2444,0.663618
-1.2162,1.75318
-1.2071,1.35558
-1.19132,-2.40337
-1.17499,-1.38673
-1.1421,-1.81854
-1.13916,2.41235
-1.10467,-2.43927
-1.10324,-0.675118
-1.09783,-0.736991
-1.09187,-1.49099
-1.08756,2.37229
-1.03403,1.32699
-0.976576,0.503455
-0.947693,-0.839689
-0.942582,-1.49139
-0.920347,1.83265
-0.911384,-1.64813
-0.909473,1.91298
-0.907403,0.20357
-0.757938,-2.08145
-0.755447,1.39092
-0.717406,0.833532
-0.650665,-0.795519
-0.646085,-0.68466
-0.637638,-0.340297
-0.605359,-0.289589
-0.59936,0.460554
-0.596689,-0.517277
-0.582302,-1.52712
-0.565894,-1.89753
-0.54437,-0.0630744
-0.540428,-0.140187
-0.532196,1.81475
-0.495761,2.21857
-0.490426,-1.08654
-0.475482,-1.55988
-0.474712,0.263232
-0.45487,0.707111
-0.445984,-0.820414
-0.421327,2.49507
-0.388857,-1.21462
-0.382987,-1.48462
-0.36104,-0.484914
-0.353212,-0.978673
-0.316486,0.628715
-0.242146,0.683041
-0.229593,0.620097
-0.223277,0.913373
-0.190152,0.639578
-0.185076,1.0347
-0.183871,-0.490976
-0.17961,2.1713
-0.170244,-2.45472
-0.132517,-1.07758
-0.127329,-1.57847
-0.125719,-0.388169
-0.114856,0.251714
-0.105299,-1.26562
-0.0567871,0.0863521
-0.0483539,-1.68967
-0.0346109,0.6291
-0.032896,1.70971
r_S,2
