Storage option,sets
Size,100
Dimension,2
Shape,cube
Spacetime,BlackHole
Past sets, 





0,

4,
1,0,5,
0,


5,0,1,8,
5,0,1,8,




4,7,
1,6,10,
1,5,0,9,
4,17,
1,6,10,
10,6,1,19,
4,7,17,
1,10,5,0,6,
6,
13,5,0,1,8,9,
10,6,1,19,
6,
9,10,13,5,12,0,1,8,
15,
6,29,
17,7,4,18,
9,10,13,5,12,0,1,8,
32,6,26,29,
27,5,13,0,1,12,8,9,
0,15,31,
21,24,4,7,6,17,
6,0,1,12,5,13,10,9,8,30,
31,15,0,37,
22,28,6,29,10,1,23,19,
9,0,15,31,
10,27,5,36,13,0,1,12,8,9,20,
0,13,6,12,25,5,39,10,9,8,1,30,
18,4,7,17,33,
19,6,30,8,9,10,13,5,12,1,23,0,25,
20,8,31,9,15,1,5,0,13,
12,0,22,5,28,10,23,6,1,19,8,25,
0,13,6,12,39,10,9,8,5,34,1,30,
6,27,34,12,1,9,10,13,5,0,8,30,
15,43,10,36,27,1,5,13,0,12,8,9,20,
12,19,6,23,30,13,8,25,46,9,10,5,39,1,0,
6,20,30,10,27,5,36,13,0,1,12,34,8,9,
37,0,15,31,40,
15,53,36,20,30,13,10,27,5,0,34,1,12,8,9,6,43,
9,48,12,0,22,5,28,10,23,6,1,19,8,25,13,
27,44,25,23,19,0,34,13,30,6,49,12,39,5,10,46,9,8,1,
22,28,12,19,6,23,30,13,8,25,46,9,10,5,39,1,0,
9,40,54,37,0,15,31,
12,27,10,43,20,9,31,8,15,47,1,5,0,36,13,
34,31,51,0,15,43,9,27,36,1,5,13,10,47,12,8,20,
7,17,4,21,10,1,35,32,6,26,29,22,
22,28,44,52,1,12,19,6,23,30,13,8,25,46,9,10,5,39,0,
32,29,41,22,5,9,48,12,0,28,10,23,6,1,56,19,8,25,13,
51,0,34,15,43,9,10,27,36,1,5,13,12,8,20,
22,28,34,27,44,25,23,0,46,19,13,30,6,49,12,39,52,5,57,10,9,8,1,
60,34,15,31,12,13,0,43,5,9,47,27,8,36,42,1,61,20,51,10,
10,20,1,36,8,27,47,9,5,43,0,13,51,12,31,15,34,61,
22,28,50,36,20,34,27,44,25,23,0,46,19,13,30,53,6,49,12,39,52,5,57,10,9,8,1,
4,8,17,25,26,32,41,19,22,5,28,6,29,10,1,0,23,12,35,
25,44,39,55,36,15,34,20,1,30,13,51,10,27,49,8,5,43,0,53,12,50,9,6,
17,21,4,35,32,6,26,29,7,24,
30,64,41,32,29,6,22,5,28,25,12,0,23,46,10,9,56,48,1,19,8,13,
63,22,28,44,5,52,6,1,12,58,19,23,46,0,30,13,8,25,9,10,39,
63,22,28,44,5,52,6,1,12,58,19,23,46,0,30,13,8,25,9,10,39,
34,63,22,28,44,5,52,6,1,12,58,19,23,46,0,30,13,8,25,9,10,39,
27,31,15,0,37,54,20,40,47,13,8,9,1,42,5,
4,8,17,25,1,48,26,32,41,19,22,5,28,6,29,10,0,70,23,12,35,
35,12,23,0,10,29,6,28,5,22,19,41,26,70,1,48,25,17,8,4,32,78,
12,27,36,31,15,0,37,54,20,40,47,13,8,9,1,42,5,
5,1,20,59,37,15,9,42,40,31,54,0,
20,36,66,8,22,28,57,34,5,27,44,25,23,52,0,46,19,13,30,1,6,49,12,39,10,9,50,
39,73,30,1,6,41,12,32,29,0,58,22,64,5,28,25,23,46,10,9,56,48,19,8,13,
29,41,74,6,63,22,75,28,52,5,44,48,1,12,58,19,23,46,0,30,13,8,25,56,9,10,39,
26,35,39,73,30,1,6,41,12,32,29,0,58,22,64,5,28,25,23,46,10,9,56,48,19,8,13,
43,15,55,66,22,28,57,50,36,20,49,34,5,27,44,25,23,52,0,46,19,13,30,1,53,6,12,39,69,10,9,8,
12,59,9,27,31,15,0,37,54,20,77,40,47,13,8,1,42,5,
43,15,55,66,22,28,57,50,36,20,49,34,5,27,44,25,23,52,0,46,19,13,30,1,53,6,12,39,69,10,9,8,
17,26,32,35,29,4,41,22,5,9,48,12,0,28,10,23,6,1,56,19,8,25,13,
43,15,55,66,22,28,57,50,36,20,49,34,5,27,44,25,23,52,0,46,19,13,30,1,53,6,12,39,69,10,9,8,
51,43,15,55,22,28,57,50,36,20,49,34,5,27,44,25,23,52,0,46,19,13,30,1,53,6,12,39,69,10,9,8,
12,59,9,27,31,15,0,37,54,20,77,40,47,13,8,1,42,5,
12,8,13,47,27,81,1,20,54,59,5,42,15,9,77,40,31,37,0,
13,4,8,17,25,1,48,26,32,41,19,22,5,28,6,29,10,0,70,23,12,35,
27,29,49,48,56,74,76,34,63,5,22,28,44,52,23,6,1,30,12,58,0,19,46,75,13,8,25,9,10,39,
32,73,34,76,29,58,0,41,12,74,6,63,64,5,22,75,46,28,52,23,44,48,19,1,30,13,8,84,25,56,9,10,39,
30,65,60,5,13,54,9,47,40,1,42,20,61,37,0,15,36,8,27,68,31,12,80,10,51,43,34,67,
59,60,43,10,51,34,80,12,31,27,8,77,36,15,0,37,61,20,42,1,40,47,9,54,13,5,
63,82,43,6,15,52,55,66,22,28,57,20,50,13,36,49,12,86,34,5,27,44,25,23,0,46,88,9,19,30,1,53,39,69,10,8,
Future sets, 
40,54,37,42,59,5,25,92,81,8,75,69,27,94,88,77,47,12,79,73,71,93,34,95,87,20,70,64,78,89,30,97,91,56,48,60,51,43,80,13,36,61,98,39,68,67,65,55,53,90,50,76,9,83,46,52,85,44,82,63,49,86,96,74,58,66,57,84,99,
25,62,22,81,20,28,41,23,8,69,27,88,77,47,12,73,71,93,34,95,92,87,70,64,78,89,30,91,56,79,94,48,60,51,43,80,19,36,97,61,98,39,68,67,65,55,53,90,50,76,83,46,52,85,44,82,63,49,86,96,74,13,58,66,57,84,75,99,


89,78,94,7,62,18,38,72,79,33,45,70,24,21,
25,81,8,69,27,88,77,47,12,73,71,93,34,95,92,87,70,64,78,89,30,91,56,79,94,48,60,51,43,80,36,97,61,98,39,68,67,65,55,53,90,50,76,83,46,52,85,44,82,63,49,86,96,74,13,58,66,57,84,75,99,20,
55,53,50,49,39,38,32,29,35,72,26,71,44,25,62,19,56,23,48,85,95,58,75,76,66,63,90,99,82,88,74,91,86,69,52,89,57,94,73,70,41,78,83,46,96,22,79,64,84,28,
38,72,62,18,33,45,24,
27,77,47,12,71,93,34,92,87,70,64,78,89,30,56,79,94,48,60,51,43,80,36,95,61,98,39,68,67,65,97,55,53,90,50,73,76,83,46,52,85,44,82,63,49,86,96,74,58,66,57,84,75,91,69,88,99,13,
59,64,89,56,42,34,58,46,75,84,76,74,96,49,63,44,85,52,83,39,73,27,86,55,92,67,60,90,61,88,97,68,91,71,65,99,43,51,80,47,87,93,77,98,69,81,53,82,20,95,36,66,57,50,30,
51,60,43,61,68,67,65,34,49,39,50,53,55,97,30,71,44,25,62,98,19,56,23,48,85,95,58,75,76,66,63,90,99,82,88,74,91,86,69,52,89,57,94,73,70,41,78,83,46,96,22,79,64,84,28,

93,92,87,70,64,78,89,56,79,94,48,60,51,43,80,36,61,98,68,67,65,30,97,55,53,90,50,73,39,76,83,46,52,85,44,82,63,71,34,49,86,96,74,95,58,66,57,84,75,91,69,88,99,
94,64,89,56,47,50,90,43,60,91,71,55,86,65,53,68,99,80,69,51,82,67,98,36,88,57,97,30,66,77,93,61,92,87,95,27,73,39,83,52,85,44,63,49,96,74,76,84,75,46,58,34,

88,99,86,90,55,65,71,91,31,77,54,61,60,37,47,93,67,42,68,97,59,81,80,92,51,98,87,40,

89,78,94,38,62,72,21,79,33,45,24,70,
45,33,
23,56,48,85,95,58,75,76,66,63,90,99,82,88,74,91,86,69,52,89,57,94,73,70,41,78,83,46,96,79,64,84,28,
82,81,69,77,93,87,47,80,43,99,65,86,71,91,68,88,51,61,98,60,97,53,90,67,92,55,
72,62,38,
91,73,70,41,99,83,96,79,85,56,64,94,78,84,89,48,95,66,58,76,75,74,62,63,90,82,86,88,69,
56,48,95,58,75,76,66,63,90,99,82,88,74,91,86,69,52,57,73,70,41,83,96,79,85,64,94,78,84,89,46,
72,38,
70,64,78,56,79,94,89,48,52,83,73,46,85,44,82,63,71,90,96,74,95,57,76,84,75,91,69,88,66,58,99,86,
70,62,94,72,78,89,85,79,35,
95,87,92,93,77,66,57,36,82,69,80,99,53,65,88,86,71,91,68,61,51,98,60,43,90,67,55,97,50,
91,73,70,41,99,83,96,79,85,56,64,94,78,84,89,48,95,66,58,76,75,74,63,90,82,86,88,69,
95,84,32,83,73,96,79,62,89,35,72,94,85,70,64,78,41,
97,55,53,50,73,39,83,52,85,44,82,63,71,49,90,96,74,95,66,57,86,76,84,75,46,91,69,88,58,99,
61,60,47,67,42,37,87,68,97,77,59,81,54,80,93,92,98,40,
83,73,96,35,79,89,78,72,94,85,62,70,64,
45,
76,65,96,67,97,68,55,50,49,88,98,69,53,82,61,90,91,95,66,99,57,86,71,
85,89,78,79,72,94,62,70,
82,69,80,43,99,65,86,71,91,68,88,51,61,98,60,97,53,90,67,55,
87,97,77,98,59,81,54,80,93,92,40,

83,52,85,44,82,63,71,49,90,96,74,95,57,76,84,75,91,69,88,66,58,99,86,
93,92,81,59,77,80,97,98,87,54,
89,84,78,94,64,85,79,96,83,73,70,
80,81,92,93,87,98,67,97,77,
60,99,86,71,61,91,68,98,88,65,51,97,90,67,55,
71,96,74,95,84,75,57,90,91,69,66,76,99,88,82,86,63,

73,85,83,57,52,69,86,91,74,88,82,99,90,63,96,66,76,75,84,58,95,
80,87,92,93,67,97,98,60,61,68,77,
94,79,56,89,78,95,84,64,85,73,96,83,
95,57,90,91,69,66,99,88,86,82,71,
90,91,69,86,82,99,71,88,
91,71,61,68,98,97,67,65,
91,69,88,82,90,86,63,74,96,66,99,76,75,84,95,
55,99,88,91,69,90,71,86,
97,80,77,87,59,93,98,81,92,
91,90,71,86,99,88,
95,89,64,85,96,83,73,84,
91,66,90,69,86,82,99,88,
83,76,75,84,95,85,74,96,
93,98,87,81,92,
98,97,67,
98,68,97,67,

99,76,75,84,95,74,96,
85,96,83,73,
97,
90,82,86,99,88,
97,
97,
91,86,99,88,90,
94,79,78,


96,85,83,
95,96,84,
95,96,84,
96,95,
98,93,92,87,
79,

98,97,
93,
99,

96,

99,

99,











Past links sets, 





0,

4,
1,5,
0,


8,
8,




7,
1,6,10,
1,5,9,
4,17,
1,6,10,
19,
7,17,
1,6,5,10,
6,
9,13,
19,
6,
9,10,12,13,
15,
29,
17,18,
9,10,12,13,
26,32,
12,27,
0,31,
6,21,24,
6,30,
37,
22,23,28,29,
9,31,
10,20,36,
25,39,
33,
23,25,30,
13,20,31,
28,12,23,25,22,
34,39,
6,27,30,34,
15,43,
39,46,
6,36,34,30,20,
40,
15,43,53,
9,13,48,
27,46,44,49,
22,28,39,46,
9,54,
43,47,
34,47,51,
21,7,22,35,
28,44,22,52,
32,41,56,
34,51,
28,22,52,57,
42,60,61,
61,
22,57,52,53,28,50,
4,12,41,35,25,17,
44,55,50,51,49,
21,24,35,
46,64,
58,63,
58,63,
34,58,63,
27,42,47,54,
48,70,
78,
36,42,47,54,
20,42,59,
20,50,36,66,
58,73,
41,56,74,75,
35,58,73,
55,66,69,
59,12,77,
55,66,69,
4,56,41,35,17,
55,66,69,
51,55,69,
59,12,77,
12,77,81,
13,48,70,
29,27,49,76,56,75,74,
73,76,84,
30,80,65,68,67,
59,80,60,77,61,
82,86,63,88,
Future links sets, 
37,9,5,
25,8,19,20,22,


89,70,21,7,
25,20,8,
53,50,39,38,29,19,22,25,26,
62,24,18,
13,12,
59,42,20,30,27,56,34,
43,34,22,25,19,30,

93,87,30,34,36,92,70,48,
94,27,47,30,56,34,

55,51,31,

89,21,24,33,70,
33,
28,23,
82,43,53,47,81,
72,62,38,
66,63,41,48,69,58,62,
48,46,41,
72,38,
70,48,46,44,
35,
95,36,50,57,77,
66,48,69,58,41,63,
95,41,32,
46,39,50,97,53,
47,42,37,
64,35,
45,
76,65,49,53,50,61,
89,62,72,70,85,
82,80,53,43,
40,

58,52,49,44,
54,
70,89,84,64,
81,80,77,67,
60,55,51,
71,63,57,

73,58,57,52,
77,61,80,60,
94,78,56,
95,71,57,
82,71,69,
65,91,71,61,
69,66,63,
69,55,
80,77,59,
91,71,86,88,90,
95,89,84,64,
69,66,
85,74,75,76,83,
98,92,87,81,
98,67,
98,68,67,

76,75,99,74,
73,
97,
90,88,86,82,
97,
97,
90,88,91,86,
94,78,


96,85,83,
95,84,
95,84,
96,95,
98,93,92,87,
79,

98,97,
93,
99,

96,

99,

99,











Coordinates,
0.00953773,3.45374,
0.0313126,3.08817,
0.0790097,0.626543,
0.123889,0.342594,
0.266624,1.47389,
0.296403,3.17781,
0.388022,2.19868,
0.500549,1.27066,
0.51581,3.06568,
0.540625,3.31174,
0.56156,2.54014,
0.579416,0.884829,
0.71184,2.94015,
0.72049,3.09872,
0.815426,0.546995,
0.833061,3.95753,
0.879671,0.210569,
0.894833,1.41408,
1.14781,0.897955,
1.26737,1.98173,
1.3194,3.32557,
1.34418,1.18035,
1.34543,1.80873,
1.35768,1.94252,
1.3701,1.0091,
1.38573,2.14356,
1.39947,1.33436,
1.41574,3.11535,
1.43882,1.84361,
1.46884,1.42974,
1.58175,2.44476,
1.59916,3.98914,
1.65928,1.36327,
1.76959,0.572652,
1.79821,2.62776,
1.81182,1.24287,
1.8171,2.82619,
1.84045,3.92808,
1.84719,0.76126,
1.96804,2.1716,
1.9755,3.91678,
1.99841,1.32746,
2.0557,3.66211,
2.06143,2.69904,
2.11461,2.14975,
2.16982,0.173775,
2.1867,1.89648,
2.28252,3.36621,
2.3047,1.35861,
2.33498,2.18202,
2.34137,2.27044,
2.3773,2.71222,
2.39092,1.82867,
2.42209,2.28785,
2.50024,3.88897,
2.60592,2.28985,
2.64624,1.22469,
2.68571,1.86625,
2.76942,1.38113,
2.8096,3.92722,
2.8698,2.80954,
2.90397,2.76982,
2.905,0.293608,
2.91826,1.36177,
2.93923,1.05078,
2.95718,2.60631,
3.00635,1.58378,
3.0199,2.71462,
3.04385,2.63007,
3.05757,1.65576,
3.0629,0.593816,
3.06918,2.12418,
3.07297,0.0156361,
3.10986,0.980651,
3.11749,1.20022,
3.15397,1.2003,
3.1619,1.26898,
3.16718,3.52478,
3.19211,0.496835,
3.30747,0.407448,
3.34169,3.05048,
3.3525,3.83743,
3.3643,1.29471,
3.41059,0.804171,
3.48827,0.897514,
3.50141,0.652213,
3.52663,1.40232,
3.54183,3.46772,
3.5511,1.44414,
3.55912,0.403017,
3.62925,1.45268,
3.65594,1.52202,
3.66136,3.2751,
3.69259,3.53465,
3.69709,0.142552,
3.71437,0.833875,
3.81776,0.667288,
3.9006,2.7154,
3.90507,2.8964,
3.95852,1.1109,
