Storage option,sets
Size,150
Dimension,2
Shape,cube
Spacetime,BlackHole
Past sets, 
















0,8,



9,
6,
0,3,


7,9,
3,5,12,
0,3,
10,
15,
1,
23,
3,5,12,
23,31,
14,
14,
1,11,17,
22,0,27,12,5,3,32,
14,24,
31,23,33,
5,8,12,22,3,0,27,
0,26,12,5,3,32,
3,5,7,9,12,
14,
23,31,
31,23,33,
5,9,20,7,25,
0,16,3,22,12,8,5,27,40,
25,9,5,7,20,46,
10,14,
39,33,23,31,45,
7,9,32,3,5,12,26,0,41,
33,23,31,39,
33,23,31,39,
34,14,35,
37,22,8,27,40,32,3,5,12,26,0,41,
24,33,23,31,44,
32,26,0,41,25,12,9,7,5,3,42,
0,26,32,25,12,9,7,5,3,42,

23,
24,34,14,35,
34,35,24,14,38,
25,27,7,9,51,22,32,3,42,5,26,0,12,41,37,
45,44,31,23,33,24,56,
56,24,33,23,31,44,45,64,

45,50,52,39,44,31,23,33,53,
34,35,24,14,38,
46,20,7,5,12,25,9,48,

48,9,25,12,5,7,20,46,69,
34,35,24,14,38,
7,16,47,22,37,8,27,40,3,32,5,55,26,0,12,41,
46,20,7,5,25,9,48,
0,26,32,3,42,12,25,9,5,7,20,46,
35,24,14,38,
35,24,14,38,
64,45,44,31,23,33,24,56,39,65,
41,42,3,5,20,7,9,12,25,26,0,32,58,
45,39,53,44,31,23,33,50,24,56,
53,33,23,31,44,39,52,50,45,67,
34,35,24,14,38,
45,50,52,39,44,31,23,33,53,
45,52,39,31,53,33,59,23,60,
14,24,35,38,77,
9,20,7,25,
9,20,
3,46,20,7,5,12,25,9,48,
57,8,37,41,12,25,27,7,9,51,22,32,3,42,63,5,26,58,0,
0,26,32,3,42,46,20,7,5,12,25,9,48,
69,71,12,25,5,7,20,46,48,9,74,
3,69,71,12,25,5,7,20,46,48,9,74,
64,45,44,31,23,33,50,24,56,39,65,
14,38,44,31,23,33,24,56,
69,71,48,9,25,12,5,7,20,46,42,3,88,
7,20,9,87,
39,33,59,23,60,66,31,70,
26,3,42,46,20,7,5,12,25,9,48,
67,45,50,52,39,44,31,23,33,53,81,
74,9,48,46,20,7,5,25,12,71,69,3,92,
56,24,33,23,31,44,38,14,94,
64,65,80,67,45,39,44,31,52,23,33,50,53,24,56,
5,25,7,20,9,86,
39,33,59,23,60,66,31,70,
25,86,87,9,20,7,96,
5,25,7,20,9,86,
64,65,56,33,31,44,39,81,23,52,50,53,24,45,67,80,
56,33,31,44,39,81,23,52,50,53,24,45,67,80,
87,9,20,7,96,
14,38,64,45,44,31,23,33,24,56,39,65,
74,9,48,46,20,7,5,25,12,71,69,91,
14,78,80,93,64,45,44,31,23,33,50,53,24,56,39,65,
14,78,80,93,64,45,44,31,23,33,50,53,24,56,39,65,
88,69,98,46,20,7,26,3,71,42,5,12,25,9,48,95,
74,88,69,98,46,20,7,26,3,71,42,92,5,12,25,9,48,95,
50,84,45,97,39,33,59,52,23,66,53,60,31,70,
95,48,9,25,12,115,74,88,69,98,46,20,7,26,3,42,71,5,92,
67,44,50,83,84,45,97,39,33,59,52,23,66,53,60,31,70,
67,78,80,93,64,45,44,31,52,23,33,50,53,24,56,39,65,
87,86,111,46,20,7,103,74,9,106,48,5,25,12,71,69,91,
74,95,48,9,25,114,88,69,98,46,20,7,26,3,42,71,92,5,12,
66,67,70,84,45,39,83,44,53,33,59,52,23,31,60,50,
91,88,95,26,74,9,48,46,20,7,92,5,25,12,42,100,71,98,69,3,
86,3,111,46,20,7,74,9,48,92,5,25,12,100,71,69,91,
44,104,70,116,50,84,45,97,39,33,59,52,23,66,53,31,60,
59,83,99,80,67,56,33,60,31,44,39,52,81,23,108,50,24,53,45,
12,71,42,3,26,5,92,121,95,74,48,9,25,114,88,69,98,46,20,7,
46,109,5,87,96,9,20,7,48,106,25,74,103,86,105,
50,60,31,122,70,83,44,66,53,67,84,45,97,39,23,52,33,59,
46,109,5,87,96,9,20,7,48,106,25,74,103,86,105,
99,65,64,107,80,67,56,33,31,102,44,39,52,81,23,108,50,24,53,45,
26,86,88,95,3,111,46,20,7,74,9,48,92,5,25,12,42,100,71,69,91,
56,80,83,59,99,67,45,84,50,39,44,60,31,33,24,53,52,23,81,
128,105,86,130,46,20,7,109,5,87,96,9,103,74,48,106,25,
86,25,105,7,20,9,87,96,109,
39,33,59,23,60,66,31,70,
56,66,83,59,99,67,45,84,50,39,44,60,31,33,24,53,52,23,81,
66,83,59,70,99,67,45,84,50,39,44,60,31,33,24,53,52,23,81,
60,31,53,66,125,44,70,104,23,52,116,50,84,45,39,97,33,59,
71,69,91,105,86,12,128,46,20,7,109,5,87,96,9,103,74,48,106,25,
87,9,20,7,105,103,25,86,5,109,96,135,
105,86,103,25,106,46,7,20,9,87,5,96,109,
105,86,130,46,20,7,109,5,87,96,9,103,74,48,106,25,
70,31,66,60,23,59,33,104,39,97,136,
44,104,70,116,50,84,45,97,39,33,59,52,23,66,53,31,60,
97,70,31,53,66,60,23,59,33,52,39,104,
128,142,25,135,106,48,143,130,105,86,46,20,7,109,5,87,96,9,74,103,
105,87,120,91,69,71,100,12,124,111,46,20,7,86,3,103,74,96,9,106,48,92,5,25,
83,118,60,31,53,66,67,125,44,70,104,23,52,116,50,84,45,39,97,33,59,
Future sets, 
90,75,58,16,55,73,47,51,22,40,27,79,63,89,37,41,57,
36,30,

124,92,27,100,41,88,26,114,55,37,95,148,89,63,121,132,73,47,40,127,98,22,51,79,115,57,90,32,117,58,123,75,42,

141,103,120,88,147,71,130,111,140,69,128,143,48,92,124,74,121,63,26,142,57,115,79,55,114,100,41,73,132,51,90,91,32,89,148,117,58,123,134,75,46,127,98,40,37,95,106,47,42,
21,
109,96,51,42,91,120,117,58,88,147,100,71,130,111,140,128,69,127,123,134,75,105,46,79,86,115,57,63,92,121,141,106,135,48,103,74,73,132,95,124,89,148,90,142,25,143,114,98,
89,40,47,73,55,16,
51,42,57,63,91,120,58,117,88,147,100,71,130,111,140,128,69,127,123,134,75,105,46,86,115,103,74,132,141,106,135,48,87,96,109,79,20,92,121,95,124,89,148,90,142,25,143,114,98,
49,28,
36,
88,124,120,71,140,121,63,92,26,57,115,148,89,79,55,114,100,41,73,132,51,90,91,32,117,58,123,75,127,98,40,69,37,95,47,42,111,

113,49,94,34,82,43,101,72,85,68,62,61,35,112,54,77,38,76,110,
29,
73,47,
36,


109,96,87,135,106,141,103,86,79,75,134,123,115,92,121,95,124,48,74,132,148,90,142,105,46,143,114,98,127,69,128,140,111,130,71,100,147,88,117,120,91,

40,55,47,73,63,89,37,
126,67,39,97,144,53,112,125,83,118,33,146,101,56,122,93,133,113,84,129,116,145,60,119,50,108,137,78,107,136,44,102,131,149,31,104,45,110,81,52,139,80,138,99,65,94,64,
78,107,131,102,112,113,138,80,93,64,61,119,108,137,38,77,110,82,76,56,85,65,94,126,68,133,72,101,62,
135,106,141,103,86,63,79,57,75,134,123,115,92,121,95,124,48,74,132,89,148,90,142,105,46,143,114,98,127,69,128,140,111,130,71,100,147,88,58,117,120,91,
132,114,117,41,79,115,57,73,55,121,63,89,51,90,58,123,75,127,98,
40,55,47,73,63,89,37,



44,137,78,108,50,119,145,116,129,84,113,133,104,45,107,136,102,131,110,81,52,139,80,138,99,65,94,64,93,122,56,101,146,33,149,118,83,125,112,53,144,97,39,67,126,
75,58,90,51,57,79,41,55,73,63,89,37,
94,101,56,64,65,146,99,138,80,139,131,102,118,93,122,83,125,112,53,144,149,97,39,67,126,110,81,52,136,107,45,104,133,113,84,129,116,145,119,50,108,78,137,
82,72,68,62,61,54,
82,77,76,85,72,68,62,61,54,

89,63,73,55,
110,82,77,76,85,72,94,68,101,62,
136,110,104,144,97,149,125,53,112,83,122,93,113,84,129,116,145,119,50,108,78,137,81,52,107,133,67,126,118,102,131,139,80,138,99,146,
55,73,47,
79,57,73,55,63,89,51,
114,98,127,89,57,115,58,123,79,75,90,95,63,121,132,117,

145,102,131,112,83,113,64,93,122,139,80,138,119,108,133,101,56,110,81,107,137,78,94,65,126,67,125,129,118,99,149,
84,65,149,125,112,83,122,93,64,113,129,116,145,119,50,108,81,110,107,137,78,133,67,126,118,102,131,139,80,138,99,
142,148,90,132,74,124,95,121,92,115,48,123,143,114,98,128,69,127,140,111,130,71,100,147,88,117,120,91,134,75,
73,
128,147,134,130,124,95,74,132,90,148,115,121,92,123,143,114,98,69,127,140,111,71,100,88,117,120,91,

145,116,113,83,112,119,149,125,67,129,93,122,139,81,107,133,126,118,102,131,108,137,80,138,99,
89,63,
146,116,145,84,83,119,149,125,67,129,122,139,81,107,133,126,118,102,131,108,137,138,99,
146,116,145,84,113,83,112,119,149,125,67,129,122,139,81,107,133,126,118,102,131,108,137,80,138,99,

73,
101,133,137,108,119,64,93,80,113,126,112,102,131,110,107,78,94,65,
89,
89,79,
136,144,146,84,149,126,97,137,104,133,122,118,138,125,139,129,145,116,
136,144,146,84,149,126,97,137,104,133,122,118,138,125,139,129,145,116,


89,
119,93,113,112,102,131,107,110,78,65,
110,107,131,102,112,113,93,119,78,
138,137,97,149,136,146,144,118,125,139,129,145,116,104,122,
129,122,81,107,133,126,118,108,137,138,99,131,102,149,119,

115,121,92,123,114,127,111,140,71,100,117,91,120,148,132,95,124,
138,97,149,136,146,144,118,125,139,129,145,116,104,122,
114,100,117,127,123,91,120,148,132,95,124,140,111,92,121,115,


143,130,134,147,128,100,117,127,123,91,120,148,132,124,140,111,92,121,115,


85,
119,113,112,

119,112,113,126,108,133,107,131,102,
108,126,131,107,133,137,138,99,

138,137,133,126,129,122,149,118,
137,133,122,118,138,125,149,139,145,129,116,

124,132,103,142,143,130,147,140,141,128,148,106,135,120,134,105,
120,96,109,135,148,128,141,140,147,130,143,142,134,105,
114,127,115,117,123,132,121,95,


140,123,120,148,132,124,111,
127,121,117,115,123,124,148,132,100,
119,113,112,
101,
132,123,117,115,121,127,114,
128,141,140,147,134,130,143,109,135,148,142,105,
146,144,118,125,149,139,145,129,116,
123,117,115,121,127,114,
138,137,133,131,126,
132,148,124,123,

131,
142,143,130,134,147,140,141,128,148,120,
146,145,144,139,149,125,
142,148,135,143,130,134,147,140,141,128,
142,143,130,134,147,140,128,148,120,
131,
131,126,
142,135,143,130,134,147,140,141,128,

132,124,148,120,


127,121,
117,
145,139,149,125,

149,

148,
127,
129,

148,
149,139,


140,147,134,

143,147,134,




147,141,
144,





147,
147,






Past links sets, 
















0,8,



9,
6,
0,3,


7,9,
3,5,12,
0,3,
10,
15,
1,
23,
3,5,12,
31,
14,
14,
1,11,17,
22,27,32,
14,24,
33,
5,8,12,22,27,
0,26,32,
3,5,7,9,12,
14,
31,
33,
5,20,25,
16,40,
46,
10,14,
39,45,
7,9,41,
39,
39,
34,35,
37,40,41,
24,33,44,
25,41,42,
25,0,26,32,42,

23,
24,34,35,
34,35,38,
37,42,25,51,
45,56,
64,

44,50,52,53,
34,35,38,
12,48,

69,
34,35,38,
7,47,55,
48,
0,26,32,42,46,
35,38,
35,38,
39,65,
20,41,58,
50,53,56,
67,
34,35,38,
44,50,52,53,
45,52,53,59,60,
77,
20,25,
20,
3,12,48,
8,57,58,63,
0,26,32,42,48,
71,74,
3,71,74,
50,65,
38,56,
42,71,88,
7,87,
39,59,60,66,70,
26,42,48,
81,
92,
94,
65,67,80,
5,86,
39,59,60,66,70,
86,96,
5,86,
65,80,81,
80,81,
96,
38,39,65,
91,
14,78,80,93,
14,78,80,93,
95,98,
92,95,98,
50,84,97,
115,
67,83,84,97,
78,67,80,93,
87,103,106,111,
92,114,
66,67,70,83,84,
91,95,98,100,
86,100,111,
44,104,116,
59,83,60,99,108,
121,
74,103,105,106,109,
97,122,
74,103,105,106,109,
99,102,107,108,
26,86,95,100,111,
80,83,84,99,
128,130,
105,109,
39,59,60,66,70,
56,66,83,84,99,
24,66,70,83,84,99,
125,
91,128,
103,135,
46,103,105,106,109,
130,
104,97,136,
44,104,116,
53,97,52,104,
128,135,142,143,
105,120,124,
118,125,
Future links sets, 
90,75,58,41,27,22,16,
36,30,

88,42,32,92,27,26,22,

106,103,46,42,40,32,26,
21,
96,73,42,51,25,
89,40,16,
42,51,25,20,
49,28,
36,
88,69,42,40,32,26,

49,43,38,113,35,112,34,
29,
47,
36,


87,86,79,46,

40,37,
60,31,
138,61,56,38,
86,63,58,57,46,
98,90,75,58,132,41,
40,37,



44,33,
90,75,58,41,37,
56,45,39,
82,72,68,62,61,54,
82,77,76,72,68,62,61,54,

63,55,
110,82,77,76,72,94,68,62,
136,110,97,53,104,78,52,50,
55,47,
79,57,55,51,
98,95,90,75,63,58,57,

125,83,145,67,56,
84,64,50,
142,75,48,
73,
98,90,88,74,69,

116,83,93,80,67,
63,
146,84,83,67,
146,84,83,80,67,

73,
137,94,80,64,
89,
89,79,
126,104,136,97,84,
126,104,136,97,84,


89,
65,
110,107,102,93,78,
138,137,122,104,136,97,
122,119,118,102,81,

71,
138,122,104,136,97,
95,92,91,


128,92,130,91,


85,
119,113,112,

119,113,112,108,133,107,102,
108,107,99,

138,137,133,126,122,118,
138,137,133,122,118,116,

124,132,106,105,103,
120,96,
95,


140,123,111,
121,115,100,
119,113,112,
101,
132,123,115,114,
109,105,
146,144,118,129,116,
123,115,114,
138,137,133,131,126,
132,124,123,

131,
142,130,141,128,120,
146,145,144,125,
142,148,135,130,128,
142,130,128,120,
131,
131,126,
142,135,130,128,

132,124,120,


121,
117,
145,125,

149,

148,
127,
129,

148,
149,139,


140,147,134,

143,134,




147,141,
144,





147,
147,






Coordinates
-4.98735,1.47014
-4.96266,0.872364
-4.95915,-0.318221
-4.92935,1.73702
-4.92222,0.0536439
-4.86491,1.95942
-4.83485,-0.692419
-4.83049,2.20359
-4.81958,1.28911
-4.80828,2.44283
-4.78175,-0.92952
-4.73146,1.0162
-4.72781,1.80525
-4.72538,-0.431529
-4.71136,-1.40848
-4.68659,0.447288
-4.61441,1.12876
-4.57567,0.851334
-4.55271,-0.251137
-4.52983,0.41413
-4.44519,2.41383
-4.42806,-0.415725
-4.41671,1.24063
-4.40325,-2.27212
-4.38613,-1.55194
-4.36966,2.08812
-4.36552,1.55794
-4.35786,1.25846
-4.3456,-0.61877
-4.33255,0.146921
-4.32806,0.450264
-4.29307,-2.21435
-4.22948,1.36356
-4.13082,-2.15189
-4.11451,-1.04582
-4.01852,-1.08206
-3.9897,0.339083
-3.94415,1.10738
-3.92645,-1.15003
-3.89668,-2.14621
-3.88651,0.990455
-3.87313,1.22399
-3.86032,1.50842
-3.82303,-0.588658
-3.81743,-1.82009
-3.73793,-1.88267
-3.62669,1.85699
-3.57333,0.684306
-3.52844,1.8158
-3.49961,-0.245615
-3.49777,-1.82377
-3.40785,1.0523
-3.34929,-1.99148
-3.34524,-1.90279
-3.31817,-0.406445
-3.28691,0.639614
-3.22093,-1.3271
-3.18146,0.994761
-3.16385,1.02903
-3.14637,-2.41089
-3.10893,-2.32786
-2.99472,-0.177652
-2.98318,-0.233822
-2.97007,0.691979
-2.93241,-1.14384
-2.86953,-1.10903
-2.86824,-2.44475
-2.8496,-1.59906
-2.79396,-0.24601
-2.78253,1.63995
-2.76549,-2.46429
-2.73737,1.59842
-2.73356,-0.334041
-2.70984,0.0881736
-2.69267,1.75403
-2.65298,0.891272
-2.64004,-0.480898
-2.6355,-0.401296
-2.55247,-0.861728
-2.54217,0.748405
-2.51207,-1.11374
-2.49794,-1.32602
-2.46464,-0.205622
-2.45739,-1.62519
-2.43546,-1.8196
-2.4217,-0.228498
-2.4042,2.09089
-2.3991,2.39466
-2.39909,1.25017
-2.39444,0.30946
-2.37103,0.785345
-2.31476,1.52406
-2.27617,1.34409
-2.24318,-0.746592
-2.22427,-0.330474
-2.21511,1.1669
-2.20441,2.27611
-2.16871,-2.15278
-2.12638,0.961425
-2.11485,-1.13878
-2.08983,1.28908
-2.04267,-0.157646
-1.99686,-0.762799
-1.94694,1.90604
-1.94357,-2.21737
-1.90927,2.08647
-1.89397,1.83933
-1.89287,-0.755817
-1.84607,-0.804626
-1.82349,2.25445
-1.76534,-0.0165863
-1.74524,1.3862
-1.6831,-0.300422
-1.66726,-0.307708
-1.59494,0.641049
-1.47429,0.652682
-1.47333,-1.69536
-1.39947,0.596845
-1.31447,-1.31653
-1.24698,-0.00399832
-1.23291,1.26115
-1.2049,0.281301
-1.18612,-1.061
-1.17,0.501868
-1.12474,1.02015
-1.10904,-1.50154
-1.10611,-0.382002
-1.05168,0.143215
-1.01429,1.52995
-0.980614,-0.969701
-0.973986,1.58838
-0.952309,-0.0858529
-0.923103,0.613108
-0.875973,-0.361563
-0.833982,1.46871
-0.819238,1.98998
-0.727791,-2.29087
-0.67048,-0.360806
-0.60119,-0.460921
-0.590328,-1.41954
-0.580071,1.17365
-0.538157,1.80943
-0.478111,1.5994
-0.399548,1.46985
-0.351073,-2.05351
-0.225947,-1.50532
-0.210481,-1.76462
-0.204472,1.402
-0.159263,0.511693
-0.077864,-0.707224
r_S,2
