Storage option,sets
Size,75
Dimension,2
Shape,cylinder
Spacetime,BlackHole
Past sets, 











6,








9,14,
9,14,
0,1,

2,18,


7,10,
0,
7,
0,
3,10,
0,1,
19,
7,29,
3,14,9,20,

3,9,
25,0,26,

22,1,0,32,
1,0,30,
25,



10,29,7,34,
7,29,

28,26,0,25,38,

29,7,47,
45,

36,
34,29,10,7,46,
39,
48,

50,
25,42,44,
50,
39,50,
36,45,52,
10,34,47,7,29,51,
58,
48,53,
56,59,50,39,62,
59,50,61,
56,59,50,39,62,
39,56,
43,45,

7,29,39,

Future sets, 
38,32,30,49,41,28,40,22,
41,32,40,22,
24,
37,35,31,


11,
34,47,73,64,51,46,55,29,27,

37,21,35,20,
64,55,46,31,27,



21,35,20,



24,
33,
35,

40,


60,42,49,38,
49,38,

49,
46,55,51,64,73,47,34,
41,

40,

64,55,46,

63,54,

49,
73,62,67,70,69,56,


60,
71,
60,
71,63,52,
55,
64,51,
66,57,

62,61,67,68,69,59,
64,
63,
66,


70,69,67,

65,
69,68,67,

68,
69,67,












Past links sets, 











6,








9,14,
9,14,
0,1,

2,18,


7,10,
0,
7,
0,
3,10,
0,1,
19,
29,
3,20,

3,9,
25,0,26,

22,32,
1,30,
25,



10,34,
29,

28,38,

47,
45,

36,
46,
39,
48,

50,
42,44,
50,
39,50,
36,52,
10,34,51,
58,
48,53,
56,59,62,
59,61,
56,59,62,
56,
43,45,

29,39,

Future links sets, 
38,32,30,28,22,
41,32,22,
24,
37,35,31,


11,
29,27,

37,21,20,
64,46,31,27,



21,20,



24,
33,
35,

40,


42,38,
38,

49,
73,47,34,
41,

40,

64,46,

63,54,

49,
73,62,56,


60,
71,
60,
71,52,
55,
51,
66,57,

62,61,59,
64,
63,
66,


70,69,67,

65,
69,68,67,

68,
69,67,












Coordinates
-3.49228,0.936206
-3.44549,0.84799
-3.36947,0.582124
-3.36194,-0.881204
-3.34198,-0.0487144
-3.32505,-0.504298
-3.32356,0.248806
-3.24997,-0.996135
-3.23818,0.111535
-3.23749,-0.653372
-3.21941,-0.909032
-3.20166,0.131181
-3.19091,-0.251325
-3.18511,0.04204
-3.15268,-0.564855
-3.15248,0.115764
-3.07217,0.190271
-3.06439,-0.228223
-3.05433,0.396158
-3.05043,-0.374107
-2.92632,-0.427063
-2.92143,-0.404084
-2.91668,0.529536
-2.9111,-0.0225601
-2.85892,0.20796
-2.83186,0.763718
-2.81504,0.651118
-2.80108,-0.666289
-2.75456,0.582254
-2.75293,-0.780953
-2.69305,0.506999
-2.68981,-0.409039
-2.66576,0.396248
-2.66557,-0.0344682
-2.66147,-0.70725
-2.50941,-0.0948085
-2.46889,0.927551
-2.46046,-0.105131
-2.45666,0.402806
-2.45369,-0.877775
-2.43401,0.195693
-2.41657,0.23703
-2.38455,0.526719
-2.38373,0.686041
-2.37561,0.553169
-2.37289,0.771622
-2.3718,-0.445091
-2.26375,-0.523154
-2.2456,0.883858
-2.21403,0.207106
-2.20909,-0.883828
-2.20836,-0.47405
-2.207,0.644325
-2.17047,0.875444
-2.16886,0.789092
-2.12786,-0.261049
-2.0943,-0.691751
-2.08434,0.779866
-2.05678,-0.987076
-2.03577,-0.751017
-1.99636,0.209199
-1.94083,-0.769392
-1.91739,-0.616282
-1.87305,0.442633
-1.86323,-0.136383
-1.81117,-0.834399
-1.75542,0.653603
-1.73867,-0.494892
-1.71336,-0.582479
-1.71166,-0.462014
-1.71148,-0.362933
-1.67938,0.0871587
-1.65828,0.992538
-1.63937,-0.075248
-1.59805,-0.98524
r_S,2
Lambda0,4,
Lambda1,5,
Lambda2,8,
Lambda3,11,
Lambda4,12,
Lambda5,13,
Lambda6,15,
Lambda7,16,
Lambda8,17,
Lambda9,21,
Lambda10,23,
Lambda11,24,
Lambda12,27,
Lambda13,31,
Lambda14,33,
Lambda15,35,
Lambda16,37,
Lambda17,40,
Lambda18,41,
Lambda19,49,
Lambda20,54,
Lambda21,55,
Lambda22,57,
Lambda23,60,
Lambda24,63,
Lambda25,64,
Lambda26,65,
Lambda27,66,
Lambda28,67,
Lambda29,68,
Lambda30,69,
Lambda31,70,
Lambda32,71,
Lambda33,72,
Lambda34,73,
Lambda35,74,