Storage option,sets
Size,25
Dimension,4
Shape,cylinder
Spacetime,BlackHole
Past sets, 











5,
1,






1,
0,3,



6,
Future sets, 
20,
19,12,

20,

11,
24,


















Past links sets, 











5,
1,






1,
0,3,



6,
Future links sets, 
20,
19,12,

20,

11,
24,


















Coordinates
-3.80785,3.50775,2.3997,1.59485
-3.79591,2.84153,0.40174,3.45386
-3.79315,1.15206,2.86275,5.78262
-3.62045,3.01764,2.10722,1.88612
-3.40508,3.7636,1.91835,0.840481
-3.28187,3.65904,1.79098,4.64509
-2.82801,3.4482,1.66713,4.38747
-2.5596,3.23427,1.53292,3.17779
-2.24943,3.46419,0.799753,5.13023
-2.17983,1.95498,1.7737,1.32171
-2.12183,1.22528,1.3523,1.06576
-2.02216,3.86328,1.74136,4.59149
-1.77069,2.103,0.59389,2.41679
-1.67788,2.79954,2.20545,3.64912
-1.65343,1.53876,0.908098,1.71917
-1.46695,2.87484,1.63008,0.4047
-1.43193,2.60976,0.691984,2.44532
-1.18549,2.594,1.09024,5.55637
-1.12724,3.41561,0.929089,2.06489
-0.804667,2.64583,0.230017,5.49167
-0.763756,3.23676,2.06193,2.00003
-0.316284,3.59526,1.11443,0.697549
-0.246786,2.31081,2.65296,4.97773
-0.205334,3.92435,1.40896,5.56788
-0.17012,2.70989,1.49586,4.22485
r_S,2
NHRVs_Open,0
NHRVs_Close,0
