Storage option,sets
Size,116
Dimension,3
Shape,cylinder
Spacetime,BlackHole
Past sets, 




1,




1,2,

2,1,4,
0,
1,2,

2,1,13,

0,1,4,
3,7,8,10,
5,
6,13,1,2,15,
6,9,4,11,0,13,1,2,15,
3,
9,4,11,15,2,1,0,13,6,20,

6,10,8,7,3,18,
2,12,1,0,4,17,
6,9,4,11,0,13,1,2,15,
7,3,22,
8,9,10,4,11,15,2,1,0,13,6,20,
8,20,6,13,0,1,2,15,11,4,9,10,23,
0,5,19,
1,5,0,12,
9,11,17,4,1,12,15,2,13,0,26,
19,0,5,31,
6,26,0,13,2,15,12,1,4,17,11,9,33,
17,4,1,12,2,0,26,
0,12,5,19,
7,3,18,21,23,4,8,20,6,13,29,0,30,1,2,15,11,9,10,
23,18,3,7,25,8,9,10,4,11,15,2,1,29,0,13,6,20,
14,19,0,5,31,
8,22,3,7,28,
1,2,18,3,7,8,10,6,25,
7,3,18,21,27,23,4,8,20,6,13,29,0,30,1,2,15,11,9,10,
22,3,7,28,
25,10,11,15,2,1,30,9,38,7,20,3,18,21,8,23,4,6,13,29,0,
8,10,21,20,23,27,1,6,9,4,17,11,0,13,26,2,15,12,
4,1,32,19,5,12,0,37,
21,20,23,27,9,35,6,26,0,13,2,15,12,1,33,4,17,11,
8,10,11,17,4,33,1,12,48,9,21,20,23,27,35,6,26,0,13,2,15,
21,27,9,36,17,33,4,1,12,2,15,0,26,13,35,6,11,
1,18,8,10,6,25,22,3,7,2,28,
7,12,15,2,26,13,29,0,20,8,21,10,23,27,30,1,6,9,33,4,46,17,11,
21,27,9,36,17,33,4,1,12,2,15,0,26,13,35,6,11,
5,21,27,9,36,17,33,4,1,12,2,15,0,26,13,35,6,11,
11,17,4,33,1,12,48,9,21,20,23,27,35,6,26,0,13,2,15,
18,10,6,25,7,3,22,8,28,41,
32,11,6,35,13,26,0,54,2,15,5,50,21,27,1,9,36,17,4,33,12,
27,0,29,13,6,4,23,8,21,18,45,25,39,10,11,15,2,1,30,38,9,7,20,3,
1,18,8,10,6,25,22,3,7,2,28,
2,41,28,8,22,3,7,25,6,10,44,18,56,
15,2,13,0,26,6,35,27,23,10,8,21,11,17,4,33,49,20,1,12,48,9,
28,2,7,3,22,6,10,8,18,1,25,51,
18,3,43,11,17,46,4,33,9,35,6,1,30,27,23,52,26,13,7,20,12,15,2,0,29,8,21,10,
10,8,41,28,7,3,22,44,
10,8,41,28,7,3,22,44,
7,15,2,13,29,0,26,6,35,27,23,10,8,21,11,46,17,4,33,49,20,30,1,12,48,9,
10,36,53,15,2,13,0,6,35,26,55,11,17,4,33,20,1,27,12,48,9,50,21,23,
10,6,25,8,41,28,7,3,22,18,44,
8,61,23,21,50,48,12,27,1,49,20,33,4,46,17,9,67,15,2,10,36,53,13,0,6,35,26,55,11,
12,17,25,18,21,8,23,4,29,0,58,13,42,27,45,6,39,10,11,15,2,1,30,38,9,7,20,3,43,28,22,
27,22,28,0,29,42,13,6,4,23,8,21,18,45,25,39,10,11,15,2,1,30,38,9,7,20,3,
25,38,55,52,43,3,10,23,35,6,29,0,26,13,61,2,15,27,7,66,8,21,11,46,17,33,49,20,30,1,12,48,9,4,63,18,
42,43,25,18,21,8,23,4,29,0,58,13,27,45,6,39,10,11,15,2,1,30,38,9,7,20,3,46,17,26,12,
1,59,56,3,68,10,6,25,8,2,60,41,28,7,51,22,18,44,
21,20,0,29,15,11,38,9,23,41,13,42,4,62,39,10,28,2,7,3,6,8,18,30,59,1,25,22,51,
50,36,53,55,52,43,3,10,23,35,6,29,0,26,13,61,2,15,27,7,66,8,21,11,46,17,33,49,20,30,1,12,48,9,4,63,18,
26,22,28,43,58,0,29,13,42,23,8,21,4,17,25,12,18,27,45,6,39,10,70,11,15,2,1,30,38,9,7,20,3,
56,2,60,3,68,10,64,6,25,8,41,28,22,18,44,7,65,
64,18,44,22,3,7,28,41,8,10,65,
3,19,52,5,54,32,57,30,29,7,66,11,33,4,20,49,1,27,12,50,21,23,48,46,17,9,8,67,15,61,2,69,10,36,53,13,0,6,35,26,55,
44,18,22,51,65,7,28,74,1,59,56,3,68,10,64,6,25,8,60,2,41,
42,56,59,1,60,2,3,68,10,62,6,25,8,41,28,7,51,22,18,44,
6,13,15,11,9,47,33,4,17,1,32,19,34,5,12,0,26,37,36,31,2,
42,56,44,41,62,10,28,60,2,7,3,6,8,18,59,1,25,22,51,
44,18,22,51,65,7,28,74,1,59,56,3,68,10,64,6,25,8,60,2,41,
42,62,44,18,22,51,65,7,28,74,1,59,56,3,68,10,64,6,25,8,60,2,41,
51,43,58,17,21,8,23,4,42,13,12,71,29,0,28,22,27,6,18,45,25,39,10,15,2,1,30,38,9,7,20,62,3,11,70,
51,43,58,17,21,8,23,4,42,13,12,71,29,0,28,22,27,6,18,45,25,39,10,15,2,1,30,38,9,7,20,62,3,11,70,
1,59,65,7,44,18,51,22,78,56,41,28,2,60,8,3,68,10,25,64,6,
14,21,27,2,31,36,37,26,0,12,5,34,83,35,6,32,19,13,15,11,9,47,33,4,17,1,
46,51,3,20,7,9,38,21,8,23,42,13,29,58,0,43,28,22,26,4,17,25,71,12,77,18,27,45,6,39,10,70,11,15,2,1,30,
25,60,2,56,79,6,64,18,44,22,3,28,41,8,68,10,7,65,78,
1,59,65,7,44,18,51,22,78,56,41,28,2,60,8,3,68,10,25,64,6,
19,37,52,5,54,32,57,30,29,7,66,11,33,4,20,49,1,27,12,50,21,23,48,46,17,9,8,67,15,61,2,69,10,36,53,13,0,6,35,26,55,
56,25,79,6,64,18,44,22,3,28,41,8,68,10,7,65,
74,82,51,22,25,1,59,18,8,84,64,6,42,3,56,44,41,28,62,68,10,2,60,65,7,
30,1,2,15,11,70,10,39,6,23,8,21,9,38,42,13,62,3,51,22,7,20,46,17,91,4,88,29,58,0,43,87,28,26,25,71,12,77,18,27,45,
45,30,39,4,13,38,7,2,10,9,68,28,41,44,74,15,56,62,3,42,6,8,18,60,1,84,25,22,51,23,82,75,21,20,59,0,29,11,
31,34,15,2,54,0,26,13,35,6,50,21,11,32,5,57,27,1,9,36,17,4,33,12,53,48,19,20,23,47,37,
52,35,33,73,30,1,2,15,11,70,10,39,6,23,8,21,9,38,42,13,62,3,51,22,7,20,46,17,91,63,4,29,58,0,43,28,26,25,71,12,77,18,27,45,
18,43,3,55,26,6,0,13,53,36,10,69,2,61,15,37,66,7,35,94,30,1,54,57,5,52,23,11,32,19,48,29,33,4,20,49,27,12,50,80,21,46,17,9,8,67,
35,33,52,73,41,75,45,27,18,77,12,71,25,26,28,87,43,59,0,58,21,8,39,10,23,70,11,15,2,1,30,6,9,97,38,42,13,91,4,62,3,51,22,7,20,46,17,88,29,
27,71,12,17,58,43,70,11,88,29,0,59,20,21,75,82,23,51,10,68,9,38,87,28,2,13,42,4,30,60,1,45,7,39,98,41,44,74,15,56,62,3,6,8,18,84,25,22,
42,8,95,41,28,62,3,51,44,18,64,93,79,25,56,85,68,10,7,6,65,59,78,2,1,60,89,92,74,22,81,
82,85,56,81,22,51,18,44,78,7,59,28,86,41,93,64,65,6,2,1,60,89,8,68,10,84,25,92,79,42,3,62,74,
1,59,78,2,60,92,65,7,10,68,56,25,79,64,6,18,44,22,3,28,41,95,8,
19,22,28,5,54,32,57,38,39,45,58,25,42,73,18,63,4,9,48,12,1,30,20,6,35,43,52,23,29,0,3,55,26,53,69,10,36,50,21,72,13,61,2,15,27,7,66,67,8,11,46,76,17,33,49,
35,33,52,56,44,73,41,75,45,27,18,77,12,71,25,26,28,87,43,59,0,58,21,8,39,10,23,70,11,15,2,60,1,30,6,9,97,38,42,13,91,4,62,3,51,22,7,20,46,17,88,29,
85,86,89,79,64,93,8,59,84,25,51,81,22,82,74,18,96,42,56,44,41,28,3,62,68,10,2,1,60,6,65,7,78,92,
74,81,92,89,60,2,78,59,1,65,7,10,68,56,25,79,93,64,6,18,44,51,22,3,28,41,95,8,
86,81,22,74,18,44,64,93,51,28,41,95,8,62,3,42,104,79,25,56,85,68,10,7,6,65,59,78,2,1,60,89,92,
96,74,62,3,42,79,28,86,78,44,18,105,51,22,81,59,7,85,56,82,41,93,64,65,6,2,1,60,89,8,68,10,84,25,92,
86,81,22,74,18,44,64,93,51,28,41,95,8,62,3,42,104,79,25,56,85,68,10,7,6,65,59,78,2,1,60,89,92,
36,53,48,49,55,45,27,18,77,12,71,25,26,87,28,43,0,58,88,29,4,63,91,10,39,70,11,15,73,61,2,1,30,33,52,23,35,6,100,42,72,13,8,21,9,97,38,62,3,51,22,66,7,20,46,17,
48,29,88,17,46,20,7,22,51,3,62,63,4,91,13,42,38,97,9,6,30,1,60,2,15,27,56,45,75,100,41,11,70,73,44,77,18,52,23,33,35,49,108,21,12,71,25,26,28,87,58,102,43,0,59,8,39,10,
Future sets, 
34,40,91,32,77,102,43,73,97,38,46,36,114,55,67,80,21,69,26,103,88,29,49,108,87,90,31,61,12,71,70,66,37,57,115,47,50,33,101,72,52,99,48,107,94,35,100,63,76,17,83,54,53,45,98,39,75,58,23,30,27,
106,59,74,85,62,110,81,89,93,51,86,104,82,111,105,112,109,96,84,113,42,32,20,15,100,71,54,99,108,49,98,39,69,73,102,43,72,13,101,4,63,47,36,114,55,88,29,97,38,67,77,75,46,26,87,58,52,23,30,66,27,33,91,83,17,76,11,70,107,48,115,57,45,103,35,94,61,90,50,80,21,53,9,
78,92,60,106,59,74,85,62,110,81,89,93,51,86,104,82,111,105,112,109,96,84,113,53,21,80,50,90,61,94,35,103,45,57,115,48,107,70,11,9,58,87,83,91,33,27,66,30,23,52,76,63,100,71,67,54,73,99,108,49,39,98,69,72,13,102,43,101,42,29,88,55,114,75,46,77,38,97,15,20,26,36,
80,44,28,65,89,60,95,104,45,39,98,62,91,115,56,88,114,109,96,108,79,18,77,105,76,92,63,82,111,112,113,74,103,106,78,107,81,22,68,38,97,85,59,72,84,25,93,110,51,86,100,41,71,101,42,87,58,70,43,102,73,75,64,
47,36,26,97,38,77,46,75,114,55,88,29,101,43,102,72,69,98,39,49,108,99,73,54,67,71,100,87,58,52,23,30,66,27,33,91,83,63,17,76,11,70,107,48,115,57,45,103,35,94,61,90,50,80,21,53,
57,19,80,107,94,101,37,47,34,99,32,90,40,54,83,31,
83,35,27,82,111,105,112,109,96,84,113,56,104,42,86,51,110,93,89,81,94,80,21,91,52,23,61,75,46,99,70,87,58,100,71,69,98,39,72,73,67,38,97,45,103,108,49,20,76,63,66,30,29,88,77,48,107,115,55,114,101,43,102,90,54,53,57,50,25,68,59,78,106,92,60,95,74,85,62,
66,94,80,52,64,41,89,60,95,104,45,39,98,62,91,115,56,88,114,109,96,108,79,18,77,105,76,92,63,82,111,112,113,74,103,44,106,78,107,81,68,38,97,85,59,72,84,25,93,110,51,86,100,71,101,42,87,28,58,70,43,102,73,75,65,
61,49,69,46,65,64,41,30,94,80,89,60,95,104,45,39,98,62,91,115,56,88,29,114,109,96,108,79,18,77,105,76,92,63,82,111,52,112,113,74,103,106,78,107,81,68,38,97,85,59,72,84,25,93,110,51,86,100,71,101,42,87,58,70,43,102,73,75,66,
83,33,27,30,23,52,66,76,63,100,71,87,58,91,70,107,48,115,45,103,35,94,61,90,50,57,53,21,80,67,54,73,99,108,49,39,98,69,72,102,43,101,29,88,55,114,75,46,77,38,97,
67,65,64,61,49,69,46,30,94,80,89,60,95,104,45,39,98,62,91,115,56,88,29,114,109,96,108,79,18,77,105,76,92,63,82,111,52,112,113,74,103,106,78,107,81,68,38,97,85,59,72,84,25,93,110,51,86,100,71,101,42,87,58,70,43,102,73,75,66,
83,33,27,30,23,52,66,76,63,100,71,87,58,91,70,107,48,115,45,103,35,94,61,90,50,57,53,21,80,67,54,73,99,108,49,39,98,69,72,102,43,101,29,88,55,114,75,46,77,38,97,
103,88,87,70,37,47,57,115,90,61,108,49,50,26,69,66,80,67,55,114,36,46,97,73,102,77,32,91,33,101,72,52,99,48,107,94,35,100,63,76,83,54,53,
94,35,80,21,91,52,23,61,75,46,99,70,87,58,100,71,69,98,39,72,73,67,38,97,27,101,90,43,102,15,50,53,33,57,115,83,54,114,55,20,108,49,107,48,77,30,88,29,66,63,76,103,45,
90,40,
83,33,27,50,57,53,54,90,102,43,101,114,55,115,107,48,77,88,29,30,66,63,76,20,49,108,103,45,97,38,67,73,72,39,98,69,71,100,58,87,70,99,46,75,61,23,52,91,21,80,35,94,

103,88,87,70,57,115,90,61,108,49,50,26,69,66,80,67,55,114,36,46,97,73,102,77,91,33,101,72,52,99,48,107,94,35,100,63,76,83,54,53,
79,76,63,82,111,105,112,109,96,113,77,103,114,88,108,115,56,91,98,39,104,45,62,74,95,60,89,92,106,78,107,81,68,38,97,85,59,72,84,25,93,110,51,86,100,71,101,42,87,58,70,43,102,73,75,
80,107,94,101,37,47,34,99,90,40,83,31,
73,97,38,45,103,108,49,98,39,72,76,63,71,100,58,87,70,99,46,75,69,67,61,23,52,91,80,94,66,30,29,88,77,48,107,115,55,114,101,43,102,
90,54,53,57,50,61,67,99,94,80,73,45,103,49,108,98,69,72,102,43,101,88,55,114,75,46,77,97,38,115,48,107,70,91,58,87,71,100,63,76,66,52,
113,84,78,64,93,106,92,89,60,79,108,95,110,51,81,109,41,100,102,65,91,62,88,59,114,85,70,77,97,68,71,107,87,28,86,56,115,98,44,103,74,96,112,105,82,111,75,104,
61,67,99,69,46,70,58,87,71,100,63,76,91,52,80,94,66,30,88,48,107,115,77,75,55,114,101,102,43,72,39,98,49,108,103,45,38,97,73,

72,68,59,78,106,92,60,95,74,85,62,81,89,93,110,51,86,100,71,42,87,58,70,107,97,102,73,75,45,104,39,98,91,56,115,108,88,114,103,77,113,84,96,109,112,105,111,82,
77,73,91,97,46,36,67,80,66,69,55,114,101,72,52,33,99,107,48,94,35,100,102,63,76,83,54,53,50,49,108,61,90,115,57,
90,71,58,54,53,57,50,61,55,114,87,100,73,76,115,63,97,103,77,107,48,102,43,101,72,88,70,99,91,49,108,46,69,66,52,80,94,67,
107,71,77,70,59,97,87,114,88,62,91,65,98,44,103,74,96,112,86,105,115,56,85,82,111,68,75,104,102,100,41,109,81,51,110,95,108,79,60,89,92,106,93,64,78,84,113,
66,73,45,103,108,39,98,72,102,43,101,88,114,75,77,97,38,115,107,70,91,58,87,71,100,63,76,52,80,94,
66,94,80,52,76,63,100,71,87,58,91,70,107,115,38,77,75,114,88,101,43,72,98,108,103,45,97,73,102,
40,83,90,99,34,
80,101,94,107,57,83,90,99,47,
52,72,101,55,94,107,49,69,66,114,80,67,99,48,35,100,102,63,76,83,54,53,50,108,61,90,115,57,
99,90,83,
102,100,63,54,53,108,50,90,61,76,57,115,48,99,67,80,114,66,69,49,107,94,55,101,72,
90,50,76,69,67,80,83,54,101,114,94,107,99,57,53,
101,94,83,90,99,47,
75,72,77,114,88,108,103,45,97,98,73,102,115,107,70,91,58,87,71,100,
98,75,73,102,97,107,70,91,58,87,71,100,115,108,88,114,103,77,

102,75,68,85,111,82,105,56,115,86,112,96,109,81,110,95,108,79,60,89,92,106,93,64,78,104,84,113,74,103,98,65,
113,84,96,109,112,105,111,82,98,104,75,107,70,91,87,73,102,86,115,108,88,114,97,100,71,103,77,
77,103,97,63,115,76,73,102,100,87,107,114,88,101,72,70,91,108,
68,65,95,110,81,109,96,112,86,115,105,111,82,85,79,108,60,89,92,106,64,93,78,104,84,113,74,103,98,
98,73,102,97,107,70,91,58,87,71,100,115,108,88,114,103,77,
97,91,69,66,52,108,80,72,101,114,94,107,100,73,102,76,115,63,
99,90,83,
99,67,114,66,69,49,107,94,55,80,101,72,115,76,61,
66,69,107,94,101,114,80,72,115,76,61,
76,69,67,80,101,94,107,99,57,
93,89,81,110,84,113,96,109,86,115,112,105,98,91,62,88,85,114,100,87,97,75,104,108,82,111,102,74,103,
108,80,72,101,114,94,107,100,102,76,115,63,
99,76,69,107,94,114,101,80,67,
80,101,94,107,99,57,
76,72,69,107,94,114,101,80,67,
95,110,81,109,96,112,86,115,105,111,82,85,108,60,89,92,106,93,78,104,84,113,74,103,98,
99,107,94,101,80,
107,70,91,87,100,115,108,88,114,97,103,77,102,73,
106,93,89,102,108,84,113,74,103,75,104,98,85,82,111,105,115,86,112,96,109,81,110,
108,89,92,106,93,78,84,113,74,103,104,98,85,82,111,105,115,86,112,96,109,81,110,
76,72,80,114,101,94,107,69,
100,88,97,114,87,104,75,108,111,82,102,103,98,105,112,115,86,109,96,113,84,
100,115,76,107,114,72,
96,86,85,95,78,104,93,106,113,111,92,105,79,112,109,81,110,89,
96,86,85,95,78,104,93,106,113,111,92,105,79,112,109,81,110,89,
80,76,94,107,101,114,72,
80,101,94,107,69,
95,89,92,106,93,78,113,74,103,104,98,85,82,111,105,86,112,96,109,81,110,
107,94,101,80,
91,87,100,102,115,108,88,114,97,103,77,
91,97,88,114,108,115,102,103,100,87,
114,107,
108,107,114,102,115,100,
103,104,113,98,85,111,105,86,112,96,109,110,81,
108,115,102,103,98,
107,
97,114,108,115,102,100,91,
93,106,104,113,111,92,105,112,109,110,89,
95,104,113,111,112,106,109,110,105,92,
101,
110,109,112,105,111,113,104,
105,103,98,112,109,96,
90,
105,103,98,112,109,96,
109,112,105,111,113,104,
113,111,109,112,105,
103,102,115,108,114,97,
103,102,115,108,114,97,
110,109,112,105,111,113,104,

100,102,115,108,114,97,
110,109,106,112,105,111,113,104,
110,109,112,105,111,113,104,
101,
110,106,111,113,104,
112,109,
114,108,115,102,
103,

115,114,

115,

113,111,
112,


115,







Past links sets, 




1,




1,2,

2,4,
0,
1,2,

13,

0,4,
3,7,8,10,
5,
6,15,
0,6,9,11,15,
3,
0,9,11,20,

6,18,
2,12,17,
0,6,9,11,15,
7,22,
0,8,9,10,11,20,
8,10,23,
0,19,
1,5,12,
9,11,15,26,
31,
6,33,
26,
12,19,
18,21,29,30,
23,25,29,
14,31,
8,28,
1,2,25,
18,21,27,29,30,
28,
25,38,
8,21,10,23,26,27,
4,32,37,
21,23,27,35,
8,10,48,
21,27,35,36,
1,25,2,28,
29,30,7,33,46,
21,27,35,36,
5,21,27,35,36,
48,
25,41,
32,50,54,
27,39,45,
1,25,2,28,
2,44,56,
49,
51,
35,43,52,
10,41,44,
10,41,44,
29,30,7,46,49,
10,50,53,55,
25,41,44,
46,61,67,
12,28,42,17,43,58,
27,28,39,42,45,
25,38,55,61,63,66,
42,43,46,58,
51,59,60,68,
38,39,41,42,59,62,
55,61,50,63,53,66,
26,70,
60,64,65,68,
18,64,65,
3,19,52,57,66,69,
64,65,74,
59,60,62,42,68,
6,33,36,34,47,
42,59,60,62,
64,65,74,
42,62,64,65,74,
62,70,71,
62,70,71,
51,59,78,
21,14,27,35,83,
46,71,51,77,
78,79,
51,59,78,
37,52,57,66,69,
56,68,79,
64,65,74,82,84,
87,88,91,
74,75,82,45,84,
34,47,48,53,57,
62,63,73,91,
43,80,94,
35,52,73,75,97,
87,88,98,
62,42,81,85,89,92,93,95,
81,82,84,85,86,89,92,93,
59,92,95,
19,28,57,69,72,73,76,
35,52,60,73,75,97,
81,85,86,89,92,93,96,
81,89,92,93,95,
86,104,
96,105,
86,104,
53,72,97,100,
49,100,102,108,
Future links sets, 
31,29,27,23,21,17,12,
59,51,42,32,13,9,4,
60,59,51,42,26,13,11,9,
80,22,18,
47,17,11,
54,32,19,
83,35,27,25,21,20,
66,52,28,18,
49,46,41,30,29,18,
33,29,27,23,21,
67,65,64,49,46,30,29,18,
33,29,27,23,21,
70,37,32,26,
15,
90,40,
27,21,33,20,

70,26,
79,43,38,25,
107,80,37,31,
29,23,
54,53,50,48,46,43,90,38,
28,
48,46,39,30,

72,59,56,51,45,68,42,39,
77,36,46,33,
90,71,58,54,53,50,48,46,43,
107,71,59,51,70,44,41,
66,43,52,39,38,
66,52,43,38,
40,34,
57,47,
83,52,35,
99,83,
108,90,54,53,102,63,50,48,
83,54,53,50,
94,47,
75,72,45,
75,71,58,

75,68,65,64,56,
104,82,75,86,73,84,71,70,
101,73,70,63,
68,65,64,60,
98,71,58,
73,69,66,91,52,
99,83,
99,55,49,
115,66,61,
76,67,57,
93,91,89,74,62,
108,94,80,102,63,
114,99,76,67,
57,
76,72,67,
95,60,
99,107,94,80,
73,70,
106,93,89,84,82,75,74,
84,108,82,78,74,
76,72,69,
104,100,87,86,84,82,88,75,
100,76,72,
96,86,85,81,79,78,
96,86,85,81,79,78,
94,80,76,72,
69,
95,82,78,74,
107,94,80,
88,87,77,
91,88,87,
114,107,
108,107,102,100,
96,86,98,85,81,
108,102,98,
107,
91,
93,92,89,
95,92,
101,
110,109,105,104,
105,98,96,
90,
105,98,96,
109,105,104,
113,111,109,105,
103,97,
103,97,
110,109,105,104,

100,97,
110,109,106,105,104,
110,109,105,104,
101,
110,106,104,
112,109,
114,108,102,
103,

115,114,

115,

113,111,
112,


115,







Coordinates
-3.96064,2.71362,0.000708394
-3.92563,3.02648,0.00118259
-3.86911,3.09733,0.000850222
-3.79469,3.95856,0.00176115
-3.6529,2.78709,0.000945881
-3.62139,1.76734,0.000112609
-3.58892,3.20475,0.00172518
-3.53345,3.67655,0.00195476
-3.52025,3.48567,0.000214771
-3.49657,2.82672,0.00195491
-3.48662,3.44205,0.00100064
-3.48383,2.80687,0.00101464
-3.45444,2.39204,0.000601851
-3.40111,2.91759,6.67238e-05
-3.35057,1.38782,9.25213e-05
-3.35033,2.88756,0.00191249
-3.3426,0.0638762,0.000358441
-3.22412,2.42127,0.00207093
-3.1918,3.4335,0.0011607
-3.17853,1.68588,0.000463514
-3.09904,2.8975,0.00199189
-3.09047,2.73845,0.00181171
-2.98458,3.8951,0.00196349
-2.97453,2.83346,0.00212083
-2.97036,0.299142,0.000557863
-2.96484,3.34837,0.00034152
-2.95393,2.21728,0.000567645
-2.89361,2.53173,0.000924646
-2.8886,3.84625,0.00039424
-2.75147,2.89003,0.00136628
-2.73231,2.84853,0.000700747
-2.58023,1.34657,0.000475103
-2.57884,1.68365,0.00151256
-2.53673,2.14281,0.00165385
-2.48591,1.27775,0.000417379
-2.47819,2.10897,0.000272857
-2.46746,1.78886,0.00187163
-2.4622,1.5248,0.000179015
-2.40796,2.79068,0.00015193
-2.32328,2.93137,0.00165567
-2.30692,1.07822,0.00170836
-2.28048,3.84476,0.00142718
-2.26221,3.0693,0.000727926
-2.25827,2.52587,0.000712078
-2.25139,3.99022,0.00160109
-2.22152,2.71317,0.0016728
-2.17641,2.24483,0.0014193
-2.17033,1.30809,0.00141804
-2.16965,2.03763,0.000907861
-2.04729,2.0259,0.00194946
-2.04102,1.7143,0.0021153
-2.03755,3.32298,0.00135743
-2.00795,2.16196,0.00127903
-2.00753,1.75868,0.000265725
-1.96109,1.62973,0.000716628
-1.93309,1.86504,0.000112935
-1.92293,3.61576,0.000929567
-1.91961,1.61016,0.00194629
-1.90897,2.57041,0.000756842
-1.87246,3.4121,0.00126669
-1.83767,3.58053,0.0012817
-1.83099,1.87242,0.00194454
-1.82896,3.20011,0.000984161
-1.77658,2.05375,0.0019613
-1.75453,3.95219,0.00212735
-1.72774,3.86842,0.000482952
-1.72554,1.87731,0.00192174
-1.71461,1.67373,0.0013813
-1.67569,3.69508,0.00189858
-1.54819,1.65529,0.00211181
-1.54752,2.59402,0.000282029
-1.44665,2.6488,0.000191563
-1.4278,1.84094,0.00177967
-1.38364,2.2168,0.000804305
-1.34135,3.44357,0.000989151
-1.32226,2.93785,0.000640528
-1.2731,1.63916,0.00122511
-1.25166,2.31297,0.00101549
-1.22959,3.75594,0.00211136
-1.19596,3.91677,0.00141561
-1.16754,1.38444,0.000542835
-1.12603,3.45462,0.00154153
-1.12395,3.17131,0.000257877
-1.12004,0.748085,0.000869567
-1.11449,3.1009,0.00063467
-1.08459,3.39001,0.00141288
-1.07202,3.28067,5.59052e-05
-1.06891,2.4868,0.00156191
-1.06405,2.50371,0.00105836
-1.00171,3.54096,0.000153154
-0.989498,0.653695,0.00048419
-0.940637,2.28662,0.000719714
-0.93279,3.8385,0.00048296
-0.925117,3.60301,0.00199609
-0.911514,1.07787,0.000834331
-0.845858,3.94142,0.00158082
-0.833639,3.03375,0.00154135
-0.799911,2.2792,0.0020037
-0.77147,2.8905,0.00146037
-0.686901,0.611757,2.69224e-05
-0.664169,2.06695,0.00100107
-0.632336,0.901535,0.000453611
-0.505847,2.12637,0.000238231
-0.398995,2.53748,0.000693173
-0.315439,3.52145,0.000500363
-0.257337,3.22845,0.00145193
-0.25042,3.85631,0.00117016
-0.214639,1.1911,0.00188943
-0.202352,2.17122,0.0018127
-0.187937,3.11466,0.00166532
-0.159909,3.70665,0.00138733
-0.150853,3.43758,0.00019636
-0.123133,3.17198,0.000914098
-0.0993721,3.45987,0.00120209
-0.0350727,1.5716,0.00135751
-0.0236031,2.00249,0.000304081