Storage option,sets
Size,66
Dimension,3
Shape,cylinder
Spacetime,BlackHole
Past sets, 





3,
0,
1,


2,


8,2,10,
4,
2,10,12,
12,10,2,8,13,
0,
13,8,15,2,10,12,16,
2,8,9,
2,12,
9,10,2,8,13,
12,10,2,15,
0,6,
0,6,
19,13,2,10,9,8,21,
9,16,12,10,2,15,8,13,18,
9,16,12,10,2,15,8,13,18,
2,6,8,9,0,17,
10,12,15,2,20,
17,0,9,8,19,6,2,28,
2,8,9,17,6,0,23,
10,12,15,2,20,
20,18,8,15,2,10,12,16,22,9,13,26,
8,13,18,22,20,2,15,12,10,16,29,
20,18,26,13,8,15,2,10,12,16,22,9,27,
3,9,17,23,6,0,24,
27,35,22,9,20,18,26,13,8,15,2,10,12,16,
16,18,21,8,9,10,15,2,13,19,12,25,
26,13,9,22,16,12,10,2,15,8,18,20,33,
29,33,26,13,9,22,16,12,39,10,2,15,8,18,20,
16,21,8,9,10,2,0,13,19,12,25,
21,33,16,12,27,35,22,9,20,18,26,13,37,8,15,2,10,
17,15,2,16,21,8,9,10,0,13,19,41,12,25,18,
28,36,23,3,9,17,30,6,19,0,24,31,2,8,
21,10,31,2,28,8,9,17,30,6,19,0,13,23,25,
23,30,17,0,13,9,8,21,19,6,2,28,25,10,
32,26,9,34,8,13,18,22,20,33,2,15,12,10,16,29,
21,34,35,27,20,18,37,8,40,29,16,33,26,13,9,22,12,39,10,2,15,
27,40,29,16,39,10,12,34,8,32,26,13,9,22,47,18,20,33,2,15,
22,23,26,27,28,6,30,18,25,43,17,15,2,12,41,16,21,8,38,9,10,0,13,19,
5,21,10,13,25,8,44,2,31,28,36,23,3,9,17,30,6,19,0,24,
29,25,19,39,10,2,15,8,37,16,21,33,20,12,27,35,22,38,9,18,26,42,13,
29,16,39,10,12,34,8,32,26,13,9,22,47,18,20,33,2,15,
9,34,8,13,18,22,20,2,15,12,10,16,29,32,
13,42,26,18,9,38,22,35,27,12,20,52,0,29,16,25,19,39,10,2,15,21,8,37,33,
0,29,25,19,39,10,2,15,8,37,16,21,33,20,12,27,35,22,38,9,18,26,42,13,
35,15,2,33,18,47,22,9,20,49,27,40,29,16,10,39,26,13,12,34,37,8,32,
26,20,22,6,35,27,33,18,25,43,17,15,2,12,41,16,21,37,8,38,9,10,0,42,13,19,
12,24,3,36,45,10,25,23,30,46,17,0,13,9,8,21,19,6,31,2,28,
25,32,15,2,10,39,12,22,9,42,13,26,19,48,35,21,34,27,40,20,33,18,8,37,29,16,
32,20,27,12,38,9,35,22,18,52,26,55,13,42,0,29,16,25,19,48,39,10,2,15,21,8,37,33,34,40,
24,27,18,12,41,15,43,16,45,10,25,23,30,46,17,0,13,38,9,8,21,19,6,31,2,28,
32,20,27,12,38,9,35,22,18,52,26,55,13,42,0,29,16,25,19,48,39,10,2,15,21,8,37,33,34,40,
0,47,42,13,9,38,22,26,39,10,2,60,15,32,12,25,19,48,35,21,34,27,40,20,33,18,8,37,29,16,52,
21,48,53,32,8,37,34,12,13,26,39,10,16,29,57,35,22,9,15,2,33,18,47,20,49,27,40,
Future sets, 
56,61,63,55,41,43,30,59,64,6,58,45,23,36,62,50,24,51,17,46,44,31,28,
7,
31,28,20,30,44,19,26,55,40,47,18,43,41,39,52,65,27,56,48,16,53,57,60,64,35,33,62,15,32,61,29,58,22,51,49,10,37,63,34,42,13,21,50,38,25,54,46,59,45,
59,36,51,44,5,
14,
51,
58,23,36,62,50,24,51,45,46,44,31,28,59,30,

31,28,30,44,19,33,62,64,35,60,49,57,53,37,61,63,34,42,13,21,50,38,25,54,51,46,59,58,45,16,48,56,27,65,52,39,41,43,18,47,40,55,26,
54,36,31,28,27,39,40,47,33,35,49,46,60,64,38,51,25,61,52,63,50,21,41,44,19,48,30,59,62,58,45,56,43,55,26,65,42,37,53,57,
22,29,32,15,33,62,64,35,60,49,57,53,37,61,63,34,42,13,21,50,38,25,54,51,46,59,58,45,16,48,56,27,65,52,39,41,43,18,47,40,55,26,

59,20,41,16,42,58,33,62,34,63,56,27,65,52,39,61,32,48,22,29,15,54,38,43,18,47,40,55,26,50,37,53,57,49,60,35,64,
45,59,46,51,25,21,42,58,38,34,63,61,48,56,27,65,52,39,54,41,16,43,18,47,40,55,26,50,37,53,57,49,60,35,64,62,33,

32,29,22,39,52,65,27,56,48,61,63,34,54,38,43,18,47,40,55,26,50,37,53,57,49,60,35,64,62,33,58,42,
41,39,52,65,27,56,48,61,63,34,54,38,43,18,47,40,55,26,50,37,53,57,49,60,35,64,62,33,58,42,
43,30,50,46,59,36,62,58,45,51,31,44,28,
43,38,54,34,63,61,48,27,56,65,52,39,40,55,26,50,37,53,57,49,60,47,35,64,62,33,58,42,
44,41,50,63,52,61,25,51,38,64,60,46,30,59,62,58,45,56,43,55,
37,39,42,33,35,64,40,53,57,58,29,55,56,52,65,60,47,54,34,63,32,61,48,49,
65,48,42,41,50,63,52,61,25,51,38,64,60,46,59,62,58,45,56,43,55,
50,37,54,53,57,49,60,35,64,33,47,58,42,55,40,39,52,65,56,48,61,34,63,
50,51,45,36,62,46,59,44,31,
44,51,59,62,36,
60,51,46,59,38,64,62,58,45,56,43,55,61,52,63,50,41,
50,37,53,57,49,60,35,64,33,47,58,42,55,40,39,52,65,56,48,61,63,
62,50,49,37,61,48,42,55,60,58,56,35,64,52,65,57,63,
44,51,45,62,59,46,50,30,
56,55,52,60,47,54,34,63,61,48,49,65,57,53,40,64,
50,46,59,62,45,51,44,
59,62,45,51,44,
63,61,54,49,65,57,53,64,60,47,
47,58,42,40,39,52,65,56,55,48,61,63,64,60,49,57,53,
54,63,61,48,49,65,57,53,64,60,47,
42,55,60,58,56,61,48,64,52,65,57,63,37,
59,51,44,
57,65,52,64,48,61,63,56,58,60,55,42,
62,58,56,55,61,64,52,63,50,
56,55,48,61,52,65,63,64,60,49,57,53,40,
57,49,60,64,63,65,61,48,
50,58,62,43,
60,58,56,55,63,61,64,52,
62,58,50,
51,
62,59,
62,59,
64,53,57,65,49,
65,63,61,64,60,
65,57,


64,61,63,55,
65,

63,61,

65,


64,





Past links sets, 





3,
0,
1,


2,


8,10,
4,
10,12,
12,13,
0,
15,16,
2,8,9,
2,12,
9,13,
15,
6,
6,
19,21,
9,18,
9,18,
2,6,8,9,17,
15,20,
19,28,
2,8,9,17,23,
15,20,
20,22,26,
18,22,29,
20,22,26,27,
3,9,17,23,24,
35,
18,25,
33,
29,39,
0,16,25,
21,33,37,
17,18,41,
30,31,36,
25,30,31,
23,25,30,
32,33,34,
21,34,37,40,
27,40,47,
22,23,26,27,38,30,43,
25,5,44,
38,39,29,42,
39,47,
9,32,34,
0,52,
38,0,39,29,42,
37,49,
6,38,42,43,
12,36,45,46,
25,32,42,48,
32,48,55,
24,27,38,43,45,46,
32,48,55,
0,52,47,60,
48,53,57,
Future links sets, 
64,55,41,56,17,6,
7,
31,28,20,19,10,
36,5,
14,
51,
58,28,24,23,

31,28,19,13,
36,31,54,28,27,26,21,19,
15,13,

59,20,16,15,
21,16,

32,29,22,18,
41,18,
43,36,31,28,
43,38,34,27,26,
30,25,
35,33,32,29,
48,42,25,
50,35,34,33,
50,46,36,31,
62,36,
60,46,45,41,51,38,
50,35,33,
50,62,49,35,
30,
56,52,40,34,
50,46,45,44,
45,44,
63,61,54,60,47,
47,42,39,
54,48,47,
37,
59,44,
57,48,42,
62,58,56,52,50,
56,52,53,40,
49,48,
43,
60,58,56,52,
62,58,50,
51,
62,59,
62,59,
64,53,49,
65,63,61,60,
57,


64,55,
65,

63,61,

65,


64,





Coordinates
-3.95688,2.24925,0.00217435
-3.93406,1.0465,0.00111672
-3.92774,3.69594,0.00044649
-3.84346,1.77001,0.00138979
-3.77014,1.26295,0.000759254
-3.69706,1.65831,0.000877946
-3.65323,2.12485,0.00180788
-3.59613,0.723342,0.000309713
-3.58224,3.33441,0.000681216
-3.53729,3.14782,0.000607068
-3.50126,3.61933,0.00177899
-3.36542,0.190156,0.000802172
-3.24524,3.91769,0.00132784
-3.20062,3.42897,0.000110316
-2.94893,0.845162,0.00167766
-2.8776,3.77739,0.00199914
-2.75865,3.51493,0.000294377
-2.64233,2.19718,0.00202336
-2.63006,3.53017,0.000454712
-2.6019,2.61859,4.53982e-05
-2.59633,3.91232,0.000652505
-2.59409,2.83636,0.000815239
-2.56064,3.70693,0.000693346
-2.53038,2.01146,0.000980396
-2.45771,1.76487,0.00107717
-2.33019,2.62353,0.000421418
-2.21478,3.32928,0.000305495
-2.13546,3.14254,0.00140867
-2.12468,2.03239,0.0017066
-2.1028,3.90915,0.000906253
-1.98432,2.02857,0.000585485
-1.97331,1.83464,0.00212664
-1.92586,3.99735,0.000712082
-1.85846,3.38668,0.00038477
-1.79326,3.74616,0.00103957
-1.76056,3.10003,0.00052335
-1.7379,1.46682,0.00186745
-1.66595,3.0666,0.00207522
-1.62718,2.58479,0.000230894
-1.60547,3.34279,0.000391518
-1.43018,3.3299,0.001398
-1.41078,2.29325,0.000563636
-1.3097,2.89279,0.000952073
-1.29372,2.23893,0.00105652
-1.28502,1.33876,0.000718561
-1.25679,1.79603,5.6745e-06
-1.23621,1.8128,0.00192392
-1.16153,3.56924,0.0014744
-0.989561,3.01962,0.000181318
-0.884032,3.4374,0.000247824
-0.784994,1.99046,0.00109314
-0.728678,1.04249,0.00141462
-0.706925,2.57523,0.00205429
-0.702367,3.57021,0.000844386
-0.659624,3.77263,9.30129e-05
-0.600625,2.49533,0.000630301
-0.583574,2.40492,8.34568e-05
-0.511461,3.17176,0.00122122
-0.50975,2.09681,0.00212983
-0.496289,1.19754,0.00217091
-0.462493,2.75913,0.00031733
-0.32539,2.43609,0.00133328
-0.314192,1.4168,0.00110773
-0.304389,2.52644,0.000760722
-0.176286,2.58861,0.00142533
-0.0714237,3.13518,0.000436201