Storage option,sets
Size,100
Dimension,2
Shape,cube
Spacetime,BlackHole
Past sets, 




1,



0,
0,
3,

3,10,



2,

7,

0,9,


2,
2,
17,
10,3,18,7,12,
0,8,
3,1,4,
7,18,3,10,12,26,

17,
6,
11,10,3,18,7,12,
6,13,19,
17,25,30,
17,25,30,
6,13,17,19,
4,26,1,12,10,3,18,7,29,
10,28,3,12,1,4,
1,4,15,22,
25,37,6,13,17,31,19,
41,19,25,37,6,17,13,31,34,
1,15,22,
31,25,37,6,30,13,17,19,35,
1,4,11,33,10,26,3,18,7,29,12,
34,41,44,31,25,37,6,17,30,42,19,13,35,
6,32,
30,35,31,41,42,19,25,37,6,17,13,34,
7,4,1,12,3,10,28,39,
12,18,29,3,26,10,7,33,11,4,1,45,
11,7,18,31,35,17,36,25,30,
11,34,41,44,31,25,37,6,17,30,42,19,36,13,35,
10,22,28,3,1,15,4,
28,11,38,4,1,12,33,10,26,3,18,7,29,
32,34,19,17,6,13,
7,11,31,35,25,37,6,30,13,17,19,36,
18,7,39,28,10,26,3,12,1,4,29,
28,11,38,4,1,12,33,10,26,3,18,7,29,
46,52,35,48,11,34,17,41,7,44,31,25,42,37,6,30,13,19,36,
32,46,52,35,48,11,34,17,41,44,31,25,42,37,6,30,13,19,36,
7,26,10,33,29,12,18,1,4,38,11,28,3,54,
1,4,19,29,26,3,10,33,51,18,11,31,12,35,17,13,36,25,7,30,
55,32,34,19,17,6,13,47,37,
10,3,12,18,51,42,41,34,44,7,11,31,35,52,25,37,6,30,13,17,56,19,36,
31,37,25,41,55,32,34,17,6,13,19,42,
56,7,37,32,46,52,6,35,48,25,11,34,17,41,44,31,42,19,30,60,13,36,59,
25,31,19,55,32,34,63,17,6,13,47,37,
58,7,28,11,4,38,1,18,12,29,33,10,26,3,54,
25,31,19,55,32,34,63,17,6,13,47,37,
1,4,26,29,33,64,35,6,10,3,12,41,18,51,42,13,34,44,7,36,11,31,52,25,37,30,17,46,56,19,
36,13,30,19,42,31,44,41,17,34,11,25,48,35,6,52,46,32,37,60,
25,31,19,55,32,34,63,17,6,13,47,37,
26,29,32,33,48,46,64,35,6,10,3,12,41,18,51,42,13,34,44,7,36,11,31,52,25,37,30,59,17,56,19,
19,13,47,32,6,34,
71,25,48,36,30,19,42,31,44,41,17,34,11,35,6,52,46,32,55,37,13,60,
46,47,35,36,30,44,48,11,65,31,37,25,42,41,55,32,34,17,6,13,19,52,
51,18,12,3,10,37,56,66,7,36,32,46,17,52,6,35,64,48,19,25,11,34,41,44,31,60,42,13,30,59,
45,6,37,62,1,19,29,26,50,3,10,33,56,4,51,18,11,31,12,35,17,13,36,25,7,30,
46,45,50,33,26,29,4,1,64,35,6,10,12,41,18,51,42,13,34,44,7,36,11,31,52,25,37,30,17,56,19,3,62,
6,45,62,1,19,29,26,50,3,10,33,4,51,18,11,31,12,35,17,13,36,25,7,30,
13,38,45,1,33,10,26,29,12,30,7,25,36,17,35,31,11,18,4,51,3,50,
34,6,32,47,13,19,74,
62,4,1,73,36,26,29,32,33,70,48,11,46,64,35,6,10,3,12,41,18,51,42,13,34,44,7,31,52,25,37,30,59,17,56,19,
13,38,45,1,33,10,26,29,12,30,7,25,36,17,35,31,11,18,4,51,3,50,
19,13,47,32,6,34,
74,19,13,47,32,17,6,34,82,
37,34,6,55,32,47,82,13,19,74,17,63,
36,44,46,35,48,42,41,65,25,31,19,55,69,32,34,17,63,6,13,47,37,30,67,
34,6,32,47,13,19,85,
60,66,4,1,73,36,26,29,32,33,70,48,11,46,64,35,6,10,3,12,41,18,51,42,13,34,44,7,31,52,25,37,30,59,17,56,19,
85,19,74,13,47,32,6,34,
50,3,51,18,11,31,35,17,25,36,7,12,29,10,4,33,30,1,45,38,13,26,84,
62,60,66,4,1,73,36,26,29,32,33,70,48,11,46,64,35,6,10,3,12,41,18,51,42,13,34,44,7,31,52,25,37,30,59,17,56,19,
1,33,29,26,77,3,51,18,12,10,37,56,19,66,7,44,36,73,32,46,17,52,6,35,64,48,11,25,34,41,31,60,42,13,30,59,
3,10,18,51,59,7,56,71,25,48,36,30,42,31,44,41,17,34,11,35,6,52,46,32,37,13,60,19,66,
67,34,6,32,55,47,13,19,74,72,25,31,63,17,37,69,
59,56,7,66,63,67,60,71,47,46,76,17,75,35,36,6,65,30,44,48,19,11,31,37,25,42,13,41,55,32,34,52,
7,59,67,63,69,60,71,47,46,76,17,75,35,36,6,65,30,44,48,19,11,31,37,25,42,13,41,55,32,34,52,
59,56,7,66,60,71,47,46,76,17,75,35,36,6,65,30,44,48,19,11,31,37,25,42,13,41,55,32,34,52,
Future sets, 
20,9,27,8,
94,43,50,79,40,92,45,81,58,78,49,84,38,39,68,80,28,57,53,93,54,83,70,61,90,62,4,
24,23,16,
10,84,95,58,77,64,33,70,49,12,80,39,57,94,53,90,61,92,83,54,26,93,62,73,50,81,79,78,29,38,45,68,28,
90,70,83,93,53,57,80,68,38,61,84,49,54,58,81,39,62,28,45,92,40,79,78,50,

80,44,41,56,78,37,48,59,46,70,52,79,64,42,32,69,83,73,71,34,94,93,90,95,77,66,60,97,65,75,85,89,99,76,91,72,82,63,86,67,55,96,87,98,47,88,74,
98,59,66,97,99,56,18,80,49,95,64,33,77,51,57,84,90,61,92,83,54,70,26,93,62,73,50,81,79,78,58,29,38,45,68,94,
27,
20,
95,77,64,33,49,80,39,70,57,84,53,90,61,92,83,54,26,93,62,73,50,81,12,79,78,58,29,38,45,68,94,
51,98,54,50,97,73,84,61,80,33,92,45,81,58,78,68,62,93,70,83,90,94,79,77,64,95,52,99,76,71,75,60,59,66,56,
77,64,49,39,26,84,90,61,83,54,70,93,62,73,50,79,78,57,80,33,92,81,58,29,38,45,68,94,
92,84,81,80,62,44,41,56,78,34,75,89,48,85,91,86,82,74,69,67,72,87,46,96,55,63,42,83,71,65,94,64,93,52,79,76,99,70,98,60,88,59,73,77,90,97,66,95,37,

53,43,40,

86,55,63,87,37,31,25,72,69,96,67,42,65,41,84,35,78,56,99,93,80,62,81,44,92,51,94,88,73,36,79,64,76,71,75,46,83,98,70,52,95,60,97,59,77,48,90,66,
95,64,77,51,26,84,90,61,83,54,70,93,62,73,50,79,78,57,80,33,92,81,58,29,38,45,68,94,
80,62,44,41,56,78,34,75,89,48,85,91,86,82,74,69,67,72,87,46,96,55,63,42,83,71,65,94,64,93,52,79,76,99,70,98,60,88,59,73,77,90,97,66,95,37,


53,43,40,


72,69,96,67,42,65,41,35,56,93,80,78,62,99,81,44,84,92,51,88,73,36,64,79,76,71,94,75,46,83,98,70,52,60,97,59,77,48,90,66,95,
90,83,70,93,62,73,50,78,79,57,80,92,54,81,58,38,84,61,45,68,94,29,

58,54,61,39,49,68,57,53,
94,68,61,84,38,58,81,54,45,92,80,57,79,78,50,73,62,93,70,83,90,
35,56,93,80,78,62,99,81,44,84,92,51,88,73,36,64,79,76,71,94,75,46,83,98,70,52,60,97,59,77,48,90,66,95,
72,69,96,67,56,80,78,62,81,84,92,51,41,70,99,95,66,97,90,48,77,73,44,59,88,83,60,98,46,75,52,76,79,93,64,94,65,71,42,
83,73,71,94,93,90,95,77,66,60,65,75,85,89,99,76,91,72,82,63,86,67,55,96,87,98,47,88,69,74,97,
94,90,83,70,93,62,68,45,78,58,81,92,80,79,61,84,73,50,54,
89,85,91,86,82,74,69,67,72,87,96,63,42,71,65,94,64,93,79,76,52,99,70,75,46,98,60,83,88,59,73,77,48,90,97,66,95,55,
56,80,78,62,81,84,92,51,44,73,64,93,79,76,71,94,75,46,98,99,70,52,60,83,88,59,77,48,90,97,66,95,
88,80,78,95,79,93,52,83,64,62,81,77,94,90,84,73,92,51,70,76,71,75,60,59,98,99,97,56,66,
96,69,67,72,87,63,78,56,41,70,99,95,66,97,90,48,77,73,44,59,88,83,60,98,46,75,52,76,79,93,64,94,65,71,42,
84,92,81,54,68,58,61,
57,49,

95,66,97,90,48,77,73,59,88,83,60,98,46,75,70,99,52,76,79,93,64,94,65,71,42,
65,64,79,76,52,99,71,94,75,98,60,83,88,59,70,46,93,73,77,90,97,66,48,95,

64,79,76,71,94,75,98,99,52,60,83,88,59,70,46,93,73,77,90,97,66,95,
81,92,80,79,78,84,50,
79,76,71,75,60,88,59,98,83,70,99,73,77,90,97,66,95,94,93,
89,85,99,76,91,82,86,63,96,87,98,72,67,88,74,97,69,
76,71,75,60,88,59,98,83,99,73,77,90,97,66,95,94,93,

84,78,79,80,92,81,
92,84,70,90,73,94,77,81,64,83,93,62,79,95,78,80,
76,79,71,75,60,59,98,83,70,99,73,77,90,97,66,95,94,64,93,

68,61,
76,99,63,96,87,75,98,72,67,65,88,97,69,
78,99,95,97,64,77,66,73,79,90,70,93,94,83,

68,
98,83,66,99,77,97,95,73,94,90,93,
75,98,66,99,77,97,95,90,93,94,71,

93,78,83,79,80,
87,72,67,88,97,69,96,98,
77,73,70,79,90,93,94,83,
88,99,76,98,97,
97,95,99,77,94,90,93,
97,96,98,88,

96,98,88,
90,93,83,
95,99,98,75,97,
96,
94,90,93,83,
96,82,87,86,91,
99,98,97,
99,98,97,
94,




87,86,

92,
91,89,














Past links sets, 




1,



0,
0,
3,

10,



2,

7,

9,


2,
2,
17,
12,18,
8,
3,4,
26,

17,
6,
11,12,18,
6,13,19,
25,30,
25,30,
6,13,17,19,
4,29,
12,28,
4,15,22,
25,31,37,
34,41,
1,15,22,
31,35,37,
4,29,33,
42,44,
32,
35,42,
7,39,
45,
11,36,31,35,18,
11,36,42,44,
10,15,22,28,
28,33,38,
17,32,34,
7,11,37,36,31,35,
29,39,
28,33,38,
46,48,7,52,
46,48,32,52,
54,
4,13,33,51,29,19,
37,47,55,
12,52,51,56,
42,55,
56,59,60,
25,31,63,
54,58,
25,31,63,
4,64,29,46,33,
60,
25,31,63,
29,64,59,33,32,
34,47,
55,71,
46,65,52,47,48,
64,66,
50,56,62,
46,50,62,64,
6,50,62,
13,38,50,51,
74,
62,70,73,
13,38,50,51,
34,47,
17,82,
63,82,
46,36,69,67,65,48,
85,
66,70,73,
74,85,
84,
62,66,70,73,
1,73,77,
10,51,66,71,
67,72,69,74,
67,75,66,76,
59,76,75,69,67,
75,66,76,
Future links sets, 
9,8,
43,94,4,
24,23,16,
28,10,
70,28,38,62,40,45,

80,34,37,32,
56,59,49,18,
27,
20,
95,53,12,
52,56,51,33,
64,39,33,26,
34,84,62,37,81,

53,43,40,

25,55,86,31,37,
33,51,26,
62,37,34,


53,43,40,


72,35,69,36,41,67,
29,

58,53,54,39,
70,38,45,57,73,62,
36,35,
72,69,41,51,67,56,44,
73,60,55,47,
70,45,54,58,73,62,
74,85,55,42,
56,51,48,44,
88,52,56,51,
63,44,56,41,
81,58,84,54,
57,49,

42,
65,52,48,46,

52,46,
50,
88,79,60,59,70,76,
85,76,74,63,
88,76,60,59,

84,78,79,80,81,
64,95,62,84,81,
76,60,64,59,

68,61,
75,65,63,
78,66,64,

68,
98,73,66,
71,66,

93,78,83,79,80,
69,87,72,67,
79,77,73,70,
88,76,
97,99,77,90,95,93,
97,96,98,88,

96,98,88,
90,93,83,
95,75,
96,
94,90,93,83,
96,91,82,
99,98,97,
99,98,97,
94,




87,86,

92,
91,89,














Coordinates,
0.00462421,0.890005,
0.0150797,1.74841,
0.0514219,0.652943,
0.0538288,1.88048,
0.138958,1.7128,
0.160976,0.196404,
0.180975,3.92627,
0.197974,2.08177,
0.234621,0.678108,
0.29468,0.742841,
0.305922,1.84015,
0.362899,2.2332,
0.388974,1.80831,
0.420111,3.31181,
0.42352,0.814057,
0.460744,1.01664,
0.462529,0.325686,
0.466403,2.8867,
0.483628,1.88467,
0.504887,3.42004,
0.536995,0.516004,
0.576938,0.769453,
0.582588,1.00896,
0.586162,0.187088,
0.642915,0.111729,
0.656368,2.78671,
0.6725,1.71847,
0.693756,0.268741,
0.696611,1.33039,
0.716679,1.7103,
0.720952,2.52095,
0.816167,2.8183,
0.832496,3.63569,
0.863492,1.7565,
0.890083,3.30934,
1.10946,2.51895,
1.13271,2.41608,
1.20317,2.96623,
1.26615,1.31131,
1.31401,0.898603,
1.47326,0.407677,
1.4928,2.69089,
1.5218,2.68729,
1.56019,0.264877,
1.64502,2.53449,
1.68581,1.43253,
1.73541,2.52055,
1.74943,3.79601,
1.76663,2.55344,
1.78603,0.529028,
1.81758,1.36841,
1.87515,1.81678,
1.89235,2.32807,
2.01058,0.147219,
2.01479,0.884112,
2.08315,3.20104,
2.08322,2.0888,
2.18428,0.39031,
2.2053,0.627691,
2.31721,2.13267,
2.43718,2.19818,
2.45122,0.521039,
2.56657,1.38074,
2.56977,3.20225,
2.61628,1.62208,
2.62289,2.79154,
2.67607,1.97722,
2.71732,3.06712,
2.77407,0.166964,
2.88092,3.12431,
2.91767,1.36626,
2.96543,2.2117,
2.9841,3.17384,
3.08512,1.43121,
3.09508,3.68101,
3.11652,2.16967,
3.19727,2.41247,
3.24815,1.54579,
3.32604,0.846289,
3.34915,0.929581,
3.38438,0.76955,
3.40422,0.517799,
3.41878,3.57337,
3.46439,1.11389,
3.49147,0.365169,
3.4944,3.89608,
3.5424,3.58597,
3.60724,3.45706,
3.60922,2.52432,
3.61388,3.8715,
3.62286,1.1522,
3.62835,3.76473,
3.63149,0.234792,
3.66708,1.0551,
3.68135,1.29263,
3.7027,1.56041,
3.73189,3.23822,
3.94165,1.84579,
3.94863,2.14513,
3.98947,1.72654,
