Storage option,sets
Size,20
Dimension,3
Shape,cylinder
Spacetime,BlackHole
Past sets, 











0,


0,

0,
3,4,5,7,
3,5,12,
2,
Future sets, 
16,14,11,

19,
18,17,
17,
18,17,

17,




18,







Past links sets, 











0,


0,

0,
3,4,5,7,
3,5,12,
2,
Future links sets, 
16,14,11,

19,
18,17,
17,
18,17,

17,




18,







Coordinates,
-6.51143,2.09853,1.34399,
-4.83982,1.65621,3.8965,
-4.30831,1.67374,5.44584,
-4.00661,1.81787,2.96719,
-3.78268,2.59872,2.62531,
-3.73125,2.3235,3.14179,
-3.3431,1.79278,4.45914,
-3.04832,1.6742,2.73189,
-3.04346,1.37372,4.97945,
-3.01845,1.13174,5.84091,
-2.87625,2.52869,5.21502,
-2.39231,1.56138,0.552795,
-2.25975,2.41843,3.22967,
-2.01393,2.71445,4.94237,
-1.72066,0.318071,1.11773,
-1.35326,2.62394,1.43972,
-1.09003,1.03001,0.681683,
-0.505894,0.847813,2.52221,
-0.183425,0.903072,2.75665,
0.630328,0.688265,5.30053,
