Storage option,sets
Size,25
Dimension,2
Shape,cube
Spacetime,BlackHole
Past sets, 







0,

0,5,

0,5,8,
8,5,0,11,
1,2,
1,2,
8,5,0,9,
1,2,
9,11,0,5,8,12,
8,5,0,11,
2,1,13,
12,8,5,0,11,9,17,
12,8,5,0,11,9,17,
9,12,11,0,8,5,18,
17,9,11,0,5,8,12,20,
2,1,13,
Future sets, 
12,18,11,15,17,21,23,22,9,20,7,
16,14,19,24,13,
16,14,19,24,13,


12,18,11,15,17,21,23,20,22,9,


15,12,22,20,23,21,17,18,11,
22,20,23,21,17,15,

18,17,21,23,20,22,12,
22,20,23,21,17,
24,19,



21,23,20,
22,

23,




Past links sets, 







0,

0,5,

0,5,8,
11,
1,2,
1,2,
8,9,
1,2,
9,12,
11,
13,
17,
17,
9,12,18,
20,
13,
Future links sets, 
11,9,7,
16,14,13,
16,14,13,


11,9,


15,11,
22,17,15,

18,12,
22,17,
24,19,



21,20,
22,

23,




Coordinates
-4.75383,2.15332
-4.67036,-2.17136
-4.25442,-2.35657
-4.13237,0.6919
-4.08738,1.44572
-3.97858,2.28764
-3.53454,-0.447225
-3.41315,1.3509
-3.41077,2.48051
-3.36674,2.09447
-3.0879,0.280152
-2.83166,2.2295
-2.63901,2.16103
-2.39624,-1.78697
-2.38654,-1.13087
-2.01502,1.13474
-1.88303,-0.401171
-1.76829,1.32994
-1.28208,2.29491
-0.968049,-0.648263
-0.915486,1.0031
-0.874889,0.804028
-0.425951,1.58964
-0.419945,0.66732
-0.209746,-1.20532
r_S,2
