Storage option,sets
Size,50
Dimension,2
Shape,cube
Spacetime,BlackHole
Past sets, 



1,




1,3,

2,1,3,5,
6,
2,8,3,1,5,
2,1,3,8,
7,
2,5,1,6,
6,11,
6,5,1,2,3,10,
2,1,3,8,
10,5,13,2,1,8,3,12,
15,1,2,5,6,3,
7,
8,10,3,2,1,5,6,17,
6,11,7,14,
5,12,2,18,1,8,3,13,
10,5,13,2,1,8,3,12,
18,3,10,5,13,25,2,24,1,12,8,
8,10,20,15,1,2,5,6,17,3,
19,26,13,18,5,3,10,25,12,2,24,1,8,
20,15,1,2,5,6,3,11,10,
5,12,2,18,1,8,3,13,
2,18,1,8,3,13,
19,26,13,18,5,3,10,25,12,2,24,1,8,
6,19,8,10,5,13,2,1,12,3,17,
8,17,20,15,1,2,5,29,6,3,11,10,
5,12,2,18,1,8,3,13,
3,8,1,2,18,
12,13,15,22,8,10,3,2,1,5,6,17,20,
5,3,8,1,18,13,2,31,
5,3,8,1,18,13,2,31,
7,14,1,2,5,16,6,11,15,
7,16,20,15,1,2,5,29,6,3,11,10,
11,12,13,27,1,8,10,20,15,2,5,6,17,3,22,
17,6,22,5,2,15,3,20,1,10,27,13,12,11,8,42,
22,24,25,18,26,33,6,19,8,10,5,13,2,1,12,3,17,
7,16,20,15,1,2,5,29,6,3,11,10,
27,19,37,3,20,12,13,15,22,5,8,10,2,1,6,17,33,
19,5,17,6,22,3,43,2,15,20,10,27,8,13,12,11,1,42,37,
22,17,3,32,12,1,2,13,5,10,8,19,6,33,26,18,25,24,28,
28,30,24,25,10,26,19,31,8,2,13,36,18,1,3,38,5,39,35,12,32,
Future sets, 

40,3,20,17,29,45,8,41,10,47,37,34,27,22,36,18,31,39,38,13,42,12,49,43,24,35,30,19,48,46,28,44,25,33,26,32,15,
36,18,20,40,15,31,39,38,27,37,44,42,19,46,17,47,34,43,28,32,48,25,49,26,29,22,45,41,33,10,12,35,30,24,13,
20,17,29,45,41,10,8,37,34,27,22,36,18,47,31,39,38,13,42,12,43,24,35,30,49,19,48,46,28,44,25,33,26,32,

39,38,20,40,15,24,30,35,12,10,33,41,45,22,29,26,49,25,48,32,28,43,34,47,17,46,19,42,44,37,27,
48,22,33,20,17,46,37,27,43,47,34,42,29,41,44,15,23,16,45,11,40,
41,14,40,45,23,21,
34,27,22,36,18,31,39,38,13,12,43,24,37,35,30,49,42,19,46,47,28,44,25,33,48,26,32,

41,45,29,26,25,32,49,28,43,34,47,33,17,46,22,19,48,44,37,42,27,
43,47,42,16,41,34,23,45,29,40,
43,37,35,30,42,19,46,47,24,44,33,28,25,48,26,49,32,
43,37,35,38,39,31,30,42,19,46,47,24,44,33,28,25,48,26,49,32,
40,23,
42,29,43,40,27,45,41,47,34,37,46,20,
41,45,40,
34,33,22,44,43,48,37,47,42,46,27,
36,35,38,39,24,32,48,26,49,28,44,30,31,
47,46,44,33,28,48,49,32,
37,34,41,45,27,43,46,29,47,42,

44,43,48,37,47,42,46,

32,48,49,28,44,26,
32,48,49,28,44,26,
44,28,48,49,32,
46,43,47,42,
49,48,
45,41,34,
49,
39,49,38,
49,48,
48,46,44,

49,
49,
47,46,
49,
49,


47,43,
47,






Past links sets, 



1,




3,

2,3,5,
6,
2,5,8,
2,8,
7,
2,5,1,6,
11,
6,10,
2,8,
10,12,13,
3,15,
7,
8,17,
11,14,
12,13,18,
10,12,13,
24,25,
8,17,20,
19,26,
11,10,20,
12,13,18,
13,18,
19,26,
17,19,
8,17,29,
12,13,18,
18,
13,20,12,22,
5,31,
5,31,
14,15,16,
7,16,29,
27,11,22,12,13,
42,
22,26,33,
7,16,29,
33,27,37,
19,37,43,
22,32,28,33,
30,32,28,39,38,36,35,
Future links sets, 

15,3,
18,10,15,12,13,
20,10,8,

39,10,15,12,38,
17,15,11,
45,41,21,14,
27,34,12,22,13,18,

25,29,19,17,
42,29,23,16,
42,37,35,24,25,19,30,
37,42,31,35,24,25,19,30,
40,23,
40,20,
41,45,40,
34,33,27,22,
36,30,24,35,31,
47,32,33,28,
29,37,27,

48,44,42,37,

26,
26,
44,32,28,
46,42,
49,48,
45,41,34,
49,
39,38,
49,48,
48,46,44,

49,
49,
47,46,
49,
49,


43,
47,






Coordinates,
0.00953773,0.56156,
0.0313126,3.52663,
0.0790097,3.3525,
0.123889,3.5511,
0.266624,0.815426,
0.296403,3.0629,
0.388022,2.34137,
0.579416,1.58175,
0.71184,3.55912,
0.894833,0.72049,
1.14781,2.90397,
1.3194,1.76959,
1.34418,3.19211,
1.34543,3.41059,
1.3701,1.26737,
1.65928,1.99841,
1.79821,1.41574,
1.81182,2.39092,
1.84719,3.65594,
1.9755,2.93923,
2.06143,1.96804,
2.11461,0.500549,
2.28252,2.1867,
2.33498,0.833061,
2.3773,3.16718,
2.42209,3.05757,
2.50024,3.06918,
2.60592,1.8171,
2.64624,2.95718,
2.68571,1.43882,
2.76942,3.3643,
2.8096,3.81776,
2.8698,3.04385,
2.905,2.3047,
2.91826,1.38573,
3.00635,3.50141,
3.0199,3.95852,
3.07297,1.84045,
3.10986,3.69259,
3.11749,3.69709,
3.15397,0.51581,
3.30747,0.879671,
3.34169,1.46884,
3.48827,1.39947,
3.54183,2.0557,
3.62925,0.540625,
3.66136,1.59916,
3.71437,1.35768,
3.9006,2.16982,
3.90507,3.1619,
