Storage option,sets
Size,78
Dimension,3
Shape,cylinder
Spacetime,BlackHole
Past sets, 







0,4,
6,

1,6,8,

1,2,4,
9,
0,3,5,
1,2,6,8,
3,
11,
3,9,
4,5,3,0,14,
10,4,12,8,6,1,2,15,

8,6,1,10,
2,8,6,1,10,
1,6,8,15,2,10,23,
2,4,7,5,3,0,1,14,
14,0,3,5,4,19,
0,15,2,1,6,8,12,4,10,7,20,
5,0,14,3,16,
0,9,16,3,5,18,
2,10,1,6,8,22,
4,12,22,23,10,2,15,8,6,1,24,
0,24,1,6,8,15,2,10,23,22,20,7,4,12,
4,19,14,28,18,5,9,13,0,3,16,29,
22,8,6,1,10,2,30,
22,23,27,1,0,15,2,6,8,12,4,10,7,20,24,
22,23,27,1,0,15,2,6,8,12,4,10,7,20,24,
32,24,20,7,36,23,10,22,27,1,0,15,2,35,6,8,12,4,
12,4,7,20,34,8,22,6,32,10,23,31,2,15,1,30,0,24,
5,3,14,24,20,7,36,23,10,22,27,1,0,15,2,6,8,12,4,
6,12,9,18,28,2,5,0,26,14,1,3,16,4,19,25,7,
4,11,14,28,18,5,9,13,0,3,16,29,
27,24,0,30,1,15,38,12,4,7,20,34,8,22,6,32,10,23,2,31,
0,13,11,17,9,16,3,5,18,
19,25,4,12,8,6,2,15,0,5,3,14,27,1,24,20,7,36,23,39,10,22,
24,0,30,1,15,38,12,4,7,20,34,8,22,6,32,10,23,2,31,
9,11,17,
9,25,19,26,20,7,10,4,28,15,2,5,0,14,27,1,3,16,6,8,12,
12,4,7,20,34,8,22,6,32,10,23,31,2,15,1,30,0,24,
0,7,20,24,34,8,22,6,10,23,15,1,30,4,2,31,12,
15,8,10,20,13,7,25,19,33,4,16,40,14,1,6,12,9,18,5,28,2,29,0,26,3,
27,38,45,32,48,12,31,2,4,10,23,0,7,49,20,24,34,8,22,6,15,30,1,
22,10,39,23,36,7,20,24,30,1,27,5,19,35,6,25,12,4,37,8,31,2,44,15,0,32,3,14,
27,42,31,2,23,10,32,35,6,22,45,24,0,4,30,1,15,38,12,36,7,20,34,37,8,
26,19,28,17,33,4,29,0,13,11,9,16,3,5,18,41,43,14,
23,24,13,40,12,8,6,16,3,1,27,14,29,0,18,47,9,25,19,26,20,7,10,33,4,28,15,2,5,
25,14,24,53,22,35,6,45,32,3,10,39,23,2,31,42,27,0,4,30,1,15,38,12,36,7,20,34,5,37,8,
26,34,38,5,27,1,30,24,20,7,36,23,52,10,39,22,19,35,6,25,12,4,37,8,31,2,44,15,0,32,3,14,
18,31,35,32,5,2,15,44,28,4,10,39,7,36,20,26,19,25,9,47,0,14,27,1,3,16,6,8,37,12,24,23,22,
23,40,16,4,33,19,25,13,7,20,10,8,15,50,14,1,6,12,9,18,47,5,28,2,29,0,26,3,27,24,
14,3,24,53,22,35,6,45,32,10,39,23,2,31,42,27,0,4,30,1,15,38,12,36,7,20,34,5,37,8,48,
42,1,30,15,35,6,37,8,34,24,20,49,36,7,22,51,38,12,27,45,32,48,31,2,4,10,23,0,
27,42,38,45,32,48,12,31,2,4,10,23,0,36,7,49,20,24,34,37,8,22,35,6,15,30,1,
10,8,15,13,7,25,19,33,4,16,11,40,14,1,6,12,9,18,5,28,2,29,0,26,3,
42,1,30,15,6,8,34,24,20,49,7,22,51,38,12,27,45,32,48,31,2,4,10,23,0,
19,8,37,5,39,10,3,32,45,6,35,22,24,53,14,25,56,27,23,2,31,42,0,4,30,1,15,38,12,36,7,20,34,
23,40,16,4,33,19,25,13,7,20,10,8,15,50,14,1,6,12,9,18,47,5,28,2,29,0,26,3,27,24,
42,1,30,15,6,8,34,24,20,49,7,22,51,38,12,27,45,32,48,31,2,4,10,23,0,
17,1,7,2,25,26,19,41,28,33,4,11,14,18,5,9,13,3,16,0,29,
18,34,38,16,28,26,9,47,5,27,1,30,24,20,7,36,23,52,10,39,22,19,35,6,25,12,4,37,8,31,2,44,15,0,32,3,14,
19,51,25,56,5,39,53,14,4,3,62,2,31,48,32,45,12,38,42,27,23,10,0,36,7,49,20,24,34,37,8,22,35,6,15,30,60,1,
0,23,10,4,2,31,48,32,45,27,12,38,42,1,30,15,35,64,6,8,34,24,36,7,20,49,51,22,
0,23,10,4,2,31,48,32,45,27,12,38,42,1,30,15,35,64,6,8,34,24,36,7,20,49,51,22,
0,23,10,4,2,31,48,32,45,27,12,38,42,1,30,15,35,64,6,8,34,24,36,7,20,49,51,22,
45,42,53,14,3,32,0,23,52,36,7,20,24,30,1,27,38,34,5,26,57,10,39,22,19,35,6,25,12,4,37,8,31,2,44,15,
1,60,30,15,6,35,22,8,37,34,2,31,4,62,3,32,14,53,24,39,10,56,27,25,51,19,48,5,70,12,45,38,42,23,0,36,7,49,20,
26,44,52,48,34,20,7,36,12,22,35,3,32,10,39,5,37,8,45,19,6,65,24,53,14,25,56,27,23,2,31,42,0,4,30,60,1,15,38,
44,49,48,34,20,7,36,12,22,35,62,3,32,10,39,5,37,8,45,19,6,65,24,53,14,25,56,27,23,2,31,42,0,4,30,60,1,15,38,
Future sets, 
43,29,26,33,19,28,41,54,72,42,71,62,51,69,40,74,58,77,57,14,73,44,25,53,60,39,68,67,38,64,35,48,32,61,45,36,65,49,47,76,50,63,59,7,66,37,56,27,75,70,52,55,
68,25,40,44,73,72,56,27,51,55,52,66,37,76,47,62,75,59,50,20,49,53,24,22,30,60,31,34,63,57,70,23,69,10,39,36,65,64,35,61,32,42,12,71,67,38,48,77,58,45,15,74,
34,30,68,25,23,24,44,73,72,56,27,51,55,52,66,37,76,47,62,75,35,64,65,36,69,40,60,31,57,70,53,63,61,32,42,12,71,39,67,38,48,77,58,45,15,74,49,20,50,59,
29,43,55,59,63,50,76,47,58,54,25,69,40,56,60,14,39,68,16,75,41,70,44,28,57,65,52,19,18,77,33,74,66,26,
41,54,26,33,19,20,31,72,42,12,71,62,51,69,40,74,58,77,57,73,44,25,53,60,39,68,67,38,64,35,48,32,61,45,36,65,49,47,76,50,63,59,7,66,37,56,27,75,70,52,55,
43,29,55,59,63,50,76,47,58,54,25,69,40,56,60,14,39,68,75,41,70,44,28,57,65,52,19,77,33,74,66,26,
40,74,15,45,58,77,48,38,71,42,32,61,35,64,65,36,39,10,69,23,76,47,37,66,67,8,52,55,51,22,27,56,72,44,73,62,75,59,30,50,20,49,53,24,60,31,34,63,57,70,
49,45,48,38,32,67,39,60,53,36,64,35,61,47,76,50,63,59,66,37,56,27,75,70,52,65,55,68,25,44,73,57,77,58,74,40,69,51,62,71,42,72,
44,73,72,56,27,51,55,52,66,37,76,47,62,75,59,50,20,49,53,24,22,30,60,31,34,63,57,70,23,69,10,39,36,65,64,35,61,32,42,71,67,38,48,77,58,45,15,74,
46,58,29,13,43,40,69,50,63,66,41,54,55,68,59,33,47,18,
63,24,23,31,34,30,22,60,53,70,57,69,36,65,64,35,61,42,71,39,67,38,48,77,58,32,45,74,49,20,50,59,75,62,47,76,37,66,52,55,51,27,56,72,73,44,
63,41,54,46,68,43,17,
63,40,31,60,53,70,57,69,36,65,64,35,61,42,71,39,67,38,48,77,58,32,45,74,49,20,50,59,75,62,47,76,37,66,52,55,51,27,56,72,73,44,
43,50,63,66,41,54,55,68,59,33,
60,56,25,54,58,69,40,47,76,50,63,59,39,68,75,41,70,44,28,57,65,52,19,77,33,74,66,26,55,
63,31,24,60,53,70,57,69,36,65,64,35,61,42,71,39,67,38,48,77,58,32,45,74,49,20,50,59,75,62,47,76,37,66,52,55,51,27,56,72,73,44,
43,33,28,41,54,29,58,47,50,63,69,40,66,55,68,59,
68,46,54,43,
55,68,50,63,66,69,40,41,54,59,33,43,29,58,
75,70,65,52,77,44,33,74,57,66,26,55,68,59,63,50,76,47,40,69,58,54,
50,49,45,48,38,32,59,67,39,71,42,58,75,62,47,76,37,66,52,55,77,51,27,56,72,73,44,74,61,35,64,65,36,69,57,70,53,60,

39,44,36,35,37,32,57,70,62,75,38,67,42,71,72,53,52,56,30,69,34,73,60,31,49,76,64,51,77,48,61,65,74,45,58,
37,53,72,71,42,67,38,75,45,74,73,44,60,31,35,64,36,65,39,55,59,66,24,61,32,48,77,76,49,52,58,51,69,56,57,70,62,
66,59,55,39,44,36,35,60,31,73,74,45,61,32,48,77,64,76,49,65,52,58,51,69,56,57,70,62,75,38,67,42,71,72,53,37,
68,65,70,75,56,52,66,55,59,63,50,47,76,44,57,77,58,74,40,69,
66,55,68,59,63,50,76,47,40,69,58,54,57,74,
51,55,52,76,47,37,66,77,62,75,58,71,42,72,73,44,74,61,35,64,65,36,69,56,57,70,53,60,39,67,59,
58,69,47,50,63,40,66,41,54,55,68,59,33,
50,63,66,41,54,55,68,59,33,
52,53,72,71,42,67,38,75,62,70,57,56,69,34,73,60,49,76,64,51,77,48,61,65,74,45,
58,52,49,76,64,48,77,65,73,60,61,74,45,51,69,56,57,70,62,75,38,67,42,71,72,53,
64,73,72,71,42,51,67,38,58,75,48,77,37,76,62,61,45,74,52,65,69,56,57,70,53,60,
68,55,54,59,66,63,50,
49,76,64,48,77,65,73,60,61,74,45,51,69,56,57,70,62,75,38,67,42,71,72,53,
73,72,71,58,75,77,37,76,62,61,74,52,65,69,56,57,70,53,60,
72,71,73,44,39,58,75,77,37,76,62,61,74,52,65,69,56,57,70,53,60,
62,61,52,65,76,69,56,74,57,70,53,60,77,75,58,
69,57,51,56,62,75,70,67,42,71,72,53,45,74,61,60,73,65,77,64,76,
60,75,65,52,76,56,69,74,58,77,70,57,44,
55,59,66,63,50,
68,54,
67,71,72,53,74,61,60,73,65,77,64,76,70,75,62,56,
54,
77,58,57,74,69,76,52,
62,56,76,77,51,64,75,70,67,71,72,73,60,61,74,53,65,

69,66,59,58,55,
76,61,60,73,72,71,67,70,62,75,77,64,51,
61,73,72,71,67,70,62,75,77,64,51,
66,59,
75,70,67,71,72,73,64,61,
76,69,74,57,
74,60,65,77,76,70,75,56,


75,70,76,77,65,
74,


77,76,75,70,

77,75,70,

73,72,71,
77,76,




75,







Past links sets, 







0,4,
6,

1,8,

1,2,4,
9,
0,3,5,
1,2,8,
3,
11,
3,9,
4,14,
10,12,15,

10,
2,10,
15,23,
2,7,1,14,
19,
7,20,
14,16,
0,16,5,18,
2,22,
12,22,24,
7,20,22,24,
13,19,28,29,
30,
22,24,27,
22,24,27,
32,35,36,
31,32,34,
14,36,
6,18,12,25,26,28,
4,11,13,28,29,
27,38,
0,13,16,17,5,18,
19,25,39,
38,
9,17,
9,25,26,27,28,
31,32,34,
7,20,31,34,
20,33,40,
27,45,48,49,
30,37,31,44,
37,42,45,
26,33,41,43,
24,33,40,47,
25,39,53,
38,26,52,
37,18,31,44,47,
47,24,50,
39,48,53,
37,42,51,
37,42,45,48,49,
10,11,15,33,40,
42,51,
19,56,
47,24,50,
42,51,
17,25,26,33,41,
18,38,47,52,
19,51,56,60,62,
35,36,64,
35,36,64,
35,36,64,
53,57,
70,
60,26,52,65,
44,60,62,65,
Future links sets, 
43,29,14,7,
15,25,12,10,
30,23,15,25,12,
18,16,14,
41,19,12,7,
43,29,14,
40,8,
49,32,27,25,
15,10,
47,46,18,13,
63,23,22,20,
63,41,17,
40,31,20,
43,41,33,
39,28,25,19,
63,24,20,
43,29,28,
68,46,43,
58,69,43,40,29,
70,44,33,65,26,
50,49,32,27,

36,35,32,31,30,
24,
66,59,55,36,35,32,31,
68,56,47,44,40,
76,68,57,54,47,40,
51,47,42,36,35,
47,41,40,33,
41,33,
52,34,
58,52,49,48,38,
48,38,37,
68,55,54,63,50,
49,48,38,
73,72,71,37,
73,72,71,39,37,
62,61,58,53,52,
69,57,45,42,
60,56,44,
55,63,50,
68,54,
67,64,62,61,53,
54,
77,58,52,
62,53,51,

69,66,59,58,55,
62,60,51,
62,51,
66,59,
70,67,64,61,
76,69,57,
74,60,56,


70,65,
74,


77,76,70,

77,70,

73,72,71,
77,76,




75,







Coordinates
-3.83185,3.19515,0.000151063
-3.81152,3.70918,0.000898585
-3.78585,3.53187,0.00015473
-3.78471,2.6556,0.000315583
-3.75831,3.29715,0.0010109
-3.73698,2.95026,0.00153321
-3.65772,3.88421,2.13058e-05
-3.49256,3.20081,0.000648136
-3.4898,3.87936,6.64889e-05
-3.43576,2.09172,0.000717812
-3.40192,3.81616,0.00204548
-3.32449,1.63165,0.00139925
-3.21032,3.43373,9.33461e-05
-3.18743,1.89525,0.00153487
-3.18076,2.66715,0.00192432
-3.14488,3.53448,0.000982935
-3.13157,2.18961,0.00121833
-3.11161,1.4687,0.0020003
-3.04604,2.03667,0.000164555
-2.90229,2.5598,0.000986279
-2.88374,3.44174,0.000192347
-2.83425,0.366916,0.00134013
-2.82992,3.87466,0.00114376
-2.76984,3.66821,0.00144217
-2.6949,3.65656,0.000980887
-2.66119,2.65804,0.00188042
-2.65861,2.35972,0.00198741
-2.61747,3.316,0.000625572
-2.57175,2.11411,7.13324e-05
-2.54537,1.98679,0.00172309
-2.41356,3.93217,0.000238894
-2.25166,3.6296,0.000934808
-2.22002,3.47039,0.000989587
-2.17536,1.85859,0.00104398
-2.16469,3.93625,0.000436126
-2.15333,3.30933,0.000676838
-2.1372,3.21443,0.000340958
-1.83229,3.14006,0.00047623
-1.78815,3.58308,0.000662757
-1.72703,2.851,0.00103477
-1.68391,2.01398,0.0017706
-1.66881,1.25642,0.000107948
-1.61447,3.53305,0.00168085
-1.49134,0.863381,8.20786e-05
-1.40591,2.55309,0.00139281
-1.39983,3.65737,0.00215297
-1.36787,0.0560321,1.0008e-05
-1.29006,2.13061,0.00167767
-1.28179,3.73453,0.00105329
-1.23761,3.75823,0.00190717
-1.06598,1.65994,0.00207179
-0.97789,3.73505,0.00182638
-0.850134,2.56272,0.001937
-0.823336,3.09112,0.00174992
-0.695943,0.398479,0.000701702
-0.601408,1.63897,0.00187438
-0.582665,2.94574,0.00191079
-0.577617,2.48586,9.91181e-05
-0.566367,2.03265,0.000138343
-0.55577,1.58755,0.000822556
-0.542762,3.02413,0.000408756
-0.527734,3.39791,0.001905
-0.522818,3.17844,0.000699289
-0.518684,1.05317,0.00106918
-0.381361,3.83357,0.000996287
-0.343192,2.79039,0.0016642
-0.289422,1.30721,0.000438047
-0.27985,3.93413,0.000568687
-0.269969,0.40468,5.87652e-05
-0.234299,2.04549,0.000732937
-0.193136,2.97624,0.000424532
-0.118893,3.64085,0.000439164
-0.106285,3.65445,0.00169629
-0.0927066,3.60062,0.00178337
-0.082307,2.38972,0.00096774
-0.0462527,2.91308,0.000683446
-0.0347805,2.55212,0.00160808
-0.00415735,2.74333,0.00149247