Storage option,sets
Size,50
Dimension,3
Shape,cube
Spacetime,BlackHole
Past sets, 












3,






6,

10,
5,13,

16,

1,9,10,

3,11,

6,20,

14,
0,
13,27,
1,11,3,12,
5,13,15,
1,11,3,12,
8,16,10,9,1,26,
2,7,4,17,
1,9,3,12,
5,8,12,13,23,11,3,15,28,
2,7,4,17,27,
8,3,12,10,9,1,26,
18,6,19,20,
2,7,4,17,
9,14,10,8,21,16,24,25,
1,5,8,9,12,13,23,11,3,15,28,
2,17,18,20,
18,0,20,33,
Future sets, 
49,33,
47,40,37,35,38,43,26,
48,45,42,39,
35,37,40,28,41,43,47,12,
45,42,39,
47,41,36,22,
30,44,19,
45,42,39,
47,46,43,41,38,
47,46,40,38,43,26,
38,43,26,46,21,
37,35,47,41,28,
47,43,41,40,37,35,
41,36,47,34,22,
46,32,
47,41,36,
38,46,24,
48,45,42,39,
49,48,44,
44,
49,48,44,30,
46,

47,41,
46,
46,
43,38,
42,34,
47,41,




49,
















Past links sets, 












3,






6,

10,
5,13,

16,

1,9,10,

3,11,

6,20,

14,
0,
13,27,
1,11,12,
5,13,15,
1,11,12,
8,16,26,
2,7,4,17,
1,9,12,
5,8,12,13,23,15,28,
2,7,4,17,27,
8,12,26,
18,19,20,
2,7,4,17,
9,14,8,21,24,25,
1,5,8,9,12,13,23,15,28,
2,17,18,20,
18,20,33,
Future links sets, 
33,
47,40,37,35,26,
48,45,42,39,
28,12,
45,42,39,
47,41,36,22,
30,19,
45,42,39,
47,46,43,41,38,
47,46,40,26,
26,21,
37,35,28,
47,43,41,40,37,35,
41,36,47,34,22,
46,32,
47,41,36,
38,24,
48,45,42,39,
49,48,44,
44,
49,48,44,30,
46,

47,41,
46,
46,
43,38,
42,34,
47,41,




49,
















Coordinates,
-9.8673,0.785391,4.28587,
-9.17989,10.6247,2.21396,
-8.08209,12.9516,5.43757,
-7.00478,7.39119,1.66351,
-6.88317,11.382,5.49724,
-6.85632,12.0195,0.631054,
-6.67282,12.264,4.01498,
-6.56122,11.719,5.56508,
-5.40257,3.68828,2.39705,
-4.72814,6.79514,2.33739,
-4.71108,10.5452,2.51205,
-4.7084,8.27621,1.0857,
-4.62296,6.09071,1.49754,
-4.38344,8.16504,0.692077,
-4.26951,8.39291,3.52937,
-4.17109,9.53309,0.674599,
-3.54296,11.3641,2.63277,
-2.38294,5.91321,5.6162,
-1.73857,8.49124,4.505,
-1.44621,10.3288,3.97014,
-1.30074,8.03639,4.21268,
-1.01026,11.7868,2.29658,
-0.72298,6.49622,0.344262,
-0.580145,13.391,0.76816,
-0.336023,8.52034,2.54191,
-0.239266,5.88362,2.67538,
0.47389,6.41636,2.21329,
0.654775,7.89199,5.79398,
1.19397,9.0583,0.877009,
1.99375,3.13497,3.72595,
3.45431,4.25481,3.87077,
3.94298,7.41506,5.80541,
4.50742,6.77459,2.6956,
4.58753,0.722044,4.23821,
4.82327,4.07303,5.69456,
5.02455,8.56534,1.06442,
5.41742,9.85466,6.20949,
5.50737,7.10223,1.01036,
5.51027,6.15518,1.82838,
5.53551,7.85509,5.09824,
6.49326,7.8175,1.13477,
7.64015,5.8111,0.514169,
7.81425,10.9684,5.41384,
7.82926,5.80379,1.39214,
8.29317,8.79132,3.57268,
8.47754,6.79572,4.66517,
8.48444,10.0326,2.26887,
8.7125,4.36511,0.537923,
9.19892,9.9134,4.17047,
9.27269,0.499205,4.1812,
