Storage option,sets
Size,200
Dimension,2
Shape,cylinder
Spacetime,BlackHole
Past sets, 




















4,



5,
4,


10,

17,
5,


18,
1,6,7,12,

6,
6,7,12,

5,23,
6,7,12,
27,

9,
5,31,
12,7,6,1,35,
33,
19,
1,2,6,7,12,
6,

24,5,31,
5,
4,14,
6,50,
43,
14,4,54,
4,25,
31,5,53,
14,4,20,

51,


20,4,25,


24,23,18,31,5,40,
33,51,
18,34,
63,

39,43,56,


37,41,35,1,6,38,12,7,46,
24,34,23,18,5,40,
14,22,29,
47,62,51,33,69,
1,2,7,
54,4,14,57,
39,43,56,
23,39,34,5,18,70,
63,74,
24,34,23,18,5,40,
62,63,51,33,69,
34,45,52,40,5,31,18,23,24,68,

23,45,24,52,40,53,5,31,59,
1,2,7,
14,22,29,36,

24,34,23,18,5,40,
6,79,69,33,51,63,62,47,86,
51,63,71,74,
56,43,39,73,
62,51,33,69,63,71,

73,39,56,43,82,
67,75,

35,38,12,46,7,6,41,2,1,49,
45,52,40,5,31,18,23,24,68,
68,40,31,5,18,23,34,24,77,
45,52,68,40,31,5,18,23,34,24,77,
39,40,70,83,5,18,23,34,24,85,
49,46,7,12,38,6,1,35,2,41,37,76,
41,35,1,38,12,7,46,33,47,37,50,6,55,
18,56,43,39,34,73,

74,63,84,88,98,
39,43,56,67,75,
67,75,
23,5,18,70,56,43,39,34,73,
7,33,47,12,51,37,50,6,55,
1,38,12,41,7,33,47,37,50,6,55,
43,39,40,70,83,5,18,23,34,24,85,
35,12,7,6,2,1,49,
85,24,34,23,18,5,83,70,40,43,39,117,
77,24,34,23,18,5,31,68,52,45,40,105,
50,6,55,69,33,51,62,47,79,
47,37,50,6,55,51,33,69,
86,47,79,94,63,69,33,51,62,6,71,97,
79,47,86,74,63,95,69,33,51,62,71,97,

67,75,39,56,43,82,
86,47,62,50,63,51,33,69,79,71,6,94,
34,68,24,23,18,31,5,53,40,52,45,103,
86,74,63,95,69,33,51,62,84,71,97,
55,1,38,41,12,7,46,33,47,37,108,50,35,6,
86,47,79,94,50,63,69,33,51,62,6,71,97,
67,75,101,
125,
41,35,1,38,12,7,46,33,47,37,50,6,55,
2,76,37,50,1,35,6,38,41,12,7,46,55,49,
18,96,73,99,82,43,56,39,75,67,126,


97,131,86,47,123,94,79,50,63,69,51,33,62,6,71,

74,88,92,98,110,
106,119,85,24,23,18,34,5,83,70,40,43,39,117,
137,138,
6,94,123,50,79,47,86,74,63,124,95,69,51,33,62,71,97,
62,79,69,33,12,51,55,6,50,37,47,122,
24,40,73,34,39,43,56,83,70,18,5,23,114,
110,137,
74,71,6,139,97,131,86,47,123,94,79,50,63,127,69,51,62,33,
92,51,95,62,88,71,84,63,74,33,98,111,

88,92,110,
82,56,43,39,112,75,67,100,113,
110,138,137,143,
74,98,110,92,88,151,
100,113,101,75,67,132,
55,97,131,86,47,94,79,50,121,63,127,69,51,33,62,6,71,
140,150,
95,33,62,51,69,127,63,148,74,139,71,6,97,131,86,47,123,94,79,50,
37,69,121,63,6,55,94,51,33,62,47,86,50,79,

126,67,75,39,56,43,82,34,99,73,96,18,136,
67,18,96,82,43,56,39,34,73,99,
88,92,110,
126,67,75,39,56,43,82,112,99,73,96,18,136,
67,75,101,125,133,
67,101,75,112,39,43,56,82,113,100,152,
18,96,73,99,112,82,43,56,39,75,67,100,126,
110,138,137,143,
100,113,101,75,67,132,125,133,

86,97,71,84,51,95,88,92,63,74,149,62,33,69,98,111,
137,138,
100,136,18,73,99,112,82,43,56,75,96,67,39,126,

100,113,101,75,67,132,125,133,
6,94,123,47,79,51,86,74,63,98,69,95,124,33,62,84,129,71,97,
170,
88,6,94,123,47,79,51,86,74,63,98,69,95,124,33,62,84,129,71,97,
170,
174,

86,97,71,84,51,95,88,92,63,74,149,62,33,69,98,111,
140,160,
51,71,84,110,111,98,92,88,74,63,141,
140,160,
160,
174,
140,160,
169,133,125,132,67,75,101,113,100,175,
170,
147,143,138,110,92,153,88,137,163,
169,133,125,132,67,75,101,165,113,100,175,
141,74,88,33,62,63,92,98,111,110,84,71,95,51,



143,137,172,138,177,170,179,
174,180,
170,190,
Future sets, 

116,35,118,102,135,108,76,134,130,46,107,49,80,90,
90,80,102,107,118,135,49,

57,81,54,58,25,60,65,20,
83,40,114,85,87,31,89,128,142,53,24,93,119,52,104,59,117,146,120,68,105,45,103,106,77,
123,176,178,116,145,46,130,134,50,107,108,49,76,135,37,102,131,118,94,35,122,115,144,159,41,139,148,158,55,121,38,156,127,
115,90,80,35,118,102,135,49,107,108,76,134,130,46,38,116,41,

44,
28,

115,35,118,102,135,49,107,108,76,134,130,46,38,145,116,41,

91,78,60,57,81,54,


30,
173,136,68,85,114,105,120,146,117,34,103,161,167,109,83,93,119,87,70,128,142,164,106,77,104,162,
48,
65,60,

91,78,
83,106,77,119,114,85,40,105,93,89,128,68,120,104,146,117,103,142,87,
93,119,52,104,146,117,120,68,105,103,106,77,142,128,89,87,85,
65,58,

42,

91,78,

59,104,52,87,89,128,103,105,68,120,45,

149,116,115,144,145,86,131,79,108,94,122,121,193,134,47,158,129,124,123,182,176,130,159,127,69,139,178,148,156,97,171,
161,109,93,87,128,70,83,119,142,106,77,162,104,117,146,120,105,114,85,
118,76,102,135,107,108,134,130,46,
91,
145,116,130,134,108,159,107,122,135,115,76,
116,130,134,108,107,135,102,76,
119,142,112,83,126,152,166,73,99,106,164,117,146,114,136,162,173,82,167,109,161,96,
93,89,68,120,105,104,146,117,128,103,142,87,85,119,77,106,
116,130,134,108,107,135,102,76,

119,142,96,161,109,167,82,173,112,73,99,164,126,152,166,56,114,117,146,136,162,

120,105,103,128,89,87,
130,134,108,107,135,102,76,
134,122,121,123,94,108,79,131,115,144,116,145,158,124,176,130,159,156,127,139,178,148,

135,118,107,102,
139,131,148,158,55,135,122,145,116,144,115,159,130,134,121,108,156,127,
122,148,139,69,127,156,159,176,95,124,182,178,149,62,193,184,97,171,145,121,123,94,79,131,115,144,86,158,129,
120,105,103,128,89,87,
128,89,59,
81,57,
145,135,122,159,116,115,156,130,134,121,108,
112,126,152,166,73,99,164,146,114,136,162,173,82,167,109,161,96,
81,

89,


193,97,171,121,123,94,79,131,86,144,145,129,158,182,124,176,159,156,127,139,149,178,148,
159,111,124,182,95,176,178,149,86,144,94,123,131,148,139,193,84,171,97,184,127,156,71,158,129,



162,165,136,132,161,100,152,113,175,173,189,169,167,126,155,192,166,112,164,
120,105,104,128,103,87,
122,97,171,121,123,94,79,131,86,144,145,129,158,182,124,176,159,156,127,139,178,148,
114,106,119,142,117,146,83,
123,131,148,139,193,171,127,156,184,97,158,129,144,149,178,176,95,182,124,

146,114,136,162,173,99,164,167,109,161,96,
154,148,141,149,178,84,171,184,129,158,193,176,111,124,182,95,144,
165,136,132,161,100,152,113,175,173,189,169,167,126,155,192,166,112,164,
135,107,
120,105,104,

145,124,159,156,127,139,178,158,148,131,144,176,94,123,121,


166,152,126,136,162,173,161,167,164,99,
146,117,142,119,106,
178,129,149,182,171,184,193,176,111,
117,142,119,106,
171,159,156,127,139,178,129,158,148,131,144,176,182,124,94,123,

178,191,151,149,182,171,184,154,141,193,163,111,



191,163,151,182,149,171,184,154,193,141,

159,156,127,139,178,158,148,131,144,176,123,
193,158,171,182,149,129,144,178,176,124,
167,161,164,173,162,136,
182,156,129,139,178,171,158,148,131,144,124,176,123,
178,149,182,171,184,154,141,193,176,111,
167,161,164,173,162,136,
175,173,189,169,167,155,192,166,152,
165,155,169,166,192,189,175,132,

128,

120,
142,

130,

168,163,153,151,191,147,184,154,193,141,
193,184,171,182,149,
173,167,164,166,152,
175,189,169,155,192,166,152,
146,


142,119,

142,

159,156,
145,
176,144,148,158,178,139,
178,176,144,
165,192,169,189,175,133,
167,161,164,173,136,
156,158,148,

178,176,

156,148,158,139,
175,189,192,169,155,
175,189,169,192,165,


173,164,161,
172,147,153,191,168,197,143,
172,153,191,168,197,143,
158,148,
188,185,183,157,
193,184,

197,168,191,153,



191,
158,
182,171,
157,
154,
166,
191,






188,186,185,183,


191,

192,



192,189,
199,179,197,190,177,

197,

187,198,180,
192,189,

197,

197,
198,









199,









Past links sets, 




















4,



5,
4,


10,

17,
5,


18,
1,6,7,12,

6,
6,7,12,

5,23,
6,7,12,
27,

9,
31,
35,
33,
19,
1,2,6,7,12,
6,

24,31,
5,
4,14,
50,
43,
54,
25,
31,53,
14,20,

51,


20,25,


24,18,31,40,
33,51,
34,
63,

39,56,


37,38,41,46,
24,34,40,
14,22,29,
47,62,69,
1,2,7,
57,
39,56,
23,39,5,70,
63,74,
24,34,40,
62,63,69,
34,45,52,68,

40,45,52,59,
1,2,7,
14,22,29,36,

24,34,40,
6,79,86,
51,71,74,
73,
62,69,71,

73,82,
67,75,

38,41,46,49,
45,52,68,
68,77,
45,52,68,77,
83,85,
49,76,
37,38,41,46,47,55,
34,73,

84,88,98,
39,56,67,75,
67,75,
23,5,70,73,
7,37,47,12,51,55,
1,37,38,41,47,55,
43,83,85,
35,49,
117,
105,
55,79,
37,47,55,69,
94,97,
79,86,95,97,

67,75,82,
50,71,94,
34,53,103,
86,95,84,97,
108,
50,94,97,
67,75,101,
125,
37,38,41,46,47,55,
49,55,76,
18,96,99,126,


123,131,

74,88,92,98,110,
106,119,
137,138,
50,123,124,
12,79,122,
24,40,83,114,
110,137,
127,74,139,
62,92,95,33,111,

88,92,110,
82,112,100,113,
110,143,
74,98,151,
100,113,132,
121,127,131,
140,150,
95,148,
37,94,121,

34,136,
67,96,34,99,
88,92,110,
112,136,
67,75,101,133,
101,152,
18,96,99,112,100,126,
110,143,
100,113,132,133,

86,97,149,
137,138,
100,112,136,

100,113,132,133,
123,98,124,129,
170,
88,123,98,124,129,
170,
174,

86,97,149,
140,160,
51,71,111,141,
140,160,
160,
174,
140,160,
169,175,
170,
147,153,163,
165,169,175,
62,95,33,111,141,



143,172,177,179,
180,
190,
Future links sets, 

116,90,80,49,35,
90,80,49,

54,25,20,
114,53,40,83,31,24,
94,49,41,38,50,37,35,
115,49,80,41,90,38,35,

44,
28,

115,49,145,41,38,35,

91,78,60,54,


30,
167,136,68,34,
48,
65,60,

91,78,
114,83,40,
93,85,77,146,68,52,
65,58,

42,

91,78,

68,59,52,45,

193,149,69,47,
162,128,93,87,85,77,161,109,70,
118,46,
91,
159,122,116,134,108,115,76,
116,134,108,102,76,
83,82,112,73,
93,89,85,77,146,68,
116,134,108,102,76,

117,56,

105,103,89,87,
134,108,102,76,
122,116,115,134,108,79,

135,118,107,102,
144,131,127,55,
184,115,95,69,62,
105,103,89,87,
128,59,
57,
135,122,116,115,134,121,108,
82,112,73,
81,

89,


193,149,97,86,79,
86,84,71,



162,132,112,165,126,113,100,
105,104,103,87,
122,97,86,79,
114,83,
184,127,97,95,

114,99,109,96,
148,154,141,95,84,
132,112,165,126,113,100,
135,107,
105,104,

145,124,121,94,


152,126,99,
146,117,106,
129,111,
117,106,
182,171,129,124,94,

178,151,141,163,111,



163,151,149,141,

159,131,127,123,
193,158,149,129,124,
167,162,136,
182,171,131,129,124,123,
178,154,141,176,111,
167,162,136,
175,173,169,167,155,152,
166,165,132,

128,

120,
142,

130,

168,163,153,151,147,141,
193,184,149,
173,167,164,152,
175,169,155,152,
146,


119,

142,

159,156,
145,
176,144,178,139,
178,176,144,
133,
167,136,
156,148,

178,176,

156,139,
175,169,155,
175,169,165,


173,164,161,
172,147,143,
172,143,
148,
188,185,183,157,
193,184,

197,168,153,



191,
158,
182,171,
157,
154,
166,
191,






188,186,185,183,


191,

192,



192,189,
179,190,177,

197,

187,180,
192,189,

197,

197,
198,









199,









Coordinates
-3.48526,-0.354736
-3.46692,-0.869815
-3.45745,-0.818416
-3.44982,-0.0807805
-3.44929,0.58778
-3.44141,0.913264
-3.43438,-0.996624
-3.42232,-0.885401
-3.41683,0.13832
-3.39657,-0.46859
-3.38377,-0.229064
-3.37368,0.255514
-3.36598,-0.8701
-3.34402,0.180349
-3.34163,0.597636
-3.32998,0.202629
-3.30448,-0.232295
-3.29533,0.343947
-3.29212,0.949374
-3.28779,-0.283796
-3.2565,0.435977
-3.24184,-0.280479
-3.23793,0.58036
-3.23743,0.838366
-3.2311,0.798941
-3.2294,0.371143
-3.20427,0.178394
-3.19596,0.151955
-3.18554,-0.0373126
-3.18497,0.516574
-3.1818,0.254112
-3.17968,0.713862
-3.17581,-0.324385
-3.17557,-0.971664
-3.16757,0.867464
-3.16223,-0.736366
-3.15366,0.582728
-3.1384,-0.789628
-3.12794,-0.738255
-3.11583,0.956789
-3.1128,0.746891
-3.10671,-0.741806
-3.0977,0.0609446
-3.09007,0.958315
-3.083,-0.219423
-3.07719,0.638432
-3.0661,-0.675637
-3.06246,-0.872899
-3.05944,-0.0837295
-3.05769,-0.626161
-3.03816,-0.814474
-3.01903,-0.966211
-3.0174,0.611941
-3.01509,0.54488
-3.01309,0.301521
-2.97081,-0.752169
-2.94682,0.905327
-2.93881,0.235547
-2.92196,0.0709901
-2.92003,0.474306
-2.91828,0.17446
-2.91646,0.0420137
-2.90592,-0.880403
-2.90424,-0.952156
-2.8741,-0.181745
-2.86893,0.0749162
-2.86456,-0.0993324
-2.85675,0.979121
-2.85477,0.541267
-2.8446,-0.81828
-2.84361,0.669917
-2.82026,-0.902156
-2.81303,-0.0802935
-2.77552,0.751474
-2.76353,-0.911619
-2.7614,0.947171
-2.75567,-0.484832
-2.74702,0.490311
-2.738,0.0974911
-2.73452,-0.727548
-2.73163,-0.22737
-2.73042,0.0347059
-2.71812,0.784054
-2.70488,0.559377
-2.70201,-0.87584
-2.69907,0.518238
-2.69454,-0.746119
-2.66231,0.376554
-2.65959,-0.949776
-2.65857,0.294736
-2.64117,-0.119092
-2.61478,0.0756089
-2.61083,-0.935505
-2.5986,0.397848
-2.59642,-0.648008
-2.5956,-0.751342
-2.59336,0.652499
-2.59248,-0.699782
-2.59222,-0.849477
-2.5807,0.654884
-2.58063,0.848466
-2.54975,0.909754
-2.5269,-0.168553
-2.52196,0.217306
-2.50709,0.303358
-2.49342,0.268069
-2.49083,0.348754
-2.49059,-0.223174
-2.48794,-0.308012
-2.47759,0.47919
-2.47434,-0.923651
-2.46617,-0.768846
-2.46049,0.678352
-2.4536,0.801269
-2.42404,0.406829
-2.42337,-0.373878
-2.41988,-0.307011
-2.41953,0.302997
-2.41286,-0.00507556
-2.41035,0.295181
-2.4091,0.1926
-2.40723,-0.436409
-2.40267,-0.376779
-2.3935,-0.524141
-2.3725,-0.529556
-2.36559,0.905856
-2.36446,0.556111
-2.36064,-0.442756
-2.35562,0.0647971
-2.35247,-0.555016
-2.30809,-0.164336
-2.30666,-0.421497
-2.27877,0.733479
-2.26483,0.805412
-2.26301,-0.137247
-2.25039,-0.0391605
-2.24009,0.437632
-2.21891,-0.847106
-2.20874,-0.864265
-2.19441,-0.333037
-2.18591,0.952594
-2.15447,-0.639543
-2.15343,0.0496456
-2.14686,-0.810871
-2.14162,-0.314048
-2.12355,-0.14995
-2.10813,0.106469
-2.09807,-0.737656
-2.06717,-0.221671
-2.05833,-0.444037
-2.04552,0.790058
-2.0289,-0.590869
-2.01664,0.372853
-2.00046,-0.716672
-1.9909,-0.553935
-1.98406,0.475444
-1.98049,-0.110541
-1.97947,0.755223
-1.97857,-0.134984
-1.96602,-0.0413055
-1.96008,0.920889
-1.95068,0.151707
-1.9489,0.103608
-1.94384,-0.564406
-1.94295,0.186057
-1.87809,0.533536
-1.8687,0.231581
-1.86794,0.178714
-1.85136,-0.654772
-1.84406,0.445092
-1.84176,-0.779506
-1.84033,-0.231962
-1.82106,-0.665743
-1.80362,0.0908144
-1.7806,-0.970275
-1.7699,0.403325
-1.76274,-0.0484933
-1.74653,-0.698311
-1.7386,-0.0359047
-1.72694,-0.669024
-1.71206,-0.936731
-1.69788,0.834588
-1.69548,-0.114701
-1.68015,0.711001
-1.6599,-0.213599
-1.63116,0.693953
-1.62761,0.745974
-1.61626,-0.822005
-1.61189,0.702235
-1.60186,0.24277
-1.60111,-0.661856
-1.59405,-0.327071
-1.58692,0.258921
-1.58503,-0.0927009
-1.57852,0.839801
-1.56966,-0.735997
-1.55396,-0.673043
-1.54292,-0.506181
-1.52163,-0.805151
-1.51769,-0.612687
r_S,2
Lambda0,3,
Lambda1,8,
Lambda2,11,
Lambda3,13,
Lambda4,15,
Lambda5,16,
Lambda6,21,
Lambda7,26,
Lambda8,28,
Lambda9,30,
Lambda10,32,
Lambda11,42,
Lambda12,44,
Lambda13,48,
Lambda14,58,
Lambda15,60,
Lambda16,61,
Lambda17,64,
Lambda18,65,
Lambda19,66,
Lambda20,72,
Lambda21,78,
Lambda22,80,
Lambda23,81,
Lambda24,87,
Lambda25,89,
Lambda26,90,
Lambda27,91,
Lambda28,93,
Lambda29,102,
Lambda30,104,
Lambda31,107,
Lambda32,109,
Lambda33,115,
Lambda34,116,
Lambda35,118,
Lambda36,120,
Lambda37,128,
Lambda38,130,
Lambda39,134,
Lambda40,135,
Lambda41,142,
Lambda42,144,
Lambda43,145,
Lambda44,146,
Lambda45,154,
Lambda46,155,
Lambda47,156,
Lambda48,157,
Lambda49,158,
Lambda50,159,
Lambda51,161,
Lambda52,162,
Lambda53,164,
Lambda54,166,
Lambda55,167,
Lambda56,168,
Lambda57,171,
Lambda58,173,
Lambda59,176,
Lambda60,178,
Lambda61,181,
Lambda62,182,
Lambda63,183,
Lambda64,184,
Lambda65,185,
Lambda66,186,
Lambda67,187,
Lambda68,188,
Lambda69,189,
Lambda70,191,
Lambda71,192,
Lambda72,193,
Lambda73,194,
Lambda74,195,
Lambda75,196,
Lambda76,197,
Lambda77,198,
Lambda78,199,