Storage option,sets
Size,250
Dimension,2
Shape,cube
Spacetime,BlackHole
Past sets, 








4,













2,
7,

15,
10,15,
16,
6,
1,5,4,8,


2,15,17,
15,10,26,

3,

6,28,
1,4,8,
6,
3,
5,
21,
1,4,8,
1,

38,8,1,4,43,
20,
2,12,
20,
12,2,22,
1,5,4,8,
17,25,2,15,10,26,

22,25,10,26,17,15,2,32,
6,

28,6,37,
17,25,26,10,2,15,33,
2,12,
1,44,
20,
5,43,4,1,8,38,46,
4,1,44,
26,10,15,33,
45,
12,20,61,
22,33,54,15,2,10,52,26,25,17,32,58,
44,53,1,60,
44,1,60,
10,
16,20,47,
5,29,43,4,1,8,38,46,
5,
16,47,49,20,61,
8,38,44,1,4,63,
17,25,26,10,2,15,33,
41,8,4,5,1,51,
3,34,56,
33,32,17,52,26,10,25,22,2,15,54,
5,73,
29,41,46,8,43,4,5,1,38,51,
33,15,10,26,25,64,
1,4,8,5,41,
5,29,43,4,1,8,38,46,
4,5,41,
2,12,20,
10,26,17,32,48,22,15,2,25,12,50,
29,41,8,4,5,1,51,
34,36,45,
29,1,5,4,8,41,51,77,
58,79,33,32,17,52,26,10,22,2,15,25,54,67,
51,38,8,1,4,43,29,5,46,72,
72,46,38,8,1,4,43,29,5,84,
10,
51,1,5,4,8,41,29,88,
54,15,2,22,25,10,26,52,17,58,32,33,79,
33,50,32,17,52,26,10,12,25,22,2,15,54,
73,5,80,
45,44,53,1,60,
8,73,41,5,4,85,
4,73,5,41,80,
10,
1,4,8,5,41,
62,72,46,38,8,1,4,43,29,5,84,
80,5,73,98,
10,102,
98,80,41,5,73,4,101,
85,41,83,5,8,4,1,103,
4,101,98,73,5,41,80,105,
34,36,44,1,53,45,65,
62,46,38,8,1,4,43,29,44,5,84,
20,12,2,86,
17,32,48,22,15,2,12,50,
70,10,94,
67,52,26,58,32,79,91,33,17,10,22,2,15,54,25,
10,
41,72,46,5,81,29,43,4,8,38,51,1,92,
29,46,63,43,4,1,5,44,38,60,8,62,75,
29,46,38,8,62,5,44,1,43,4,63,
10,116,
41,93,46,38,51,8,1,4,72,43,29,92,5,84,
38,43,4,51,90,77,5,95,8,41,29,81,1,88,46,
41,8,4,83,5,1,29,77,51,90,
64,58,76,17,26,52,10,2,15,67,25,54,33,22,32,
10,26,17,32,48,22,15,2,25,12,50,
88,29,41,8,83,5,1,77,90,51,4,95,
29,43,46,75,8,60,38,44,1,53,62,4,69,5,63,68,
70,76,64,25,26,10,2,15,33,17,82,
17,32,48,22,50,12,15,2,59,
81,84,62,4,41,93,104,46,43,72,38,51,8,1,5,121,92,29,
4,101,98,73,5,41,80,105,
12,25,54,15,115,96,67,2,52,26,58,32,50,79,91,33,17,10,22,
70,76,64,25,26,2,15,33,17,82,10,94,
58,82,17,33,15,2,10,26,25,64,70,76,128,
17,32,48,22,50,12,15,2,59,
26,33,102,15,106,94,70,10,114,
85,100,5,4,101,98,73,8,41,109,80,105,1,107,103,
51,93,111,38,8,1,62,4,72,43,29,44,5,84,46,104,
94,128,70,76,64,25,26,2,15,33,133,17,82,10,
85,105,4,101,98,131,73,8,5,41,109,80,107,100,
81,77,90,4,72,43,51,38,92,5,95,8,41,29,1,88,46,
17,32,48,22,50,12,15,2,59,
46,81,43,38,122,123,126,29,41,83,5,88,1,77,90,51,4,8,95,
102,106,116,10,94,120,
64,116,114,10,70,120,94,106,15,102,33,26,136,
73,5,80,
100,107,103,1,5,83,4,108,101,98,85,73,8,41,109,80,105,
64,25,26,33,17,82,102,15,106,94,70,10,114,
17,136,26,33,102,15,106,94,70,10,114,82,25,64,
58,32,52,82,17,33,15,2,67,10,26,54,25,64,76,70,22,
46,81,72,43,38,122,126,29,41,83,5,88,1,77,90,51,4,8,95,
84,93,41,46,92,5,81,29,72,43,4,95,8,38,51,88,117,1,
98,80,5,73,146,
44,29,92,121,5,117,1,8,81,84,62,4,41,93,104,46,130,43,72,38,51,
1,117,88,51,38,152,84,93,41,46,92,5,81,29,72,43,4,8,95,
77,100,107,103,1,5,83,4,108,101,98,85,73,8,41,51,109,80,105,
104,46,84,92,5,8,138,51,38,93,111,1,62,4,72,43,29,44,
70,82,32,22,33,124,64,58,76,17,26,52,10,2,15,67,25,54,
17,25,82,136,106,64,145,116,114,10,70,94,15,102,120,33,26,
43,73,103,85,108,123,126,29,41,83,5,88,1,77,90,51,4,8,95,
52,32,22,94,82,133,17,58,33,15,2,10,26,54,25,64,128,70,134,76,

43,38,46,73,103,85,108,123,126,29,41,83,5,88,1,77,90,51,4,8,95,
105,80,109,41,8,147,4,137,108,100,107,103,1,5,83,101,98,85,73,
48,87,58,67,96,32,91,33,79,50,17,52,26,97,10,12,54,25,22,2,15,
116,145,148,64,25,136,17,82,26,120,149,33,102,15,106,94,70,10,114,
17,25,82,136,106,64,145,116,114,10,70,94,15,102,120,33,26,
48,22,97,10,17,33,91,79,50,132,15,2,12,54,25,115,67,96,52,26,58,32,
83,103,1,108,137,100,107,140,101,85,98,105,4,131,73,8,5,41,109,80,
1,103,100,107,140,101,85,98,105,4,131,73,8,5,41,109,80,
29,105,80,109,51,41,8,73,77,103,100,107,1,5,83,4,108,101,156,98,85,
22,32,106,114,58,10,82,52,139,94,134,76,128,70,64,25,26,2,102,15,33,133,17,
29,77,100,107,103,1,5,83,4,108,101,98,85,73,8,41,51,109,80,105,
25,82,144,136,106,64,145,116,114,10,70,94,15,102,120,33,26,
94,22,128,70,134,76,64,150,33,58,32,52,26,82,133,17,15,2,67,25,54,10,
17,167,26,33,120,102,15,70,25,64,82,144,136,106,174,116,145,114,10,94,

44,29,92,121,5,88,117,1,95,8,81,84,62,4,41,93,104,46,130,43,72,38,51,
159,17,167,26,149,33,120,102,15,70,25,64,82,144,136,106,174,116,145,114,10,94,
70,120,94,10,116,106,102,144,
122,46,117,88,1,29,41,141,81,77,90,51,38,4,43,72,92,5,95,8,
81,100,95,8,4,80,51,90,77,1,88,5,163,46,85,101,43,108,38,103,160,73,123,126,29,41,83,
70,82,79,32,22,91,33,124,64,58,76,17,26,52,10,2,15,67,25,54,
25,144,136,106,64,145,116,114,10,70,94,15,102,120,33,26,
100,101,73,98,107,103,123,41,8,4,108,83,5,88,1,29,77,80,51,90,85,
2,134,76,139,159,114,10,128,70,94,106,15,102,166,64,25,58,116,145,148,136,133,17,82,26,149,120,33,
140,131,73,85,156,98,101,83,5,1,77,164,8,105,41,51,80,109,147,4,108,137,100,107,103,
144,106,116,114,10,94,120,70,102,180,
12,50,79,115,32,22,91,33,124,64,58,76,17,26,52,10,2,15,96,67,25,54,
105,126,85,90,51,80,77,29,1,88,5,107,100,43,101,160,73,95,8,185,98,103,123,41,4,108,83,
123,143,95,8,4,51,90,77,46,81,29,72,43,38,151,122,83,92,5,126,41,1,88,
82,167,17,176,26,33,120,106,102,15,25,64,174,145,116,144,136,114,184,10,70,94,
70,120,94,10,116,106,102,144,
105,146,73,5,80,98,153,162,
80,109,41,5,153,8,170,146,1,105,103,100,107,140,101,85,98,4,131,73,
159,94,70,10,184,114,136,144,116,145,174,192,82,17,167,176,26,33,120,106,102,15,25,64,
123,143,95,8,4,51,90,77,46,81,29,72,43,38,151,122,141,83,92,5,126,41,1,88,
144,106,116,10,94,120,70,102,180,
67,161,17,133,33,15,102,2,26,54,25,64,70,128,94,22,148,32,58,106,172,114,10,82,139,52,134,76,
137,108,80,109,41,5,153,8,83,170,146,1,105,103,100,107,169,140,101,85,98,4,131,73,
10,177,
64,25,15,102,106,120,33,26,176,17,82,167,196,144,159,94,70,114,192,10,184,136,174,145,116,
147,137,108,80,109,41,5,153,8,83,170,146,1,105,103,100,107,169,140,101,85,98,4,131,73,
147,164,137,108,80,109,41,5,8,83,170,1,105,103,100,107,169,140,101,85,98,4,131,73,
26,198,94,33,120,144,116,10,114,70,15,102,180,106,193,188,
76,148,166,2,176,94,10,114,145,116,174,106,136,144,82,179,159,133,17,167,26,120,149,33,102,15,70,25,64,
100,122,81,95,8,4,80,51,90,77,1,88,5,163,46,143,85,43,108,38,103,160,73,123,126,29,41,83,
188,193,106,180,205,10,114,26,198,94,120,33,144,116,70,15,102,
102,106,116,10,94,120,177,
115,54,25,15,2,10,52,26,96,67,183,79,70,82,17,32,58,22,91,33,124,64,76,
116,136,149,64,25,26,33,15,133,102,161,2,67,70,94,199,22,148,150,32,58,106,54,172,114,128,10,82,139,52,134,17,76,
73,131,4,98,85,101,140,169,107,100,103,105,147,164,153,8,108,137,41,51,80,109,5,83,170,146,204,1,
162,
81,163,38,156,171,109,1,107,147,88,29,80,51,77,90,85,46,105,190,103,43,101,160,73,95,126,8,185,98,5,123,100,41,4,108,83,173,
159,149,134,52,139,82,114,54,172,106,58,116,145,32,148,22,94,10,128,70,64,25,26,120,2,161,102,33,15,133,76,17,166,136,
1,204,170,83,5,109,80,137,108,8,77,29,147,164,105,103,41,100,187,107,51,169,140,101,85,98,156,4,131,73,
52,32,22,172,174,167,70,186,128,10,114,94,159,139,134,102,106,166,64,25,176,58,116,145,148,136,15,133,76,17,82,144,26,149,179,2,120,33,
116,177,10,201,
90,77,156,98,85,73,131,1,101,140,5,83,187,8,164,105,100,41,169,51,80,109,4,108,137,107,103,173,147,29,171,
137,156,171,109,1,107,147,88,29,80,51,77,90,85,105,190,103,43,101,160,73,95,126,8,185,98,5,123,100,41,4,108,83,173,
107,194,105,146,131,73,5,109,80,41,98,153,101,162,4,
186,67,211,136,166,17,76,133,15,116,58,145,106,25,114,54,172,139,52,82,134,149,33,159,215,70,150,32,148,199,22,94,128,10,64,26,120,2,161,102,
102,120,201,177,116,10,218,
162,213,
146,1,170,83,153,8,5,109,80,137,108,195,147,105,162,103,41,100,107,194,169,140,101,203,85,98,4,131,73,200,
159,145,166,76,17,134,52,139,161,102,120,2,33,149,26,136,25,64,175,116,58,15,133,211,67,70,94,199,22,148,32,150,106,54,172,114,128,10,82,
22,32,52,139,134,186,184,196,64,116,145,174,94,58,176,106,114,128,10,166,148,206,136,82,159,76,17,167,144,26,2,179,120,149,33,102,192,133,15,70,25,
90,77,156,98,85,73,131,1,101,140,123,5,83,187,8,164,105,100,41,51,80,109,4,108,137,107,103,173,147,29,171,
139,134,186,180,184,196,64,116,145,174,94,58,176,106,114,128,10,166,148,206,136,82,159,76,17,167,144,26,2,179,120,149,33,102,192,133,15,188,70,202,25,
200,146,153,212,73,131,77,108,137,80,109,5,83,170,204,1,8,187,29,147,164,105,103,100,41,107,51,169,140,101,203,85,216,98,156,4,
171,146,153,212,73,131,77,108,137,80,109,5,83,170,204,1,8,187,29,147,164,105,103,100,41,107,51,169,140,101,203,85,216,98,156,4,
33,120,2,179,149,26,144,82,17,76,114,54,172,186,10,128,70,167,22,174,116,145,94,32,148,52,139,217,159,134,161,102,106,166,64,25,58,176,136,15,133,
156,187,77,195,200,103,107,140,101,203,85,98,131,73,4,29,147,105,164,212,153,8,108,137,100,41,169,51,80,109,5,83,170,146,204,1,
156,187,77,195,200,103,107,140,101,203,85,98,131,73,4,29,147,105,164,212,153,8,108,137,100,41,169,51,80,109,5,83,170,146,204,1,
148,166,177,145,174,136,33,2,179,120,94,198,82,114,10,184,205,176,106,193,180,64,159,149,208,26,144,116,188,70,102,202,25,76,17,167,196,15,192,
144,102,209,180,193,106,116,10,94,120,198,177,201,70,
100,41,107,194,105,1,146,131,73,5,109,80,98,85,8,153,140,101,162,4,
85,100,213,4,162,101,146,107,194,221,105,131,73,5,109,80,41,98,8,153,
162,73,131,4,98,85,101,140,194,107,195,41,80,109,5,153,8,170,105,1,146,103,100,
100,85,140,213,4,162,101,1,146,107,194,221,105,131,73,5,109,80,41,98,8,153,
100,103,146,1,105,170,8,153,5,109,80,239,162,73,131,4,98,85,101,140,194,107,137,195,41,
100,85,140,213,4,162,101,146,107,194,221,105,131,73,5,109,80,41,98,8,153,
162,73,131,4,98,85,101,140,169,194,107,100,103,105,200,5,195,137,108,109,80,41,153,8,83,170,1,146,
153,8,98,41,80,109,5,73,131,100,85,140,101,242,213,4,162,146,107,194,221,105,
153,8,98,41,80,109,5,238,4,85,100,213,162,101,146,107,194,221,105,73,131,

170,171,29,147,83,5,140,1,131,73,85,98,156,77,90,101,219,103,187,8,164,105,100,41,169,51,80,109,4,108,137,107,173,
200,73,195,137,108,80,109,8,153,5,83,170,1,146,147,164,105,162,103,41,100,225,107,194,169,140,101,203,85,98,4,131,
204,200,73,195,137,108,80,109,8,153,5,83,170,1,146,147,164,105,162,103,41,100,225,107,194,51,169,140,101,203,85,98,4,131,
Future sets, 

240,241,137,239,200,147,225,108,164,203,243,169,83,204,77,212,237,110,195,68,249,122,181,151,152,81,157,216,248,121,62,163,207,51,178,119,187,60,156,29,88,247,233,90,191,93,220,170,43,104,231,127,103,230,234,118,228,197,138,63,190,72,130,141,95,154,117,155,214,126,185,123,182,143,84,111,92,219,160,38,75,173,46,171,44,99,69,
112,86,128,139,133,206,59,134,186,235,58,229,52,48,32,91,150,175,210,115,125,67,96,124,183,129,142,232,87,222,76,135,226,158,217,165,113,172,54,22,199,132,161,189,168,227,50,79,97,215,211,
78,40,35,
221,131,109,77,204,85,212,46,173,75,38,160,219,92,111,238,84,143,182,123,185,126,214,155,117,244,154,95,141,130,249,122,62,239,121,248,157,216,81,140,151,83,243,203,164,242,152,181,240,200,237,119,8,108,195,137,241,169,101,228,178,51,187,100,147,88,225,163,207,29,156,247,233,90,191,93,220,43,170,104,231,127,103,230,171,107,234,245,118,197,138,63,190,72,
153,194,105,146,62,170,242,239,204,77,147,98,225,212,85,108,164,203,243,83,237,140,240,73,200,169,187,249,122,181,151,152,81,157,216,248,121,163,80,207,51,178,119,156,29,88,247,233,90,191,93,220,173,104,231,127,103,230,171,107,234,245,118,101,228,197,138,190,72,131,130,141,95,154,244,117,155,214,126,185,123,182,241,143,84,238,111,92,219,160,41,100,221,109,195,137,
55,39,37,57,28,
23,
239,237,240,242,195,137,241,140,100,200,147,225,108,164,203,243,169,83,187,181,151,152,81,157,216,248,121,62,163,207,119,156,29,88,247,233,90,191,93,220,170,43,104,231,127,103,230,171,234,245,118,228,178,51,197,138,190,72,122,249,130,141,95,154,244,117,155,214,126,185,123,182,143,84,238,111,92,219,160,38,75,173,46,212,204,77,

201,120,116,106,144,94,114,188,193,198,180,236,70,172,76,176,235,58,148,232,161,132,217,158,199,175,150,218,91,26,64,189,124,183,227,168,226,167,165,222,223,96,67,133,192,134,206,79,166,208,149,210,33,136,87,205,139,128,186,159,209,82,202,196,145,115,174,125,184,215,97,179,52,102,229,211,54,

112,86,66,59,165,87,48,135,168,113,142,129,125,50,189,132,97,


113,135,129,142,145,205,176,58,235,132,161,133,192,134,76,139,25,202,184,125,232,174,115,87,196,166,149,208,79,206,148,32,159,82,186,128,211,215,97,229,179,52,167,226,227,168,210,33,217,158,199,172,54,175,150,91,96,67,124,183,222,165,189,26,64,136,
74,71,27,
196,202,159,179,149,166,148,128,139,192,133,206,134,186,176,235,58,229,52,113,54,172,189,87,232,115,79,211,217,158,129,132,161,142,215,97,210,199,175,32,150,91,96,67,124,183,125,222,76,135,165,167,226,168,227,


66,49,71,61,74,112,86,47,
42,
226,222,87,232,165,142,129,217,158,125,96,67,172,113,54,199,132,161,135,189,227,168,50,79,97,215,211,183,124,115,210,175,150,91,


184,125,87,196,202,179,149,166,148,159,82,128,139,192,133,206,76,134,186,161,132,79,174,115,232,176,235,58,211,215,97,229,52,167,226,227,168,210,217,158,199,172,54,175,150,91,96,67,124,183,222,165,189,
64,189,168,227,226,167,165,222,183,124,67,96,91,150,175,199,158,217,132,161,58,235,176,232,148,206,179,76,133,192,134,79,166,208,149,210,33,136,87,205,139,128,186,159,82,202,196,145,115,174,125,184,215,97,52,229,211,54,172,

57,37,
234,233,173,231,230,171,127,118,228,247,90,220,119,178,207,191,163,104,121,216,157,81,152,93,92,151,181,122,197,138,190,72,130,141,95,154,117,88,155,214,126,185,123,182,143,84,111,219,160,


142,161,132,211,79,115,232,87,97,215,217,158,129,210,199,175,150,91,96,67,124,183,125,222,135,165,226,227,168,189,172,54,113,
205,136,79,76,179,208,149,166,148,206,133,192,139,128,159,82,202,196,145,184,229,134,186,97,215,211,172,174,115,232,176,235,58,161,132,210,217,158,199,175,150,91,96,67,124,183,222,165,167,226,227,168,189,64,
110,89,78,

110,89,
57,
75,143,84,182,207,119,178,154,118,157,191,46,130,72,111,104,163,127,138,197,81,151,92,62,121,214,155,93,152,122,181,141,117,


221,131,109,95,88,195,137,241,100,245,238,233,107,234,187,216,163,101,228,169,141,200,126,185,156,214,155,182,123,181,240,207,90,231,173,197,151,190,122,249,219,160,247,143,220,191,103,230,171,81,140,244,117,130,121,248,154,178,237,152,83,243,203,164,108,85,212,225,147,77,204,239,242,170,

220,160,143,84,182,207,119,178,154,118,157,191,46,130,190,72,111,104,163,127,138,197,81,151,92,62,121,214,155,93,152,122,181,141,117,
178,154,138,60,118,99,157,69,127,75,68,63,119,110,111,
99,89,110,65,
163,104,191,130,72,157,118,154,207,111,178,119,127,138,197,81,151,92,62,121,214,155,93,152,122,181,141,117,182,84,143,
74,71,
135,168,142,129,125,113,165,87,
74,
189,135,132,125,142,129,168,97,113,165,87,
212,121,88,152,178,95,154,130,117,81,171,230,191,220,143,247,160,219,249,190,92,151,138,197,173,231,90,207,77,122,181,123,182,155,214,156,185,126,141,228,163,157,216,187,234,233,
227,217,172,215,232,97,79,211,124,115,150,161,132,210,158,199,175,91,96,67,183,222,165,226,168,189,
110,99,127,68,
215,232,97,79,211,124,115,150,161,132,210,158,199,175,91,96,67,183,222,165,226,168,189,

78,

232,172,215,186,217,227,229,134,211,124,115,150,161,132,210,158,199,175,91,96,67,183,222,165,226,168,189,
135,142,129,
118,99,69,127,68,
74,66,
127,119,111,178,154,138,118,157,130,104,
119,118,127,75,
184,145,189,167,226,196,202,158,217,227,82,175,159,172,211,128,215,186,174,232,222,124,183,210,229,199,134,161,139,192,133,206,148,235,176,166,149,179,150,
110,

199,175,91,183,222,165,132,210,158,226,168,189,150,115,124,211,
127,
127,
210,183,236,180,150,198,139,175,193,134,161,128,172,199,148,206,235,176,205,222,196,188,159,158,217,211,184,227,136,202,133,192,166,179,208,149,167,226,215,186,145,174,114,232,229,

138,151,93,157,197,92,121,104,191,178,155,152,181,141,154,130,117,
163,100,237,242,244,185,233,204,170,228,169,140,147,234,109,225,107,98,216,247,137,195,160,219,101,248,214,156,243,245,187,231,173,238,146,207,80,190,131,249,220,221,105,164,194,239,200,240,182,241,153,212,203,171,230,

127,118,
150,235,206,133,226,139,232,172,222,211,124,189,183,210,158,215,186,128,161,134,199,229,227,175,217,
173,197,190,151,219,160,247,191,220,207,90,143,122,181,182,123,214,126,185,156,141,228,163,216,187,234,233,231,230,171,

96,115,189,168,210,132,165,183,91,
207,146,238,231,173,187,245,243,156,214,131,190,249,220,221,105,164,194,239,200,182,241,212,153,240,203,171,230,248,101,219,195,137,247,216,98,107,225,109,234,147,140,169,228,170,204,233,185,244,242,237,
214,182,141,117,143,130,154,155,207,178,181,152,191,122,151,197,
210,183,174,215,186,128,211,172,222,159,175,227,229,199,134,161,232,139,192,133,206,148,176,235,166,149,179,150,217,158,202,196,226,167,
151,143,197,191,169,228,163,214,126,185,156,243,187,216,220,203,164,249,190,248,231,173,108,212,225,147,234,247,219,160,204,233,230,171,200,207,123,182,
111,121,154,178,152,104,130,138,157,155,93,
163,108,239,237,240,242,244,185,233,204,228,169,234,247,160,219,140,220,249,190,248,170,214,156,243,207,147,173,231,238,245,100,187,216,200,212,241,182,225,164,203,137,195,171,230,
112,
165,
160,185,214,163,143,220,191,141,95,182,122,151,190,155,126,181,152,207,178,197,

126,182,247,160,122,151,219,190,220,191,197,207,143,181,123,214,185,141,228,163,
183,165,132,210,168,189,115,
157,197,121,191,152,178,155,181,141,154,130,117,
155,157,138,130,152,178,154,121,
209,180,236,193,144,161,198,139,175,172,199,148,206,235,176,205,222,196,188,159,217,211,184,227,136,202,133,192,166,179,208,149,167,226,215,186,145,174,114,232,229,
141,182,122,151,190,155,126,197,152,181,178,207,191,220,143,163,214,160,
189,165,168,210,132,
168,165,
247,219,248,230,171,195,137,203,241,153,212,200,107,225,109,234,147,140,169,228,170,204,233,185,244,242,240,237,239,194,164,105,221,220,249,190,131,214,156,243,245,187,216,173,231,238,

245,238,207,173,156,214,147,170,190,249,220,140,187,216,200,243,212,182,241,225,164,203,137,195,231,171,230,248,219,247,234,169,228,204,233,185,244,242,240,237,239,
109,239,237,240,242,244,185,233,204,228,169,234,247,140,220,131,249,190,248,219,170,214,156,243,221,245,187,216,147,173,231,238,200,212,182,241,107,225,164,203,137,195,171,230,
223,229,232,174,145,186,215,226,167,217,188,159,206,148,180,209,205,235,176,199,172,196,184,106,222,193,211,227,198,236,136,202,144,192,166,179,149,208,
239,195,170,137,169,228,163,214,185,156,243,187,216,220,203,164,249,190,248,231,173,108,212,225,147,234,247,219,160,204,233,230,171,200,207,241,182,
157,138,154,178,130,
194,239,237,240,242,244,233,204,228,169,234,140,220,190,131,249,170,214,156,243,221,245,187,216,147,173,231,238,109,225,200,212,241,164,203,137,195,171,230,248,219,247,
209,172,199,148,205,188,180,184,217,159,196,206,176,235,222,193,211,227,198,236,136,202,144,192,166,179,149,208,167,226,215,186,145,174,232,229,
238,245,221,173,156,214,147,170,190,249,220,140,187,216,200,243,212,241,225,164,203,137,195,231,171,230,248,219,247,234,169,228,204,233,185,244,242,240,237,239,
185,173,248,231,190,249,220,187,216,164,203,214,156,243,212,225,147,234,247,219,160,204,233,230,171,200,207,182,163,228,169,
238,245,221,173,156,214,147,170,249,220,140,187,216,200,243,212,241,225,164,203,137,195,231,171,230,248,219,247,234,169,228,204,233,244,242,240,237,239,

157,138,


205,184,217,159,188,196,206,176,235,148,222,211,227,136,202,192,166,179,149,208,167,226,215,186,145,174,232,229,199,172,
189,168,210,132,
211,186,215,193,222,206,208,192,229,227,198,209,180,184,236,179,120,223,196,226,167,144,202,174,232,145,188,217,218,159,205,235,176,166,
154,181,155,178,152,


223,209,227,198,229,192,179,208,236,184,206,193,222,196,144,202,174,232,145,180,188,217,159,205,235,176,166,167,226,215,186,
154,178,130,
151,191,197,181,207,143,
185,228,163,190,214,160,191,197,220,207,182,143,
189,183,210,158,

163,214,160,190,151,191,197,220,207,182,143,

161,134,199,229,227,175,217,222,172,211,186,215,232,139,226,

178,154,
238,170,195,187,216,245,239,237,240,203,242,231,244,140,228,169,247,234,200,243,230,204,233,219,248,249,225,241,212,221,
168,
206,175,217,227,229,199,222,139,226,161,186,215,232,211,172,
229,227,175,217,186,199,222,172,211,215,232,226,161,

211,149,235,206,222,196,167,217,159,227,184,176,202,192,166,179,226,215,186,145,174,232,229,
203,225,243,200,169,164,187,216,241,212,220,249,231,230,248,219,247,234,228,204,233,
157,
227,229,186,199,222,226,215,217,232,211,172,
244,242,240,237,239,195,228,170,231,187,216,203,169,247,234,200,243,230,204,233,219,248,249,225,241,212,
197,181,

207,197,191,
193,184,236,208,179,192,229,198,227,196,235,206,174,232,180,188,217,202,205,176,
184,176,192,166,179,226,202,215,186,174,232,229,227,159,217,167,196,222,206,235,
244,242,245,238,225,249,248,237,239,240,153,231,203,230,243,200,233,194,234,195,221,212,241,
214,225,203,164,187,216,212,220,249,231,230,248,219,247,234,228,204,233,
211,199,186,229,227,222,235,232,206,217,215,226,166,
211,186,229,227,222,235,232,206,217,215,226,179,166,
222,211,226,175,
197,191,
155,
231,203,230,200,233,234,195,221,194,243,212,241,239,237,248,249,225,238,245,240,242,244,


216,230,187,214,219,234,247,233,220,228,231,171,


226,215,202,186,206,232,229,227,217,196,222,235,179,
214,207,220,190,182,
232,215,211,226,222,199,
224,221,194,243,241,239,237,248,249,225,238,245,240,213,242,244,
214,207,182,
248,212,249,216,231,204,230,219,247,234,228,233,187,

226,215,217,206,232,235,222,227,229,186,
179,192,229,227,235,196,206,232,217,202,176,

247,200,234,243,230,233,204,219,248,249,225,212,203,216,231,
247,216,195,234,243,230,212,241,239,200,204,233,248,249,225,203,231,
231,228,220,247,219,214,
232,217,215,211,226,222,199,
228,220,247,219,214,
179,192,229,227,235,196,206,232,217,202,176,
226,
217,232,206,196,235,227,229,202,192,
235,209,218,223,236,201,

235,217,227,229,232,206,
236,198,205,235,208,229,188,


210,
196,235,227,229,202,192,
214,220,190,
229,227,222,232,217,
233,228,234,247,219,230,231,216,
229,208,235,205,

220,214,

202,229,227,235,196,
236,208,235,205,
243,241,239,237,248,249,225,238,245,240,242,244,221,
243,241,239,234,233,248,249,225,
227,229,235,202,

236,208,235,205,
222,226,211,
234,233,243,230,248,249,225,
236,223,218,
235,229,
234,233,231,230,248,249,225,
249,216,230,231,233,234,212,
235,208,
229,227,

235,
236,

226,222,
234,233,231,230,
244,242,240,245,238,224,

222,
231,230,
232,
223,
247,

244,242,240,245,238,



249,248,












245,
241,


244,







Past links sets, 








4,













2,
7,

15,
10,15,
16,
6,
1,5,8,


2,15,17,
26,

3,

28,
1,8,
6,
3,
5,
21,
1,8,
1,

38,43,
20,
2,12,
20,
12,22,
1,5,8,
2,17,25,26,

22,25,26,32,
6,

37,
2,17,25,33,
2,12,
44,
20,
5,46,
4,44,
33,
45,
12,61,
52,54,58,
53,60,
60,
10,
16,47,
29,46,
5,
16,47,49,61,
38,63,
2,17,25,33,
41,51,
3,34,56,
33,52,54,
73,
29,41,46,51,
25,64,
1,8,41,
29,46,
4,41,
2,12,20,
25,26,32,48,50,
29,41,51,
34,36,45,
29,77,
67,79,
51,72,
72,84,
10,
88,
58,79,
33,50,52,54,
80,
45,53,60,
8,73,85,
4,41,80,
10,
1,8,41,
62,72,84,
98,
102,
98,101,
83,85,103,
101,105,
34,36,44,53,65,
44,62,84,
86,
32,48,50,
70,94,
91,
10,
81,92,
29,60,62,75,
29,62,63,
116,
92,41,93,
81,90,95,
83,90,
64,67,76,
25,26,32,48,50,
83,90,95,
29,68,69,62,75,
70,76,82,
32,48,50,59,
81,104,121,
101,105,
96,50,115,
70,76,82,94,
58,128,
32,48,50,59,
33,106,114,
100,103,107,109,
51,93,104,111,
128,133,
100,107,109,131,
81,90,92,95,
32,48,50,59,
122,123,126,
106,94,120,
64,120,136,
80,
100,107,108,109,
17,82,106,114,
17,82,136,
67,70,76,82,
72,122,126,
93,95,117,
98,146,
44,117,130,
152,
77,100,107,108,109,
92,138,
70,82,124,
17,82,145,
73,43,108,123,126,
52,54,133,134,

46,73,108,123,126,
137,147,
87,91,96,97,
145,148,149,
17,82,145,
48,97,132,
108,137,140,
103,140,
29,156,
32,52,106,114,134,22,139,
77,100,29,107,108,109,
82,144,145,
133,134,150,
167,174,

44,95,117,130,
149,159,167,174,
70,144,
117,122,141,
81,100,101,160,163,
70,82,91,124,
25,144,145,
88,100,107,108,123,
134,139,159,166,
140,156,164,
114,180,
96,50,115,124,
105,160,185,
92,143,151,
176,184,
70,144,
105,153,162,
153,170,
159,192,
141,143,151,
180,
67,148,161,172,
153,169,170,
10,177,
196,
147,153,169,170,
164,169,170,
33,188,193,198,
133,176,166,179,
80,100,143,160,163,
205,
106,94,120,177,
96,115,183,
116,149,150,199,
51,153,204,
162,
81,163,171,147,173,190,
161,166,159,172,
29,187,204,
172,176,179,186,
116,201,
90,169,171,173,187,
137,171,147,173,190,
107,109,131,194,
186,211,215,
102,120,218,
213,
194,195,200,203,
166,175,159,211,
22,32,52,186,196,206,
123,171,173,187,
186,188,202,206,
200,212,203,216,
171,212,203,216,
161,217,
29,195,187,200,203,212,
29,195,187,200,203,212,
76,177,166,179,202,208,
193,198,201,209,
1,140,194,
100,213,221,
194,195,
1,140,213,221,
137,239,
140,213,221,
194,195,200,
242,
238,

170,219,
164,225,
51,204,225,
Future links sets, 

240,83,44,43,103,51,38,237,29,
86,76,59,52,58,32,48,22,
78,40,35,
101,85,63,8,
73,62,51,41,29,
55,39,28,
23,
100,83,43,103,51,38,29,

201,116,102,94,70,26,

86,66,59,50,48,


32,26,25,
74,71,27,
159,148,167,76,52,149,58,32,


61,49,86,47,
42,
227,172,54,50,


125,87,82,76,58,184,54,52,
125,87,54,52,33,

37,
234,216,173,171,119,118,233,90,127,88,84,81,72,


227,172,135,142,129,125,113,87,54,
205,79,76,64,136,97,58,
110,89,78,

110,89,
57,
75,46,


121,101,88,85,83,81,103,77,

160,46,
178,111,110,154,63,60,
99,89,65,
84,81,163,72,62,
74,71,
135,168,142,129,125,113,87,
74,
189,135,132,142,129,125,97,113,87,
249,212,138,92,88,81,77,
172,161,227,97,79,67,
110,99,68,
161,97,79,67,

78,

134,96,67,
135,142,129,
118,99,69,68,
74,66,
127,119,118,111,104,
119,75,
145,124,82,
110,

199,150,124,91,
127,
127,
183,158,150,133,193,180,128,114,

151,104,93,92,
163,160,100,80,

127,118,
235,133,128,150,124,
173,156,90,

96,91,
207,146,101,98,
214,141,122,182,130,117,
183,158,150,149,174,148,159,133,167,128,
126,123,108,
111,104,93,
108,100,
112,
165,
185,95,

219,141,126,123,122,
183,165,115,
191,157,141,121,117,
152,138,121,
209,144,133,114,
141,178,152,126,122,
189,165,210,132,
168,165,
153,107,105,

207,185,182,156,238,173,147,140,137,
182,131,109,107,
223,106,
170,137,108,
138,130,
194,190,131,109,
172,148,209,144,136,
185,221,156,173,147,140,137,
185,163,169,156,173,160,147,
221,156,173,147,140,137,

138,


172,148,188,136,
189,210,132,
218,211,120,
181,154,178,152,


223,145,209,144,
130,
181,151,143,
185,228,163,160,143,
189,183,158,

163,160,151,143,

139,134,

178,154,
221,140,
168,
206,175,161,139,
186,175,172,161,

149,145,
241,220,169,164,
157,
186,172,
242,240,237,187,170,169,
197,181,

207,197,191,
184,193,180,174,
184,174,167,166,159,
153,
220,214,203,164,
199,166,
211,179,166,
211,175,
197,191,
155,
212,203,200,195,194,


187,171,


226,215,196,186,179,
207,190,182,
232,215,199,
213,194,
214,207,182,
248,204,187,

235,226,215,206,186,
179,176,

219,204,203,200,
204,203,200,247,195,
231,228,220,219,214,
217,215,199,
228,220,219,214,
179,176,
226,
217,206,192,
235,209,201,

235,217,206,
198,188,


210,
192,
190,
229,227,222,217,
234,233,228,219,216,
229,205,

220,214,

196,
236,205,
243,239,237,225,221,
243,239,234,233,225,
227,202,

236,205,
211,
234,233,243,230,225,
236,218,
235,229,
234,233,231,230,225,
249,216,212,
208,
229,227,

235,
236,

226,222,
234,233,231,230,
242,240,238,224,

222,
231,230,
232,
223,
247,

242,240,238,



249,248,












245,
241,


244,







Coordinates
-3.98275,-0.145313
-3.94754,1.7502
-3.91207,-1.64284
-3.90596,0.88574
-3.90088,1.8508
-3.86217,1.93464
-3.80451,-0.740139
-3.77442,0.37049
-3.76498,1.7951
-3.75626,0.548101
-3.74753,-1.98481
-3.72562,-0.0260534
-3.70299,-1.28037
-3.68199,0.0811635
-3.67264,-0.385684
-3.66568,-1.77278
-3.64594,-0.803494
-3.63568,-1.70324
-3.57586,-0.344831
-3.55,0.0430497
-3.53708,-0.943617
-3.52433,-0.390405
-3.51607,-1.48689
-3.49542,0.140063
-3.4954,0.0652227
-3.48591,-1.71053
-3.47889,-1.75798
-3.425,-0.607953
-3.41507,-0.471993
-3.39985,1.50412
-3.38018,-0.0548082
-3.35829,0.0915687
-3.35382,-1.49645
-3.32777,-1.74414
-3.30175,0.757043
-3.29612,0.426117
-3.29076,0.765792
-3.29034,-0.366547
-3.28734,1.32239
-3.28283,-0.426254
-3.27439,0.273013
-3.27182,1.83222
-3.26385,-0.187903
-3.26369,1.32379
-3.26093,1.06971
-3.24312,0.789603
-3.23942,1.31114
-3.14276,-0.568147
-3.10789,-1.06465
-3.0735,-0.531985
-3.07244,-1.12371
-3.06206,1.49271
-3.05587,-1.45993
-3.04026,0.80902
-3.03685,-1.393
-3.03245,-0.0836231
-3.03033,0.471067
-3.02235,-0.119942
-2.93958,-1.48449
-2.93716,-0.777824
-2.92357,0.785739
-2.91412,-0.450731
-2.9082,0.983669
-2.88743,0.873608
-2.78124,-1.6753
-2.76971,0.516357
-2.75062,-0.332206
-2.70565,-1.27225
-2.70514,0.64835
-2.70507,0.654256
-2.7017,-1.79562
-2.68934,-0.124901
-2.66915,1.07472
-2.66639,1.90859
-2.65967,-0.226173
-2.64047,0.679384
-2.63704,-1.48908
-2.62698,1.39855
-2.61821,0.0738227
-2.61103,-1.1416
-2.55989,1.89956
-2.55931,1.14236
-2.55881,-1.61253
-2.55426,1.54406
-2.53284,0.894626
-2.51612,1.72045
-2.51036,-0.280114
-2.48786,-0.827201
-2.48341,1.15449
-2.46834,0.0922169
-2.45102,1.24532
-2.44726,-1.01874
-2.44501,0.983058
-2.43453,0.854184
-2.4329,-1.84039
-2.4197,1.13022
-2.41778,-0.980499
-2.41442,-0.865442
-2.41275,1.84724
-2.40032,0.280219
-2.39628,1.69522
-2.38723,1.7689
-2.38704,-1.90464
-2.37625,1.58002
-2.34495,0.755013
-2.33581,1.79511
-2.29589,-1.84231
-2.28764,1.73203
-2.28444,1.48885
-2.27006,1.73641
-2.26728,0.0855912
-2.25316,0.634054
-2.21735,-0.0258544
-2.21238,-0.422924
-2.20444,-1.67749
-2.20283,-0.906553
-2.20172,-1.94362
-2.17625,0.792344
-2.16594,0.367541
-2.14799,0.460242
-2.14463,-1.92347
-2.10556,0.66781
-2.0641,0.952381
-2.01796,1.04589
-2.01102,-1.02768
-2.00678,-0.305432
-1.98731,0.992008
-1.98387,0.11441
-1.97636,-1.34574
-1.97342,-0.14696
-1.96151,0.5457
-1.93516,1.71991
-1.92195,-0.646192
-1.90679,-1.34001
-1.90268,-1.28914
-1.9001,-0.05134
-1.89848,-1.59441
-1.87096,1.48166
-1.8453,0.346778
-1.84523,-1.3131
-1.81156,1.622
-1.80909,0.6453
-1.80405,-0.00261822
-1.80181,0.841255
-1.78633,-1.74073
-1.76738,-1.5524
-1.75717,1.859
-1.75246,1.34351
-1.71761,-1.36108
-1.69851,-1.40727
-1.69042,-0.977759
-1.68629,0.69875
-1.68331,0.439114
-1.68183,1.79909
-1.65285,0.281703
-1.64647,0.409952
-1.61058,1.16638
-1.6018,0.1541
-1.60156,-0.869491
-1.59377,-1.42106
-1.58677,0.835651
-1.57947,-1.03097
-1.57069,1.95594
-1.56089,0.804933
-1.54936,1.25297
-1.5426,-0.230577
-1.50713,-1.30605
-1.50184,-1.43808
-1.48668,-0.292611
-1.48014,1.34681
-1.45609,1.44648
-1.45502,1.01159
-1.45343,-1.02458
-1.43951,0.95841
-1.43282,-1.46493
-1.41408,-0.857248
-1.36274,-1.40964
-1.35572,-1.97931
-1.28278,0.0068168
-1.28163,-1.31847
-1.27742,-1.62445
-1.2748,0.203673
-1.26809,0.655397
-1.26012,-0.468996
-1.25147,-1.4409
-1.2507,0.706533
-1.24393,-1.1224
-1.23389,1.05202
-1.20815,-1.5711
-1.19468,-0.235641
-1.18503,0.646993
-1.16139,0.314784
-1.14582,-1.35632
-1.13735,-1.65681
-1.13204,1.70993
-1.10986,1.3749
-1.09946,-1.32324
-1.09502,0.146009
-1.08901,-1.56436
-1.0619,-0.731062
-1.03856,1.2492
-1.02659,-1.96248
-0.999983,-1.29964
-0.997227,1.16754
-0.980531,1.05358
-0.960379,-1.50722
-0.953013,-1.10518
-0.934922,0.278115
-0.858281,-1.47401
-0.848122,-1.68116
-0.832894,-0.0791861
-0.82166,-0.591404
-0.810757,0.980546
-0.799237,1.89267
-0.743886,0.34744
-0.71706,-0.583796
-0.674601,0.761053
-0.637421,-0.696678
-0.562364,-1.914
-0.558642,0.484279
-0.544701,0.235707
-0.441772,1.52139
-0.419275,-0.33389
-0.415392,-1.8316
-0.374258,1.866
-0.339323,0.934593
-0.330894,-0.181886
-0.32893,-0.561022
-0.313008,0.132943
-0.297795,-0.736819
-0.289936,0.527549
-0.273144,0.454121
-0.270653,-0.360204
-0.265812,0.618658
-0.236185,0.612473
-0.205312,-0.915394
-0.197788,-1.43793
-0.193356,1.22894
-0.154362,1.42158
-0.150733,1.13312
-0.108984,1.22867
-0.105286,1.10818
-0.0972944,1.29312
-0.0879462,0.914637
-0.0836266,1.28401
-0.0831262,1.38228
-0.076596,1.97457
-0.0242856,0.0198834
-0.0173808,0.709423
-0.00788505,0.65239
r_S,2
NHRVs_Open,0
NHRVs_Close,0
