Storage option,sets
Size,250
Dimension,2
Shape,cube
Spacetime,BlackHole
Past sets, 









0,
6,




8,

13,
1,
7,6,5,10,
1,


0,
8,
4,8,15,
2,3,

0,23,
1,2,
1,4,
0,9,
10,6,7,5,19,

8,21,
10,6,7,5,19,

33,
0,9,
13,17,
33,37,
32,35,7,10,6,5,19,
13,17,
8,30,1,15,4,18,
18,30,20,1,4,
3,4,18,29,1,2,20,
0,9,
28,23,0,9,
1,25,15,4,8,
38,0,9,31,
9,0,31,
40,0,33,37,9,
5,6,7,35,10,32,19,41,
2,3,14,7,16,5,
15,25,8,43,44,30,4,20,18,1,
3,14,16,32,10,6,7,5,19,
14,16,32,35,7,10,6,5,19,
26,5,16,2,14,3,
2,8,15,44,30,4,20,18,1,
24,30,43,48,18,1,15,8,25,4,
26,5,16,2,14,3,
9,31,38,0,49,
23,0,31,9,28,
9,23,0,28,47,
24,15,4,25,34,8,33,21,
38,37,46,33,0,40,31,9,
24,15,4,25,34,8,33,21,
45,1,3,4,18,29,2,20,30,
3,14,16,32,10,6,7,5,19,
24,15,4,34,8,21,25,
21,33,8,34,25,4,15,24,64,
8,21,38,46,37,9,40,33,34,51,0,
8,21,38,46,37,9,40,33,34,51,0,
24,21,8,40,0,33,15,37,34,
10,6,2,3,14,53,7,16,5,19,
2,15,25,8,43,44,30,4,20,18,1,
38,50,23,9,0,62,28,31,
25,21,8,15,1,18,48,4,43,30,24,59,
10,6,7,5,19,
37,66,33,24,15,4,25,34,8,21,40,
5,16,14,3,29,1,26,2,
65,38,49,37,33,46,0,40,31,9,
50,23,9,0,62,28,31,
15,24,21,8,37,9,40,33,34,51,0,
47,28,0,23,9,31,
26,5,16,7,14,3,2,53,
58,75,2,25,8,43,4,15,44,18,20,30,1,
7,5,16,2,57,60,14,26,3,
83,73,15,24,21,37,8,34,9,40,33,51,0,
23,46,33,50,61,9,31,38,0,49,
37,66,33,24,15,4,25,34,8,21,40,
9,73,40,24,21,8,0,33,15,37,34,
24,34,30,43,48,18,1,15,8,25,21,4,
57,2,5,16,14,26,3,7,53,
14,16,45,1,4,3,26,18,29,2,20,
41,3,14,16,5,55,32,56,10,35,7,6,19,
47,23,9,28,0,63,
5,6,7,35,10,32,19,41,
18,20,57,80,5,16,14,60,29,1,3,26,2,
38,46,64,79,51,15,73,33,91,4,37,8,66,83,24,40,34,21,9,0,90,25,88,
14,45,1,26,3,4,18,29,2,20,30,
35,68,3,14,16,5,55,32,56,10,6,7,19,
20,2,18,26,4,45,1,14,29,3,16,94,
7,20,57,80,5,16,14,60,29,1,3,26,2,
51,28,76,40,37,65,21,50,49,46,62,33,61,89,31,9,38,0,23,81,
3,29,54,48,24,86,18,21,58,1,75,2,25,8,59,43,4,15,44,20,30,
20,2,18,30,4,29,3,26,45,1,14,100,
19,6,10,93,74,5,85,16,57,2,14,3,26,7,53,
2,34,20,44,77,43,25,8,59,21,4,15,1,18,48,30,24,54,
30,18,24,1,15,4,59,54,8,77,21,44,43,20,34,48,25,2,108,
14,44,67,45,1,26,3,4,18,29,2,20,30,
29,54,59,24,48,86,18,21,58,1,75,2,25,8,43,77,4,15,44,20,30,
1,69,70,38,9,46,64,79,21,51,15,73,33,91,4,37,8,66,25,83,24,99,40,34,0,90,88,
63,62,50,84,47,28,0,23,9,31,82,
2,35,68,3,14,16,5,55,32,10,6,7,19,
20,37,66,69,64,33,70,59,24,34,30,43,40,77,48,92,18,1,15,8,25,21,4,
51,47,76,40,37,65,28,21,50,81,23,49,46,62,33,61,89,31,9,38,0,82,
6,29,87,1,93,5,85,16,57,2,60,14,3,26,7,53,
62,82,31,50,96,63,47,9,28,23,0,84,
15,24,71,51,34,21,8,81,23,0,38,9,31,89,61,33,62,46,49,50,65,37,40,76,28,72,
15,110,14,44,8,45,1,18,26,3,20,4,29,2,67,30,58,
16,44,106,4,20,3,2,18,1,29,45,14,26,100,30,67,
5,30,102,3,2,18,1,20,94,4,45,14,29,16,26,100,
2,37,20,44,54,66,69,64,33,70,59,24,34,30,43,40,77,48,92,18,1,15,8,25,21,4,
49,38,9,63,50,62,23,113,84,76,47,28,0,31,82,
60,5,80,30,102,3,2,18,1,20,94,4,45,14,29,16,26,100,
0,23,9,47,63,31,82,28,96,62,84,50,118,
46,49,61,38,9,63,50,33,62,23,113,84,76,47,28,0,31,82,
63,82,28,76,47,50,23,49,46,62,33,61,89,31,9,38,0,84,
49,38,118,50,62,96,28,76,113,82,31,63,84,47,9,23,0,
71,34,8,72,84,116,0,51,47,76,40,37,65,28,21,50,81,49,46,104,62,33,61,89,31,9,38,23,82,
24,71,34,8,72,84,116,0,51,47,76,40,37,65,28,21,50,81,49,46,104,62,33,61,89,31,9,38,23,82,
7,4,45,98,18,1,3,80,29,5,16,14,60,26,20,57,94,2,
28,71,72,65,81,49,61,50,23,38,9,46,64,79,21,51,15,73,33,91,4,37,8,66,25,83,24,99,40,34,0,31,90,88,89,
0,28,31,9,23,47,63,96,
5,44,16,106,4,94,20,3,2,18,1,67,30,29,45,14,26,100,102,
20,38,46,69,64,70,59,77,91,21,25,8,15,1,18,92,48,43,30,34,24,4,83,73,40,37,33,90,66,9,88,51,0,79,
73,90,2,37,66,8,79,20,44,15,54,25,69,40,123,64,4,70,0,59,30,1,24,34,33,92,43,48,77,18,21,115,
26,45,3,111,29,75,54,8,59,24,1,48,2,25,86,18,21,44,105,58,43,67,20,4,15,77,30,
34,45,3,111,29,75,54,8,59,24,1,48,2,25,86,18,21,44,105,58,43,67,20,4,15,77,30,
46,23,96,49,61,38,84,9,124,63,50,127,33,62,113,76,0,47,28,31,82,
83,15,131,24,61,71,34,8,82,72,84,47,0,116,37,76,119,40,65,28,21,50,81,49,46,9,104,62,33,89,31,38,23,51,130,
4,20,67,43,15,44,21,105,18,86,2,77,48,30,1,59,8,25,54,75,58,29,24,111,3,45,26,138,
73,83,15,131,24,61,71,34,8,82,72,84,47,0,116,37,76,119,40,65,28,21,50,81,49,46,88,9,104,62,33,89,31,38,23,51,130,
4,20,67,43,15,44,21,105,18,86,2,77,48,30,1,59,8,25,54,75,58,29,24,111,3,45,26,138,
69,70,76,62,133,28,65,71,34,72,81,49,61,24,50,23,38,46,64,21,51,9,88,15,89,73,33,91,83,4,37,79,0,8,66,25,99,119,40,31,90,
14,24,26,48,54,29,3,86,18,58,1,75,2,25,45,8,43,4,15,44,20,30,67,
15,58,121,135,5,44,20,67,110,16,106,14,4,94,2,3,26,18,1,30,122,29,45,100,8,102,
71,34,8,72,9,89,84,37,38,61,33,62,49,0,47,46,23,50,116,76,28,63,82,31,128,81,51,40,65,21,104,
124,127,148,0,71,113,34,8,82,72,9,46,89,84,47,38,61,33,62,23,50,37,116,76,28,65,63,31,49,128,81,40,21,104,51,130,
25,43,58,15,121,135,5,44,20,67,110,16,106,14,4,94,2,3,120,26,18,1,30,122,29,45,100,8,102,
47,82,145,69,70,76,33,119,62,133,4,90,28,71,65,34,72,81,38,49,61,24,50,23,66,46,64,21,51,8,9,88,104,15,73,91,83,40,37,79,89,0,25,99,31,
47,82,145,69,70,76,33,119,62,133,4,1,90,28,71,65,34,72,81,38,49,61,24,50,112,23,66,46,64,21,51,8,9,88,104,15,73,91,83,40,37,79,89,0,25,99,31,
48,54,25,75,58,8,110,15,121,16,120,106,30,86,45,4,20,1,44,3,43,2,29,26,67,14,18,100,
82,145,69,70,76,33,119,62,133,4,1,90,28,71,65,34,72,81,38,49,61,24,50,112,23,66,46,64,21,51,8,9,88,104,15,73,91,83,40,37,79,89,0,25,99,31,
61,124,129,96,9,38,63,47,134,76,31,28,118,0,49,50,62,113,84,23,82,126,
34,20,67,43,105,15,144,77,21,18,44,111,86,24,2,48,30,1,59,75,142,8,25,54,58,29,3,45,4,138,26,
28,71,72,65,81,49,61,50,23,77,18,48,43,89,30,112,25,1,88,69,70,40,99,38,9,46,64,20,79,21,51,15,73,92,33,91,4,37,8,66,83,24,34,59,0,31,90,
151,47,154,82,145,69,70,76,23,33,119,66,62,9,4,1,90,37,28,81,71,65,34,72,38,91,49,61,8,133,24,50,112,46,99,152,64,21,51,104,88,15,73,83,40,79,89,0,25,31,
63,90,99,25,66,4,79,64,143,61,73,15,131,91,8,49,24,65,71,34,82,83,0,72,31,84,88,37,119,76,40,81,28,62,133,50,9,46,21,104,116,33,89,47,130,38,23,51,141,
31,71,72,108,51,88,9,91,46,38,137,73,90,2,37,66,8,0,79,99,20,15,54,25,136,69,40,77,44,123,64,83,4,115,70,112,33,59,109,30,1,24,34,92,18,43,48,21,
23,50,44,54,61,71,72,31,49,65,81,136,25,99,20,38,1,46,69,64,70,112,33,59,77,40,91,21,8,15,18,92,48,43,30,34,24,83,4,115,73,37,90,66,9,88,51,0,79,
40,65,126,89,81,128,118,140,46,23,50,96,49,61,38,37,84,9,124,63,127,33,62,113,76,0,47,28,31,129,82,
57,125,102,60,14,5,80,30,3,26,2,94,18,1,20,45,29,4,98,16,100,
84,82,62,134,28,31,9,0,23,47,63,50,96,118,
59,21,105,146,1,30,14,43,24,26,48,54,25,29,58,3,86,77,18,75,2,45,4,15,44,20,8,67,110,
59,100,110,146,1,30,14,43,24,26,48,54,25,29,58,3,86,18,75,45,4,2,120,15,44,20,8,67,
31,65,71,72,108,51,88,9,91,46,38,137,73,90,2,37,66,8,0,79,99,20,15,54,25,136,69,40,77,44,123,64,83,4,115,70,112,33,59,109,30,1,24,34,92,18,43,48,21,
111,59,105,21,146,1,30,14,43,26,24,142,48,54,25,29,58,3,86,77,18,75,2,45,4,15,44,138,20,8,67,
15,119,118,24,131,96,149,124,127,0,82,71,113,72,31,34,8,49,9,50,129,46,128,89,84,130,47,38,61,116,33,62,23,37,76,28,148,65,63,21,104,81,40,51,140,
49,31,65,71,72,108,51,88,9,91,46,38,137,73,90,2,37,66,8,0,79,99,20,15,54,25,136,69,40,77,44,123,64,83,4,115,70,112,33,59,109,30,1,24,34,92,18,43,48,21,
89,33,46,126,61,124,129,155,96,127,9,38,63,47,134,76,31,28,118,0,49,50,62,113,84,23,82,140,
54,43,25,86,58,15,121,135,5,44,20,67,110,16,106,14,4,94,2,3,120,26,18,1,30,75,122,29,45,100,8,102,
104,119,62,76,51,28,81,71,18,72,65,49,61,8,50,23,77,133,24,157,48,43,89,30,83,112,59,25,1,88,69,70,40,99,46,38,91,9,64,20,73,79,21,15,92,145,33,4,37,90,66,34,0,31,
59,77,18,48,43,92,145,69,70,76,33,30,119,62,133,4,1,90,28,71,65,34,72,81,38,49,61,24,50,112,23,66,46,64,21,51,8,9,88,104,15,73,91,83,40,37,79,89,0,25,99,31,
34,67,8,20,138,44,4,45,2,75,18,77,144,26,86,3,58,29,25,54,48,24,15,142,43,14,30,1,146,21,105,59,111,
33,46,126,61,124,129,155,96,38,63,47,134,76,31,28,118,0,49,50,62,113,84,23,82,9,127,
126,113,76,38,49,164,62,28,96,50,118,82,31,9,0,134,23,84,47,63,129,
33,46,126,61,124,129,155,96,38,63,47,134,76,31,28,118,0,49,50,62,113,84,23,82,9,127,
49,38,76,113,164,62,28,96,50,118,82,31,9,0,134,23,84,47,63,126,
24,29,48,25,106,44,58,120,75,8,15,54,121,16,30,153,86,45,14,4,20,1,3,110,43,2,26,67,18,100,146,
118,96,140,141,88,119,24,131,15,73,149,124,127,83,0,82,71,113,72,31,34,91,8,49,9,50,129,46,128,89,84,130,47,38,61,143,116,33,62,23,37,76,28,148,65,63,21,104,81,40,51,
15,24,131,130,51,104,21,72,8,71,148,162,119,40,65,28,89,81,118,46,9,23,124,96,128,49,140,61,38,149,116,37,0,84,126,47,63,127,33,62,34,113,76,31,50,129,82,
128,151,112,1,70,69,145,0,63,116,90,37,99,46,152,25,131,66,119,4,79,64,61,8,73,15,91,38,49,65,71,143,34,82,83,72,31,84,88,141,76,23,40,81,28,62,9,24,133,159,50,130,21,104,51,33,89,47,
44,54,115,20,174,59,0,77,48,43,92,33,18,145,69,70,76,157,30,89,119,1,62,133,15,4,90,31,28,71,65,34,72,81,38,49,61,24,83,50,112,23,66,64,21,51,8,136,9,88,104,73,91,40,99,37,79,25,46,173,
9,91,108,109,115,92,33,0,70,64,123,40,69,79,66,37,90,73,4,20,67,8,43,15,44,21,139,105,18,77,86,2,48,30,1,59,25,54,75,58,29,24,111,3,45,34,137,
89,81,50,23,61,170,64,49,31,28,137,65,71,18,72,108,2,161,51,88,9,115,91,38,46,99,73,20,90,37,66,8,79,15,54,1,25,136,83,30,69,40,77,24,44,123,70,4,112,59,33,0,109,34,92,43,48,21,
81,65,40,37,171,47,140,89,33,126,128,61,124,155,31,62,129,96,127,38,63,0,134,9,76,162,28,118,49,50,46,113,82,84,23,
40,65,81,37,171,47,140,89,33,126,124,155,31,62,129,96,127,38,63,0,134,9,76,28,118,49,50,46,113,82,84,23,61,128,
118,179,38,84,76,113,62,28,49,96,50,31,9,164,23,134,0,47,63,126,82,129,
83,141,182,23,76,129,24,131,51,104,130,21,127,72,8,61,71,15,124,148,162,119,65,28,81,89,46,118,9,62,96,40,149,128,49,34,38,116,63,169,37,0,84,140,31,126,47,33,113,50,82,
59,84,18,48,30,92,151,47,154,82,145,69,70,76,23,33,119,66,62,9,4,1,90,37,28,81,71,65,34,72,38,91,158,49,61,8,133,24,50,112,46,99,43,152,64,21,51,104,88,15,73,83,40,79,89,0,25,31,116,
23,50,75,81,61,170,64,49,31,137,65,71,18,72,108,2,160,51,88,9,115,91,38,46,99,73,20,90,37,66,8,58,167,79,15,54,1,25,136,83,30,69,40,77,24,44,123,70,4,112,59,33,0,109,34,92,43,48,21,
49,38,76,113,164,62,28,96,50,118,82,31,9,0,134,23,84,47,63,126,
50,81,75,86,61,170,64,49,31,137,65,71,18,72,108,2,160,51,88,9,115,91,38,46,99,73,20,90,37,66,8,58,167,79,15,54,1,25,136,83,30,69,40,77,24,44,123,70,4,112,59,33,0,109,34,92,43,48,21,
24,131,134,130,51,104,21,72,8,71,148,162,40,65,28,89,81,118,46,9,23,124,96,128,49,140,61,38,149,116,37,0,84,126,47,63,127,33,62,34,113,76,31,50,129,82,
126,141,88,83,73,28,15,62,119,169,72,24,71,84,37,96,49,149,8,124,127,0,47,82,129,113,131,34,31,128,81,9,50,143,46,140,89,33,130,38,61,116,23,76,65,63,118,21,104,40,148,51,
185,79,9,115,91,108,3,92,33,86,109,0,70,123,64,40,69,66,37,90,73,20,4,67,8,43,15,44,21,105,18,77,24,48,139,30,1,54,59,25,75,58,2,111,29,45,34,137,51,
128,152,112,1,70,69,145,154,151,0,63,116,90,37,99,46,25,131,66,119,4,79,64,61,8,73,15,91,38,65,71,143,34,82,83,72,31,84,88,141,76,23,40,81,28,62,9,24,133,159,50,130,21,104,51,33,89,47,49,158,
124,189,31,61,179,63,38,96,9,84,113,76,134,47,62,28,49,50,164,126,23,82,129,118,0,177,
45,65,105,75,58,86,29,54,1,31,137,71,18,72,108,160,51,88,9,115,91,38,46,99,73,20,90,37,66,8,79,15,25,136,83,30,69,40,77,24,44,123,70,64,4,3,112,59,33,0,109,34,92,43,48,21,2,111,
18,48,30,92,43,152,112,1,70,69,145,154,151,0,63,116,90,37,99,46,25,131,66,119,4,79,64,61,8,73,15,91,38,65,71,143,34,82,83,72,31,84,88,141,76,23,40,81,28,62,9,24,133,159,50,130,21,104,51,33,89,47,49,158,
38,113,164,62,28,96,50,118,82,31,9,0,134,23,84,47,63,126,
113,127,148,131,64,128,198,61,112,1,70,69,154,151,84,0,63,130,116,49,90,23,37,104,99,183,46,25,159,66,133,119,71,79,145,8,73,152,15,82,91,24,38,65,143,76,9,34,83,72,31,88,158,21,4,141,40,81,28,62,50,51,33,89,47,
104,21,51,176,164,177,178,162,188,40,65,28,81,118,116,37,0,171,134,23,84,89,47,126,33,124,31,62,50,129,96,127,38,63,9,46,155,76,113,187,82,140,61,49,128,
30,48,131,64,128,198,61,112,1,70,69,154,151,84,0,63,130,116,49,90,23,37,104,99,183,46,25,159,66,133,119,71,79,145,8,73,152,15,82,91,24,38,65,143,76,9,34,83,72,31,88,158,21,4,141,40,81,28,62,50,51,33,89,47,
197,91,185,79,26,9,115,108,3,92,33,86,109,0,70,123,64,40,69,66,37,90,73,20,4,67,8,43,15,44,21,105,18,77,24,48,139,30,1,54,59,25,75,58,2,111,29,45,34,137,51,
18,48,43,30,92,131,64,128,198,61,112,1,70,69,154,151,84,0,63,130,116,49,90,23,37,104,99,183,46,25,159,66,133,119,71,79,145,8,73,152,15,82,91,24,38,65,143,76,9,34,83,72,31,88,158,21,4,141,40,81,28,62,50,51,33,89,47,
3,28,89,29,111,23,194,72,50,81,20,75,86,25,61,0,109,48,64,49,31,92,137,15,192,65,4,71,18,79,108,2,38,99,51,112,88,136,9,70,115,54,91,30,46,73,90,37,66,8,69,58,1,123,83,167,40,77,24,44,59,160,33,161,34,170,43,21,
99,83,46,38,88,197,91,185,79,9,115,108,3,92,33,86,109,0,70,123,64,40,69,66,37,90,73,20,4,67,8,43,15,44,21,105,18,77,24,48,139,30,136,1,54,59,25,75,58,2,111,29,45,34,137,51,
25,90,66,79,64,99,162,91,196,126,8,141,82,23,88,83,24,73,28,15,62,119,169,51,72,4,131,71,130,84,143,37,96,49,149,31,124,65,9,127,0,118,47,129,113,34,128,81,140,50,46,89,33,38,61,116,76,63,181,148,21,104,40,
67,81,49,45,65,4,105,44,75,58,86,25,29,90,54,115,1,123,31,92,137,15,71,18,79,72,108,38,99,51,112,88,136,9,70,91,30,46,200,73,20,37,66,8,69,83,167,40,77,24,64,3,59,160,33,0,109,48,34,170,43,21,2,111,
40,65,81,128,140,89,171,118,129,82,23,126,37,164,46,177,50,178,47,134,76,113,84,9,0,127,96,28,155,38,63,179,61,31,62,189,124,199,33,49,176,
70,134,133,159,182,143,9,76,90,23,66,79,64,131,99,25,162,28,91,24,196,62,129,126,8,82,15,149,88,21,83,210,73,140,119,169,51,118,72,141,4,71,130,63,84,37,104,96,49,116,31,124,65,127,0,47,181,113,46,34,128,61,81,148,50,89,33,38,40,190,
116,123,2,82,154,151,47,184,50,44,54,115,48,40,59,137,0,77,43,92,25,33,18,69,136,70,76,9,20,157,90,23,30,89,119,1,62,133,66,152,15,4,71,31,28,65,34,72,81,38,49,61,91,83,112,64,158,21,88,51,145,8,104,174,37,73,99,79,46,173,24,161,
29,62,76,133,28,89,23,194,72,50,81,20,75,86,25,61,0,109,48,64,49,31,92,137,15,192,65,4,71,18,79,108,2,38,99,51,112,88,136,9,70,115,54,91,157,30,46,73,90,37,66,8,69,58,1,123,83,167,40,77,24,44,186,59,160,33,161,34,170,43,21,
59,96,124,201,148,127,113,203,207,65,18,89,48,119,43,30,92,21,131,64,128,61,112,1,143,72,70,141,69,154,83,151,84,149,0,71,63,205,130,116,198,49,90,23,37,104,33,99,28,46,25,159,88,66,133,62,79,8,145,73,152,81,15,82,91,24,38,76,183,34,31,9,158,4,40,50,51,47,
31,71,72,209,91,99,40,83,24,46,105,38,88,29,79,20,67,8,115,108,3,92,33,86,109,0,59,197,70,123,64,69,66,37,90,73,4,43,15,44,21,139,18,77,9,136,48,30,1,54,25,75,185,58,2,111,45,34,137,51,112,
71,72,112,26,209,91,99,40,83,24,46,105,38,88,29,206,79,20,67,8,115,108,3,92,33,86,109,0,59,197,70,123,64,69,66,37,90,73,4,43,15,44,21,139,18,77,9,136,48,30,1,54,25,75,185,58,2,111,45,34,137,51,
202,38,84,113,118,62,28,49,96,50,82,31,9,164,23,134,0,47,63,126,76,
162,188,193,212,65,81,124,128,140,46,118,40,129,171,82,23,126,37,164,177,134,50,179,89,0,178,49,47,176,76,33,113,199,84,38,127,9,96,28,155,63,61,31,62,189,
43,34,33,160,59,44,170,24,186,40,21,167,83,1,58,66,37,90,30,157,54,115,70,9,136,112,51,99,38,108,79,91,18,71,77,4,65,46,192,161,88,15,92,31,49,137,64,109,73,0,61,25,86,2,75,20,8,81,123,50,72,48,194,23,89,28,133,76,62,29,69,215,
126,154,169,129,113,124,149,140,96,118,183,127,0,61,90,112,51,128,1,62,70,9,69,8,130,145,84,23,63,116,37,159,99,38,46,91,152,25,66,119,131,4,65,79,64,73,15,76,49,71,143,82,148,21,34,83,72,133,158,31,88,141,40,81,28,89,151,24,50,104,33,47,181,
91,187,171,182,162,134,196,126,8,141,82,23,88,83,24,73,155,28,15,62,119,169,178,51,72,131,71,130,84,143,37,96,176,49,149,31,124,65,9,127,0,118,47,129,113,34,128,81,140,50,46,89,33,38,188,61,116,76,190,63,148,21,104,40,195,
69,155,140,70,143,134,133,159,9,82,76,90,23,169,96,66,79,213,64,61,210,131,99,25,162,89,28,91,24,50,62,129,126,8,81,15,88,21,83,73,149,0,119,51,124,118,72,141,4,71,130,63,84,37,104,31,49,46,195,116,65,127,196,47,181,113,40,34,128,148,182,33,38,190,
30,48,169,129,124,149,140,96,118,181,69,113,127,148,81,131,64,128,198,61,112,1,70,154,151,84,0,63,130,116,49,46,183,90,23,37,104,99,25,159,203,66,133,119,71,79,145,8,73,152,15,82,91,24,38,65,143,76,9,34,83,72,31,88,158,21,4,141,40,28,62,50,51,33,89,47,
33,46,127,155,126,63,47,0,134,23,164,9,31,129,50,49,28,62,118,113,199,84,38,82,179,202,61,124,189,76,177,96,193,
29,173,104,133,62,119,157,76,145,174,21,43,170,34,161,33,160,59,186,44,24,77,40,167,83,123,1,58,69,8,66,37,90,73,46,30,91,54,115,70,9,136,88,112,51,99,38,2,108,79,18,71,4,65,192,15,137,92,31,49,64,48,109,0,61,25,86,75,20,81,50,72,194,23,89,28,184,
14,37,66,69,64,33,70,92,8,45,34,20,67,109,30,43,142,15,144,156,77,3,21,58,18,44,111,86,24,2,48,1,75,25,54,108,29,4,59,138,105,26,139,
25,91,181,187,171,182,162,134,196,126,8,141,82,23,88,83,24,73,155,28,15,62,119,169,178,51,72,4,131,71,130,84,143,37,96,176,49,149,31,124,65,9,127,0,118,47,129,113,34,128,81,140,50,46,89,33,38,188,61,116,76,190,63,148,21,104,40,195,
26,185,79,9,115,91,144,108,3,92,142,33,86,109,0,70,123,64,40,69,66,37,90,73,20,4,67,8,43,15,44,21,105,18,77,24,48,139,30,1,54,59,25,75,58,2,111,138,29,45,34,137,
79,25,66,90,91,181,187,171,182,162,134,196,126,8,141,82,23,88,83,24,73,155,28,15,62,119,169,178,51,72,4,131,71,130,84,143,37,96,49,149,31,124,65,9,127,0,118,47,129,113,34,128,81,140,50,46,89,33,38,188,61,116,76,190,63,148,21,104,40,195,
14,37,40,66,69,64,33,70,92,8,45,34,20,67,109,30,43,142,15,144,156,77,3,21,58,18,44,111,86,24,2,48,1,75,25,54,108,29,4,59,138,105,26,139,
181,223,89,91,24,37,104,182,25,162,28,134,0,196,62,129,126,8,4,141,82,15,149,23,88,155,21,83,73,140,119,169,178,118,72,131,71,130,63,84,143,9,76,96,176,49,116,31,124,65,127,47,113,46,171,34,128,61,195,81,148,187,50,33,38,51,188,190,40,
30,48,222,64,143,126,47,154,169,90,129,50,113,34,124,203,149,70,140,61,96,118,183,25,104,127,0,79,158,112,33,51,130,128,49,1,159,62,141,9,88,69,148,8,145,66,84,23,181,63,116,37,99,38,46,91,152,73,119,40,131,4,83,65,15,76,71,82,21,72,151,133,198,31,81,28,89,24,
38,46,83,144,206,88,197,91,185,79,26,9,115,108,3,92,142,33,86,109,0,70,123,64,40,69,66,37,90,73,20,4,67,8,43,15,44,21,105,18,77,24,48,139,30,1,54,59,25,75,58,2,111,138,29,45,34,137,51,
28,89,192,61,50,211,77,67,81,49,45,112,65,4,71,105,38,44,111,75,8,58,86,25,92,29,90,54,115,48,1,123,31,0,137,70,3,15,18,79,72,108,99,51,88,21,136,69,2,9,91,161,24,46,200,66,73,20,37,83,30,167,40,64,59,23,160,109,34,33,170,43,194,
67,133,105,137,66,3,28,99,89,160,29,111,40,23,45,194,123,72,1,50,81,20,91,75,4,86,15,25,18,167,61,0,71,109,38,48,64,49,31,92,170,21,65,136,79,157,8,108,186,37,2,73,112,88,9,70,115,44,54,30,46,90,161,69,58,51,200,83,77,24,208,59,33,34,192,43,
210,196,162,134,222,64,143,126,47,154,169,90,129,50,113,34,124,149,70,140,61,96,118,183,25,104,127,0,79,158,112,33,51,130,128,49,1,159,62,141,9,88,69,148,8,145,66,84,190,23,181,63,116,37,99,38,91,152,73,119,40,131,4,83,65,182,15,76,71,82,21,72,151,133,198,31,81,28,89,24,46,213,
116,152,82,154,47,151,158,227,69,29,108,173,15,104,133,221,54,62,119,40,157,76,145,66,174,21,43,170,91,34,25,192,161,33,112,160,2,81,59,186,28,44,123,24,77,9,88,83,4,1,58,137,8,37,90,73,46,30,109,115,194,70,136,51,99,20,38,79,167,0,18,71,65,92,31,49,64,215,48,61,86,75,50,72,23,89,184,
105,145,119,104,173,111,43,34,33,112,160,2,81,59,44,123,3,170,91,24,186,28,40,21,9,88,83,4,1,58,137,66,37,90,30,109,157,221,54,133,115,194,70,136,51,99,20,38,108,29,79,167,0,18,71,77,65,46,161,15,92,31,49,64,73,61,192,25,86,75,8,50,208,72,215,48,23,89,76,62,69,
26,49,160,65,217,83,31,71,4,72,209,8,75,91,24,99,40,46,105,38,88,21,29,79,20,67,115,108,3,70,0,137,92,25,33,86,109,59,197,123,64,69,136,139,2,66,200,37,90,73,43,15,44,111,18,77,9,167,30,1,54,48,185,51,58,45,112,34,
144,31,218,71,4,112,45,26,72,209,8,75,91,24,99,40,83,217,46,105,38,88,21,29,79,20,67,115,108,3,70,0,137,92,25,33,86,109,59,197,123,64,206,69,136,139,2,66,37,90,73,43,15,44,111,18,77,9,30,138,1,54,48,185,51,58,34,
124,161,136,77,20,115,44,184,59,191,201,148,127,113,54,203,207,65,18,89,48,119,43,30,92,21,131,64,128,61,112,1,143,72,70,141,69,154,83,2,151,84,149,0,71,63,205,130,116,198,49,90,23,37,104,33,99,28,46,174,25,159,88,66,133,62,79,157,8,145,73,152,81,15,82,91,173,24,38,76,183,34,31,9,158,4,40,50,51,47,
176,226,33,46,9,127,164,118,63,126,47,84,0,134,23,189,31,179,129,50,124,49,28,62,113,155,76,199,38,82,193,202,177,96,61,219,
131,84,158,152,151,154,82,116,47,214,227,69,29,108,173,15,104,133,54,62,119,40,157,76,145,66,174,21,43,170,91,34,25,192,161,33,112,160,2,81,59,186,28,44,123,191,24,77,9,88,83,4,1,58,137,8,37,90,73,46,30,109,115,194,70,136,51,99,20,38,79,167,0,18,71,65,92,31,49,64,48,61,86,75,50,72,23,89,184,
88,73,143,169,119,15,182,141,83,190,34,149,148,71,72,130,131,24,189,62,31,61,63,155,28,96,8,187,127,38,84,199,21,113,76,176,47,49,178,89,0,179,50,134,177,164,37,126,23,82,171,129,40,118,46,140,51,128,124,81,65,33,212,204,104,162,9,188,116,195,
182,190,195,148,130,143,34,131,8,149,71,24,72,169,119,15,73,83,88,141,113,76,61,155,140,187,46,9,38,49,96,50,62,31,128,127,33,126,89,124,171,116,118,21,81,178,28,65,162,134,37,40,47,188,84,177,23,164,82,179,129,176,51,104,63,204,0,199,189,196,
20,77,174,92,43,18,59,126,225,30,48,127,169,90,129,50,124,203,149,70,140,61,96,118,181,23,69,148,113,201,34,81,131,64,143,222,128,216,49,119,207,40,112,33,1,159,154,151,72,84,0,79,158,63,130,51,116,37,46,183,104,25,99,66,145,133,71,8,73,152,15,82,91,191,24,205,38,65,76,9,88,83,4,198,31,21,141,62,28,89,47,
29,141,130,131,143,186,84,109,58,160,108,170,86,75,116,37,123,44,2,81,82,161,154,151,72,214,47,184,50,54,133,115,194,48,40,119,59,137,167,0,158,79,77,43,92,192,25,104,33,112,18,69,136,70,76,9,88,20,99,157,90,23,30,89,1,62,66,145,152,73,15,173,4,83,71,31,28,65,34,38,49,61,91,64,21,51,8,174,46,191,24,
Future sets, 
137,73,28,9,185,230,91,88,225,83,220,197,206,51,188,96,233,63,200,47,184,46,183,71,208,218,81,72,209,99,236,112,249,136,235,38,31,242,129,217,104,241,160,23,134,247,84,221,167,65,202,178,62,199,82,219,195,76,213,189,164,126,239,118,231,89,226,113,243,130,128,193,179,170,177,124,237,211,61,198,174,158,227,116,229,194,192,161,244,131,155,238,141,140,223,176,143,240,127,224,210,148,245,186,49,171,157,215,133,246,216,119,204,162,187,50,201,149,212,154,145,190,151,248,234,222,214,169,173,191,182,152,196,207,205,181,159,203,
152,183,222,198,203,158,238,154,112,48,205,225,234,30,80,117,103,115,98,106,163,132,125,122,102,110,207,120,18,217,147,121,218,135,232,150,77,174,201,58,165,75,172,221,157,230,173,248,54,175,136,209,191,94,67,216,200,245,184,111,208,146,170,161,153,166,239,142,45,180,137,214,20,123,92,241,144,168,167,240,29,228,156,59,215,185,108,86,235,138,206,109,139,236,227,197,100,211,237,242,43,105,186,192,249,194,160,243,44,
243,137,214,123,114,109,186,170,160,167,108,75,86,194,192,29,138,85,132,241,125,172,80,57,166,103,150,107,60,98,87,228,94,235,163,117,93,147,100,209,122,135,26,102,211,106,215,153,121,230,168,180,110,165,232,242,142,175,156,144,146,206,218,120,249,245,227,221,208,111,240,105,237,67,197,139,236,239,45,217,185,200,53,74,58,
208,240,105,95,101,55,74,185,236,139,209,67,114,211,237,26,217,120,206,146,156,175,230,242,68,165,110,180,168,218,121,153,106,166,102,232,135,122,144,241,197,100,147,93,117,163,138,235,94,228,87,98,60,107,53,150,200,103,57,80,172,125,132,85,142,45,
94,132,102,45,44,100,43,67,58,135,121,147,120,110,163,125,106,122,231,233,229,150,86,75,69,172,90,79,54,157,203,105,208,206,230,108,211,235,185,111,214,249,146,218,115,240,137,232,161,192,160,221,142,245,139,242,200,186,228,167,64,239,136,168,175,215,112,66,144,243,59,170,138,92,184,194,123,173,70,25,236,133,241,30,165,174,248,145,99,197,48,151,209,77,180,156,227,237,166,191,216,207,201,217,109,153,205,225,234,213,159,210,224,154,238,158,198,222,183,152,
147,150,125,87,135,172,98,103,57,122,85,80,117,53,107,93,19,56,35,163,52,74,60,97,114,132,95,41,78,32,55,101,68,
117,10,95,68,101,55,32,114,97,74,78,41,52,35,107,56,19,
103,87,85,117,53,107,93,19,56,35,52,74,97,114,132,95,41,78,32,55,101,68,
130,149,148,71,72,34,131,195,15,142,169,182,119,246,141,190,83,210,88,215,91,218,143,223,247,120,181,54,196,69,73,200,147,58,185,231,233,229,150,86,213,75,172,90,217,79,206,157,203,105,232,208,230,108,235,211,111,238,214,249,146,43,170,115,242,240,137,161,192,160,221,245,139,186,59,228,167,64,191,239,112,136,168,175,48,66,144,243,241,138,92,184,194,123,173,70,197,25,152,236,109,133,165,174,248,145,99,151,24,209,77,180,156,227,237,166,216,207,201,153,205,225,234,159,224,154,158,198,222,183,
185,230,91,88,83,197,206,51,96,63,47,46,71,218,72,99,209,112,136,235,38,31,242,129,217,104,160,134,247,84,167,200,65,178,62,82,195,76,189,164,126,239,118,231,202,89,113,226,243,130,241,128,219,193,179,170,177,124,237,221,211,61,174,158,227,199,116,229,213,194,81,192,161,244,131,155,238,141,140,223,176,143,240,127,224,210,148,245,236,208,186,171,157,215,133,246,216,119,204,162,49,233,188,187,201,220,149,212,154,225,145,190,151,248,234,222,184,214,169,173,191,183,182,152,50,249,196,207,205,181,159,203,198,
68,101,55,32,78,95,114,97,74,41,52,35,56,107,19,


39,42,17,
228,168,175,146,120,165,110,121,106,95,180,101,114,55,132,53,57,94,232,153,74,107,117,80,85,122,103,163,98,93,172,56,135,166,87,60,125,150,68,147,102,100,
169,182,119,141,190,83,88,91,143,246,223,247,181,196,73,147,120,58,231,233,229,150,86,75,69,172,90,79,54,157,203,105,208,206,230,108,211,235,185,111,214,249,146,43,218,115,240,137,232,161,192,160,221,142,245,139,242,200,186,228,167,64,239,136,168,175,215,112,66,144,243,59,170,241,138,92,184,194,123,173,70,25,236,133,165,174,248,145,99,197,48,151,209,77,180,156,227,237,166,191,216,207,201,217,109,153,205,225,234,213,159,210,224,154,238,158,198,222,183,152,
153,180,121,102,147,150,68,125,60,87,135,172,98,163,103,122,85,80,117,107,56,93,74,94,57,53,55,114,101,132,95,
42,39,
98,106,163,132,125,122,102,110,120,147,121,135,150,77,201,58,207,165,232,75,221,157,230,173,174,248,175,136,209,191,67,216,54,200,172,245,184,111,94,243,170,161,153,166,239,180,146,137,214,123,92,241,168,167,240,228,156,215,142,185,144,217,108,86,235,206,139,227,197,138,211,115,242,218,237,109,236,105,208,59,186,43,192,100,249,45,194,160,44,
107,35,52,41,74,97,95,78,32,55,101,68,114,56,
173,157,136,115,94,163,67,132,125,122,44,248,111,135,121,54,75,142,209,86,153,147,214,120,150,217,172,102,239,184,106,243,109,161,228,166,180,146,137,123,241,167,156,215,144,211,245,108,175,105,242,98,235,168,185,58,192,206,139,227,160,197,138,230,200,218,165,232,110,100,237,170,236,103,240,208,186,221,249,194,45,
116,105,204,104,138,111,142,168,144,165,34,143,175,66,156,139,248,109,218,108,217,92,201,83,192,88,197,91,200,73,182,236,211,215,184,240,131,173,64,152,198,243,205,158,227,160,70,239,130,90,191,99,208,214,234,238,167,225,154,221,112,72,181,245,136,174,237,241,170,242,133,216,145,222,151,69,183,249,209,186,77,115,224,235,185,194,123,232,203,207,213,157,228,119,79,161,137,246,210,230,159,206,231,71,195,229,148,196,169,233,247,190,223,149,141,

192,161,131,234,236,133,208,186,157,237,134,154,173,240,184,227,124,174,119,222,145,248,104,207,215,221,118,205,126,229,152,231,128,158,151,47,214,28,239,116,219,195,82,249,130,233,143,246,141,244,220,210,245,191,63,201,213,159,238,226,148,140,243,183,198,127,149,216,113,203,202,193,179,76,224,171,212,169,225,178,164,181,155,187,84,176,189,199,96,177,196,129,190,247,162,62,223,182,204,188,89,
180,146,195,131,169,182,119,92,141,190,83,88,91,143,246,223,229,247,181,196,233,73,69,90,79,231,232,206,230,108,245,209,185,111,248,249,112,239,211,194,170,109,218,157,217,156,215,240,161,192,160,221,142,64,201,186,208,139,200,115,237,228,167,168,236,99,175,144,243,137,214,77,241,184,123,173,165,235,174,197,136,138,105,242,227,166,191,216,59,133,159,210,224,213,203,66,151,145,154,234,238,70,207,225,158,205,198,222,183,152,
233,229,150,86,75,69,90,79,231,54,203,105,206,230,108,235,185,111,249,211,218,240,232,161,192,160,221,142,139,200,186,115,242,157,228,167,239,168,175,215,66,144,243,208,59,137,214,170,241,92,184,194,123,173,236,165,245,174,248,99,197,48,209,138,77,156,227,237,166,191,216,136,207,201,217,146,109,180,153,205,225,234,172,64,213,133,159,210,224,112,151,145,154,238,70,158,198,222,183,152,
218,206,146,144,156,175,230,142,242,232,138,120,165,110,180,168,121,153,106,166,102,135,122,241,100,147,93,117,163,235,94,228,87,98,60,107,150,103,57,80,172,125,132,85,

236,208,186,157,237,133,154,173,240,184,227,174,119,145,104,215,221,205,126,152,231,158,151,47,214,239,116,195,82,249,130,143,222,141,220,131,210,245,191,63,201,134,213,159,238,226,148,207,128,140,219,183,198,127,149,216,203,124,202,193,246,179,118,224,171,212,169,248,225,178,164,76,243,181,234,155,187,176,189,199,177,244,196,129,190,113,247,162,62,229,223,182,96,233,204,188,84,
249,245,227,221,215,117,208,111,240,105,98,147,102,122,125,172,237,132,211,67,146,241,144,180,206,209,166,100,197,150,163,242,168,218,121,94,110,165,139,236,239,45,142,156,230,175,120,217,235,138,185,135,232,106,153,103,200,228,80,
234,225,205,122,106,125,163,110,120,147,121,135,150,77,201,58,207,165,232,75,221,157,230,173,174,248,175,136,209,191,67,216,54,200,172,245,184,111,243,170,161,153,166,239,180,146,137,214,123,92,241,168,167,240,228,156,215,142,185,144,217,108,86,235,206,139,227,197,138,211,115,242,218,237,109,236,105,208,59,186,43,192,100,249,194,160,44,
242,217,160,134,84,167,200,65,62,82,76,164,126,118,202,113,243,241,219,193,179,170,177,189,129,226,124,221,211,61,158,227,130,199,116,213,194,192,161,244,155,238,141,140,237,223,176,178,81,143,240,127,224,210,231,148,245,236,208,186,89,171,157,215,133,216,119,204,162,233,188,187,104,201,220,149,246,212,154,128,225,145,190,151,49,248,234,222,174,184,131,214,169,173,191,229,239,183,182,195,152,50,249,247,196,207,205,181,159,203,198,
52,41,97,95,55,101,114,68,56,
140,176,244,178,226,127,128,171,89,66,70,37,214,141,173,64,223,210,207,183,238,159,248,227,191,239,130,203,169,143,216,247,158,231,184,196,198,195,222,242,133,237,148,215,157,233,152,241,236,211,228,119,99,208,194,181,72,161,186,151,131,240,167,174,65,154,243,170,234,145,218,217,249,71,192,83,235,209,201,221,112,245,136,213,104,204,205,225,116,88,197,206,229,160,51,230,190,81,212,187,220,162,182,73,246,137,185,200,91,188,79,90,224,115,123,232,149,40,
175,156,139,109,108,92,83,88,91,73,236,211,200,215,66,184,240,173,152,198,243,205,158,227,160,70,192,239,90,191,201,248,99,214,234,238,167,225,154,221,72,245,174,237,241,170,217,242,216,145,222,151,218,69,183,112,249,209,186,115,235,185,197,194,123,203,207,136,213,64,224,157,228,79,161,232,208,137,210,230,159,133,206,231,71,131,195,182,229,148,196,119,169,233,181,247,190,143,223,149,246,141,130,
114,101,56,95,97,41,52,

214,141,173,223,210,207,183,238,159,248,227,191,239,130,203,169,143,216,247,158,231,184,196,198,195,222,242,133,237,148,215,157,233,152,241,236,211,228,119,99,208,194,181,72,161,186,151,131,240,167,174,65,154,243,170,234,145,218,217,249,71,192,83,235,209,201,221,112,245,136,213,104,204,205,225,116,88,197,206,229,160,51,230,190,81,212,187,220,162,182,73,246,137,185,200,91,188,79,90,224,115,123,232,149,40,
235,202,136,112,209,99,76,72,242,160,217,218,71,167,200,243,241,219,193,179,170,177,189,129,226,124,221,211,61,158,227,130,199,116,213,194,192,161,244,155,238,141,140,237,223,176,178,81,143,240,127,224,210,231,148,245,236,208,186,89,171,157,215,133,216,119,204,162,65,233,188,187,104,201,220,149,246,212,154,128,225,145,190,151,49,248,234,222,174,184,131,214,169,173,191,229,239,183,182,195,152,249,247,196,207,205,181,159,203,198,

232,123,115,90,79,91,185,137,73,162,220,187,188,212,81,230,51,229,206,197,116,205,204,104,136,225,112,201,209,235,83,71,160,249,217,218,145,234,170,243,154,65,167,240,151,186,161,72,194,208,119,192,211,236,200,241,152,233,157,246,215,221,148,237,88,133,222,131,195,213,182,198,245,196,184,231,158,247,216,143,169,242,203,130,191,227,224,99,248,159,149,238,183,207,174,181,210,190,223,173,141,214,239,
95,97,52,

150,201,207,92,86,75,157,173,174,248,136,77,191,216,54,172,184,243,161,153,166,180,239,146,137,214,123,241,167,228,156,215,185,144,108,235,206,175,139,168,227,197,138,230,142,200,115,242,209,217,218,165,237,109,236,211,240,232,105,208,245,59,186,221,192,249,194,160,170,111,
135,121,75,86,147,120,150,54,172,184,243,161,153,166,180,239,146,137,214,123,241,167,228,156,215,144,108,235,185,58,206,175,139,168,227,197,138,230,142,200,242,209,217,218,165,110,237,109,236,211,240,232,105,208,245,186,221,192,249,194,160,170,111,
100,102,122,125,237,132,211,67,146,144,180,206,209,172,135,218,139,166,120,197,150,163,242,168,94,241,147,110,165,236,142,235,156,230,175,217,138,106,185,153,232,200,121,228,
235,136,140,176,244,178,226,127,112,209,99,128,171,89,242,160,217,218,65,223,200,170,249,241,162,167,246,72,239,227,148,154,233,212,133,211,194,192,119,198,188,187,220,141,208,186,236,157,161,240,234,215,221,237,158,145,224,210,131,204,151,174,247,184,173,191,214,231,152,201,245,130,203,183,104,182,243,190,195,116,81,248,169,149,222,143,196,216,207,225,205,229,181,213,159,71,238,
152,158,151,214,239,116,249,130,143,141,131,245,191,63,201,134,159,226,148,207,140,183,198,128,195,127,149,216,203,205,202,193,126,246,179,118,224,171,238,212,169,225,178,231,164,181,248,234,220,155,222,187,243,176,189,199,177,244,213,210,196,129,190,219,113,247,162,229,223,182,124,96,233,204,188,84,
234,225,205,153,180,146,201,207,216,191,166,227,77,138,136,197,248,174,165,173,123,184,245,241,214,92,137,243,144,175,168,167,228,237,242,115,200,139,208,59,186,142,221,160,192,161,240,215,156,217,157,218,236,109,170,194,211,239,249,111,185,209,235,108,230,206,105,232,
241,219,193,179,170,177,189,129,124,211,61,227,199,116,194,192,161,244,155,238,140,223,176,178,226,143,127,210,231,148,236,208,186,171,157,240,215,221,133,216,204,162,245,233,188,187,104,220,149,212,141,224,237,154,128,145,119,190,151,234,222,174,184,131,214,169,173,191,158,229,201,130,213,239,183,182,243,195,81,248,152,247,246,196,249,225,207,205,181,159,89,203,198,
194,192,161,237,133,157,186,208,236,89,113,202,118,126,164,159,219,221,215,193,179,177,189,128,127,210,187,104,188,220,162,245,171,212,129,199,116,155,238,226,143,178,244,176,145,119,204,151,234,174,227,184,131,214,240,173,191,158,148,231,201,239,130,213,183,182,76,243,190,195,248,149,223,140,141,224,247,246,196,82,249,154,207,124,233,169,222,152,205,229,181,225,203,216,198,
206,197,116,204,104,136,112,209,235,83,71,217,218,145,170,243,167,240,186,161,234,194,208,192,119,211,236,200,241,160,233,157,215,72,221,148,88,237,133,131,195,213,182,229,198,245,196,184,231,158,216,143,169,242,203,130,191,201,154,227,151,224,99,248,222,149,205,183,207,174,247,225,152,181,210,190,223,159,246,173,249,238,141,214,239,

93,117,74,107,85,
184,172,243,161,153,166,180,146,137,214,123,167,228,156,215,185,144,108,235,206,175,139,168,227,197,138,230,142,200,242,209,217,218,241,165,237,109,236,211,240,232,105,208,245,186,239,221,192,249,194,160,170,111,
114,101,95,
101,95,
103,132,163,107,98,87,117,93,
192,172,215,221,249,206,237,150,239,166,120,209,180,232,208,165,194,105,240,197,211,168,147,236,241,218,86,175,217,153,242,245,156,111,200,142,185,230,144,138,227,228,139,146,235,
216,191,166,77,136,248,174,165,173,123,241,214,137,243,184,144,175,168,227,167,237,200,208,245,186,142,221,192,161,240,215,156,157,109,236,194,211,239,160,197,138,249,170,111,185,139,218,115,242,209,108,235,206,217,230,228,232,105,
125,103,132,163,117,87,98,
199,194,192,161,155,140,176,244,178,226,127,231,236,208,186,171,157,215,221,133,204,162,233,188,187,116,220,149,212,141,237,128,145,216,119,190,210,151,222,174,245,227,184,131,240,169,173,191,214,143,158,229,148,201,130,239,183,182,243,195,248,223,152,247,246,104,196,249,154,225,207,205,181,234,224,213,159,89,238,203,198,
113,202,118,126,164,159,219,221,215,193,179,177,189,128,127,210,187,104,188,220,162,245,171,212,129,199,116,155,238,226,143,178,244,176,145,119,204,151,234,174,227,184,131,214,240,173,191,158,148,231,201,239,130,213,183,182,76,243,190,195,248,149,223,140,141,224,247,246,196,82,249,154,207,124,233,169,222,152,205,229,181,225,203,216,198,
201,159,148,207,183,198,128,127,149,203,205,96,202,216,140,193,246,118,224,171,212,169,225,178,231,181,234,220,248,195,155,187,243,134,189,199,177,213,210,196,190,179,126,219,222,113,162,244,176,229,223,226,238,129,182,124,233,204,164,247,188,
133,159,210,137,232,228,161,224,157,213,136,203,123,197,185,235,206,230,115,209,249,112,218,151,145,242,217,170,237,174,241,221,154,167,234,214,186,248,201,238,191,216,239,192,70,207,160,227,225,158,205,243,245,198,222,183,152,173,240,184,215,194,200,211,208,236,99,
200,170,241,167,81,227,154,212,211,194,192,119,188,187,220,162,208,186,236,161,234,157,215,221,148,237,133,145,210,204,131,151,224,174,247,184,240,173,246,191,214,141,158,231,201,245,239,130,203,183,182,243,190,195,248,149,222,223,196,249,143,216,207,233,169,152,225,205,229,181,116,104,213,159,238,198,
232,228,123,115,213,231,197,185,235,206,230,137,217,158,225,210,151,218,154,221,159,224,157,133,200,192,209,145,242,183,170,237,174,241,167,234,214,186,245,248,201,238,191,79,216,239,207,160,90,227,205,243,184,203,136,198,222,112,249,152,211,173,240,215,194,99,236,208,161,
237,211,146,218,217,206,209,139,166,120,235,197,150,242,172,153,180,241,147,144,165,236,142,110,156,135,230,175,185,138,232,228,121,168,
114,101,
232,228,224,136,123,197,185,235,206,230,115,209,112,218,145,242,217,170,174,221,167,214,186,154,151,248,201,238,191,216,239,192,207,160,225,205,158,243,203,245,198,222,137,234,183,249,152,157,173,184,240,227,237,215,241,194,200,236,211,208,161,
232,228,224,213,136,123,197,185,235,206,230,115,209,112,218,145,242,217,170,174,221,167,214,186,154,151,248,201,238,191,216,239,192,207,160,225,205,158,243,203,245,198,222,137,234,183,249,152,157,173,184,240,227,237,215,241,194,200,236,211,208,161,
218,217,170,167,186,161,194,208,192,211,236,200,241,160,157,215,221,237,133,131,195,213,182,229,198,148,245,243,196,184,231,119,216,169,203,191,201,154,151,248,222,205,158,234,183,207,224,233,174,225,181,210,247,190,240,143,223,159,149,246,249,152,238,141,242,145,239,130,227,173,214,
218,217,170,167,186,161,194,208,192,211,236,200,241,160,157,215,221,237,133,131,195,213,182,229,198,148,245,243,196,184,231,119,216,169,203,191,201,154,151,248,222,205,158,234,183,207,224,233,174,225,181,210,247,190,240,143,223,159,149,246,249,152,238,141,242,145,239,130,227,173,214,
137,185,206,230,197,159,235,233,196,181,247,229,158,231,160,223,152,246,143,214,170,241,217,210,151,222,213,154,225,218,224,133,192,209,145,216,242,183,112,174,245,221,167,238,186,99,248,201,191,157,239,207,136,205,243,184,203,198,234,249,211,173,91,240,227,88,237,215,194,200,236,208,161,
107,
172,215,221,249,206,237,239,166,209,180,232,208,165,194,105,240,197,211,168,236,241,218,86,175,217,153,242,245,156,111,200,142,185,230,144,138,227,228,139,146,235,192,
219,221,215,193,179,177,189,128,127,187,188,220,162,171,212,199,155,226,178,244,176,145,119,210,204,151,174,227,184,131,240,173,191,214,158,148,201,245,239,130,183,182,243,190,195,248,149,223,141,247,246,196,140,249,143,154,207,124,233,169,222,152,205,231,229,181,234,116,225,224,104,213,159,129,238,203,216,198,
248,174,165,173,123,214,137,243,184,144,175,168,108,237,200,208,245,142,221,192,161,240,227,136,215,157,236,241,167,115,194,211,239,160,197,249,170,186,185,111,139,218,242,209,156,235,206,138,217,230,228,232,109,

231,197,185,235,206,230,137,99,217,158,210,151,213,154,159,218,224,133,192,209,145,242,183,170,174,221,167,214,186,245,248,201,238,191,216,157,112,239,207,160,225,205,243,184,203,198,222,234,249,152,211,173,240,227,237,215,241,194,200,236,208,161,136,
98,163,125,103,132,
212,211,194,192,188,187,220,162,208,186,236,161,157,215,221,237,133,145,119,210,204,151,174,227,184,131,240,173,191,214,158,148,201,245,239,130,183,182,243,190,195,248,149,223,141,247,246,196,249,143,154,207,233,169,222,152,205,231,229,181,234,116,225,224,104,213,159,238,203,216,198,
154,152,158,151,128,164,126,118,198,159,201,143,131,205,183,207,141,245,148,191,214,130,239,219,202,149,193,246,249,140,179,177,189,203,247,176,229,244,162,178,231,226,196,216,243,190,199,181,234,113,222,169,182,212,171,224,188,116,225,248,195,220,155,129,238,124,233,127,204,213,187,223,210,
190,159,235,233,196,181,247,229,158,231,160,223,152,246,143,214,170,241,217,210,151,222,213,154,225,218,224,133,192,209,145,216,242,183,112,174,245,221,167,238,186,99,248,201,191,157,239,207,136,205,243,184,203,198,234,249,211,173,240,227,88,237,215,194,200,236,208,161,141,
191,245,131,201,159,141,143,130,148,207,183,205,198,128,164,126,219,202,149,193,246,249,140,179,177,189,203,247,176,229,244,162,178,231,226,196,216,243,190,199,181,234,113,222,169,182,212,171,224,118,188,225,248,195,220,155,129,238,124,233,127,204,213,187,223,210,
117,107,
221,249,245,194,172,153,166,239,180,146,208,105,240,211,236,237,165,241,218,217,209,242,200,142,230,138,197,227,168,139,175,206,235,144,185,215,156,232,228,111,
117,
235,233,196,181,247,229,231,223,246,143,99,217,158,210,151,213,154,159,218,224,133,192,209,145,242,183,170,174,221,167,214,186,245,248,201,238,191,216,157,112,239,207,160,225,205,243,184,203,198,222,234,249,152,211,173,240,227,237,215,241,194,200,236,208,161,136,
236,208,186,171,157,215,221,133,162,188,187,220,212,237,128,145,119,210,204,151,174,227,184,131,240,173,191,214,158,148,201,245,239,130,183,182,243,190,195,248,149,223,141,247,246,196,249,143,154,207,233,169,222,152,205,231,229,181,234,116,225,224,104,213,159,238,203,216,198,
231,197,185,235,206,230,137,99,217,158,210,151,213,154,159,218,224,133,192,209,145,242,183,170,174,221,167,214,186,245,248,201,238,191,216,157,112,239,207,160,225,205,243,184,203,198,222,234,249,152,211,173,240,227,237,215,241,194,200,236,208,161,136,
223,197,230,206,235,185,231,229,233,181,99,217,158,210,151,213,154,159,218,224,133,192,209,145,242,183,170,174,221,167,214,186,245,248,201,238,191,216,157,112,239,207,160,225,205,243,184,203,198,222,234,249,152,211,173,240,227,237,215,241,194,200,236,208,161,136,
232,228,207,201,191,248,174,173,184,221,243,206,235,216,137,211,230,214,245,208,217,186,209,161,240,242,218,185,237,200,249,170,197,123,115,194,167,241,157,236,136,215,227,192,160,239,
117,107,
132,150,172,147,125,122,163,135,102,

216,140,118,212,169,225,178,181,220,248,222,202,155,234,187,193,189,199,246,177,224,213,195,210,196,238,190,134,231,179,219,162,244,176,126,223,226,129,233,182,229,204,171,164,247,188,

163,132,
210,213,159,224,133,209,112,218,145,242,217,170,174,221,167,214,186,154,151,248,201,238,191,216,239,192,207,160,225,205,158,243,203,245,198,222,234,183,249,152,157,173,184,240,227,237,215,241,194,200,236,211,208,161,
166,163,125,106,172,150,135,121,147,180,153,122,

135,163,122,125,147,172,150,

204,174,184,240,173,239,191,214,158,151,227,148,245,130,182,243,195,149,223,141,246,196,154,233,249,190,169,248,152,231,229,247,181,225,224,207,213,183,234,205,210,131,143,222,201,159,238,203,216,198,
240,211,236,237,165,241,218,217,209,138,242,200,142,230,197,168,139,175,206,235,144,185,156,232,228,
135,121,172,150,147,180,153,

237,200,208,245,239,221,192,240,227,215,249,236,241,167,194,211,160,197,170,186,185,218,242,209,235,206,217,230,228,232,109,
232,228,230,217,206,235,209,242,218,185,186,170,197,160,211,194,167,241,236,249,215,227,240,192,221,239,245,208,200,237,
165,147,120,172,150,180,166,153,
240,211,236,208,237,241,218,217,209,138,242,200,142,230,197,168,139,175,206,235,144,185,156,232,228,
218,242,217,174,170,167,186,154,248,201,238,191,216,239,192,207,160,225,205,158,243,214,203,245,198,222,234,183,249,152,157,221,173,184,240,227,237,215,241,194,200,236,211,208,161,
219,202,193,179,177,189,203,124,247,176,244,162,178,226,196,216,243,149,190,231,199,181,222,169,129,212,171,229,188,225,248,234,220,155,238,195,224,233,204,213,246,187,182,140,223,210,127,

184,243,161,137,230,214,245,217,186,206,235,209,240,242,211,218,249,185,237,170,197,194,167,241,236,215,160,227,192,221,239,208,200,
239,214,204,191,148,245,130,182,243,195,149,223,141,246,196,233,249,190,169,248,231,229,247,181,225,224,207,213,183,234,205,210,131,143,222,201,159,238,203,216,198,

169,225,181,126,248,222,202,234,193,189,199,177,213,195,210,196,238,155,190,231,226,224,219,178,162,244,187,176,233,182,223,204,179,220,171,164,247,188,229,246,212,129,
182,198,243,184,216,203,238,201,222,205,234,183,213,154,207,224,233,174,225,196,181,240,210,151,247,229,231,248,190,249,223,159,246,141,143,145,227,173,214,158,239,245,152,191,169,
172,150,180,153,166,
172,150,147,180,153,
150,172,147,
200,208,239,221,192,227,215,236,241,167,194,160,197,170,185,249,218,211,242,240,209,235,237,206,186,217,245,214,230,137,
176,244,178,226,155,216,243,149,199,140,169,212,171,229,196,225,181,210,222,248,190,234,162,220,238,188,247,195,224,233,204,213,246,187,182,223,231,
163,
248,222,202,234,193,189,199,177,238,213,195,210,196,155,190,231,226,224,219,178,162,244,187,176,233,182,223,204,179,220,212,171,247,188,229,246,
226,203,178,244,176,216,243,149,140,169,212,171,229,196,225,181,210,222,248,190,234,162,220,238,188,247,195,224,233,204,213,246,187,182,223,231,
212,198,205,183,204,220,207,148,149,243,216,195,224,234,196,225,248,190,229,169,210,181,233,238,222,182,223,187,246,231,188,247,213,203,162,
189,181,199,177,196,222,248,225,234,246,229,188,247,171,212,220,204,223,182,233,176,187,244,162,178,224,226,231,190,210,169,195,213,155,238,
182,169,195,149,143,141,246,159,223,249,190,248,231,229,247,210,181,196,225,233,224,207,213,183,234,205,222,201,238,203,216,243,198,
245,195,182,169,143,141,246,159,223,249,190,248,231,229,247,210,181,196,225,233,224,207,213,183,234,205,222,201,238,203,216,243,198,

237,221,215,224,159,145,174,203,227,198,240,173,184,243,214,183,213,154,234,205,222,249,191,158,216,245,201,248,225,207,239,152,151,238,
238,213,195,202,189,177,199,193,155,231,226,224,219,178,244,187,176,233,223,204,179,220,212,171,247,188,229,164,246,
150,172,147,
218,242,217,209,170,214,186,243,161,160,211,194,167,241,236,249,215,227,240,192,184,221,239,245,208,200,237,
214,230,217,206,235,209,242,218,185,186,170,197,160,211,194,167,241,236,249,215,227,240,192,221,239,245,208,200,237,
242,142,230,175,235,156,232,144,228,168,
228,185,242,232,209,235,206,217,230,218,241,197,
212,171,196,181,222,248,225,234,162,238,220,188,229,247,195,233,224,213,187,246,204,182,223,190,231,210,169,
249,246,223,190,231,229,247,210,181,196,233,159,224,207,213,183,234,222,205,248,201,238,225,203,216,243,198,
235,230,175,156,232,228,168,
249,246,223,231,229,247,210,181,196,233,159,224,207,213,183,234,222,205,248,201,238,225,203,216,243,198,
242,235,156,232,228,230,175,
174,184,227,240,173,243,183,234,222,203,249,214,158,205,154,201,248,225,207,239,216,151,245,198,152,191,238,
180,165,175,166,168,

149,243,216,195,224,234,196,225,248,190,229,169,210,181,233,238,222,182,223,246,231,247,213,203,
243,216,195,234,196,225,248,229,169,210,233,238,222,181,182,223,246,231,190,247,213,224,

183,158,234,201,222,203,214,243,205,191,245,248,207,249,239,198,225,216,238,
183,158,234,201,222,203,214,243,205,191,245,248,207,249,239,198,225,216,238,
180,
238,216,225,198,249,207,245,191,248,205,243,214,203,222,201,239,234,158,
226,224,178,244,176,223,212,220,231,171,229,187,233,204,247,246,188,
232,228,
221,173,239,184,240,227,249,245,237,214,243,215,
239,222,214,243,248,245,249,198,191,225,207,205,203,216,234,238,201,
224,213,201,183,222,248,238,225,207,203,216,243,205,234,198,
241,200,236,249,245,227,211,240,192,221,239,215,208,237,194,
243,236,186,208,245,249,227,214,237,215,240,239,221,
220,210,182,247,195,224,213,187,246,204,233,238,229,190,231,223,

219,193,199,220,204,226,177,246,189,212,202,179,244,247,


241,236,249,245,227,211,240,192,221,239,215,208,237,194,

234,225,248,222,196,231,229,210,233,238,223,246,190,213,247,224,
211,215,221,192,239,240,194,237,227,249,245,186,236,208,
212,220,231,229,187,233,204,247,246,223,188,

240,227,249,245,214,243,239,184,
248,227,249,245,214,243,239,184,

229,244,233,220,204,247,223,212,246,
220,204,226,246,212,244,247,199,
229,233,231,220,204,247,223,212,246,
199,247,212,246,226,220,244,189,

213,224,238,233,210,222,234,248,225,229,231,
224,213,246,238,233,229,231,247,223,190,
238,207,222,205,203,243,216,248,234,225,
243,239,214,245,249,227,
218,242,209,235,206,217,230,241,197,
245,249,227,237,215,240,239,221,
231,229,233,204,247,246,223,
229,233,223,204,247,246,231,220,
220,226,246,212,244,247,199,
247,231,229,233,238,223,246,213,224,
249,245,248,243,
236,245,249,227,221,239,208,240,215,237,
244,226,220,
236,245,249,227,221,239,208,240,215,237,
247,231,223,233,246,224,229,
247,231,229,233,223,210,238,224,213,
241,217,206,235,209,242,218,
238,207,205,203,243,216,248,234,225,
247,244,212,246,226,220,
237,241,236,211,
243,248,216,
226,244,219,
243,216,248,225,234,
247,246,
243,248,216,
235,242,218,
243,248,216,
240,237,
217,242,241,218,
224,238,213,
236,
246,220,
238,224,
249,245,
239,240,221,
248,
242,241,
242,
244,

240,239,
248,238,234,
233,

248,
244,
245,239,






















Past links sets, 









0,
6,




8,

13,
1,
7,5,10,
1,


0,
8,
4,15,
2,3,

23,
1,2,
1,4,
9,
19,

8,21,
19,

33,
9,
17,
37,
32,35,
17,
18,15,30,
18,20,30,
3,4,20,29,18,
9,
9,28,
1,25,
31,38,
31,
9,40,
41,
2,3,14,7,16,5,
25,43,44,
3,14,16,32,
14,16,32,35,
5,14,16,26,
2,15,44,
24,43,48,
5,14,16,26,
49,
28,31,
47,
25,33,24,34,
38,40,31,46,
25,33,24,34,
30,45,
3,14,16,32,
25,24,34,
64,
34,38,46,51,
34,38,46,51,
0,40,15,34,24,
19,53,
2,25,43,44,
38,50,62,
21,59,
19,
40,66,
29,14,26,5,16,
49,65,
50,62,
15,24,34,51,
31,47,
26,53,
58,75,
7,57,60,
73,83,
23,46,61,50,33,
40,66,
9,73,
24,34,43,48,
53,57,
14,16,26,45,
55,41,56,
63,
41,
18,80,60,20,57,
38,64,91,88,46,90,79,
14,26,30,45,
55,56,68,
94,
7,80,60,20,57,
89,81,21,76,51,
3,86,59,21,54,29,
100,
74,85,93,
34,54,2,77,
108,
26,14,44,67,
29,54,77,86,
1,70,69,99,
63,82,84,
2,35,55,68,
20,40,66,77,92,70,69,
47,51,89,82,81,21,76,
6,93,87,85,29,
82,84,96,
24,71,89,15,81,76,72,
58,110,
44,67,16,106,
5,100,102,
2,40,54,66,77,92,70,69,
49,76,113,
60,80,100,102,
118,
33,113,76,61,46,
63,89,84,82,76,
49,76,113,118,
71,104,84,116,72,
24,71,104,84,116,72,
7,94,98,
71,99,89,81,28,72,
31,96,
5,106,102,67,44,
20,88,77,90,79,91,46,69,92,70,38,
73,115,123,90,79,
67,105,26,111,
34,67,105,111,
96,124,127,
83,119,130,131,
138,
88,119,130,131,
138,
70,69,119,133,
14,24,86,67,54,26,48,
58,135,122,110,121,
128,71,104,116,72,
124,127,130,148,
25,135,43,120,122,121,
47,82,104,145,
47,145,112,82,104,
48,121,86,120,54,
104,82,112,145,
61,134,129,124,126,
142,34,144,
20,71,28,72,77,112,89,92,81,
151,152,154,
141,63,133,143,
31,72,71,137,112,136,109,
23,54,50,61,72,136,81,71,115,112,
81,140,129,128,126,
98,125,
118,134,
77,105,110,146,
59,100,120,146,
72,71,137,112,136,65,109,
142,146,
119,149,129,140,131,
72,49,71,137,112,136,65,109,
89,140,155,
86,135,54,120,122,121,
104,145,157,
77,145,112,92,104,
142,34,144,146,
127,155,
126,129,164,
127,155,
49,126,164,76,113,
146,153,
91,149,143,141,129,140,
131,119,149,162,
128,151,152,159,
54,174,173,136,115,
91,137,109,139,
28,89,161,170,
162,171,
128,81,171,
129,179,
141,169,182,
116,59,158,92,84,
23,58,75,170,50,61,160,167,81,
49,126,164,76,113,
81,170,50,61,160,167,86,
131,134,149,162,
126,141,143,169,
51,185,
128,158,159,
61,177,124,189,
160,105,65,45,111,
92,158,159,
38,113,126,164,
127,148,183,198,
104,116,178,176,187,188,177,
30,48,183,198,
26,197,
92,183,198,
3,28,192,194,161,89,111,
99,136,197,
99,162,181,196,
67,170,200,167,81,
81,128,199,178,176,171,
70,210,190,159,134,
116,184,161,158,137,
133,29,194,192,157,76,186,
59,96,149,207,205,203,201,
31,209,112,72,71,
71,209,206,112,72,
49,76,202,
188,193,162,212,
215,
183,126,181,158,169,
178,176,187,196,195,91,190,188,
69,155,195,213,
30,203,181,48,169,
202,127,193,199,155,
29,194,184,192,186,
66,14,69,156,139,109,37,70,92,
178,181,176,187,196,195,25,190,188,
142,144,185,
79,90,178,181,187,196,195,190,188,
66,14,69,156,40,139,109,70,92,
25,181,223,
30,48,203,222,
38,46,206,144,142,88,
28,89,211,161,194,192,
67,133,200,208,186,157,
198,213,222,
158,116,221,227,
105,173,208,221,
26,217,167,200,49,
144,217,218,
2,149,184,191,207,161,205,203,201,
219,176,226,
131,191,214,227,
143,204,195,212,190,
190,204,199,196,195,
20,174,225,222,216,191,
141,143,186,29,194,214,192,191,
Future links sets, 
73,23,9,
112,48,20,30,18,29,
243,123,114,26,29,108,75,53,58,
208,105,68,26,45,55,53,
45,30,25,
122,135,80,19,53,57,60,
117,10,
132,19,53,103,87,
34,24,15,
51,31,46,38,91,47,
19,


17,
228,68,56,146,100,55,110,53,60,57,80,232,94,
119,83,43,25,58,73,
94,80,60,53,121,55,56,68,57,
42,39,
45,44,98,43,
78,74,35,32,
248,157,115,44,45,98,136,103,
34,104,77,116,105,

192,161,89,28,
131,83,73,92,59,119,64,146,69,66,
233,150,69,48,54,229,75,64,66,
85,206,60,241,80,57,94,138,146,100,110,

236,208,186,62,47,157,133,
249,227,117,80,215,105,45,111,
234,225,205,43,44,67,100,
217,134,49,160,50,65,84,62,
68,55,56,41,
127,37,64,89,66,
71,66,156,64,108,72,175,83,73,139,69,92,
114,56,41,

228,40,
235,202,136,99,76,65,49,71,72,

232,115,65,51,73,123,90,79,
95,97,52,

150,54,75,59,92,
54,135,58,75,121,110,
200,100,94,67,
235,136,99,65,71,127,72,89,
152,84,116,63,151,
225,205,59,92,234,146,153,
241,219,170,193,61,81,179,124,129,
76,194,161,192,82,89,
197,116,72,83,71,104,

93,85,74,
184,172,161,153,146,105,108,123,111,
114,101,95,
101,95,
103,98,93,87,
192,147,120,86,
216,77,105,166,191,
125,103,98,87,
192,127,199,89,155,194,161,
82,76,
159,128,113,96,
99,70,
200,170,167,81,
232,228,115,79,90,123,
211,139,146,135,110,121,237,138,
114,101,
232,228,115,145,112,123,224,136,
232,228,115,145,112,123,213,136,
218,133,131,130,119,217,148,170,157,160,161,167,
218,133,131,130,119,217,148,170,157,160,161,167,
137,91,88,
107,
192,86,
116,215,193,124,179,119,219,127,104,128,129,
165,157,136,174,108,123,111,115,

137,231,136,99,
125,103,98,
212,133,211,188,119,104,192,157,161,194,116,162,
154,152,113,151,118,128,116,
141,88,
191,131,113,118,128,130,
117,107,
194,172,105,111,146,153,
117,
235,143,136,99,
208,186,157,133,236,104,119,171,116,128,
137,231,136,99,
223,99,136,181,185,
232,228,207,174,115,123,191,136,201,157,
117,107,
132,102,

216,140,134,118,

163,132,
210,209,133,112,
125,122,166,106,

135,125,122,

204,154,174,152,130,131,173,151,148,
240,138,139,165,200,
135,121,

109,
232,228,160,170,185,167,
147,165,120,
200,139,208,138,
217,170,167,161,218,174,152,157,154,160,
202,129,124,179,193,127,

184,161,137,
239,204,130,131,191,214,148,

164,129,126,
182,141,143,145,169,
172,166,153,150,
153,150,172,147,
150,172,147,
137,
199,149,155,140,
163,
222,202,196,193,162,155,177,179,
203,140,226,149,176,178,
212,198,148,183,188,162,
189,181,162,155,177,169,
149,143,141,
245,195,141,143,169,182,

237,159,215,145,
213,164,195,155,
150,172,147,
209,184,160,170,161,167,
160,214,170,185,167,
144,142,
232,228,185,
181,171,169,162,
249,159,181,196,190,
235,156,168,175,230,
249,159,181,196,246,
242,156,175,230,235,
174,152,154,151,173,
180,165,175,166,168,

203,149,
243,216,169,181,182,195,

183,158,
183,158,
180,
158,
226,171,176,178,224,
232,228,
237,215,173,
239,222,191,201,198,214,
201,213,198,183,
200,194,192,
243,186,208,236,214,
182,220,187,195,210,

193,179,202,177,


241,211,194,192,

222,196,225,190,
194,192,211,186,
188,212,187,

240,184,
248,184,

244,204,229,212,223,
204,199,
231,204,229,212,223,
189,

231,210,225,233,222,229,
190,
222,207,205,203,
243,227,214,
230,197,
249,237,227,215,
231,223,229,204,
204,229,231,220,223,
199,
247,246,213,223,229,231,
249,245,248,243,
208,215,249,227,236,
226,220,
208,215,249,227,236,
247,223,246,224,229,231,
247,210,223,229,231,
209,206,
207,205,238,203,
226,247,212,
237,241,211,
243,216,
226,219,
243,234,225,216,
247,246,
243,216,
235,218,
243,216,
240,237,
218,217,
213,
236,
246,220,
238,224,
249,245,
221,
248,
242,241,
242,
244,

240,239,
248,238,234,
233,

248,
244,
245,239,






















Coordinates,
0.00953773,3.96689,
0.0156361,2.22648,
0.0313126,1.86021,
0.0667338,1.69852,
0.0790097,2.36979,
0.101995,1.32022,
0.123889,1.16449,
0.142552,1.2275,
0.166275,2.69365,
0.173775,3.82041,
0.210569,1.11152,
0.227423,0.259508,
0.266624,0.195033,
0.276072,0.606767,
0.293608,1.40958,
0.296403,2.5643,
0.331292,1.32516,
0.342594,0.546794,
0.388022,2.05423,
0.403017,1.03887,
0.407448,1.98262,
0.496835,2.77495,
0.500549,0.0342982,
0.51581,3.98633,
0.540625,2.63818,
0.546995,2.40168,
0.550205,1.48943,
0.56156,0.143052,
0.572652,3.99039,
0.579416,1.68274,
0.593816,2.0923,
0.626543,3.54489,
0.652213,0.88636,
0.667288,3.02201,
0.71184,2.73345,
0.72049,0.795054,
0.76126,0.337365,
0.804171,2.92228,
0.815426,3.27751,
0.833061,0.206571,
0.833875,2.92012,
0.879671,0.674824,
0.884829,0.0657364,
0.894833,2.04629,
0.897514,1.91738,
0.897955,1.58357,
0.977227,3.09559,
0.980651,3.94935,
1.0091,2.11124,
1.05078,3.30438,
1.05344,3.41599,
1.1109,2.9192,
1.12271,0.5193,
1.13713,0.853218,
1.14781,1.91034,
1.18035,0.596415,
1.20022,0.524152,
1.2003,0.972746,
1.20107,1.68112,
1.21462,2.01087,
1.21992,0.993224,
1.22469,3.19924,
1.24287,3.48807,
1.24784,3.95967,
1.26737,2.4276,
1.26898,2.99754,
1.27004,2.45227,
1.27066,1.49365,
1.29471,0.562416,
1.3194,2.35075,
1.32746,2.37123,
1.33224,2.81256,
1.33436,2.81845,
1.34418,2.63354,
1.34543,0.658823,
1.35768,1.67132,
1.35861,3.38353,
1.35908,1.98204,
1.36177,0.117745,
1.36327,2.45692,
1.3701,0.960678,
1.38113,3.00679,
1.38573,3.49038,
1.39947,2.6654,
1.40232,3.60068,
1.41408,0.707687,
1.41574,1.61581,
1.42974,0.802602,
1.43882,2.62635,
1.44414,3.10459,
1.45268,2.46852,
1.46215,2.53395,
1.46884,2.04928,
1.47389,0.702721,
1.52202,0.972115,
1.58175,0.218055,
1.58378,3.92551,
1.59916,0.0420326,
1.65576,0.789011,
1.65928,2.46658,
1.69399,1.02408,
1.70454,0.168242,
1.76959,0.874398,
1.79821,0.639943,
1.80873,3.00056,
1.81182,1.49332,
1.8171,0.937209,
1.82266,0.373912,
1.82867,1.66921,
1.84045,1.6583,
1.84361,0.993231,
1.84719,1.51856,
1.85729,2.28694,
1.86625,3.58973,
1.87614,0.0387231,
1.89648,1.90051,
1.94252,3.03805,
1.96804,0.341427,
1.9755,3.64068,
1.97717,2.80107,
1.98173,0.940801,
1.99841,0.836973,
2.01551,0.726147,
2.0557,1.73611,
2.06143,3.41238,
2.11461,0.614398,
2.12319,3.67663,
2.12418,3.34778,
2.14356,3.22647,
2.14975,3.52931,
2.15172,2.92908,
2.16691,2.89776,
2.16982,0.427749,
2.1716,2.47623,
2.18202,3.86876,
2.1867,0.643626,
2.19868,1.90215,
2.27044,1.71574,
2.28252,1.09954,
2.28785,1.20536,
2.28985,3.31689,
2.3047,2.80032,
2.33498,1.06031,
2.34137,2.74874,
2.36778,1.0731,
2.3773,2.42438,
2.39092,0.823051,
2.42209,0.475591,
2.44476,2.99439,
2.50024,2.98641,
2.54014,0.43671,
2.54468,2.41197,
2.60592,2.33044,
2.60631,0.538835,
2.62776,2.28954,
2.63007,3.54962,
2.64624,0.829734,
2.67026,1.93784,
2.68571,2.27183,
2.69333,2.52294,
2.69904,1.54914,
2.71222,1.81764,
2.71462,3.27098,
2.7154,0.0228024,
2.72465,3.86557,
2.75019,0.610109,
2.76942,0.502099,
2.76982,1.54527,
2.80954,0.590546,
2.8096,2.91921,
2.82619,1.5475,
2.8443,3.43472,
2.8698,0.199284,
2.8964,1.92525,
2.90397,1.9687,
2.905,0.570928,
2.91826,3.51505,
2.93923,3.65802,
2.94015,3.48713,
2.95718,3.78642,
3.00635,0.217513,
3.01546,2.70993,
3.0199,2.97963,
3.04385,2.34842,
3.05048,1.82402,
3.05757,0.952747,
3.06044,1.51219,
3.0629,3.35376,
3.06568,3.3592,
3.06918,3.71964,
3.07297,2.93495,
3.08817,1.97312,
3.09872,1.43048,
3.10986,3.8472,
3.11535,1.36867,
3.11749,3.04501,
3.15397,2.80801,
3.1619,0.885713,
3.16718,2.22177,
3.17781,3.70985,
3.19211,1.09656,
3.21314,2.03192,
3.2429,3.94843,
3.2751,2.1975,
3.30747,3.31023,
3.31174,2.11356,
3.32557,0.728983,
3.34169,2.06045,
3.3525,1.21528,
3.3643,0.773561,
3.36621,2.62873,
3.41059,0.983255,
3.45374,3.46118,
3.46772,2.59816,
3.48827,1.49482,
3.50141,1.24546,
3.52478,2.00839,
3.52663,0.692566,
3.53465,0.624599,
3.5373,3.98982,
3.54183,3.48167,
3.5511,1.21981,
3.55912,2.30372,
3.60674,2.8379,
3.62663,2.57548,
3.62925,2.1677,
3.63302,3.74943,
3.65594,1.21856,
3.66136,0.0746592,
3.66211,2.7797,
3.69259,0.322299,
3.69709,2.73491,
3.71437,0.0459013,
3.73422,2.79183,
3.76487,2.18624,
3.7758,0.320363,
3.79139,0.775431,
3.81776,0.851196,
3.83743,2.25388,
3.84311,1.13794,
3.88897,0.980133,
3.9006,0.462095,
3.90507,0.336437,
3.91678,1.58521,
3.92722,3.78569,
3.92808,1.14785,
3.95753,2.97222,
3.95852,2.93546,
3.96604,1.93419,
3.98914,1.14034,
