Storage option,sets
Size,100
Dimension,3
Shape,cylinder
Spacetime,BlackHole
Past sets, 











0,4,5,



7,

0,4,5,
7,

6,
4,7,


2,7,8,9,5,4,0,11,


0,3,4,5,9,
12,14,

16,
16,
7,8,11,5,0,4,17,

13,6,19,

11,0,4,17,30,3,16,5,31,
19,6,20,23,29,
6,29,
11,2,15,0,5,18,7,17,4,8,21,
0,11,15,5,18,7,4,21,
6,7,18,22,23,14,12,2,28,
19,6,20,
4,8,12,14,15,7,18,
13,16,25,
25,16,30,
6,19,
16,30,
7,18,
20,23,29,19,6,38,
12,14,22,29,23,20,6,19,37,
2,4,8,21,12,43,14,15,7,18,5,22,11,0,
7,18,
7,11,5,0,4,17,
2,17,4,8,21,12,43,14,15,7,18,5,0,40,11,
8,21,4,7,18,5,15,11,0,40,
22,23,29,19,6,38,
8,21,17,4,7,18,5,2,15,11,0,40,
6,7,20,23,29,22,35,
8,21,17,4,7,18,5,15,11,0,40,
13,16,6,19,33,
0,4,17,30,16,5,31,
2,5,11,20,21,4,8,12,43,14,15,28,7,18,6,35,22,0,29,23,
4,12,7,18,23,22,35,
11,0,25,4,17,30,16,5,31,
20,38,6,19,29,23,22,56,
16,33,
11,0,4,17,30,16,5,31,
31,33,30,16,47,
14,39,48,55,2,59,7,8,21,17,4,18,5,57,15,0,11,40,
20,23,29,19,6,38,
56,22,49,23,29,19,6,12,38,20,65,
14,12,38,35,22,29,23,20,7,19,6,58,
2,21,29,0,11,40,15,5,63,4,12,7,18,22,35,48,23,52,8,43,14,
33,46,20,38,6,19,29,49,23,22,56,
15,8,21,16,17,4,0,18,31,5,11,7,53,
30,46,33,19,6,29,16,13,60,
65,20,38,12,29,23,49,35,22,56,6,19,71,
47,31,5,16,30,17,4,0,61,
13,38,6,19,16,29,33,46,20,23,49,
8,12,52,0,7,18,5,48,35,22,40,11,15,4,21,
56,35,22,23,29,19,6,12,38,20,65,
16,6,19,33,
2,14,22,35,48,52,59,7,8,21,17,4,18,5,15,0,11,40,55,
18,12,38,56,35,22,29,23,20,7,19,6,58,
16,29,38,19,6,20,33,46,
0,4,17,30,16,5,31,33,
15,21,28,37,18,4,5,63,56,49,20,65,7,72,14,12,38,22,52,23,48,19,35,6,29,58,
29,82,30,6,19,16,45,33,46,66,31,60,47,13,25,
48,30,59,53,15,8,21,16,75,17,4,0,18,2,31,5,40,11,7,
8,5,11,12,15,7,20,0,58,29,22,6,35,48,23,52,18,21,4,
47,66,33,19,6,16,30,82,
18,37,14,72,46,33,74,71,58,29,56,22,81,23,35,6,70,12,38,19,77,49,20,7,65,
8,15,67,11,0,4,17,30,16,5,31,61,53,7,21,
33,16,29,19,6,38,
52,55,57,61,67,7,11,40,5,18,31,2,89,48,4,30,59,53,15,8,21,16,17,75,0,
13,65,70,56,85,33,46,29,38,19,6,16,74,22,20,49,23,
7,44,19,13,25,6,64,66,11,78,0,47,60,31,5,45,16,68,30,46,17,61,4,33,67,
25,7,53,11,78,0,47,31,5,45,16,68,30,17,61,4,33,67,
23,20,33,16,29,19,6,38,
Future sets, 
27,86,32,90,61,53,51,80,64,93,75,17,62,67,89,11,69,40,97,98,39,36,95,73,59,57,54,24,83,55,78,

73,62,83,57,51,54,41,95,69,39,89,24,
36,27,
63,43,87,27,86,32,90,61,53,51,21,80,64,93,75,17,62,67,89,11,69,40,97,98,39,36,95,73,59,57,54,24,83,55,78,
87,27,86,32,90,61,53,51,80,64,93,75,17,62,67,89,11,69,40,97,98,39,36,95,73,59,57,54,24,83,55,78,
91,82,60,76,88,50,92,34,84,62,65,94,81,70,99,41,72,85,56,79,20,49,74,37,96,77,90,42,71,87,58,46,38,97,
97,72,58,53,32,89,73,15,40,69,43,95,98,39,62,75,87,90,93,59,57,55,84,51,54,18,92,63,52,48,41,80,21,83,24,
93,75,89,59,24,90,32,39,69,43,95,73,62,80,51,55,54,83,57,
27,24,

67,62,75,64,93,51,80,53,24,89,90,32,36,97,39,95,98,69,40,73,59,57,54,83,55,
90,84,81,28,41,54,87,62,72,43,73,80,51,77,50,71,63,92,
79,76,88,97,96,44,60,34,
83,92,72,50,51,73,69,43,62,87,54,41,28,
93,90,87,75,62,39,95,43,69,40,73,89,59,57,55,51,80,83,54,
99,85,82,79,44,75,64,93,66,95,61,60,31,89,86,76,47,96,67,94,36,30,88,45,68,97,98,91,78,
67,78,61,32,36,75,97,39,95,53,69,98,59,64,93,83,54,89,86,57,
75,92,63,52,87,90,48,62,43,39,95,69,40,73,89,59,57,84,55,51,80,83,54,41,
91,82,72,99,70,60,94,65,81,84,77,49,74,37,76,34,92,50,79,87,71,42,46,56,85,97,88,96,
85,99,70,81,65,62,72,84,37,92,50,79,74,49,96,77,90,42,71,87,58,
93,90,87,75,62,39,95,69,40,73,89,59,57,55,83,54,80,51,
83,73,62,72,90,41,50,80,51,77,56,84,71,63,92,81,74,58,87,96,65,
73,62,72,90,65,81,37,63,92,50,79,58,87,74,99,70,41,49,96,77,71,84,56,

64,88,98,45,97,44,


87,62,41,
88,76,73,62,90,65,94,81,56,85,84,71,37,92,50,79,58,87,74,77,72,49,38,96,70,99,
89,86,67,36,88,45,98,76,47,91,78,97,68,61,95,93,64,
88,36,75,61,95,67,98,78,93,64,97,68,89,86,

99,94,86,85,60,88,76,66,92,79,91,97,68,98,74,96,82,

83,81,80,73,63,62,72,92,87,77,90,84,58,

92,87,50,
72,49,96,99,70,87,74,77,79,92,71,84,85,56,81,94,65,
69,
73,89,59,69,95,57,83,55,80,54,


73,62,54,51,
97,
98,97,88,
97,88,85,76,79,92,96,74,
88,91,78,97,98,68,
90,89,87,83,80,73,95,69,
96,87,74,77,79,92,71,


95,90,87,83,80,73,
98,93,89,95,75,

83,95,69,
84,71,92,77,81,74,87,96,65,
95,69,
90,84,87,92,72,
89,83,95,69,
97,88,76,
95,93,97,98,78,

87,73,
97,
96,87,81,77,92,71,
97,91,88,
98,97,95,93,
98,97,

96,92,
92,77,
92,87,

96,92,
95,89,

92,
98,97,


92,
91,88,


96,



95,










Past links sets, 











0,4,5,



7,

0,4,5,
7,

6,
4,7,


2,7,8,9,11,


0,3,4,5,9,
12,14,

16,
16,
7,8,11,17,

13,6,19,

3,11,17,30,31,
19,20,23,29,
6,29,
11,2,15,17,18,8,21,
11,15,18,21,
6,18,22,23,2,28,
19,20,
4,8,12,14,15,18,
13,16,25,
25,30,
6,19,
30,
18,
19,20,23,38,
12,14,22,37,
2,11,21,22,43,
18,
7,11,17,
2,40,17,43,
8,40,
19,22,23,38,
2,8,17,40,
7,20,23,29,22,35,
8,17,40,
13,16,6,19,33,
17,30,31,
11,20,21,23,2,28,29,22,35,43,
4,12,18,23,22,35,
11,25,17,30,31,
20,56,
16,33,
11,17,30,31,
31,33,47,
14,39,48,55,57,59,
19,20,23,38,
12,49,65,
14,12,38,19,58,
2,29,40,43,48,52,63,
33,46,49,56,
15,8,21,18,31,53,
29,30,46,60,
35,71,
47,61,
13,16,33,46,49,
8,12,40,22,35,48,52,
12,35,65,
16,6,19,33,
2,14,22,35,48,52,55,59,
12,18,56,58,
16,38,20,33,46,
17,30,31,33,
5,21,15,28,48,49,37,63,52,65,72,
29,31,45,46,47,60,66,82,
2,30,48,59,75,
11,12,15,8,21,48,52,58,
47,66,82,
37,18,70,72,74,77,81,
8,21,53,61,15,67,
16,19,33,38,
52,55,57,61,67,89,
13,65,70,74,85,
44,45,7,46,60,64,66,67,68,78,
45,53,67,68,78,
16,19,23,20,33,38,
Future links sets, 
27,17,11,

73,62,83,57,51,54,41,39,89,24,
36,27,
27,21,43,17,63,11,
87,27,17,11,
82,41,38,60,34,46,20,
53,97,58,32,24,21,18,15,
90,93,80,75,59,57,55,43,39,32,24,
27,24,

67,90,64,51,53,40,39,62,36,32,24,
90,81,72,84,71,63,50,43,80,28,
79,96,44,60,34,
83,72,50,69,43,28,
93,90,87,75,43,40,39,
94,85,79,66,99,60,44,31,82,30,
86,64,61,59,57,67,54,53,39,36,32,
84,75,63,48,43,41,92,40,52,39,
70,82,56,49,72,46,94,42,37,99,60,34,
99,85,70,65,58,62,49,42,37,
93,87,75,62,90,51,40,39,
83,62,58,56,51,63,50,80,41,
99,70,58,56,62,49,41,63,37,

64,45,44,


87,62,41,
73,88,62,58,38,76,37,
89,76,67,64,61,86,47,45,36,
86,68,67,64,61,88,75,36,

85,82,74,94,68,79,66,99,86,60,

83,81,80,77,63,62,58,

92,87,50,
99,94,85,72,70,56,49,
69,
73,59,57,55,80,54,


73,62,54,51,
97,
98,97,88,
97,88,85,79,76,74,
88,91,78,68,
90,89,87,83,80,73,69,
79,87,74,71,


95,90,87,83,80,73,
98,93,75,

83,95,69,
84,74,65,
95,69,
90,84,72,
89,83,69,
97,88,76,
95,93,78,

87,73,
97,
96,87,81,71,
97,91,88,
98,97,95,93,
98,97,

96,92,
77,
92,87,

96,92,
89,

92,
98,97,


92,
91,88,


96,



95,










Coordinates
-2.43871,1.40604,0.313938
-2.4221,0.818593,3.92458
-2.40685,1.0378,5.63221
-2.40084,0.95951,0.623626
-2.39605,1.4514,0.0664843
-2.38898,1.43594,0.188906
-2.28845,1.28801,3.61433
-2.28539,1.48386,5.63534
-2.27856,1.15523,5.99486
-2.11996,0.934086,0.139625
-2.03499,0.885384,3.66478
-1.92921,1.32419,0.0968525
-1.9139,1.11957,4.55632
-1.75763,1.06641,2.30165
-1.68817,1.09089,4.92469
-1.64517,1.23044,5.82781
-1.63115,1.49769,1.44021
-1.60544,1.35112,0.426539
-1.54367,1.44642,5.64998
-1.54353,1.3693,3.19328
-1.45429,1.20202,3.93726
-1.39593,1.27212,5.9709
-1.37543,1.36226,4.41321
-1.37442,1.29691,4.23725
-1.34418,0.831052,6.11219
-1.30973,1.11231,1.66032
-1.30865,0.926518,1.55747
-1.25903,0.765501,0.596682
-1.22887,1.01403,4.71182
-1.21694,1.49479,3.92963
-1.21189,1.26698,1.39422
-1.05197,1.35115,1.14376
-0.959573,0.913845,0.0795045
-0.719343,1.47664,2.35678
-0.578066,0.895535,2.63774
-0.563599,1.37038,4.74652
-0.469388,0.832799,1.00349
-0.457526,0.989792,3.83881
-0.348866,1.37372,3.78209
-0.287706,0.956374,6.11139
-0.254939,1.2615,5.98056
-0.183401,0.80811,4.79066
-0.172066,0.884108,3.27139
-0.16372,1.03136,5.19817
-0.148685,1.02957,2.0422
-0.0295674,1.12582,1.80533
0.0492042,1.17599,3.00744
0.0629217,1.28321,1.79529
0.109379,1.48195,5.37781
0.190983,1.14332,3.51012
0.217055,0.797287,3.99563
0.268827,0.91153,5.39421
0.295879,1.48046,5.25668
0.39833,1.49569,0.318132
0.413469,0.84562,5.55791
0.451934,1.10238,5.59299
0.509022,1.36078,3.76134
0.509405,1.02061,6.01733
0.555322,1.22153,4.42182
0.588796,1.28546,6.17344
0.623564,1.11009,2.44066
0.689978,1.40116,1.10923
0.726964,0.803632,5.11028
0.834392,1.1929,4.9385
0.840755,1.02435,1.25933
0.885297,1.34783,3.68931
0.917927,1.36761,2.10831
1.04294,1.38699,0.931213
1.06846,1.30899,1.82224
1.20925,0.783886,6.05421
1.26839,1.33657,3.2919
1.31594,1.02186,3.72829
1.31816,1.13623,4.27504
1.32106,1.0451,5.19328
1.34886,1.12536,3.31167
1.36012,1.27906,0.42037
1.407,0.981602,2.59187
1.42075,1.0054,3.78122
1.43319,1.23953,1.32656
1.43351,0.972178,2.89906
1.58939,1.21874,5.41207
1.64104,1.27942,3.93708
1.7498,1.36159,2.57826
1.78817,1.08166,5.71936
1.8023,1.26258,4.24862
1.86747,1.20635,2.82085
1.95742,1.46478,1.66596
2.02831,0.809653,4.28458
2.10017,1.14247,2.44099
2.15882,1.00405,0.113702
2.21956,1.29863,4.88355
2.28497,1.34379,2.45952
2.34731,0.778785,3.63464
2.35979,1.36687,0.965415
2.41999,1.41711,2.77208
2.45432,0.912325,0.152946
2.45848,1.13514,3.03208
2.46249,0.767547,1.74166
2.46953,1.18708,1.317
2.48187,1.39631,2.8944