Storage option,sets
Size,75
Dimension,3
Shape,cylinder
Spacetime,BlackHole
Past sets, 





3,


2,3,5,
2,
2,
1,7,
2,



14,
3,
1,6,
2,3,5,
1,7,15,
7,1,11,15,
6,14,16,
15,11,1,7,21,
5,3,8,9,10,2,12,
8,9,10,14,17,5,3,2,19,
6,21,20,7,1,11,15,23,
5,3,8,9,10,2,12,13,
6,21,20,7,1,11,15,23,
21,20,7,1,11,15,23,
5,17,3,16,1,14,6,22,
6,18,21,20,7,1,11,15,23,
23,15,11,1,7,20,21,6,26,
7,11,17,18,3,16,1,14,6,22,
29,26,21,20,7,1,11,15,23,6,32,
29,26,21,20,7,1,11,15,23,6,32,
3,9,10,2,12,13,
8,2,22,19,6,14,1,16,3,18,5,17,30,
12,25,8,9,22,10,14,17,5,3,16,2,19,6,
23,15,11,1,7,20,21,29,
16,22,23,15,11,14,1,7,20,21,6,18,31,
9,2,12,13,
16,23,15,11,14,1,7,20,21,6,18,31,
1,12,25,8,9,22,10,14,17,5,3,16,2,19,6,
5,23,15,20,33,7,11,17,18,31,3,16,1,14,6,22,21,
6,32,29,21,20,7,1,11,15,23,26,39,
28,18,31,29,26,21,34,20,7,1,11,15,23,35,6,32,
18,28,34,39,26,23,15,11,1,7,20,21,29,35,6,32,
7,11,18,6,19,2,17,30,1,43,14,12,25,37,8,9,22,10,5,3,16,
11,7,33,37,8,2,22,19,6,14,30,1,16,3,18,5,17,
8,2,19,15,21,33,7,11,17,18,5,3,16,30,1,14,6,22,
14,16,28,18,31,29,26,21,34,20,7,1,11,15,23,35,6,32,
18,28,34,45,35,6,32,29,21,20,7,1,11,15,23,26,39,
9,10,15,21,17,5,18,3,16,49,11,7,33,37,8,2,22,19,6,14,1,30,
12,10,9,25,11,7,33,37,8,2,22,19,6,14,30,1,16,3,18,5,17,
39,26,15,11,23,52,47,18,28,34,21,45,32,6,35,29,20,7,1,
8,19,26,28,42,21,22,6,14,30,1,5,18,2,31,23,44,15,20,33,7,40,11,17,3,16,
8,19,26,28,42,21,22,6,14,30,1,5,18,2,31,23,44,15,20,33,7,40,11,17,3,16,
39,26,15,11,23,52,47,18,28,34,21,45,32,6,35,29,20,7,1,
1,7,20,35,6,32,29,58,45,39,26,15,28,11,52,23,34,21,47,18,
49,21,15,53,17,5,18,3,16,1,30,43,14,6,2,12,54,25,10,9,22,11,7,33,37,8,19,
19,24,13,12,2,10,9,8,3,5,27,
32,29,34,37,49,30,1,14,22,42,28,57,26,6,19,21,50,8,5,18,2,31,23,44,15,20,33,7,40,11,17,3,16,56,
31,46,18,47,21,34,23,52,11,28,7,20,59,1,35,6,32,45,58,29,39,55,26,15,
38,16,3,18,5,43,14,30,17,53,15,49,21,1,60,2,6,12,54,25,10,9,22,11,7,33,37,8,19,48,
14,31,46,18,47,21,34,23,52,11,28,7,20,59,1,35,6,32,16,45,58,29,39,55,26,15,
18,47,21,34,23,52,11,28,7,20,59,1,35,6,32,45,58,29,39,55,26,15,
38,31,20,23,44,48,16,3,18,5,43,14,30,17,53,15,49,21,50,1,60,2,6,12,54,25,10,9,22,11,7,33,37,8,19,
9,10,35,51,56,16,17,11,40,57,28,22,14,1,30,37,8,34,5,42,29,32,49,20,3,62,33,26,6,19,21,50,18,2,31,23,44,15,7,
40,19,37,33,7,11,22,14,43,3,16,48,23,20,49,64,5,18,44,15,31,2,38,8,67,9,30,60,1,17,53,21,50,6,12,54,25,10,
46,31,14,15,26,55,39,29,58,16,45,32,6,35,66,18,47,21,63,34,23,52,11,28,65,7,20,1,59,
9,10,46,35,51,56,16,17,11,40,57,28,22,14,1,30,37,8,34,5,42,29,32,49,20,3,62,33,26,6,19,21,50,18,2,31,23,44,15,7,
12,25,53,7,15,44,23,31,2,18,50,21,19,6,28,57,40,11,17,56,51,22,10,35,68,9,16,14,1,30,37,8,34,5,42,29,32,49,20,3,62,33,26,
40,42,22,3,17,33,5,28,11,23,52,34,21,47,18,7,46,31,14,20,59,1,35,65,6,32,16,45,58,29,39,55,26,15,44,51,
1,7,20,35,6,32,29,58,45,39,26,15,28,11,52,23,34,21,47,18,
Future sets, 

43,30,20,37,18,28,57,56,29,58,67,69,40,68,39,72,46,59,47,55,26,45,74,51,66,34,63,73,44,33,62,54,49,48,70,11,65,42,71,32,52,23,31,60,50,21,53,64,35,
36,12,41,27,56,9,67,38,54,25,69,43,72,60,57,50,8,37,49,62,10,68,71,24,53,61,19,48,64,
36,33,72,43,25,54,38,27,56,69,30,73,44,60,57,50,67,8,37,49,62,68,71,24,53,61,19,48,5,64,17,

73,44,30,27,56,67,38,54,25,69,43,72,60,57,50,8,37,49,62,68,71,24,53,61,19,48,64,
28,34,45,35,32,26,43,30,38,22,59,47,48,37,64,49,62,33,72,46,74,71,42,58,66,68,55,52,18,73,44,65,63,51,57,70,31,60,40,69,56,67,54,50,53,
20,28,57,56,29,58,67,69,40,68,39,72,46,59,47,55,26,45,74,51,66,34,63,73,44,33,62,54,49,48,70,11,65,42,71,32,52,23,31,60,50,21,53,64,35,
57,50,49,62,68,71,37,53,24,61,48,64,60,72,43,69,25,54,38,67,56,27,
71,68,41,36,53,24,61,48,64,60,72,43,69,25,54,38,67,27,
71,68,36,53,24,61,48,64,60,72,43,69,25,54,38,67,27,
48,49,54,33,73,34,63,66,51,74,45,55,26,65,42,71,32,62,52,23,44,31,60,50,21,53,64,35,47,59,46,72,39,68,40,69,67,58,29,56,70,57,28,
24,61,48,27,36,64,38,67,41,54,69,72,43,60,
41,36,61,27,
25,43,72,60,71,42,33,62,49,64,65,70,68,16,53,37,51,22,48,73,44,57,38,67,54,40,69,30,56,50,
23,50,53,64,60,21,31,52,62,47,44,71,42,32,39,68,35,40,69,67,59,46,72,20,58,29,56,70,57,28,65,26,55,45,74,51,66,63,34,73,
70,65,64,49,62,33,68,42,71,60,72,43,53,37,51,22,48,73,44,57,38,67,54,40,69,30,56,50,
73,44,49,33,62,68,71,53,37,50,64,48,60,72,43,69,30,56,25,54,38,67,57,
52,55,66,58,74,71,42,68,46,72,62,33,73,44,65,63,51,57,70,31,60,40,69,56,67,54,50,53,49,64,37,48,47,59,
61,57,56,50,49,62,68,64,48,60,72,43,69,25,54,38,67,37,53,71,
67,69,40,42,35,68,39,72,46,59,32,71,58,29,56,70,57,28,65,26,55,45,74,51,66,63,34,73,44,47,62,52,31,
60,64,53,50,31,52,62,47,44,71,42,32,59,46,72,39,68,35,40,69,67,23,58,29,56,70,57,28,65,26,55,45,74,51,66,63,34,73,
73,44,48,38,67,54,40,69,30,56,57,50,37,53,43,72,60,71,68,33,62,49,64,
67,69,40,42,35,68,39,72,46,59,32,71,58,29,56,70,57,28,65,26,55,45,74,51,66,63,34,73,44,47,62,52,31,
61,
72,48,60,43,69,54,67,64,38,
57,56,70,58,71,59,46,72,68,65,32,35,45,74,51,55,66,63,34,73,47,62,52,
61,
57,62,56,52,68,72,46,59,71,58,73,47,65,70,63,74,66,55,51,
35,51,55,66,45,74,63,34,73,47,62,52,65,39,68,72,46,59,71,58,70,
57,56,50,37,53,72,60,71,68,62,49,64,69,54,67,48,
51,63,70,65,57,73,44,62,72,46,68,71,42,40,69,56,67,
35,51,55,66,45,74,63,34,73,47,62,52,65,68,72,46,59,71,58,70,
54,50,53,57,44,73,60,67,62,49,71,72,68,69,56,64,
62,52,68,72,46,59,71,58,73,47,65,70,63,74,66,55,51,
52,68,72,46,59,71,58,73,47,65,70,63,74,66,55,51,

53,72,60,71,68,62,49,64,69,54,67,48,
67,69,64,
52,65,59,74,63,70,47,73,66,55,58,45,
73,57,62,71,72,68,69,56,

73,57,62,71,72,68,56,
60,64,69,67,48,
73,67,57,62,71,72,68,69,56,
55,66,73,70,63,58,74,59,65,52,
71,73,65,70,63,
59,74,58,63,70,65,73,66,55,
67,69,64,
68,71,62,60,67,69,64,72,53,
69,67,68,72,71,62,
73,71,72,68,
59,74,58,63,70,65,73,66,55,
72,64,69,67,60,
64,69,67,60,
66,73,65,70,63,
68,72,71,62,
68,72,71,62,
74,63,70,65,73,66,59,
66,73,65,70,63,
67,69,64,

71,72,68,
70,
69,
73,70,
70,
69,
72,






Past links sets, 





3,


2,5,
2,
2,
1,7,
2,



14,
3,
1,6,
2,5,
1,7,15,
11,15,
6,16,
21,
8,9,10,12,
8,9,10,14,17,19,
6,20,23,
8,9,10,12,13,
6,20,23,
20,23,
1,5,17,22,
18,20,23,
26,
11,17,18,22,
29,32,
29,32,
3,9,10,12,13,
8,18,19,30,
22,12,25,
29,
22,31,
9,12,13,
16,31,
1,22,12,25,
5,31,33,
32,39,
28,31,34,35,
18,28,34,35,39,
11,37,43,
33,37,
19,8,21,30,33,
16,28,31,34,35,
18,28,34,35,45,
9,21,10,49,
12,25,33,37,
47,52,
8,19,26,28,30,40,42,44,
8,19,26,28,30,40,42,44,
47,52,
58,
43,53,54,
19,24,27,
34,49,50,56,57,
55,46,59,
38,48,60,
16,55,46,59,
55,59,
38,44,48,50,60,
9,51,10,62,
40,64,67,
63,65,66,
9,46,51,10,62,
12,25,53,68,
40,42,44,51,65,
58,
Future links sets, 

43,30,20,18,11,
19,12,10,9,8,
36,17,5,

44,30,19,8,
28,26,22,18,
20,11,
57,56,27,25,50,37,24,
71,68,41,36,53,27,25,24,
71,68,36,53,27,25,24,
48,33,21,
72,43,54,41,38,36,27,24,
41,36,27,
25,16,
21,20,
65,51,42,22,
33,30,25,
52,47,37,33,31,
61,57,56,50,37,25,
31,29,28,26,
53,50,23,
40,38,33,43,30,
31,29,28,26,
61,
72,54,43,38,
57,56,32,
61,
57,56,52,51,47,46,
39,35,34,
57,56,50,37,
51,46,44,42,40,
45,35,34,
54,50,49,44,
62,52,51,47,46,
52,51,47,46,

54,49,48,
67,64,
47,45,
73,57,69,56,

73,57,56,
60,48,
73,67,57,56,
52,
71,65,63,
58,55,
67,64,
62,53,
67,62,
73,71,68,
58,55,
72,60,
60,
66,65,63,
62,
62,
74,59,
66,65,63,
67,64,

71,68,
70,
69,
73,70,
70,
69,
72,






Coordinates
-3.98204,1.16154,3.51295
-3.96456,3.58702,0.848275
-3.89126,2.22829,5.61188
-3.87546,2.39269,4.17228
-3.86102,0.673236,1.22782
-3.77561,2.34207,0.387136
-3.77378,3.30555,2.61584
-3.74344,3.6832,3.51506
-3.64803,2.23497,5.53195
-3.62483,1.98748,0.660035
-3.57691,2.02853,2.00833
-3.56114,3.58695,4.463
-3.54093,1.88295,3.6458
-3.49005,1.57168,2.66977
-3.47677,2.82214,1.37543
-3.33623,3.85538,1.71724
-3.27629,2.74594,2.67569
-3.27285,2.42684,2.45556
-3.26551,3.16355,0.115281
-3.18295,2.26815,5.4066
-3.12107,3.81225,0.72303
-3.03166,3.62726,3.88456
-3.01769,2.58224,5.69373
-2.92,3.59043,1.65344
-2.65322,1.49477,5.44246
-2.55905,1.97009,4.04024
-2.5029,3.58447,2.35929
-2.49829,1.23377,2.5695
-2.47229,3.49851,2.51791
-2.4654,3.70818,2.3417
-2.45353,2.35063,1.15681
-2.43389,3.14726,0.183932
-2.42757,3.60412,5.95057
-2.34195,2.52285,2.87505
-2.29852,3.59423,3.13135
-2.29576,3.59507,3.48506
-2.25931,0.787422,5.01165
-2.21029,2.11439,1.16345
-2.00092,1.57436,1.761
-1.96627,3.82069,5.62681
-1.89871,2.71393,4.85197
-1.88832,0.321445,0.186034
-1.86841,2.82139,1.3169
-1.81202,1.70362,1.86821
-1.75053,2.46898,1.46002
-1.72937,3.79399,2.74575
-1.71097,3.31258,1.85555
-1.65579,3.51272,4.59484
-1.60679,1.67074,3.2674
-1.60136,2.11908,2.35293
-1.59784,2.251,0.965257
-1.55156,2.91142,4.84059
-1.45442,3.58213,3.75808
-1.36564,1.97164,4.89565
-1.25894,1.66438,2.0593
-1.25336,3.48578,0.00893644
-1.18865,2.29354,5.84517
-1.18443,2.32246,3.82133
-1.17592,3.59913,5.38428
-1.05394,3.56125,0.256565
-0.991569,1.62225,2.24294
-0.922259,0.0235929,1.64341
-0.833367,2.13211,0.658729
-0.788674,3.3986,6.0073
-0.718486,1.35515,5.25798
-0.713289,3.24527,1.52706
-0.683763,3.61559,1.77469
-0.609967,1.34271,0.895113
-0.58432,1.96661,3.17066
-0.408152,1.24167,0.282119
-0.237212,3.27737,4.30846
-0.206659,1.96731,2.59572
-0.0912553,1.62972,0.207553
-0.0522988,2.64095,2.88472
-0.0328562,3.9278,3.96485
r_S,2
NHRVs_Open,0
NHRVs_Close,0
