Storage option,sets
Size,20
Dimension,2
Shape,cube
Spacetime,BlackHole
Past sets, 


1,


0,
0,

0,
1,2,
1,2,
4,2,1,10,
6,0,8,
0,5,
5,6,0,8,
0,6,7,
12,8,0,6,5,14,
8,5,0,13,
0,7,9,10,1,2,4,11,
5,0,13,
Future sets, 
8,12,15,13,6,19,17,14,16,18,5,
9,18,10,11,2,
11,10,18,9,

18,11,
16,14,17,19,13,
15,14,16,12,
18,15,
17,14,16,12,
18,
18,11,
18,
16,
19,17,
16,





Past links sets, 


1,


0,
0,

0,
2,
2,
4,10,
6,8,
5,
5,6,8,
6,7,
12,14,
8,13,
0,7,9,11,
13,
Future links sets, 
8,6,18,5,
2,
10,9,

11,
14,13,
15,14,12,
18,15,
17,14,12,
18,
11,
18,
16,
19,17,
16,





Coordinates,
0.177947,3.65114,
0.227545,1.62392,
0.793463,1.45713,
0.838475,0.262587,
0.912494,0.519681,
1.18036,3.91755,
1.54085,2.81047,
1.63586,2.09688,
1.72701,3.02055,
1.85726,0.942403,
1.92505,0.593016,
2.06664,0.477451,
2.12987,2.66341,
2.24866,3.49499,
2.37742,2.76221,
2.64377,1.78503,
3.22781,2.39456,
3.62813,3.42483,
3.77644,0.369785,
3.85061,3.91197,
