Storage option,sets
Size,100
Dimension,3
Shape,cylinder
Spacetime,BlackHole
Past sets, 






1,
3,

8,

8,9,



2,3,4,1,6,
9,8,11,
0,
1,2,3,7,
2,3,7,
5,8,9,14,
10,
2,4,1,6,
7,3,2,1,18,
5,14,11,8,9,16,
7,6,1,4,3,2,15,
6,19,18,1,2,3,7,23,
4,1,6,
6,4,18,1,15,2,3,7,23,
10,12,11,8,9,16,
10,12,11,8,9,16,
3,15,2,22,6,4,1,27,
2,22,6,4,1,27,
7,3,6,1,4,15,2,22,

7,3,6,1,4,15,2,22,
7,12,11,9,3,16,10,8,21,
25,23,7,3,1,18,4,6,2,15,28,
11,16,13,0,17,14,9,8,5,20,
31,22,2,15,4,27,1,6,3,7,33,
2,3,7,9,11,12,10,8,21,
10,12,13,20,16,9,8,14,5,11,24,
10,19,26,22,37,25,23,7,3,1,18,33,4,2,15,28,6,35,
7,3,31,27,1,4,22,15,2,6,32,
23,18,19,6,26,29,2,3,16,9,40,11,12,10,7,36,8,21,1,30,
24,11,5,14,8,9,16,20,0,13,12,10,41,
10,12,13,0,17,20,16,9,8,14,5,11,24,
10,12,11,24,16,13,0,17,14,38,9,8,5,20,
21,35,6,28,15,2,42,3,10,23,19,26,22,37,25,7,4,33,1,18,
7,3,31,27,1,4,22,15,2,6,32,
19,26,28,18,23,25,39,22,31,2,15,27,1,35,6,32,3,7,4,33,37,
18,25,39,22,31,2,15,27,1,35,6,32,3,7,4,33,
43,33,4,7,27,1,22,15,31,2,6,3,32,39,
32,6,2,15,22,4,1,27,31,3,7,49,
14,25,4,28,30,1,21,8,36,7,10,12,15,44,18,23,19,6,26,29,3,16,2,9,40,11,
25,4,28,30,1,21,8,36,7,10,12,15,44,18,23,19,6,26,29,3,16,2,9,40,11,
43,33,4,7,25,18,39,51,22,31,2,15,27,1,35,6,3,32,
25,39,52,43,4,33,7,27,1,22,15,2,31,35,6,32,3,
42,37,33,4,7,3,32,6,35,1,50,19,26,10,39,28,15,18,2,31,23,25,22,27,
32,6,2,15,22,4,1,27,31,3,7,49,
5,14,11,40,9,2,16,3,29,6,19,23,18,26,55,54,25,12,4,28,44,15,30,1,21,8,10,36,7,
39,43,52,53,1,27,6,15,22,33,4,2,31,32,3,7,49,
27,22,25,23,31,2,18,15,28,39,10,26,58,19,42,32,3,37,50,7,33,4,6,35,1,
27,12,9,11,40,18,1,33,4,7,25,8,37,22,21,35,6,48,19,28,15,2,42,3,10,23,26,
18,25,57,49,7,3,32,61,51,22,39,52,43,53,1,27,35,6,15,31,2,4,33,
43,53,7,6,15,22,33,4,59,1,27,2,31,32,3,49,
53,7,6,15,22,4,59,1,27,2,31,32,3,49,
24,37,7,23,19,6,29,3,16,2,9,11,40,14,5,18,26,55,54,25,12,4,28,44,15,30,60,1,21,8,10,36,
43,49,66,53,27,7,1,59,6,3,32,15,22,33,4,2,31,
42,37,26,19,50,18,3,32,6,35,28,57,25,10,39,23,52,43,4,33,7,56,27,1,51,22,15,31,2,
24,7,23,19,6,29,3,16,2,9,11,40,14,5,18,26,55,54,25,12,4,28,44,15,30,60,1,21,8,10,36,
21,48,52,26,39,10,28,15,2,31,18,25,22,51,27,56,23,33,4,58,19,42,32,62,3,37,50,7,6,35,1,43,
20,5,47,8,10,12,11,24,16,13,0,46,17,14,38,9,
4,24,5,14,20,13,30,1,21,8,36,7,10,41,12,44,18,23,19,6,26,0,29,3,16,2,9,40,11,
36,30,44,54,55,29,16,14,5,8,37,33,7,18,9,25,12,40,11,27,4,63,22,21,35,6,48,19,28,15,2,1,60,42,3,10,23,26,
19,26,52,23,39,22,51,32,3,7,49,57,28,18,25,64,35,6,43,53,1,59,27,56,15,31,61,2,4,33,37,
49,53,57,43,1,35,6,25,18,31,2,15,28,69,10,39,26,52,23,48,19,21,50,12,71,42,22,51,27,56,33,4,58,32,62,3,37,7,
9,8,11,12,21,48,26,39,10,28,15,2,31,18,25,22,51,27,56,23,33,4,58,19,42,32,62,3,37,50,7,6,35,1,43,
10,37,23,28,52,39,22,51,32,3,7,49,57,18,25,64,35,6,43,53,1,59,27,56,15,31,61,2,4,33,50,19,26,
19,28,23,37,15,32,3,64,35,59,1,6,65,27,56,53,7,66,49,43,68,39,22,51,33,4,61,2,31,18,25,57,52,
9,8,11,57,43,1,35,6,25,18,31,2,15,28,10,39,26,52,23,48,19,21,50,12,71,42,22,51,27,56,33,4,58,32,62,3,37,7,
59,53,49,64,57,43,1,35,6,25,18,31,61,2,15,28,69,10,39,26,52,23,48,19,21,50,12,71,42,22,51,27,56,33,4,58,32,62,3,37,7,
0,20,13,41,36,10,8,40,9,2,16,3,29,6,19,23,7,24,11,70,12,14,5,18,26,55,54,25,4,28,44,15,30,60,1,21,
25,57,52,31,2,4,33,22,39,68,43,49,66,53,27,65,7,1,59,35,6,61,3,32,15,
58,42,75,26,50,33,4,7,3,32,51,22,28,57,37,49,19,78,23,52,69,10,39,18,25,64,35,65,6,43,53,1,59,27,56,15,31,61,2,
8,64,7,37,3,62,32,58,4,33,56,27,15,61,2,31,25,6,35,43,18,76,57,28,1,53,49,69,10,39,26,52,23,48,19,21,50,12,71,42,22,51,
18,15,32,3,61,6,35,59,1,7,65,27,53,66,57,83,25,52,31,2,43,4,33,22,39,68,49,
7,37,3,62,32,58,4,33,56,27,51,42,6,35,64,43,31,18,57,28,25,49,1,59,53,22,81,52,23,2,61,15,69,10,39,26,48,19,21,50,12,71,
56,49,68,39,22,51,33,4,43,31,52,25,83,57,53,27,66,7,1,59,35,65,6,64,2,61,3,32,15,18,
42,75,26,50,10,52,57,25,18,31,59,1,35,64,3,32,37,23,15,28,78,19,79,6,65,66,7,27,56,53,49,43,68,39,22,51,33,4,61,2,
14,54,16,29,44,36,30,55,40,43,1,35,6,7,50,37,2,31,15,28,10,39,26,11,21,8,48,19,9,12,77,18,25,22,51,27,56,23,33,63,4,58,42,32,62,3,
56,51,1,59,35,65,6,64,3,32,15,18,27,86,57,53,7,66,83,25,52,31,61,2,43,4,33,22,39,68,49,
19,28,23,37,18,15,31,33,4,25,83,51,22,52,39,68,43,56,86,27,49,88,1,59,57,53,66,7,35,65,6,64,2,61,3,32,
21,48,68,2,61,31,15,56,27,59,1,53,43,22,51,4,33,66,7,6,65,50,26,75,62,3,32,42,58,28,57,37,49,78,19,23,52,69,10,39,18,84,25,64,35,
18,15,32,3,61,6,35,59,1,7,65,27,53,66,57,83,25,52,31,2,43,4,33,22,39,68,49,
26,75,18,51,56,64,37,23,49,68,39,22,33,4,43,31,52,25,83,57,28,53,27,66,7,1,59,35,65,6,2,61,3,32,15,79,19,
79,91,32,3,61,2,64,6,65,35,51,22,25,83,4,31,18,37,23,52,15,28,57,19,33,92,39,68,43,56,86,27,49,88,1,59,53,66,7,
71,79,35,64,25,84,18,39,10,69,52,23,19,78,49,37,57,28,58,59,1,53,27,56,31,68,2,61,32,48,21,50,15,93,43,22,51,4,33,3,62,66,7,6,65,26,75,42,
7,66,53,59,1,88,49,27,86,56,43,51,22,64,35,31,2,61,3,6,65,32,91,4,79,25,83,18,96,37,23,52,15,28,57,19,33,92,39,68,
28,23,37,88,64,51,56,86,27,1,59,94,35,65,6,3,15,18,53,7,66,57,83,25,52,31,61,2,43,4,33,32,91,22,39,68,49,
Future sets, 
45,38,72,46,73,47,82,17,
23,18,37,96,95,75,67,78,50,79,43,65,6,52,81,22,74,15,28,87,58,62,91,32,39,98,69,93,61,27,86,73,44,26,85,76,89,48,77,71,42,97,68,49,53,66,88,59,54,83,84,25,56,82,60,57,55,35,94,70,99,64,51,80,31,90,33,92,63,
40,32,22,19,26,23,44,73,18,76,77,48,71,42,89,98,39,69,91,62,58,87,28,15,74,93,81,52,65,61,43,97,68,49,53,66,88,59,85,54,83,84,25,56,82,60,86,57,55,35,94,70,99,64,51,80,31,90,33,92,63,79,50,78,67,75,95,96,37,
31,15,52,61,65,68,57,83,42,60,35,94,70,90,76,18,77,71,97,84,25,55,54,48,19,78,59,53,40,99,49,7,66,36,95,43,37,96,79,50,86,44,73,88,91,56,64,51,67,92,33,63,98,39,69,82,23,81,58,87,28,74,26,85,93,80,62,75,89,
73,27,32,22,76,77,48,71,42,89,98,39,69,91,62,58,87,28,15,74,93,81,52,65,61,43,97,68,49,53,66,88,59,85,54,83,84,25,56,82,60,86,57,55,35,94,70,99,64,51,80,31,90,33,92,63,79,50,78,67,75,95,96,37,
20,46,72,74,45,73,47,60,67,38,82,24,41,70,
27,73,44,26,32,22,76,77,48,71,42,89,98,39,69,91,62,58,87,28,15,74,93,81,52,65,61,43,97,68,49,53,66,88,59,85,54,83,84,25,56,82,60,86,57,55,35,94,70,99,64,51,80,31,90,33,92,63,79,50,78,67,75,95,96,37,
59,66,53,49,43,40,36,95,37,96,50,79,78,19,54,55,84,25,97,71,48,77,18,90,76,70,94,35,86,44,73,88,91,56,64,51,67,92,33,63,99,98,39,69,82,23,81,58,87,28,74,26,85,93,80,62,75,89,60,42,83,57,68,65,61,52,
85,70,41,55,29,40,11,90,77,54,80,63,36,30,38,67,9,20,46,72,24,82,44,73,47,60,74,45,16,
20,24,82,44,73,45,74,16,46,72,47,60,30,36,63,80,54,77,90,67,38,11,40,29,55,41,70,
78,47,72,46,58,84,62,69,36,77,48,85,54,93,81,97,71,42,87,29,76,80,21,67,90,82,74,45,60,55,70,41,73,44,40,63,89,30,
80,77,63,40,90,29,54,41,70,67,38,55,36,30,60,47,72,46,16,74,45,73,44,82,24,
81,80,77,85,76,47,72,46,63,40,87,29,55,54,67,90,82,30,45,74,60,41,70,73,44,36,
45,82,41,73,47,46,72,38,
60,90,20,46,72,74,45,54,73,47,67,38,82,24,41,70,
52,61,43,68,65,49,53,66,59,93,85,74,28,87,58,97,62,69,39,98,89,81,42,71,48,77,91,88,54,83,84,25,56,82,60,86,57,55,35,94,70,99,64,51,80,31,90,33,92,63,79,50,78,67,75,95,96,37,76,
36,30,55,60,72,46,74,45,47,44,73,24,82,38,67,70,41,54,29,90,
47,46,72,38,
94,86,88,91,56,64,51,67,70,73,44,63,76,90,77,48,71,97,84,55,54,78,92,79,50,96,37,95,99,98,69,82,23,81,58,87,28,74,26,85,93,80,62,75,89,60,42,
92,96,98,79,78,50,54,55,84,97,58,87,74,26,85,93,80,62,75,95,69,89,60,81,42,71,48,77,90,76,63,44,73,82,70,67,
45,82,41,73,47,46,72,38,
76,87,71,97,81,80,93,85,77,48,36,54,67,90,82,74,60,55,70,73,44,40,63,
42,74,48,63,62,77,76,79,50,89,78,98,39,69,84,71,58,87,97,99,95,66,43,68,65,35,94,88,59,49,33,92,53,96,75,32,91,51,80,64,93,56,85,61,31,90,83,57,86,52,81,
98,99,37,96,79,92,78,50,54,55,84,97,58,28,87,74,26,85,93,80,62,75,95,69,89,60,81,42,71,48,77,90,76,63,44,73,82,70,67,
70,72,46,45,47,73,82,67,41,
83,94,86,57,55,60,82,70,54,88,91,56,64,51,80,90,92,63,79,50,78,67,75,95,96,37,99,76,77,48,71,42,81,89,98,69,62,84,97,58,87,74,85,93,
95,75,80,93,85,74,87,58,97,84,55,62,69,89,60,81,42,71,48,77,90,76,63,44,73,82,70,67,54,50,78,
74,63,62,77,76,79,50,89,78,98,39,69,84,71,58,87,97,99,95,66,43,68,65,94,88,59,49,92,53,96,75,32,91,51,80,64,93,56,85,61,31,90,83,57,86,52,81,
55,60,82,70,54,80,90,92,63,79,50,78,67,75,95,96,37,99,76,77,48,71,42,81,89,98,69,62,84,97,58,87,74,85,93,
54,67,90,82,74,60,73,55,70,44,
54,67,90,82,74,60,73,55,70,44,
59,66,53,49,65,68,43,96,88,99,92,95,75,91,51,80,64,93,56,85,61,90,83,57,86,94,52,81,97,87,58,71,84,69,39,98,78,89,50,79,76,77,62,
51,62,58,50,59,66,53,49,91,69,98,56,85,93,64,89,75,88,99,79,90,61,77,65,94,68,97,95,43,84,71,52,81,92,78,83,96,57,86,80,76,87,
68,65,63,48,74,42,96,88,99,92,95,75,91,51,80,64,93,56,85,61,90,83,57,86,94,52,81,97,87,58,71,84,69,39,98,78,89,50,79,76,77,62,

83,94,86,57,98,96,88,99,80,51,93,64,85,56,74,87,58,97,84,62,91,69,89,81,42,71,48,77,90,76,63,92,50,79,78,75,95,
54,67,90,82,74,60,73,55,70,44,
99,95,75,96,67,78,79,50,92,63,76,90,77,48,71,42,81,89,98,69,62,84,97,58,87,74,85,93,80,
72,47,
94,86,57,83,61,52,85,56,93,64,80,51,81,87,58,97,71,84,69,98,78,89,50,79,76,77,90,62,91,75,95,92,99,88,96,
63,54,67,90,82,74,60,73,55,70,44,
82,73,45,
89,69,62,84,58,87,74,85,93,80,81,97,71,48,77,90,76,63,
68,65,77,90,79,99,88,75,95,89,64,93,61,97,84,71,52,81,92,78,83,96,57,86,94,80,76,87,85,56,98,69,91,
55,73,60,74,82,70,90,67,54,

72,
72,
85,93,80,81,97,71,87,74,77,90,76,63,
79,92,78,91,98,85,96,83,81,94,65,86,87,61,53,76,89,84,97,68,93,64,66,95,75,59,88,99,
89,78,69,84,71,97,58,87,81,80,93,85,76,77,90,62,
75,89,76,81,87,71,84,97,80,64,93,85,56,95,91,78,92,79,99,88,96,90,77,69,98,
71,61,84,97,93,64,89,95,75,88,99,79,92,78,83,96,57,86,94,81,80,76,87,85,98,69,91,
76,84,68,97,93,64,89,66,95,75,88,99,61,87,86,65,94,81,83,96,85,98,91,78,92,79,
90,67,70,82,74,60,
90,67,70,82,74,60,
91,92,99,88,96,79,78,90,77,98,69,95,93,80,97,84,71,87,81,85,76,89,75,
86,94,83,80,76,87,81,96,85,69,98,91,78,92,79,99,88,75,95,89,64,93,97,84,
84,71,97,87,81,80,93,85,76,77,90,62,
87,81,78,75,86,99,91,93,84,68,97,79,92,98,96,83,66,95,89,65,94,88,
74,82,70,67,
86,94,83,87,81,96,85,98,91,78,92,79,99,88,75,95,89,64,93,97,84,
90,77,76,85,93,80,81,87,97,71,
90,74,
91,92,99,88,75,95,89,93,97,84,78,79,98,85,96,81,87,
93,84,79,92,97,98,96,83,95,89,94,88,91,99,86,
86,99,94,93,79,92,68,97,98,96,83,95,89,88,91,

93,79,92,97,98,96,83,95,89,94,88,91,99,86,
93,97,84,87,81,85,76,
82,
97,87,81,80,85,76,



95,89,93,97,84,
85,
90,
89,93,97,84,
97,98,96,95,89,

87,

95,94,88,91,98,96,92,99,86,
97,93,

92,96,98,99,91,

99,96,98,92,


99,98,96,
98,96,
97,
99,

98,



Past links sets, 






1,
3,

8,

9,



2,3,4,6,
11,
0,
1,2,7,
2,7,
5,9,14,
10,
2,4,6,
18,
5,14,16,
7,15,
6,19,23,
4,6,
15,23,
10,12,16,
10,12,16,
15,22,27,
22,27,
7,15,22,

7,15,22,
7,12,16,21,
25,28,
13,16,17,20,
31,33,
2,7,11,12,21,
10,12,13,20,24,
10,26,33,35,37,
7,31,32,
26,29,30,36,40,
0,41,
10,12,13,17,20,24,
10,24,12,38,
21,42,
7,31,32,
32,35,37,26,39,
18,25,32,35,39,
39,43,
49,
14,25,28,44,
25,28,44,
43,51,
25,35,52,
42,50,
49,
5,54,55,
52,53,
58,
27,40,48,
51,57,61,
43,53,33,59,
53,59,
24,37,60,
33,43,66,
42,50,56,57,
24,60,
48,52,56,62,
46,47,
0,4,41,44,
60,63,
26,37,56,59,64,
12,53,69,71,
11,12,48,56,62,
10,50,56,59,64,
19,37,56,64,65,68,
11,12,57,71,
59,12,64,69,71,
0,41,70,
57,61,65,68,
58,69,75,65,78,
8,64,76,
18,83,
81,
56,64,83,
42,75,78,79,
54,55,63,77,
56,64,86,
19,37,86,88,
48,62,68,84,
18,83,
75,79,83,
91,79,92,
71,79,93,
96,
37,88,91,94,
Future links sets, 
73,45,82,17,
18,6,
40,22,19,18,15,
15,7,
73,27,22,15,
60,24,20,
27,26,22,15,
43,40,49,36,35,33,25,19,18,
85,9,
20,11,
78,46,41,30,42,29,47,21,
80,77,40,16,
77,76,47,46,80,41,40,36,30,81,29,
46,41,38,
54,24,20,
35,33,31,28,25,
38,36,30,29,24,
46,38,
94,86,51,23,
92,79,26,
46,41,38,
48,40,36,
35,33,32,31,
28,26,
70,47,46,67,41,
57,55,54,51,37,
75,50,44,42,
63,32,31,
55,54,37,
44,
44,
49,43,39,
51,50,49,43,
68,42,65,39,

57,51,50,42,
44,
99,92,79,75,67,50,42,
47,
52,51,50,
63,44,
82,73,45,
89,69,58,48,
68,56,65,52,
73,55,54,

72,
72,
93,77,71,63,
59,53,
78,69,58,
64,56,
71,61,57,
76,66,65,61,
90,60,
90,60,
79,91,78,77,88,75,71,69,
83,80,69,64,
84,62,
81,75,66,78,65,
74,70,67,
83,64,
93,77,71,
90,74,
85,81,79,91,78,88,75,
84,83,79,
68,

93,83,79,
84,81,76,
82,
97,81,80,76,



95,89,84,
85,
90,
89,84,
97,96,95,89,

87,

95,94,88,86,
93,

92,91,

99,92,


99,96,
96,
97,
99,

98,



Coordinates
-3.93402,1.6666,0.155814
-3.9296,3.85934,1.46805
-3.87684,3.63147,5.70449
-3.86362,3.50593,3.41929
-3.86349,3.94794,2.12718
-3.81196,1.99272,0.417893
-3.80186,3.83228,0.238701
-3.79192,3.45756,5.3991
-3.77749,2.3247,1.53967
-3.73228,2.28245,0.367895
-3.6974,2.76145,2.0546
-3.60901,2.27102,1.68685
-3.58692,2.50253,3.62781
-3.55626,1.68157,0.627218
-3.53834,2.04594,3.92484
-3.50229,3.60326,0.108062
-3.45065,2.21396,1.8127
-3.43751,1.4938,2.72615
-3.13956,3.1381,2.84542
-3.13072,3.02968,0.0820851
-3.10566,1.72729,5.40218
-3.07134,2.67291,4.71986
-3.06425,3.8204,2.87033
-3.05946,3.0607,4.74472
-3.02432,1.92944,3.12422
-2.95485,3.23752,0.821698
-2.94991,3.00239,5.96392
-2.92572,3.93419,1.67415
-2.83739,3.10122,0.208567
-2.769,2.19418,1.81298
-2.72978,2.2014,3.81469
-2.71233,3.79684,0.787642
-2.70463,3.87439,3.46281
-2.67817,3.5149,0.227823
-2.65883,0.0984571,5.28108
-2.61359,3.43407,1.96906
-2.55851,2.23228,0.782373
-2.55416,3.15693,2.49103
-2.44921,1.24151,4.79871
-2.41699,3.5536,0.854272
-2.40543,2.2917,1.16307
-2.27156,1.50216,3.85183
-2.15218,3.02464,1.01971
-2.08948,3.70168,6.2136
-2.06477,2.12286,4.60434
-2.03364,1.29639,5.1234
-1.99282,1.12617,2.30623
-1.93195,1.00025,0.190861
-1.88436,2.79798,4.33062
-1.84535,3.90996,5.04262
-1.79797,3.12654,0.448589
-1.78892,3.39347,1.87479
-1.78457,3.69093,3.92957
-1.7605,3.85972,2.0972
-1.71574,2.06654,1.20082
-1.66135,2.09126,2.99224
-1.6479,3.41575,1.23064
-1.6272,3.55617,1.31666
-1.61186,2.95883,3.35997
-1.53781,3.952,5.63613
-1.51169,1.97215,1.71266
-1.50444,3.75898,4.16663
-1.5029,2.96099,5.01627
-1.31545,2.35828,3.82433
-1.24432,3.53132,2.10286
-1.20487,3.94612,1.76322
-1.20389,3.98298,2.60964
-1.17771,1.8287,6.00117
-1.13159,3.97883,5.85699
-1.10845,3.14873,3.30818
-1.01718,1.60369,4.15964
-0.979526,2.89007,4.48206
-0.953609,0.120844,0.78922
-0.896158,0.992321,1.73586
-0.854926,1.90239,4.27507
-0.704586,3.41947,1.70532
-0.695419,2.81972,2.43152
-0.694041,2.46768,1.16464
-0.682363,3.36364,3.00452
-0.634154,3.62105,4.56314
-0.51114,2.49666,5.27393
-0.505889,2.93146,3.57714
-0.462027,1.05125,5.44839
-0.454851,3.86278,5.02259
-0.428621,3.20124,5.97991
-0.382094,2.68055,5.50526
-0.346784,3.86302,2.4604
-0.331605,2.94906,2.38729
-0.299299,3.78121,3.11573
-0.295194,3.42005,5.64198
-0.260802,2.0769,6.08937
-0.24607,3.81747,2.67083
-0.215325,3.74556,3.8566
-0.203456,3.05762,1.2547
-0.174032,3.92506,3.48698
-0.127313,3.56583,3.20459
-0.0497474,3.77487,1.66113
-0.039945,3.06189,1.75858
-0.0312434,3.75673,0.570017
-0.0233302,3.83444,3.89487
r_S,2
NHRVs_Open,0
NHRVs_Close,0
