Storage option,sets
Size,50
Dimension,2
Shape,cube
Spacetime,BlackHole
Past sets, 









0,1,


2,


1,0,9,
8,
10,
2,12,
2,
7,

4,
7,
8,13,
2,10,
13,14,
4,21,

11,
8,13,14,
10,17,
4,8,

2,12,
2,11,
12,2,18,

11,
37,

40,

37,
42,


16,24,14,26,13,8,30,
16,24,14,26,13,8,30,
16,24,14,26,13,8,30,33,
Future sets, 
15,9,
15,9,
35,19,18,36,34,25,12,

32,27,22,


23,20,
32,30,24,47,48,49,16,
15,
25,31,17,
38,35,29,
34,36,18,
30,26,47,48,49,24,
30,47,48,49,26,

49,48,47,
31,
36,


27,


49,48,47,

49,48,47,



49,48,47,


49,



43,39,


41,

44,







Past links sets, 









0,1,


2,


9,
8,
10,
12,
2,
7,

4,
7,
8,13,
2,10,
13,14,
4,21,

11,
8,13,14,
17,
4,8,

12,
2,11,
18,

11,
37,

40,

37,
42,


16,24,26,30,
16,24,26,30,
16,24,26,30,33,
Future links sets, 
9,
9,
35,19,25,12,

32,27,22,


23,20,
32,30,24,16,
15,
25,17,
38,35,29,
34,18,
30,26,24,
30,26,

49,48,47,
31,
36,


27,


49,48,47,

49,48,47,



49,48,47,


49,



43,39,


41,

44,







Coordinates
0.0206673,0.364646
0.0419582,0.357928
0.0461534,0.635733
0.095059,0.195713
0.121945,0.85253
0.123276,0.314364
0.137726,0.167318
0.159799,0.329243
0.160318,0.961172
0.194845,0.229354
0.215499,0.430917
0.246272,0.608069
0.247088,0.494492
0.27231,0.931917
0.275286,0.973988
0.275709,0.154687
0.305276,0.854303
0.342596,0.326701
0.390355,0.362463
0.400924,0.328721
0.42743,0.0748872
0.429024,0.541526
0.438475,0.542843
0.443507,0.0997757
0.44871,0.796726
0.461191,0.255888
0.465447,0.851033
0.476578,0.500337
0.494977,0.134649
0.520731,0.443383
0.553482,0.753143
0.556466,0.11522
0.567739,0.585015
0.575085,0.887578
0.578976,0.245787
0.632905,0.241064
0.651767,0.133774
0.690107,0.863741
0.73803,0.189924
0.750941,0.834974
0.759672,0.91346
0.833912,0.869839
0.84511,0.819626
0.851121,0.795438
0.874367,0.797208
0.93726,0.91728
0.938181,0.890321
0.938389,0.476496
0.947344,0.440134
0.957325,0.505854