Storage option,sets
Size,25
Dimension,2
Shape,cube
Spacetime,BlackHole
Past sets, 













7,
5,
10,
8,7,13,


7,8,



22,
12,18,
Future sets, 





14,

19,16,13,
19,16,

15,

24,
16,




24,



23,


Past links sets, 













7,
5,
10,
8,13,


7,8,



22,
12,18,
Future links sets, 





14,

19,13,
19,16,

15,

24,
16,




24,



23,


Coordinates
-3.93744,-0.319104
-3.81783,1.1042
-3.74515,-0.830001
-3.35769,-0.0642536
-3.30056,1.17244
-3.25594,-1.15156
-3.24184,1.04489
-3.21182,1.64723
-3.16005,1.72407
-2.93231,-0.497192
-2.83425,-1.32679
-2.75881,-0.488216
-2.70491,-1.38462
-2.69872,1.2621
-2.54012,-0.911454
-2.51669,-1.19126
-1.84828,0.818796
-1.70797,1.7135
-1.57139,-1.40557
-1.43274,1.35984
-0.960706,-1.37526
-0.90268,-1.89585
-0.484998,1.76094
-0.326007,1.67566
-0.0185114,-0.399794
r_S,2
NHRVs_Open,0
NHRVs_Close,0
