Storage option,sets
Size,50
Dimension,2
Shape,cube
Spacetime,BlackHole
Past sets, 






0,



0,6,



8,
0,
7,
1,2,5,

1,2,5,
7,11,16,
6,15,0,10,
3,
0,7,11,16,
9,17,19,1,13,2,5,

9,13,23,16,0,7,11,20,
1,13,9,20,7,11,5,16,
17,19,1,2,5,
2,1,5,19,17,28,
6,16,7,15,11,0,
17,19,1,2,5,
13,9,24,11,28,17,5,1,19,2,
10,15,6,0,21,
28,29,31,17,5,1,19,2,
6,26,15,9,20,13,16,23,0,11,7,
17,2,19,0,23,27,5,16,1,13,9,20,7,11,26,
13,9,34,17,29,31,28,5,19,2,1,24,
7,13,11,34,24,1,17,29,31,28,5,19,2,9,32,
1,5,9,35,6,26,13,0,15,20,7,16,23,11,
16,7,20,29,32,19,13,9,24,11,28,17,5,2,31,1,
10,20,13,9,6,16,30,7,15,26,11,23,0,
2,19,17,27,5,16,13,1,24,9,20,7,11,
2,19,17,27,5,16,13,1,24,9,20,7,11,
19,2,39,5,1,35,9,26,6,23,13,0,15,20,7,16,11,27,
16,7,20,27,32,19,13,9,24,11,28,2,17,5,1,29,
10,30,9,35,6,26,13,0,15,20,7,16,23,11,
32,9,2,19,5,31,29,1,17,34,28,11,13,24,7,38,
7,11,37,13,9,34,17,29,31,28,5,19,2,1,24,32,
15,6,35,36,2,19,17,0,23,27,5,16,1,13,9,26,20,7,11,
Future sets, 
26,36,23,49,39,10,6,35,33,46,41,44,15,21,30,
39,27,44,17,36,49,31,34,29,48,28,47,43,24,32,42,37,38,19,45,40,
44,17,36,49,31,34,29,48,28,47,43,24,32,42,37,38,19,45,40,
22,

39,27,44,17,36,49,31,34,29,48,28,47,43,24,32,42,37,38,19,45,40,
39,49,35,44,10,33,46,41,21,30,
48,47,16,35,30,49,20,39,40,23,42,43,26,45,41,46,27,44,36,38,
14,
40,47,24,45,38,48,37,42,32,43,26,49,41,35,46,39,44,36,27,
33,46,41,21,
47,38,48,32,30,20,40,23,43,26,42,45,41,35,46,49,27,44,39,36,

40,47,24,45,38,48,37,42,32,43,26,49,41,35,46,39,44,36,27,

39,49,35,46,21,44,33,41,30,
30,20,40,23,43,26,42,45,41,35,46,49,27,44,39,36,
49,36,31,34,29,28,43,32,42,37,48,38,45,24,47,40,

44,49,36,31,34,29,28,43,32,42,37,48,38,45,24,47,40,
40,43,42,45,41,35,46,26,49,27,39,44,36,
33,

36,44,39,49,46,35,41,26,
43,42,37,32,48,38,45,47,40,

41,35,49,46,39,44,36,
45,44,36,49,42,43,
29,40,45,34,48,37,38,47,32,
45,34,48,38,47,40,37,
46,41,
37,40,47,38,48,34,
48,38,47,40,45,

38,48,47,37,
46,49,44,39,
49,
48,
47,
44,










Past links sets, 






0,



6,



8,
0,
7,
1,2,5,

1,2,5,
11,16,
10,15,
3,
0,11,16,
13,17,9,19,

9,20,13,23,
1,5,13,20,9,
17,19,
28,
15,6,11,16,
17,19,
11,24,28,
21,
29,31,
15,6,26,
19,26,17,27,
24,34,
7,32,34,
1,5,35,
20,29,31,32,
26,10,30,
24,27,
24,27,
27,19,39,
29,27,32,
10,30,35,
38,
7,32,37,
35,36,
Future links sets, 
23,15,6,
39,19,27,17,
19,17,
22,

39,19,27,17,
35,30,10,
48,38,16,
14,
27,26,24,
46,41,21,
32,23,30,20,

27,26,24,

35,30,21,
23,30,20,
36,31,28,24,

44,24,28,31,36,
40,27,26,
33,

26,
43,42,37,32,

41,36,35,
45,36,42,43,44,
32,29,
45,40,34,
46,41,
40,34,
45,40,48,38,

38,37,
46,49,39,
49,
48,
47,
44,










Coordinates,
0.0150797,1.89235,
0.197974,3.94863,
0.234621,3.98947,
0.29468,0.816167,
0.305922,0.180975,
0.420111,3.60724,
0.42352,1.56019,
0.460744,2.62289,
0.462529,0.483628,
0.466403,2.91767,
0.504887,1.4928,
0.536995,2.71732,
0.576938,0.00462421,
0.582588,2.9841,
0.586162,0.388974,
0.642915,1.68581,
0.693756,2.43718,
0.696611,3.63149,
0.720952,0.6725,
0.832496,3.41878,
0.890083,2.45122,
1.26615,1.10946,
1.31401,0.0538288,
1.5218,1.78603,
1.64502,3.11652,
1.74943,0.0514219,
1.87515,1.73541,
2.01058,2.2053,
2.01479,3.61388,
2.08315,3.62835,
2.08322,1.20317,
2.31721,3.73189,
2.56657,3.08512,
2.56977,0.138958,
2.61628,3.68135,
2.67607,1.13271,
2.88092,1.47326,
3.24815,3.38438,
3.32604,3.09508,
3.34915,0.863492,
3.40422,2.77407,
3.46439,0.160976,
3.49147,1.76663,
3.4944,1.81758,
3.5424,0.716679,
3.60922,2.18428,
3.62286,0.362899,
3.66708,2.96543,
3.7027,3.19727,
3.94165,0.656368,
