Storage option,sets
Size,25
Dimension,2
Shape,cube
Spacetime,BlackHole
Past sets, 





1,

4,


4,7,
3,7,4,10,
0,
8,9,
7,10,3,4,11,
0,9,
0,
3,7,4,10,
9,
9,8,13,
17,3,10,7,4,11,
9,8,13,
20,17,3,14,10,7,4,11,
8,11,17,3,10,7,14,4,
8,20,17,3,14,10,7,4,11,
Future sets, 
16,15,12,
5,

17,11,20,14,24,23,22,
10,17,11,22,20,14,24,23,7,


23,24,14,20,22,11,17,10,
24,13,23,21,19,
18,13,21,19,15,
17,11,20,14,24,23,22,
20,14,24,23,22,

21,19,
24,23,22,


23,22,24,20,


24,22,




Past links sets, 





1,

4,


7,
3,10,
0,
8,9,
11,
0,9,
0,
3,10,
9,
13,
11,17,
13,
14,20,
8,14,17,
8,14,20,
Future links sets, 
16,15,12,
5,

17,11,
7,


10,
24,23,13,
15,18,13,
17,11,
20,14,

21,19,
24,23,22,


23,20,


24,22,




Coordinates,
0.197974,1.31401,
0.234621,0.504887,
0.29468,0.0150797,
0.420111,3.94165,
0.42352,3.7027,
0.460744,0.305922,
0.536995,0.832496,
0.582588,3.60922,
0.642915,2.56977,
0.720952,1.87515,
0.890083,3.46439,
1.26615,3.32604,
1.64502,0.576938,
1.74943,1.5218,
2.01058,3.40422,
2.01479,0.586162,
2.08315,0.462529,
2.08322,3.66708,
2.31721,0.693756,
2.61628,0.696611,
2.67607,3.62286,
3.34915,0.466403,
3.49147,3.24815,
3.4944,2.56657,
3.5424,2.88092,
