Storage option,sets
Size,79
Dimension,3
Shape,cylinder
Spacetime,BlackHole
Past sets, 






2,


5,
0,


3,
4,5,
3,
11,
11,16,
13,3,15,
3,7,
7,

7,3,15,
4,
13,3,16,11,17,
0,2,6,11,
2,6,0,10,
11,6,2,0,25,
7,11,15,3,13,18,
3,7,20,
11,17,15,16,3,13,18,
11,10,6,2,0,26,
11,13,18,19,15,3,7,22,
4,2,6,8,5,9,0,10,12,
19,22,18,13,3,11,7,15,28,
16,17,25,27,26,0,2,6,10,11,31,
13,18,19,15,3,20,7,22,
20,7,3,29,
16,17,29,13,18,19,15,28,32,3,20,36,7,22,34,11,
10,22,24,25,0,30,17,11,15,28,2,16,3,13,18,7,27,6,
8,3,13,16,17,25,27,26,0,35,6,10,11,24,2,31,
16,17,29,13,18,19,15,28,32,3,20,36,7,22,34,11,
2,6,24,30,11,34,22,38,16,29,17,13,18,19,3,32,15,28,20,7,36,
19,29,3,7,20,37,
11,34,22,41,15,28,16,29,17,13,18,19,3,32,20,7,36,
20,24,6,2,0,25,16,34,19,22,18,13,32,3,11,7,15,28,30,17,
22,15,32,19,18,13,36,29,3,7,20,11,37,
22,15,32,19,18,13,36,29,3,7,20,11,37,
41,36,7,20,28,15,32,3,19,18,16,29,2,6,24,11,30,17,34,22,38,42,13,
16,28,34,17,46,37,22,15,19,47,18,13,29,32,3,36,7,20,11,
15,22,37,20,7,3,29,19,43,
8,19,34,26,35,6,27,7,18,13,32,3,0,39,10,22,24,11,25,30,17,15,28,31,2,16,
3,13,14,12,9,5,8,16,17,25,27,26,0,35,6,10,11,2,31,4,33,
24,33,4,31,2,11,10,6,35,0,52,13,26,3,16,14,27,12,25,9,5,8,17,
30,38,41,11,7,36,3,32,29,20,49,16,28,44,15,34,17,46,37,22,19,47,18,13,
16,28,34,43,46,37,22,15,19,47,18,13,29,32,3,36,7,20,11,
13,18,43,19,29,3,7,20,22,15,37,50,
14,12,23,10,0,9,5,8,6,2,4,33,
43,13,18,47,19,22,37,46,17,34,15,44,28,54,41,30,38,11,7,36,20,49,29,16,3,32,
11,56,43,13,47,18,19,29,32,3,36,7,20,22,15,37,50,
46,50,37,15,22,20,59,11,56,43,13,47,18,19,29,32,3,7,36,
41,11,17,46,34,28,16,55,56,43,13,47,18,19,29,32,3,36,7,49,20,22,15,37,50,
36,7,3,32,29,19,60,18,47,46,20,59,50,37,11,15,22,56,43,13,
31,26,35,27,10,39,44,25,0,13,42,18,47,19,48,22,37,46,17,34,15,28,16,45,49,20,29,32,3,36,7,11,41,2,6,24,30,38,
31,26,35,27,10,39,25,0,45,42,32,3,16,29,49,20,36,7,11,38,30,41,54,28,44,15,34,17,46,37,22,19,48,47,18,13,2,6,24,
34,28,16,55,36,7,3,32,29,19,60,18,47,17,46,20,59,50,37,11,15,22,56,43,13,
44,49,18,47,19,32,61,7,36,65,29,55,16,28,60,34,17,46,20,59,50,37,11,15,22,56,43,13,3,62,41,
25,0,45,42,24,6,2,48,15,44,46,17,37,22,34,47,18,13,43,19,58,29,28,54,41,30,38,11,7,36,20,49,16,3,32,55,50,
36,7,3,32,29,19,60,18,47,46,20,59,50,37,11,15,22,56,43,13,
14,12,9,5,4,33,40,3,32,18,7,27,35,6,13,26,19,34,8,51,22,0,39,10,24,11,25,30,17,15,28,31,2,16,45,20,
27,10,39,25,0,45,42,24,6,2,15,44,46,17,37,22,34,47,18,13,43,19,48,58,29,28,54,41,30,38,11,7,36,20,49,16,3,32,55,
4,5,9,12,40,44,45,42,38,29,20,36,3,32,18,7,27,35,6,13,26,19,48,34,8,51,22,0,39,10,24,11,25,30,17,15,28,31,2,16,41,
43,8,51,63,24,6,2,13,18,47,48,19,22,37,46,3,32,42,45,16,10,39,27,35,64,0,29,26,31,25,54,49,20,36,7,11,38,30,41,28,44,15,34,17,
35,26,31,64,55,32,3,16,49,20,36,7,38,30,15,44,2,24,42,13,6,45,25,54,0,58,29,39,10,27,11,70,41,46,17,37,22,34,47,18,43,19,48,28,
43,58,63,24,6,2,13,18,47,48,19,22,37,46,3,32,42,45,16,10,39,27,35,64,0,29,26,31,25,54,49,20,36,7,11,38,30,41,28,44,15,34,17,
38,30,54,58,41,62,3,55,29,65,36,61,32,19,47,18,49,20,44,15,7,66,37,16,28,60,34,17,46,59,50,11,22,56,43,13,
20,40,28,15,30,22,39,32,13,52,0,35,6,10,2,31,4,33,11,24,53,26,3,16,14,27,12,25,9,5,34,8,17,51,19,7,18,
62,55,16,28,34,13,43,56,22,15,11,37,50,68,29,65,36,7,17,46,20,59,3,32,19,60,47,18,
28,62,13,43,56,22,15,11,37,50,68,29,36,7,46,20,59,3,32,19,60,47,18,
Future sets, 
27,67,25,72,35,64,51,69,40,71,70,57,31,10,39,26,52,33,45,74,73,53,76,63,

72,73,74,45,52,39,70,69,40,27,53,67,25,48,57,31,33,26,76,63,71,42,51,6,35,64,
37,29,43,22,50,34,63,45,15,74,28,54,73,44,41,70,67,38,58,56,36,62,51,64,49,19,78,75,46,69,40,61,32,24,53,66,52,72,13,42,71,76,47,55,65,48,18,77,59,30,68,39,60,
71,33,23,52,76,57,69,53,14,
33,69,57,14,53,76,52,71,9,
48,57,33,31,26,76,63,42,71,51,64,35,25,67,53,27,40,69,70,39,52,45,74,73,72,
28,39,22,29,37,20,68,62,69,66,64,46,75,77,48,45,74,67,38,54,55,65,36,49,60,34,63,50,43,72,56,78,19,70,41,44,73,47,76,59,51,32,61,71,42,58,
51,71,52,76,40,53,57,69,72,33,
71,52,76,53,57,69,33,
70,39,57,33,74,73,26,52,31,53,76,63,71,40,69,51,64,35,72,
60,68,62,46,47,59,32,31,78,34,28,27,25,58,30,42,71,40,69,72,45,74,73,44,70,41,54,52,61,66,55,35,64,49,65,77,48,16,75,39,67,38,53,24,17,76,63,51,
71,52,76,53,57,69,33,
52,40,53,24,61,66,69,75,49,78,64,51,76,55,65,48,32,59,30,46,42,71,68,39,47,77,18,60,62,36,56,58,38,67,70,41,44,73,72,54,28,74,45,63,34,
69,57,53,76,52,
50,22,61,66,69,75,49,78,64,51,76,55,65,48,32,59,30,46,42,71,68,39,47,77,18,60,62,36,56,58,38,67,70,41,44,73,72,54,28,74,45,63,34,
55,66,61,52,54,41,70,44,73,45,74,72,35,64,49,65,77,48,75,39,67,38,53,24,17,76,63,51,69,40,71,42,30,58,
77,65,49,64,35,72,45,74,73,44,70,41,39,67,38,48,53,24,76,63,51,69,40,71,42,30,58,75,54,52,61,66,
56,36,60,68,62,46,47,59,32,30,48,42,71,58,38,67,70,41,44,73,72,39,54,28,74,45,63,34,65,55,76,51,64,78,49,75,69,66,61,77,
56,50,43,36,34,49,78,55,65,60,54,67,38,70,41,44,73,47,76,72,59,51,63,32,61,71,42,58,74,45,48,77,75,46,64,66,69,62,68,
76,69,45,36,78,49,75,46,62,72,43,56,61,37,66,65,71,42,41,70,44,73,68,29,58,77,48,64,54,60,47,63,59,74,55,50,67,38,

56,50,39,36,34,49,78,55,65,60,54,67,38,70,41,44,73,47,76,72,59,51,63,32,61,71,42,58,74,45,48,77,75,46,64,66,69,62,68,
57,
53,48,67,39,70,73,45,74,72,63,76,64,51,69,40,71,42,
67,40,69,53,27,70,39,52,45,74,73,72,35,64,51,71,63,76,
31,53,76,63,71,40,69,51,35,64,72,52,73,74,
70,39,74,73,52,72,35,64,51,71,63,76,53,69,40,
39,72,73,44,67,38,54,70,41,71,42,58,74,45,63,34,65,55,76,51,64,78,49,75,69,66,61,77,48,
44,41,42,71,65,66,37,68,61,43,72,56,77,48,64,54,60,47,63,59,74,58,70,73,55,50,67,38,62,46,75,49,78,
58,75,54,48,39,70,73,45,74,69,72,63,76,64,51,71,42,67,
40,53,76,63,71,69,51,64,72,52,73,74,35,
76,51,59,47,63,72,73,44,67,38,54,70,41,71,42,58,74,45,48,77,75,46,64,61,66,69,62,68,60,65,55,78,49,
69,57,53,76,52,
65,55,76,51,49,69,66,61,64,75,77,48,45,74,58,42,71,41,70,54,38,67,44,73,72,63,
73,74,52,72,64,51,69,71,63,76,53,40,
59,47,49,78,55,65,60,68,62,66,61,64,46,75,77,48,74,58,42,71,41,70,54,38,67,44,73,72,63,
47,54,64,63,56,61,60,68,66,77,65,43,72,59,74,58,70,73,55,50,67,62,46,75,49,78,
75,48,74,58,71,70,54,67,73,64,72,63,42,
70,73,74,69,71,72,63,76,64,51,
76,71,69,
61,48,70,66,63,71,58,75,74,44,73,64,72,67,54,
63,72,64,73,67,70,71,74,48,
72,74,58,70,73,55,50,67,59,62,75,78,65,77,66,68,60,61,56,
66,63,71,58,75,74,73,70,64,72,67,54,
71,70,69,67,73,64,72,74,63,
62,68,60,65,77,55,78,49,75,63,66,58,61,74,73,70,64,72,67,54,
60,68,62,59,65,77,55,78,49,75,63,66,58,61,74,73,70,64,72,67,54,
71,70,67,73,64,72,74,63,
63,66,58,75,61,74,73,70,64,72,67,54,
67,59,62,75,78,65,77,66,68,60,61,56,
76,72,71,69,
76,53,
76,
72,64,67,70,73,74,75,58,
73,70,67,77,65,66,75,61,
61,60,68,66,77,65,78,75,62,59,

75,74,73,70,67,
62,75,78,65,77,66,68,60,
68,66,77,65,78,75,62,
75,66,
78,77,75,66,
74,72,
74,73,72,
77,75,66,
75,

78,77,

73,








Past links sets, 






2,


5,
0,


3,
4,5,
3,
11,
16,
13,15,
3,7,
7,

7,15,
4,
13,17,
0,6,11,
6,10,
25,
7,11,18,
3,20,
17,18,
11,26,
11,18,19,22,
4,6,8,9,10,12,
19,22,28,
17,27,31,
18,19,20,22,
29,
17,29,32,34,36,
10,22,24,27,28,30,
8,24,35,
17,29,32,34,36,
6,24,30,38,
19,37,
41,
20,24,25,30,32,34,
32,36,37,
32,36,37,
41,42,
17,46,34,47,
22,43,
32,8,34,35,39,
13,14,33,35,
24,52,
30,38,44,49,
16,43,46,34,47,
18,50,
14,23,33,
43,54,
47,56,
46,59,
41,49,55,56,
60,
39,44,45,35,48,49,
39,45,35,48,54,
17,55,60,
44,61,62,65,
48,50,55,45,58,
60,
33,14,40,45,51,
39,48,55,45,58,
4,40,44,45,9,48,12,51,
43,63,51,64,
64,70,
58,63,64,
58,66,
20,51,40,53,
62,65,68,
28,62,68,
Future links sets, 
25,10,

6,
29,19,15,13,
71,33,23,14,
14,9,
42,33,26,25,
28,22,20,19,
51,40,33,
71,33,
33,39,26,
32,31,28,25,16,
71,33,
52,24,18,
69,57,52,
22,18,
55,17,
65,49,41,38,35,30,24,
36,32,56,30,28,
43,36,34,32,
76,45,36,29,

50,39,36,34,32,
57,
45,42,53,40,39,
45,27,
31,
39,35,
78,39,34,
41,38,37,
54,45,42,39,
35,
47,46,45,41,51,38,
69,57,52,
55,49,45,41,51,38,
63,52,64,51,40,
47,46,41,38,
47,46,43,
54,42,
70,63,64,51,
76,71,69,
61,48,44,
48,
72,58,55,50,
71,66,63,54,
71,70,69,67,64,63,
60,55,49,
59,55,49,
71,70,67,64,63,
63,61,54,
67,56,
76,72,71,69,
53,
76,
64,58,
70,67,65,61,
61,59,

75,74,70,67,
60,
68,65,62,
66,
78,77,66,
74,72,
74,73,72,
77,66,
75,

78,77,

73,








Coordinates
-3.99887,2.56105,2.25832e-05
-3.98973,0.935812,0.00111646
-3.96898,2.68361,0.000775155
-3.95206,3.62795,0.00124859
-3.80571,1.91589,0.00203352
-3.78491,1.95837,0.00195692
-3.78152,2.70716,0.00191928
-3.77265,3.91152,0.000269603
-3.7201,2.14713,0.00170147
-3.71441,1.94816,0.00213693
-3.70219,2.41552,7.93048e-05
-3.69895,3.13811,9.44666e-06
-3.67606,1.96158,0.00207289
-3.57928,3.33937,0.000535459
-3.54654,1.73131,3.94222e-05
-3.53659,3.46862,0.000784821
-3.47708,3.02347,0.00188046
-3.38013,3.0309,0.00141645
-3.34506,3.33028,0.000463507
-3.23329,3.57477,0.00142543
-3.22274,3.91264,0.00142293
-3.21894,1.21117,0.00183155
-3.20941,3.48689,0.00151584
-3.20204,1.32856,0.0019073
-3.14346,2.93984,0.00180537
-3.10079,2.61395,0.000796999
-3.00632,2.31663,0.00212425
-2.96365,2.49835,0.00187057
-2.93524,3.156,0.000873401
-2.91679,3.75576,0.000890589
-2.88794,2.99078,0.00138446
-2.7874,2.29884,9.26106e-05
-2.74324,3.31867,0.000575797
-2.72944,1.7169,0.00184839
-2.65416,3.21688,0.000998401
-2.63229,2.29415,0.00207213
-2.5773,3.41282,0.000735478
-2.39531,3.84566,0.00038295
-2.29948,3.14379,0.000407832
-2.17669,2.49762,0.00167177
-2.09107,1.96658,0.00202672
-2.04134,3.26091,0.000383361
-2.0203,2.94265,0.000261886
-2.01596,3.936,0.00110943
-1.93159,3.24693,0.00049889
-1.92997,2.6604,0.000991142
-1.85184,3.53604,0.00023306
-1.7649,3.567,0.000981485
-1.65153,2.9462,0.00139721
-1.59467,3.39997,0.000359607
-1.54533,3.96467,0.000254329
-1.52821,2.20297,0.00170392
-1.5241,1.30285,0.000395175
-1.41591,1.27444,0.00132933
-1.39087,3.26684,0.00162565
-1.27788,3.54585,0.000906741
-1.22244,3.81558,0.00116752
-1.10769,0.350586,0.0018468
-1.06141,3.24182,0.00106038
-0.83371,3.8443,0.000530324
-0.74715,3.84968,0.00211326
-0.643826,3.62921,0.00129843
-0.596678,3.80852,0.000299332
-0.580605,2.39658,0.000190751
-0.574981,2.46028,0.00135902
-0.573399,3.73178,0.000807389
-0.411621,3.64215,0.00151055
-0.394185,2.86884,0.00174526
-0.290573,3.97307,0.000608873
-0.289986,1.03962,0.000330748
-0.285579,2.65278,0.00192295
-0.261422,1.62763,0.00108101
-0.248781,2.24472,0.000996862
-0.128384,2.49867,0.000725485
-0.121543,2.34639,0.00151922
-0.0891733,3.42174,0.000371962
-0.0461595,0.748903,0.00184979
-0.0384003,3.88106,0.00150837
-0.00961786,3.96032,2.23548e-05