Storage option,sets
Size,25
Dimension,2
Shape,cube
Spacetime,BlackHole
Past sets, 





0,
0,

0,5,
5,0,8,
8,0,5,6,
5,0,8,
0,
0,
0,12,
0,1,7,
0,13,
1,6,8,0,5,7,
1,6,8,0,5,7,
1,2,4,
7,9,6,10,5,11,0,8,
1,7,9,6,10,5,11,0,8,
5,6,15,0,1,7,
3,19,4,1,2,
0,
Future sets, 
24,15,16,13,14,12,6,5,10,21,20,9,22,11,17,18,8,
21,23,19,15,22,17,18,
23,19,
23,
23,19,
10,21,20,9,22,11,17,18,8,
22,18,20,10,21,17,
21,20,15,22,17,18,
18,17,11,9,20,21,10,
21,20,
21,20,
21,20,
14,
16,

22,



23,





Past links sets, 





0,
0,

5,
8,
6,8,
8,
0,
0,
12,
0,1,7,
13,
1,6,7,8,
1,6,7,8,
1,2,4,
7,9,10,11,
1,11,10,9,7,
6,5,15,
3,19,
0,
Future links sets, 
15,5,6,12,24,13,
21,15,17,18,19,
19,
23,
19,
22,8,
18,22,17,10,
21,15,20,17,18,
18,9,10,11,17,
21,20,
21,20,
21,20,
14,
16,

22,



23,





Coordinates,
0.0156563,1.95254,
0.0395049,0.987748,
0.0619443,0.289708,
0.148201,0.133312,
0.573905,0.35592,
0.6597,1.53648,
0.67209,1.38471,
0.685052,1.25012,
0.829639,1.50995,
1.03072,1.4349,
1.0573,1.34286,
1.14126,1.50317,
1.16749,1.65373,
1.18865,1.74413,
1.30296,1.55493,
1.32312,0.672716,
1.4048,1.67084,
1.4525,0.905911,
1.45913,0.899104,
1.55874,0.194011,
1.57699,1.21105,
1.81463,0.923594,
1.83068,0.447416,
1.85719,0.00476886,
1.9503,1.77091,
