Storage option,sets
Size,75
Dimension,2
Shape,cube
Spacetime,BlackHole
Past sets, 




1,
0,

2,
1,



9,
6,




6,13,
15,

3,
2,7,
11,13,6,18,
2,7,
2,7,

11,13,6,18,

9,12,
11,13,6,18,
9,12,
23,18,6,13,11,27,
9,12,20,
3,21,
9,20,26,
3,21,
2,6,
28,
2,6,13,
12,9,29,
28,
28,

27,11,13,18,23,6,32,
22,24,7,2,25,
11,6,20,13,26,
28,
28,42,

26,31,12,9,20,33,
6,9,11,20,26,
11,12,26,33,20,9,35,
29,9,12,40,
32,6,23,13,11,27,18,44,
43,28,47,
42,43,28,47,
6,11,26,20,9,35,

9,29,28,12,38,

9,12,38,28,41,
33,20,35,9,12,31,26,50,
30,32,6,23,13,11,27,18,44,
9,29,12,38,28,41,
47,28,42,43,56,
18,23,13,26,46,20,11,9,6,51,
28,31,12,9,29,40,53,
53,40,29,9,12,31,28,67,
51,6,35,9,11,20,46,26,13,23,18,66,
58,
20,31,29,9,12,40,
49,58,60,

28,43,49,
Future sets, 
5,
8,4,
39,22,45,37,24,25,7,
36,34,21,


57,51,13,39,46,23,69,30,37,66,27,63,54,32,44,18,
25,24,45,22,

66,51,57,52,50,12,35,64,61,29,68,59,67,71,53,69,40,31,33,62,

52,51,46,32,54,63,57,44,27,66,30,69,23,
61,29,68,64,59,67,71,53,40,31,33,62,50,52,
46,39,23,69,30,66,27,63,54,32,44,18,

19,


32,54,63,44,27,66,30,69,23,

71,51,66,57,69,35,50,62,52,46,33,
36,34,
45,
69,66,44,63,54,32,
45,
45,
51,50,66,46,52,57,62,69,35,
44,63,54,32,
74,64,61,48,59,41,38,67,42,55,68,65,56,47,
64,59,68,67,71,53,40,
63,
71,68,67,62,50,
54,63,44,
52,62,50,

69,62,57,52,


64,61,59,

71,67,68,53,
64,61,
65,56,48,
74,65,56,55,
63,54,

69,66,
65,56,55,

74,72,
62,
69,66,

68,67,


65,

72,70,

72,





69,
68,







Past links sets, 




1,
0,

2,
1,



9,
6,




13,
15,

3,
7,
11,18,
7,
7,

11,18,

12,
11,18,
12,
23,27,
12,20,
21,
9,20,26,
21,
2,6,
28,
2,13,
29,
28,
28,

32,
22,24,25,
11,20,13,26,
28,
42,

26,31,33,
6,9,11,20,26,
11,33,35,
40,
44,
43,47,
42,43,47,
6,11,35,

29,38,

12,38,41,
35,50,
30,44,
29,38,41,
56,
23,46,51,
28,31,53,
67,
35,66,
58,
20,31,40,
49,58,60,

28,43,49,
Future links sets, 
5,
8,4,
39,37,7,
21,


57,51,37,13,
25,24,22,

35,51,12,

57,52,51,46,30,27,23,
61,33,31,29,
46,39,18,

19,


30,27,23,

71,51,35,46,33,
36,34,
45,
66,32,
45,
45,
51,50,46,35,
32,
74,47,42,67,41,38,
64,59,40,
63,
71,67,50,
44,
52,50,

69,62,57,52,


64,61,59,

71,53,
64,61,
56,48,
74,56,55,
63,54,

66,
56,55,

74,72,
62,
66,

67,


65,

72,70,

72,





69,
68,







Coordinates
0.0143128,0.400143
0.0422414,0.210603
0.0555745,0.614185
0.0609307,0.43937
0.0725253,0.180797
0.0775105,0.343435
0.0859261,0.732715
0.104095,0.573304
0.112186,0.140881
0.119704,0.971917
0.121614,0.0289214
0.1624,0.739779
0.165711,0.952393
0.168287,0.683663
0.176814,0.318593
0.207648,0.393255
0.213014,0.143307
0.233101,0.402402
0.257644,0.636086
0.294508,0.322909
0.296074,0.765314
0.302486,0.253739
0.30859,0.422305
0.319541,0.592192
0.323381,0.381328
0.323686,0.407098
0.335331,0.712675
0.366325,0.545283
0.388773,0.98532
0.389848,0.845509
0.410697,0.491924
0.421771,0.76953
0.435287,0.495156
0.436269,0.68458
0.50647,0.0656181
0.531147,0.577673
0.532879,0.0361689
0.579264,0.265435
0.590398,0.80307
0.5914,0.268499
0.595279,0.713807
0.621872,0.823463
0.64586,0.878104
0.670014,0.897881
0.680493,0.325945
0.694724,0.0617165
0.701036,0.372369
0.709843,0.856915
0.749786,0.777183
0.750527,0.946811
0.752117,0.463992
0.757524,0.343156
0.759374,0.411145
0.762509,0.603967
0.781621,0.239521
0.808626,0.816132
0.809529,0.770127
0.817918,0.299818
0.824694,0.975915
0.825632,0.600611
0.830726,0.943963
0.870627,0.650469
0.877154,0.348241
0.88288,0.127063
0.894644,0.608512
0.905047,0.710672
0.932268,0.175269
0.94056,0.437042
0.944737,0.433861
0.961932,0.148883
0.963406,0.916678
0.966947,0.385697
0.977409,0.858232
0.97961,0.985645
0.99479,0.735262