Storage option,sets
Size,200
Dimension,3
Shape,cylinder
Spacetime,black hole
Past sets, 








1,

3,




3,10,


2,13,

1,8,
1,


2,13,
1,
0,
2,
3,10,
2,

13,
0,11,
0,13,
3,

23,

6,10,3,28,
14,1,21,30,
6,9,10,15,3,34,
16,17,22,
3,10,
22,23,

7,1,14,16,19,30,
4,2,24,13,0,33,
0,35,
0,13,2,24,
0,1,11,37,
19,35,
14,6,19,23,9,22,17,16,41,
3,6,36,23,22,43,

35,
22,44,
10,3,34,
7,41,16,17,22,9,23,19,6,14,51,
18,31,32,4,33,46,11,24,2,13,0,48,
16,30,19,11,50,35,54,
0,37,
0,26,11,37,
1,2,11,24,26,13,0,33,
34,3,15,6,40,36,10,23,9,22,17,43,
2,24,31,13,0,33,53,
37,0,47,35,54,
10,3,34,
6,7,55,16,22,9,44,41,17,23,19,14,30,1,8,
4,31,33,11,24,2,26,13,0,48,1,53,
16,19,30,11,37,35,26,0,47,
2,24,31,13,0,33,53,
37,0,47,35,54,
24,2,27,0,13,31,
27,53,33,0,13,31,24,2,64,
44,
23,44,35,22,55,
49,21,50,71,19,37,0,26,65,47,35,54,11,69,1,59,30,16,
26,39,14,49,71,19,8,37,11,21,50,0,7,65,47,35,25,54,45,16,1,59,30,
22,23,44,
4,29,48,31,13,0,53,27,2,24,72,
0,23,44,22,35,54,
8,18,32,46,1,48,26,73,27,29,0,13,53,24,11,31,2,64,68,33,4,
2,33,35,37,13,0,47,60,
0,47,19,11,50,54,55,22,35,44,23,75,
11,16,71,19,37,50,0,65,26,47,35,22,54,44,30,
44,23,35,74,22,78,
64,2,11,24,31,26,13,0,33,53,27,73,
18,21,25,46,49,8,37,32,61,68,62,4,33,11,60,31,2,26,13,0,48,30,1,24,53,
64,53,33,26,0,13,24,2,31,70,
11,73,27,33,72,0,13,26,70,53,24,31,2,64,
21,27,37,64,68,62,4,33,11,31,2,26,13,29,0,48,1,24,53,
25,39,45,51,17,23,35,22,21,80,55,54,83,50,11,19,47,44,74,75,16,9,7,6,65,41,14,30,1,0,59,67,8,37,
3,34,43,54,78,22,74,35,36,23,44,85,
2,31,13,0,33,53,
32,41,55,69,17,76,45,22,35,47,26,65,7,59,0,16,50,21,37,8,11,19,18,77,12,71,13,54,84,25,44,30,23,82,61,2,1,60,33,39,14,49,
21,37,48,72,73,27,1,88,64,4,62,33,26,29,0,13,53,24,11,2,31,70,86,
35,37,
7,12,16,19,27,29,14,39,58,64,4,62,33,68,32,37,8,49,46,25,21,18,47,87,0,11,31,61,2,26,13,48,30,60,1,24,53,82,35,
0,3,92,34,43,54,78,80,22,74,35,36,23,44,85,
7,12,16,19,27,29,14,39,58,64,47,68,32,49,46,25,8,21,87,0,35,18,37,96,62,4,33,11,31,61,2,26,13,48,30,60,1,24,53,82,
1,48,79,64,11,73,27,24,53,4,33,72,29,0,13,26,70,2,89,31,
48,49,37,61,72,73,27,1,88,64,4,62,33,26,29,0,13,53,24,11,60,2,31,70,86,
1,28,42,41,16,19,55,56,14,43,66,40,10,36,52,23,3,34,63,44,15,6,38,9,51,22,17,
3,54,0,78,23,44,80,22,35,74,71,37,47,43,
19,30,36,28,35,6,78,22,16,74,23,10,15,44,56,43,3,55,42,34,38,
16,19,26,33,4,62,68,37,21,64,35,31,90,2,61,13,29,0,48,60,1,30,24,53,27,86,14,73,11,70,49,47,
9,14,34,56,85,3,55,22,35,6,10,16,75,17,23,52,44,74,15,36,43,50,21,78,19,42,41,38,28,30,1,
1,10,69,37,71,15,74,75,16,35,22,80,103,44,23,59,0,54,83,3,47,43,92,34,36,6,65,84,85,26,55,11,78,19,50,30,
3,43,78,22,74,35,23,44,85,
8,18,31,32,39,14,7,45,4,46,48,55,22,35,47,17,76,26,25,84,65,16,50,21,37,11,69,19,71,13,54,44,30,0,59,82,24,61,2,1,60,33,62,49,
31,48,22,35,47,26,84,65,16,50,37,11,69,19,71,13,54,44,30,0,59,82,24,53,1,60,33,62,2,61,49,
27,47,88,35,64,33,26,0,13,53,24,37,70,2,31,60,
13,41,43,36,3,52,2,61,22,35,47,17,76,26,84,55,6,65,74,50,80,21,37,11,69,71,54,83,44,30,60,1,0,59,23,16,75,19,78,49,
10,19,47,37,71,26,55,75,0,3,92,34,43,54,78,80,22,74,35,65,36,23,44,85,
27,47,70,96,37,88,35,64,82,24,53,33,26,0,13,60,31,2,
53,37,35,96,
68,89,4,62,33,64,93,73,101,37,95,48,49,26,88,29,0,72,13,53,24,1,60,61,2,31,11,70,27,86,21,
16,19,36,28,66,10,23,3,55,42,34,56,43,22,44,38,6,
29,50,33,13,71,26,31,1,60,64,35,24,53,82,69,37,96,86,27,73,47,54,11,70,16,19,30,0,59,65,2,61,
11,37,72,27,2,31,70,13,0,26,33,88,93,64,53,24,73,
64,27,53,33,26,0,13,24,2,31,70,
29,39,41,14,7,45,55,64,17,76,4,9,68,32,8,46,21,18,87,49,61,2,11,69,37,50,16,6,65,26,25,84,47,35,22,48,19,31,110,71,13,54,44,30,60,1,59,0,23,82,24,53,33,62,
29,69,33,59,0,13,71,26,84,61,2,31,1,60,64,35,24,53,82,11,37,96,86,27,73,44,16,19,50,65,47,22,54,30,
11,65,54,73,2,31,60,71,13,0,26,33,115,37,96,70,27,114,88,47,35,64,111,24,53,82,
10,13,37,71,74,35,22,80,103,44,23,0,54,83,3,2,61,47,43,33,92,34,36,6,65,78,19,11,50,55,85,26,75,60,
8,18,25,32,46,49,68,33,4,62,73,24,53,64,93,79,21,60,1,48,100,72,13,88,29,0,26,11,70,2,89,95,37,27,86,31,90,
51,40,63,37,7,66,11,83,54,92,59,0,39,98,104,1,30,28,38,14,43,47,106,85,56,44,23,52,9,35,65,6,15,74,22,19,78,3,108,50,80,21,34,55,10,16,75,17,36,42,41,
29,4,68,21,17,76,14,73,64,27,86,49,61,2,70,11,69,96,37,50,16,65,26,84,47,35,22,48,19,31,110,71,13,54,44,30,60,1,59,0,82,24,53,33,62,
28,38,41,42,52,56,49,17,76,98,30,50,11,84,83,92,34,3,55,59,0,37,47,71,16,75,43,113,54,19,78,107,21,80,22,35,6,65,36,23,103,44,74,15,26,85,1,10,69,
72,73,11,64,27,120,33,26,29,0,13,53,24,89,2,31,70,
41,55,17,76,68,21,49,62,48,110,30,54,22,47,65,50,90,31,2,61,84,26,71,13,29,0,59,60,1,33,69,70,11,4,122,64,35,24,53,82,37,96,86,27,14,73,44,16,19,
74,54,24,53,82,33,35,80,22,37,71,13,0,47,31,2,60,23,44,
5,43,36,3,52,57,58,68,87,67,6,62,33,53,24,83,82,23,0,59,1,60,30,44,54,13,71,12,110,51,31,19,48,22,35,94,47,84,25,26,65,16,75,50,109,37,69,11,2,61,49,8,18,77,32,91,39,14,7,45,4,46,55,17,76,21,80,41,74,9,
54,66,38,34,42,55,10,28,36,50,108,43,30,3,78,75,104,22,16,74,6,35,23,15,44,56,85,19,
30,28,38,42,56,92,34,98,11,26,85,44,23,35,15,74,22,80,0,3,43,108,50,54,83,36,6,65,47,78,19,55,16,75,71,37,66,10,
55,115,30,54,22,47,6,65,50,31,2,61,84,26,71,72,13,88,29,118,0,59,60,1,33,69,70,11,122,64,35,24,53,23,82,37,96,86,27,73,44,75,16,19,
0,44,96,22,35,53,37,115,
10,53,31,37,71,13,74,35,64,22,80,103,44,78,0,54,3,47,43,34,36,65,26,85,23,82,24,2,60,92,33,75,55,
28,38,42,56,30,84,98,1,60,16,75,26,85,55,50,44,103,15,74,80,22,35,71,13,37,59,0,23,69,10,113,54,83,3,61,2,47,43,33,92,34,36,6,124,65,78,19,11,
0,23,37,44,22,35,74,
41,17,76,93,21,95,101,49,62,48,110,89,30,22,50,19,16,44,84,69,33,31,1,60,61,2,73,54,26,118,59,0,72,13,71,65,115,37,96,11,70,86,27,55,114,29,88,47,35,123,64,4,122,111,24,53,82,
34,36,33,60,2,82,85,43,47,3,54,0,78,23,44,80,22,35,103,74,13,71,37,
37,35,96,
27,33,64,35,88,115,53,24,22,80,37,96,44,26,55,0,136,13,71,2,31,60,70,47,82,23,54,75,74,65,
35,37,
74,21,76,80,72,13,71,61,2,118,0,59,31,50,65,6,47,54,37,96,115,35,22,44,135,136,29,88,53,26,84,142,24,83,55,114,30,89,60,1,33,69,70,11,122,4,64,123,23,82,86,27,73,75,16,19,111,110,48,62,49,101,93,
2,33,13,0,47,31,44,96,35,53,37,115,
35,24,37,60,53,33,0,13,31,2,93,
39,54,69,79,100,19,16,46,105,111,82,35,47,114,21,26,0,116,88,29,90,31,61,2,30,89,86,27,33,4,62,13,72,101,96,37,95,70,11,60,1,119,93,64,53,24,14,73,68,48,49,
5,43,36,52,57,79,81,67,83,51,91,77,94,95,97,58,12,99,101,105,109,25,87,18,46,32,45,7,39,121,111,114,123,14,90,110,48,54,23,82,47,70,11,60,1,31,2,61,71,3,130,13,72,4,131,9,136,127,0,118,59,55,26,44,96,37,115,53,24,27,86,84,33,35,64,88,29,22,80,21,75,143,16,74,65,6,8,135,144,17,76,30,50,69,122,73,19,41,68,49,62,
12,40,58,77,81,67,51,91,105,15,107,109,83,52,112,25,6,87,18,46,8,32,9,45,7,39,121,19,16,73,14,27,86,23,82,85,26,65,36,34,43,47,62,54,127,0,59,78,44,103,137,10,69,24,53,2,61,31,90,37,96,71,3,130,13,35,64,74,22,80,21,60,1,92,33,75,55,41,17,76,68,49,48,110,30,50,84,29,70,11,131,4,122,
36,43,30,50,19,93,111,73,6,65,74,16,75,80,22,88,123,64,35,33,84,143,86,27,83,24,53,115,37,96,44,144,26,114,55,0,136,72,131,13,71,61,2,31,60,11,70,47,82,23,54,
5,20,36,43,57,79,81,67,83,51,91,77,94,95,97,58,12,99,101,105,109,25,87,18,46,32,45,7,39,121,111,114,123,14,90,110,48,54,23,82,47,70,11,60,1,31,2,61,71,3,130,13,72,4,131,9,136,127,0,118,59,55,26,44,96,37,115,53,24,27,86,84,33,35,64,88,29,22,80,21,75,143,16,74,65,6,8,135,144,17,76,30,50,69,122,73,19,41,68,49,62,
69,50,76,79,19,16,105,21,49,48,95,101,62,4,30,89,68,116,93,33,90,31,61,2,14,73,54,26,59,0,71,65,115,37,96,11,70,86,27,114,29,88,47,35,123,64,111,24,53,82,1,60,119,13,72,
50,68,19,16,69,30,89,21,95,62,4,49,48,101,93,33,31,61,2,73,54,26,0,71,65,115,37,96,11,70,86,27,114,29,88,47,35,123,64,111,24,53,82,1,60,119,13,72,
33,31,60,2,53,82,85,96,43,47,3,54,0,78,23,44,80,22,35,103,74,13,71,37,
23,54,47,33,71,13,142,37,115,22,96,44,136,0,24,82,53,35,93,60,31,2,
13,41,52,2,61,17,76,104,84,60,1,107,69,10,66,37,71,55,19,78,47,103,44,11,98,26,85,56,34,33,92,42,38,28,30,75,16,134,23,35,15,74,22,21,80,59,0,3,43,49,108,50,113,54,83,36,6,65,
10,30,50,36,34,43,19,78,3,111,73,6,65,74,16,75,80,22,88,123,64,35,92,33,84,143,27,83,24,53,115,37,96,103,44,85,144,26,114,55,0,136,72,131,13,71,61,2,31,60,11,70,47,82,23,54,
16,22,19,50,93,115,53,111,24,82,35,37,96,44,73,31,61,2,60,47,0,72,13,71,33,146,88,64,123,65,54,26,11,70,27,114,
3,13,33,43,47,54,2,31,60,53,35,22,74,37,144,115,78,136,0,44,96,85,23,
24,42,10,66,55,0,3,43,54,2,60,26,85,36,47,34,33,92,78,82,141,23,139,80,22,35,44,103,74,13,71,37,108,98,75,
33,13,0,47,31,44,96,22,35,53,37,115,
16,19,79,47,111,21,49,48,95,101,93,35,64,31,30,89,0,116,33,61,2,120,4,62,53,24,96,37,13,72,14,73,86,27,26,129,11,70,1,60,119,147,29,88,68,
3,13,33,43,47,53,22,35,74,0,78,139,23,37,44,96,85,60,54,
28,42,10,54,74,26,85,103,44,35,22,80,0,78,3,43,108,71,13,37,66,47,98,34,36,23,82,2,60,92,33,75,55,
44,96,142,37,35,144,
3,54,23,82,47,70,11,60,31,2,61,71,13,131,72,136,0,55,114,26,144,44,96,37,74,36,111,53,93,65,6,123,64,35,78,19,50,89,30,88,43,73,16,75,80,22,151,33,84,143,27,86,115,142,24,83,
101,49,62,48,110,89,30,84,69,4,122,55,114,86,27,70,11,26,54,65,23,82,111,53,142,24,93,35,123,64,115,50,19,22,16,159,37,96,44,73,31,119,1,60,2,61,47,118,59,0,72,13,71,33,146,29,88,
17,22,45,77,81,87,58,12,7,99,118,32,25,18,8,125,44,46,100,115,65,71,0,59,54,73,14,61,2,93,101,96,37,95,31,90,89,30,68,16,48,146,19,69,50,148,21,33,4,62,49,11,70,86,154,27,114,29,88,47,35,26,153,123,64,111,24,53,82,1,60,119,13,72,76,79,105,116,39,
33,53,2,31,60,47,13,71,54,80,22,35,74,0,78,139,23,37,44,108,43,3,85,
86,73,88,72,37,11,93,64,27,120,33,26,0,13,53,24,61,119,60,89,2,31,70,
28,42,50,56,11,70,27,73,98,55,75,24,6,65,64,10,36,74,35,22,139,80,53,43,92,33,19,137,78,0,131,13,71,3,47,164,103,44,26,85,60,31,61,2,113,54,23,82,141,37,96,155,34,
6,39,75,100,130,17,14,90,116,68,95,21,105,79,76,136,24,142,53,111,82,23,65,54,70,11,86,27,114,55,101,49,48,41,168,50,110,89,30,69,62,4,122,35,93,153,26,84,123,64,115,22,16,159,37,96,44,73,31,119,1,60,2,61,47,118,59,127,0,72,140,13,71,33,19,146,88,29,156,
49,52,107,2,61,82,23,141,36,34,98,47,66,37,108,43,3,0,59,78,19,35,28,54,113,22,80,139,13,71,42,10,69,26,85,74,15,103,44,60,1,92,33,75,16,134,55,165,38,56,30,84,50,83,133,6,124,65,138,11,104,117,
41,52,95,107,101,49,62,48,110,122,69,1,89,15,142,29,135,59,118,76,21,145,86,93,36,50,30,137,10,23,82,85,17,144,26,96,37,0,136,78,19,115,74,44,103,43,3,13,72,4,131,160,33,92,47,54,60,2,61,158,31,53,35,22,34,111,73,6,65,75,80,88,123,64,84,16,143,27,83,151,24,114,55,71,11,70,
14,17,76,79,90,101,49,30,89,69,16,48,68,21,50,44,4,62,33,13,72,0,118,59,47,31,95,96,37,22,93,162,35,53,115,61,120,73,54,26,71,65,11,70,2,129,86,154,27,114,29,88,147,123,64,111,24,82,1,60,119,19,146,116,
33,34,53,2,31,60,47,13,71,54,80,22,35,74,0,78,139,23,37,44,108,43,3,85,
16,19,65,54,71,33,93,35,64,61,120,2,31,30,89,0,53,24,82,111,86,27,114,26,60,119,70,11,13,72,29,147,88,73,115,37,96,47,
59,69,29,156,85,103,92,34,137,10,36,74,37,96,144,26,114,55,0,136,72,131,13,44,167,11,70,54,23,82,53,111,47,2,61,60,3,71,93,65,6,123,64,35,78,19,50,89,30,88,43,73,75,80,22,33,84,16,143,27,86,115,142,151,24,83,166,31,158,
10,52,103,119,95,41,101,49,62,48,110,122,69,1,135,59,118,76,21,145,36,74,37,96,17,144,26,114,55,0,136,72,4,131,140,13,44,167,11,70,54,23,82,53,111,47,2,61,60,31,3,71,93,65,6,123,64,35,78,146,19,50,89,30,88,43,73,75,80,22,33,84,16,143,27,86,115,142,151,24,83,166,29,156,
39,46,51,40,63,70,68,90,104,9,106,62,48,110,112,73,27,86,29,122,21,107,76,17,49,52,41,4,131,66,7,134,24,64,96,37,164,85,26,108,44,103,23,14,141,82,139,80,78,19,0,59,74,15,35,3,34,47,33,92,53,43,170,54,113,60,128,1,2,61,31,13,71,22,36,28,38,42,56,30,84,98,16,75,55,177,50,69,137,10,83,6,124,65,138,11,
20,97,77,58,40,150,23,34,155,28,96,37,164,141,14,82,2,61,31,60,85,26,44,103,47,3,130,12,139,71,13,131,4,0,127,75,98,73,27,56,54,113,172,45,11,138,70,24,53,50,55,42,64,35,6,65,36,10,137,74,22,80,43,92,33,78,19,81,67,51,91,105,15,107,109,83,52,112,25,87,18,46,8,135,32,9,7,39,121,16,86,62,59,69,90,21,1,128,41,17,144,76,68,49,48,110,30,84,29,122,38,124,115,72,88,118,132,5,57,94,126,63,66,104,106,108,114,101,99,
5,81,67,51,91,85,34,92,77,94,97,58,12,99,105,109,112,116,87,45,7,121,100,79,46,32,25,125,14,90,68,156,29,39,166,83,24,151,15,142,115,86,27,143,16,84,33,22,80,75,73,43,88,30,89,50,19,146,78,114,55,26,144,17,76,8,135,96,37,36,95,18,145,21,118,59,127,0,1,119,60,69,10,101,49,167,62,130,3,74,103,44,41,48,52,111,110,122,9,136,72,4,131,13,140,11,70,54,23,82,180,53,47,2,61,31,71,93,65,6,123,64,35,
31,53,56,65,24,55,75,33,92,60,44,103,74,85,26,10,42,71,13,139,80,22,113,54,28,35,19,78,0,3,161,43,108,37,66,165,47,98,34,36,141,23,82,2,
19,50,23,82,111,55,114,115,53,35,93,22,37,96,73,31,88,147,60,61,120,2,47,0,72,13,71,33,44,162,146,24,142,26,64,123,65,54,11,70,27,
47,88,70,26,27,37,24,53,0,13,147,60,31,2,64,35,93,33,120,
3,13,33,43,47,31,60,85,115,144,53,35,22,74,37,142,96,44,0,139,23,78,136,
59,90,105,46,100,39,11,70,26,114,86,111,82,24,53,171,0,30,89,119,60,178,1,61,129,2,120,16,19,71,65,54,31,33,35,93,64,123,13,72,29,147,88,73,14,115,37,96,47,163,79,148,21,49,48,95,27,154,101,116,4,62,68,50,69,
50,69,68,62,4,116,101,95,48,49,21,79,163,47,96,37,115,14,73,88,147,29,72,13,64,93,35,33,90,31,54,65,71,19,16,120,2,61,1,178,60,119,89,30,0,171,53,24,82,111,86,27,114,26,129,70,11,
40,63,101,104,106,111,112,114,62,110,48,68,21,107,76,49,52,41,134,86,122,118,29,72,135,124,83,69,59,15,128,1,84,30,38,9,136,115,88,16,143,17,144,172,54,113,85,26,108,44,103,96,28,155,23,82,14,141,139,80,78,19,127,0,50,177,74,35,3,161,34,47,33,92,53,60,2,61,31,42,13,4,131,71,22,56,138,11,70,27,73,98,55,75,24,6,65,64,137,10,36,37,164,43,170,66,
85,53,166,44,96,142,37,35,23,139,22,74,115,144,0,78,136,
21,76,80,83,75,6,135,136,156,29,59,118,71,13,72,0,47,33,120,61,129,2,88,147,60,119,1,31,73,96,37,185,55,114,50,168,115,23,82,111,53,22,93,44,35,162,19,146,24,142,26,64,123,65,54,11,70,27,86,101,49,62,48,110,89,30,84,69,4,122,16,159,
20,107,132,148,57,149,154,160,162,159,153,168,173,19,146,89,30,43,80,75,16,143,27,86,115,15,142,24,151,83,166,39,88,29,156,68,90,73,14,58,116,87,97,34,5,33,92,121,85,77,51,50,109,67,183,94,125,7,22,81,12,99,112,84,25,45,100,79,105,46,91,32,78,114,55,26,144,17,76,8,135,96,37,36,95,18,145,21,118,59,127,0,1,119,60,69,10,137,101,49,167,62,130,3,74,103,44,41,48,52,179,111,110,122,9,136,72,4,131,13,140,11,70,54,23,82,180,53,47,2,61,31,158,71,93,65,6,123,64,35,
48,49,62,83,119,89,4,131,86,122,71,13,72,0,118,59,47,33,120,61,129,2,88,147,60,1,31,73,96,37,185,55,114,50,115,23,82,111,53,22,93,44,35,162,19,146,24,142,26,64,123,65,6,54,11,70,27,159,75,29,156,136,16,143,84,80,74,135,30,69,
3,43,74,54,23,136,142,146,162,33,71,13,0,47,60,2,31,44,96,80,22,93,35,24,82,53,37,144,115,
38,48,56,98,113,119,124,122,1,118,135,28,155,159,158,31,166,83,24,151,15,142,115,86,27,54,70,11,167,13,131,72,44,103,136,55,114,26,144,85,96,37,69,36,59,0,10,137,78,146,19,88,29,156,179,2,61,92,160,33,34,93,74,23,82,53,111,47,60,3,71,65,6,123,64,162,35,50,89,30,43,73,75,143,16,80,22,84,
39,46,51,40,63,79,104,105,106,112,107,52,90,68,66,134,124,38,95,41,101,49,62,48,110,122,69,128,1,89,29,135,59,118,76,21,145,86,93,72,114,83,84,123,88,143,16,111,30,14,141,54,172,113,34,9,136,78,19,23,82,139,80,127,0,44,103,96,15,142,151,24,74,22,130,3,71,137,10,140,13,4,131,160,33,92,85,17,144,26,170,43,47,2,61,158,31,187,60,115,56,53,35,108,155,28,42,177,50,138,11,70,27,73,98,55,75,6,65,64,36,37,164,
50,69,21,95,62,4,49,48,101,115,73,114,111,82,24,171,53,96,37,86,27,72,13,71,0,26,129,11,70,68,186,29,88,147,31,30,89,47,64,35,93,33,1,119,60,178,16,19,65,54,2,120,61,
22,54,146,33,71,13,0,47,60,2,31,44,96,93,35,24,82,53,37,115,
Future sets, 
139,191,174,47,151,167,157,185,58,118,171,112,122,181,152,105,138,197,70,109,168,97,183,124,114,148,89,129,159,32,100,178,119,149,90,179,120,134,194,135,76,196,69,137,161,172,113,26,153,143,84,165,107,123,111,127,68,195,186,128,88,86,77,81,95,184,125,154,182,94,110,169,198,71,140,193,158,99,150,132,190,87,145,101,61,188,116,175,48,121,180,176,49,130,62,189,192,65,163,173,46,33,160,187,60,177,170,164,162,146,147,93,155,141,131,156,199,72,82,64,73,83,103,91,126,79,80,98,136,
138,122,196,118,107,102,100,68,168,105,163,45,198,94,153,106,77,193,154,95,183,135,8,126,125,99,109,97,87,81,140,20,197,150,91,121,180,182,169,110,149,90,190,132,112,127,128,62,189,130,21,148,188,173,157,39,181,76,67,194,192,116,175,145,152,25,176,49,174,101,
177,170,160,157,146,138,124,112,93,165,155,174,141,82,172,171,179,120,114,173,46,163,116,175,48,190,153,27,154,95,68,195,127,198,189,62,130,181,73,180,137,196,148,90,88,147,143,131,72,199,81,140,29,156,97,183,125,184,182,123,64,111,169,110,109,168,149,121,150,161,132,99,158,193,94,152,176,87,118,135,194,186,122,24,151,167,178,119,89,159,100,129,188,192,70,197,79,18,145,86,58,185,105,101,
195,164,167,108,155,103,112,132,149,170,52,92,141,177,152,34,172,113,28,133,15,104,174,56,63,181,150,175,117,126,98,157,187,10,128,184,66,182,106,165,107,160,42,180,179,193,134,137,196,158,40,124,183,38,190,161,102,138,197,
194,192,145,101,100,130,189,173,163,152,181,193,99,132,190,180,121,150,168,109,148,97,127,68,90,149,188,105,46,87,175,116,169,198,182,153,125,183,95,154,79,197,140,81,58,176,
183,152,149,182,193,132,
173,172,167,179,151,145,194,135,107,112,121,180,106,52,117,182,128,157,102,193,134,190,132,197,138,196,51,152,38,124,183,174,104,192,133,67,126,158,40,181,63,150,91,149,175,57,
99,126,97,57,109,67,183,181,94,152,149,91,182,169,77,193,45,132,121,150,
109,97,99,87,81,20,121,150,182,169,132,91,149,125,67,183,193,77,152,94,
57,149,91,40,67,183,126,182,152,181,51,197,190,132,102,121,150,63,106,193,
180,179,42,126,66,184,128,157,107,106,165,175,117,193,134,137,196,158,40,124,183,38,161,102,182,190,138,197,150,181,63,56,174,104,15,133,28,113,172,
123,119,100,129,89,86,84,134,83,68,95,90,158,124,171,151,167,172,178,122,173,101,61,188,163,105,81,140,154,183,125,182,198,169,110,148,159,32,150,91,149,97,109,168,121,180,132,157,99,193,94,153,152,174,185,58,49,176,87,128,62,189,130,145,116,175,127,192,194,76,135,77,197,138,112,190,181,59,118,179,126,69,196,107,
150,99,132,193,169,182,97,149,152,183,94,
112,82,141,174,165,124,138,157,164,93,146,155,33,160,162,170,177,187,172,171,179,120,114,173,46,163,116,175,48,190,153,154,95,68,195,127,198,189,62,130,181,73,180,137,196,148,90,88,147,143,131,72,199,81,140,156,97,183,125,184,182,123,64,111,169,110,109,168,149,121,150,161,132,99,31,158,193,94,152,176,87,118,135,194,186,122,24,151,167,178,119,89,159,100,129,188,192,70,197,79,18,145,86,58,185,105,101,
176,189,130,127,190,106,193,77,121,109,148,188,173,57,132,163,45,197,182,51,169,39,97,150,91,149,183,126,67,181,152,153,94,99,102,105,
183,196,138,134,175,107,193,106,40,128,157,126,182,181,190,197,102,150,63,174,104,133,
163,159,134,117,105,133,104,99,97,151,152,181,122,94,153,126,149,91,150,182,193,106,102,45,132,190,197,138,183,175,57,180,121,140,130,189,128,157,112,173,178,51,169,110,109,41,168,77,59,118,188,179,69,196,174,107,145,176,127,192,135,67,194,76,198,154,148,84,158,167,
176,127,109,169,51,173,112,157,128,41,130,140,121,180,57,175,183,197,190,132,102,106,193,182,150,91,149,67,126,94,63,181,152,
109,149,97,121,150,132,99,193,94,152,58,87,169,182,125,183,81,
163,117,113,105,104,99,97,148,184,57,102,178,51,124,134,83,122,181,151,158,84,159,50,109,168,167,154,183,94,153,152,149,91,150,182,198,169,110,106,77,193,190,172,45,132,121,180,112,189,130,188,128,157,173,107,174,145,176,69,196,197,138,185,126,179,118,59,175,140,127,133,192,67,194,76,135,
193,182,152,
106,198,163,154,95,125,105,87,190,112,127,128,189,130,193,77,109,148,188,173,132,197,182,169,140,157,39,126,97,150,91,90,149,183,181,152,153,94,99,76,192,176,116,175,145,121,180,
199,169,176,162,159,139,156,136,127,122,110,84,131,80,85,191,78,145,135,75,185,143,83,192,109,165,107,172,152,181,94,126,194,67,149,91,150,55,182,193,134,106,102,161,132,63,190,197,138,183,124,175,180,121,140,130,168,41,128,187,157,98,112,173,51,195,164,160,117,177,167,108,133,104,141,155,103,57,184,43,170,174,151,92,52,179,158,196,137,113,
185,168,156,139,121,94,131,80,85,191,78,192,83,145,135,143,150,91,183,124,182,180,102,161,149,174,128,187,193,134,75,181,36,152,112,141,175,117,104,133,126,194,67,57,184,43,170,197,138,132,63,190,167,108,151,92,52,179,158,196,137,157,98,113,172,107,106,165,195,164,160,177,155,103,51,173,
184,161,156,147,131,199,72,111,143,88,118,135,186,122,151,123,167,178,119,89,159,158,129,100,192,194,168,109,81,140,70,197,79,183,125,182,64,169,110,145,86,87,185,58,176,105,101,188,149,90,97,148,196,137,150,121,180,132,73,99,193,181,152,130,62,189,198,127,195,68,95,154,153,190,48,175,116,163,46,173,114,120,179,171,172,
109,97,132,77,193,169,182,91,149,87,125,183,152,94,150,121,99,
165,161,137,134,120,184,113,100,129,89,114,119,123,111,143,186,88,86,84,77,107,76,128,81,68,95,125,90,124,183,97,168,109,197,138,105,152,181,122,112,171,118,148,179,149,178,127,185,172,159,157,69,196,167,151,174,135,194,154,182,94,153,110,169,198,140,193,158,99,150,132,190,87,145,101,61,188,116,175,121,180,176,130,62,189,192,163,173,
143,186,120,114,111,89,148,176,152,173,119,178,149,90,198,140,81,169,193,185,129,188,100,159,158,99,145,86,151,190,72,101,192,182,123,95,154,125,183,168,197,79,153,163,189,130,171,179,196,167,116,175,180,135,194,73,172,150,181,122,127,118,105,97,
172,165,184,126,133,104,174,38,181,196,138,190,134,102,157,128,182,117,197,106,
179,178,127,196,135,194,118,168,192,145,190,101,99,97,125,183,193,169,198,148,90,149,129,188,173,152,122,181,100,176,140,81,197,79,153,182,154,95,163,105,130,189,150,121,180,175,116,
178,163,134,106,105,133,104,107,174,118,59,99,158,94,153,152,181,122,183,149,91,150,97,126,39,157,169,110,182,197,138,45,132,173,188,148,109,168,179,121,180,77,193,128,196,69,130,189,140,145,175,176,127,192,135,67,194,76,112,190,198,154,84,167,151,87,
187,184,177,170,162,160,155,146,131,110,109,147,156,93,79,199,72,87,195,68,111,143,88,189,130,105,192,163,118,73,132,114,173,175,116,86,145,168,70,197,171,90,149,176,120,179,97,121,180,150,137,196,190,99,158,193,152,169,182,64,123,183,172,58,185,129,188,100,159,125,154,95,89,148,119,178,101,167,153,198,140,81,151,181,122,127,186,135,194,
109,149,97,121,150,132,99,193,94,152,58,87,169,182,125,183,81,
187,177,170,164,162,160,157,146,138,124,147,93,165,155,161,174,184,141,131,156,94,199,82,195,68,111,143,88,118,135,186,122,151,123,196,167,178,119,89,192,127,194,168,109,81,140,70,197,183,125,182,64,169,110,145,86,87,176,105,101,188,129,121,180,149,90,97,148,150,190,132,73,99,158,193,181,152,198,153,154,95,163,46,173,114,62,189,130,116,175,137,120,179,171,172,58,185,100,159,
177,141,107,175,179,113,172,150,92,197,138,190,102,161,63,181,182,126,66,184,193,134,117,128,98,157,56,174,104,133,106,165,124,183,40,158,196,137,
147,144,139,104,115,136,142,166,96,108,191,85,75,80,98,92,133,106,159,126,185,118,184,172,113,107,137,196,69,151,179,167,158,143,84,173,157,128,110,169,140,145,175,176,127,192,65,132,190,154,178,195,77,148,50,177,156,97,165,174,47,103,162,161,114,164,105,187,199,170,111,141,82,83,99,59,186,131,160,155,146,163,188,194,76,135,183,124,134,193,197,138,168,109,149,91,150,189,130,121,180,71,198,122,54,181,123,182,94,153,152,112,
152,167,141,117,133,104,184,190,132,138,197,52,134,193,128,174,149,175,161,102,180,112,182,126,124,183,150,181,63,151,92,179,158,196,137,157,98,113,172,107,106,165,
144,139,119,115,162,146,191,136,142,166,96,95,90,103,126,113,107,84,134,91,155,143,161,184,172,118,151,178,167,137,69,196,185,159,135,179,158,131,114,199,141,82,122,123,156,165,195,127,186,175,116,110,169,189,130,173,194,76,176,49,148,128,157,99,101,160,61,188,97,140,71,198,65,192,105,164,163,125,154,145,174,87,183,124,149,182,193,77,197,138,168,109,180,121,150,112,171,132,190,153,94,152,181,187,60,177,170,111,147,
196,138,134,102,182,117,197,106,190,181,128,157,174,104,133,126,
197,173,188,148,109,121,150,132,77,193,169,182,91,149,126,97,183,181,152,94,99,
150,126,182,181,190,197,102,63,
175,180,140,130,157,128,112,173,57,51,121,150,67,183,197,190,132,102,106,193,182,91,149,126,94,181,152,
172,165,138,134,102,182,117,197,106,161,190,181,128,157,174,104,133,184,126,
195,164,160,152,117,177,167,108,133,104,141,155,103,184,190,132,138,197,170,52,134,193,187,128,174,149,175,161,102,180,112,182,126,124,183,150,181,63,151,92,179,158,196,137,157,98,113,172,107,106,165,
166,162,176,169,159,199,146,156,136,127,122,110,84,80,78,108,98,187,85,164,177,160,155,141,170,191,92,131,149,143,173,182,55,190,132,161,102,83,112,157,128,137,196,94,140,192,133,74,130,117,104,167,138,197,109,168,121,180,124,183,185,126,152,181,91,150,179,134,75,193,184,172,113,106,165,107,135,67,194,158,151,175,145,174,195,139,103,
121,109,94,183,152,149,91,182,169,193,132,150,77,
188,148,109,149,97,121,150,132,99,193,181,152,58,87,169,182,125,183,197,81,
187,186,164,162,160,146,163,111,105,83,99,97,114,82,161,165,141,155,103,131,156,170,177,195,199,148,178,154,188,194,76,135,183,124,134,193,77,197,138,168,109,149,91,150,189,130,121,180,71,198,122,181,123,182,94,153,152,112,190,132,65,192,127,176,175,145,140,169,110,128,157,173,84,143,158,167,179,151,69,196,137,174,107,113,172,184,118,185,126,159,
196,194,109,168,192,145,101,100,188,130,189,198,110,169,127,68,97,183,95,154,125,182,153,152,181,193,99,132,190,150,180,121,87,175,116,140,81,79,197,149,90,148,58,176,105,163,173,
174,125,105,148,188,198,163,154,101,97,99,87,173,157,128,189,130,110,169,140,145,116,175,176,127,192,194,76,183,149,182,193,77,197,168,109,180,121,150,112,132,190,153,94,152,181,
198,172,159,154,106,84,158,151,167,83,181,122,152,94,153,190,132,112,150,91,121,180,109,168,189,130,188,128,157,173,107,174,145,176,196,197,138,185,126,179,118,59,175,110,169,140,127,133,192,194,76,135,134,193,77,124,183,149,182,
181,150,183,197,132,102,193,91,182,149,126,152,57,
180,175,174,149,102,157,128,193,106,197,132,190,112,181,182,126,183,150,
184,177,170,164,155,131,136,160,187,146,162,115,110,147,199,156,93,79,87,132,195,68,111,143,88,189,130,105,192,159,100,188,129,158,99,185,190,73,172,114,173,175,116,86,145,180,121,191,64,123,182,90,149,137,196,97,120,179,171,168,70,197,150,125,154,95,176,89,148,119,178,101,167,193,153,169,198,152,183,140,81,151,181,122,127,186,135,194,118,163,
164,160,148,133,92,83,98,80,161,165,141,155,103,131,156,170,177,195,199,178,154,159,185,182,123,149,183,124,77,193,134,135,76,194,65,192,127,140,169,110,175,59,118,179,126,138,197,196,137,176,145,174,107,173,157,128,188,130,189,168,109,180,121,91,150,112,132,190,153,94,152,122,181,71,198,84,143,158,167,151,113,172,184,
140,130,117,168,109,104,94,121,180,192,133,197,138,167,196,137,128,157,112,83,102,161,132,190,173,143,149,182,124,183,185,126,67,152,181,91,150,179,134,75,193,184,172,113,106,165,107,135,194,158,151,175,145,174,
172,196,138,134,102,182,117,197,106,190,181,128,157,174,104,133,184,126,
152,149,182,193,132,
150,132,99,193,152,169,182,183,149,97,
188,179,126,196,118,174,107,173,157,128,130,110,169,140,145,175,176,127,192,135,194,76,183,149,182,193,77,138,197,168,109,180,121,91,150,112,132,190,153,94,152,122,181,
187,177,171,170,164,160,157,186,147,125,138,124,112,111,105,163,116,101,87,195,165,109,168,110,169,197,97,156,149,182,123,153,94,152,181,122,198,82,141,199,140,173,114,121,180,189,130,127,192,145,175,183,193,190,131,132,99,158,150,176,179,194,135,159,188,185,154,196,137,167,178,151,148,118,172,184,174,161,143,155,
185,178,172,159,157,167,179,151,174,196,135,194,118,171,112,127,122,181,105,138,197,109,168,148,152,97,149,124,183,154,182,94,153,110,169,198,140,193,158,99,150,132,190,87,145,101,188,116,175,121,180,176,130,189,192,163,173,
194,127,109,168,192,145,190,101,140,198,148,97,90,149,183,125,182,153,154,95,110,169,193,99,150,132,152,181,87,176,105,163,197,173,189,130,188,116,175,121,180,
197,190,181,182,126,102,
137,121,120,99,97,90,149,171,150,179,197,168,180,145,86,116,175,173,114,73,190,172,185,129,188,158,100,159,125,154,95,176,89,148,119,178,101,167,196,193,123,182,153,169,198,152,183,140,81,151,181,122,127,186,135,194,118,163,192,105,130,189,88,143,111,
189,198,181,122,152,94,153,190,132,112,150,91,121,180,109,168,197,138,77,193,134,182,123,149,183,124,76,194,135,192,127,176,175,145,140,169,110,130,128,157,173,84,143,158,167,179,151,196,137,174,107,113,172,184,118,185,126,159,188,154,178,
165,102,117,182,174,133,134,197,126,184,161,190,181,157,
132,193,149,150,152,183,182,91,
198,154,99,121,150,132,190,97,193,182,153,169,87,116,152,181,183,125,81,197,149,90,148,176,105,163,173,189,130,188,127,
198,179,154,188,148,196,118,174,173,157,128,189,130,110,169,140,145,175,176,127,192,135,194,76,183,149,182,193,138,197,168,109,180,121,150,112,132,190,153,94,152,122,181,107,
181,172,118,150,105,190,125,183,154,95,89,148,193,101,129,188,173,114,175,116,178,119,149,194,135,100,159,185,196,167,151,180,158,171,143,127,186,120,179,88,198,140,169,111,153,182,123,152,163,192,130,189,176,145,197,168,
199,195,189,198,178,177,170,156,143,134,131,181,122,152,94,153,190,132,112,150,121,180,109,168,197,138,77,193,182,123,149,183,124,76,194,135,192,127,176,175,145,140,169,110,130,128,157,173,84,158,167,179,151,196,137,174,107,103,155,184,141,172,113,165,161,118,185,159,188,154,
185,158,151,182,190,101,192,145,95,154,125,183,193,169,140,198,149,119,178,173,152,159,100,188,129,176,148,89,168,197,79,153,163,189,171,179,196,167,116,175,180,135,194,
172,158,185,159,100,190,125,154,95,89,148,101,129,188,173,175,116,180,168,197,176,179,150,171,145,86,149,119,178,167,196,193,123,182,153,169,198,152,183,140,81,151,181,122,127,135,194,118,163,192,105,130,189,
195,145,143,139,194,112,104,180,103,149,152,174,134,193,181,131,190,161,138,197,196,137,179,151,92,91,150,175,133,132,191,170,141,155,126,184,160,177,164,85,158,187,128,172,113,157,98,167,108,107,106,165,183,124,182,
173,161,143,184,172,113,165,106,158,151,179,150,91,149,175,190,132,107,135,194,145,174,152,181,83,112,157,128,182,124,183,137,196,167,138,197,126,193,134,133,192,180,
192,176,175,145,180,169,140,130,157,128,173,127,183,149,153,182,193,197,109,121,150,112,132,190,94,152,181,
150,132,193,169,182,149,152,183,94,
112,104,180,103,174,134,193,181,190,161,138,197,196,137,179,92,150,175,133,191,170,141,155,126,184,160,177,164,85,158,187,128,172,113,157,98,167,108,107,106,165,183,124,182,
197,176,100,152,173,188,149,148,169,193,183,125,153,163,189,
195,192,177,170,145,143,167,151,194,112,179,175,107,113,172,132,131,190,161,103,149,91,150,126,184,155,165,152,181,124,183,182,197,138,193,134,174,128,98,157,180,158,141,196,137,
183,152,169,182,150,193,149,
199,189,130,114,173,127,180,121,145,175,192,183,181,122,94,153,152,149,97,156,197,168,109,110,169,182,123,198,140,193,190,131,132,99,158,150,176,179,194,135,159,188,185,154,196,137,167,178,151,148,118,172,141,184,174,161,143,155,165,195,
194,181,152,174,145,107,132,190,175,149,91,150,179,157,128,182,183,124,112,196,197,138,167,126,193,134,192,180,151,158,
158,167,179,151,194,135,196,152,94,150,174,145,132,190,193,182,175,149,157,128,183,107,138,197,110,168,109,192,121,180,181,122,140,173,130,127,112,
191,164,160,155,141,170,133,177,175,179,150,92,187,128,172,113,157,98,108,158,107,106,165,183,124,182,126,184,137,196,197,138,161,190,181,193,134,174,
178,171,167,179,151,127,181,122,196,135,194,118,198,140,169,153,182,163,192,105,130,189,176,145,197,168,180,152,149,116,175,173,188,101,193,148,95,154,183,125,190,150,
132,150,121,99,193,152,169,182,183,149,97,
186,143,171,151,167,196,185,159,135,194,179,158,198,140,169,111,153,123,182,163,192,189,176,145,197,168,180,152,149,119,178,116,175,114,173,188,101,193,148,95,154,183,125,190,
178,171,179,196,167,175,180,168,197,194,129,100,173,188,148,140,198,169,193,154,183,125,145,116,176,189,192,163,153,
189,176,105,125,183,197,173,181,152,150,153,182,169,149,130,188,193,148,
183,152,150,149,182,193,132,
183,158,137,113,193,179,150,175,157,128,98,172,107,165,124,182,197,126,184,196,138,161,190,181,134,174,
195,159,156,167,179,151,148,193,188,169,198,199,140,153,173,163,192,189,176,147,196,183,154,125,145,194,180,119,178,168,197,171,116,175,186,185,
183,152,149,182,193,132,
175,152,149,180,197,116,176,189,163,173,153,198,140,169,188,193,148,154,183,125,
164,163,172,155,166,142,127,150,181,122,118,136,195,191,160,156,143,187,146,162,115,148,151,180,178,175,198,199,140,169,130,189,152,149,193,123,182,153,183,154,190,176,99,158,179,192,135,194,159,188,185,168,197,145,196,167,114,173,
183,182,152,193,149,
172,165,182,197,126,184,196,138,181,134,174,190,161,128,157,
183,182,169,152,193,149,
173,188,148,169,183,193,125,
190,152,149,175,180,145,116,154,183,176,189,192,163,173,182,153,198,140,169,188,193,148,168,197,

183,180,158,155,184,141,172,137,165,107,175,174,138,196,179,150,181,124,182,161,190,197,193,157,128,
197,190,181,157,174,133,182,126,
197,183,173,153,152,150,182,169,149,188,193,148,
197,190,181,182,126,
175,174,157,150,181,182,190,197,193,128,
177,165,182,133,174,134,197,126,184,161,190,181,157,170,
183,152,150,149,182,193,132,
192,175,145,180,140,173,183,181,152,182,130,121,150,193,149,127,168,197,132,190,
190,198,178,169,140,152,123,176,158,179,153,192,163,194,159,188,185,168,197,145,154,183,193,196,167,173,175,149,180,151,148,189,
197,190,193,183,181,182,150,
172,196,157,174,181,182,138,190,184,197,128,
190,189,169,140,198,152,182,123,176,158,179,153,192,194,159,188,185,168,197,145,154,183,193,196,167,173,175,149,178,180,151,148,
189,198,178,162,146,187,143,156,160,191,195,136,169,199,140,152,176,158,179,153,123,182,192,159,188,185,168,197,145,154,183,193,194,135,196,167,173,175,149,180,151,190,
183,176,189,163,173,153,169,188,193,148,
174,
176,173,169,140,145,194,192,190,182,152,149,175,180,135,193,196,183,168,197,
196,194,180,178,148,193,183,154,188,198,169,153,173,176,192,163,189,168,171,
186,178,171,163,189,176,188,192,185,198,194,129,
183,152,182,150,193,149,
140,145,196,180,175,130,182,168,197,183,173,181,152,150,149,193,135,194,192,190,
185,194,192,158,176,159,188,153,152,169,140,179,168,197,145,154,183,193,196,167,173,175,149,180,151,
196,174,181,182,197,190,138,
193,183,169,
182,
197,190,183,173,152,182,150,193,149,
197,190,182,181,
198,194,192,188,176,189,163,
197,183,173,152,182,150,193,149,
194,190,172,158,149,175,193,182,180,151,197,150,179,167,196,183,181,152,
193,182,
174,
197,190,181,174,157,
194,192,190,182,152,149,175,180,193,196,183,197,145,
195,191,160,173,192,156,145,152,183,143,194,149,175,193,180,151,190,197,187,158,179,167,196,
181,193,196,179,175,190,197,172,182,150,
197,190,182,181,174,
191,170,172,182,181,197,184,177,164,190,187,174,161,
197,183,180,193,173,
181,182,172,197,184,190,174,161,
187,191,145,168,197,183,167,196,193,180,175,185,156,194,192,179,195,166,173,
194,149,175,193,180,151,190,197,158,179,167,196,183,152,
190,182,191,195,166,149,175,193,180,151,197,187,158,179,167,196,183,152,160,
197,183,193,180,175,
199,159,185,196,183,173,193,180,192,194,168,169,195,176,
186,192,194,185,198,178,188,176,189,163,
193,188,169,
193,
182,
197,175,179,196,183,193,180,167,

193,173,169,
193,188,176,169,
196,182,190,197,172,
194,183,196,192,179,180,193,173,

197,193,196,179,175,
196,173,193,192,194,168,
197,196,193,175,
190,184,
196,195,193,192,194,185,176,
189,188,
181,182,190,197,172,
184,174,
191,180,193,183,196,179,
180,193,183,196,179,
192,193,173,

197,190,181,
198,189,188,
197,190,182,
193,



197,190,181,
198,189,188,
196,193,
193,183,


193,

194,192,
198,
197,












Past links sets, 








1,

3,




10,


2,13,

8,
1,


2,13,
1,
0,
2,
10,
2,

13,
0,11,
0,13,
3,

23,

6,28,
14,21,30,
6,9,15,34,
16,17,22,
10,
22,23,

7,1,14,16,19,30,
4,24,33,
0,35,
0,24,
0,1,11,37,
19,35,
9,14,6,19,23,41,
3,6,36,43,

35,
22,44,
10,34,
7,51,
18,31,32,46,48,
16,30,11,50,54,
0,37,
26,11,37,
1,11,24,26,33,
36,40,17,43,
24,31,33,53,
37,47,54,
10,34,
7,8,9,14,6,19,23,30,41,55,
4,11,26,31,33,48,1,53,
16,19,26,30,11,37,47,
24,31,33,53,
37,47,54,
0,24,27,31,
27,64,
44,
23,35,55,
21,49,59,65,69,71,
8,25,49,59,26,39,65,45,71,
22,23,44,
4,29,48,53,72,
0,22,23,44,54,
18,32,46,29,68,8,73,
2,33,47,60,
47,11,50,54,75,
16,22,30,44,11,50,26,65,71,
35,74,78,
11,26,73,
18,25,30,32,46,8,21,60,61,49,62,68,
26,64,70,
11,26,70,72,73,
21,27,37,62,64,29,68,
45,25,51,59,39,65,74,67,80,83,
34,36,43,54,85,
2,31,33,53,
18,23,41,55,61,76,12,77,82,32,84,
4,29,37,48,72,21,86,62,88,
35,37,
7,27,16,29,39,19,58,12,64,82,87,
80,92,
7,27,16,29,39,19,58,12,64,82,87,96,
1,79,89,
4,29,48,61,72,60,86,49,62,88,
38,51,52,42,55,56,63,1,66,
3,43,71,74,78,80,
15,19,36,38,16,42,55,30,43,56,35,74,78,
14,16,19,30,49,61,70,47,60,86,90,
9,14,21,38,15,41,42,50,52,30,56,75,85,
15,59,69,83,6,84,1,92,103,
3,43,85,
8,45,82,18,76,62,32,61,48,84,55,17,46,39,31,25,
31,53,59,48,61,49,62,69,82,84,
27,47,60,88,
60,61,74,76,13,52,78,2,41,80,83,84,
26,65,19,71,10,75,80,92,
27,82,88,96,
53,96,
68,89,93,95,101,
19,36,38,16,42,55,43,56,66,
1,29,59,61,65,71,69,82,86,70,96,
11,37,72,73,88,93,
26,27,64,70,
23,39,41,29,55,64,76,9,87,6,45,110,
1,29,59,61,69,82,84,86,96,
65,71,73,111,114,11,115,
2,6,10,33,60,61,65,83,92,103,
18,32,46,49,8,60,25,90,93,95,100,
51,63,66,83,7,59,98,39,65,104,106,108,
14,17,29,68,76,86,70,96,110,
38,41,52,56,76,98,42,107,113,
89,29,120,
14,41,55,76,90,110,70,122,
24,31,53,71,74,80,82,
87,52,91,94,5,57,109,58,110,
50,54,66,75,104,108,
15,38,16,42,26,65,66,71,83,98,30,56,108,
6,72,75,88,115,118,122,
0,22,44,115,
26,65,10,75,82,92,64,103,
1,15,38,42,56,69,84,113,59,98,124,
0,23,37,22,35,74,
55,76,89,41,93,95,101,118,122,110,123,
34,36,82,85,103,
96,
27,65,74,80,82,75,88,71,136,
35,37,
74,76,89,80,93,101,83,135,110,123,136,142,
2,33,31,44,47,115,
24,35,60,93,
39,69,100,105,46,111,114,116,54,119,
79,52,81,91,95,57,144,131,105,143,135,109,127,130,101,94,123,97,5,121,99,
12,137,131,105,130,91,40,127,121,112,109,107,81,77,58,
36,43,61,72,83,86,93,6,84,123,143,131,144,
3,20,79,81,91,95,57,144,131,105,143,135,109,127,43,130,101,36,94,123,97,5,121,99,
76,79,105,116,119,123,
68,50,89,69,95,101,119,123,
53,82,85,31,96,103,
23,24,82,93,71,136,142,
33,2,41,60,76,52,104,107,61,113,134,
10,61,72,83,103,6,84,123,143,92,131,144,
50,22,61,72,93,123,16,146,
3,31,43,2,54,47,60,33,85,136,144,
26,42,66,75,98,108,139,24,141,
22,33,31,44,47,115,
16,19,14,79,96,111,119,116,129,30,147,
3,43,53,54,47,60,33,85,96,139,
26,28,42,66,75,98,103,82,108,
44,142,144,
3,78,89,142,151,
89,23,101,110,118,119,122,142,55,159,
17,22,77,118,99,125,81,146,148,153,154,
31,33,53,60,71,2,80,108,139,
61,60,86,89,119,120,
6,28,164,155,141,50,137,98,73,131,113,61,70,56,42,
6,100,75,127,140,153,39,130,156,168,
49,52,117,107,133,134,138,141,139,165,
52,107,137,151,41,145,158,95,160,
14,79,118,90,116,129,146,17,147,76,154,162,
31,33,53,34,60,71,2,80,108,139,
16,19,30,120,29,147,89,114,111,115,86,71,65,119,61,
29,69,59,137,156,158,166,167,
103,119,145,146,52,156,10,140,166,167,
7,39,63,46,104,90,177,51,138,131,112,170,141,70,128,137,134,122,110,164,106,
97,101,114,126,128,132,135,99,138,144,20,150,172,
15,81,91,180,130,127,125,112,99,116,109,105,5,121,92,97,94,
53,56,31,161,113,165,
23,50,61,72,142,55,120,146,147,123,162,
47,88,120,147,
3,31,43,47,60,33,85,136,139,142,144,
148,154,59,163,171,178,
50,69,90,163,171,178,
63,101,104,111,177,138,112,170,144,161,106,135,134,128,127,172,143,114,
85,136,139,166,
76,80,83,135,156,129,168,185,
20,107,132,148,154,149,162,160,173,179,183,
4,48,49,62,119,129,131,83,135,143,156,159,185,
24,74,43,82,80,93,142,144,3,146,71,136,162,
179,162,15,160,56,159,155,38,124,98,119,113,135,48,
39,63,79,46,104,106,127,177,151,51,138,172,112,170,160,105,134,187,158,145,140,130,128,
50,68,101,129,171,178,69,95,186,
22,24,71,82,93,146,
Future links sets, 
80,49,139,48,60,47,72,33,136,32,26,
122,118,102,100,107,68,62,49,45,25,138,21,8,
124,177,112,93,160,82,146,29,170,157,27,24,18,
187,167,152,160,108,103,195,52,164,34,10,
194,101,95,79,68,46,
183,152,149,132,
151,135,124,173,121,172,107,158,67,52,40,51,38,
181,126,99,67,57,97,45,
125,109,87,81,77,67,20,
121,106,67,51,40,
180,137,124,113,66,56,42,158,28,15,
119,89,86,83,69,68,61,59,62,49,123,84,32,
150,99,97,94,
112,33,24,31,18,
176,163,127,105,106,67,51,45,130,39,
138,134,107,106,104,196,183,40,
178,45,84,97,69,41,99,104,59,117,163,134,105,159,
176,169,127,109,63,41,
125,109,87,94,81,58,
163,178,113,105,117,104,99,69,67,51,50,97,45,
193,182,152,
106,95,90,87,76,39,
139,162,136,84,169,78,159,55,199,43,80,41,
139,185,94,156,78,80,67,168,51,121,43,75,36,
195,156,199,147,131,161,70,64,62,48,72,46,
125,109,91,87,77,
165,161,61,88,68,62,120,69,134,77,113,84,86,89,137,
143,120,114,97,90,99,73,111,72,
172,165,38,
79,118,81,90,129,95,179,121,97,99,101,127,122,178,
105,178,87,134,69,106,67,163,59,84,45,104,39,
187,177,170,58,110,162,184,155,68,146,70,109,72,64,93,131,160,
125,109,87,94,81,58,
187,177,170,124,62,68,146,82,160,64,93,70,157,46,162,164,
177,141,56,92,66,40,
147,144,139,104,96,85,75,54,50,47,
152,151,92,141,63,117,104,52,
144,119,96,90,71,95,69,65,139,61,60,49,
196,138,134,106,117,104,128,102,
197,126,173,121,148,109,99,97,91,181,77,
150,63,
175,157,140,130,128,121,112,94,106,67,51,
172,165,161,138,134,106,117,104,128,102,
187,152,164,151,160,108,103,92,63,195,117,104,52,
166,162,136,84,80,78,74,146,55,
121,109,91,77,
197,181,125,148,109,87,81,58,
164,146,111,105,187,83,162,71,186,160,82,69,65,
194,109,101,95,196,79,68,110,58,
174,125,110,105,101,87,194,77,76,
154,198,185,172,159,133,106,84,83,189,59,
197,181,126,102,91,57,
174,157,175,149,112,132,106,180,128,102,
177,164,115,110,184,93,170,131,79,70,68,155,64,
164,160,133,92,148,83,80,71,65,59,
168,121,109,130,117,104,102,185,94,140,75,67,
196,172,138,134,184,106,117,104,128,102,
152,149,132,
150,132,99,97,
179,138,126,122,118,188,110,107,91,77,76,
187,177,171,147,160,87,101,105,157,82,111,124,170,112,125,164,
185,178,172,171,87,94,159,101,105,118,157,109,110,112,122,151,124,158,
110,109,101,95,194,90,87,
197,190,181,126,102,
137,121,120,97,90,88,99,73,
134,137,124,118,178,126,113,143,91,123,84,77,76,
161,134,133,165,126,117,102,
91,
154,127,116,90,87,198,81,
189,179,138,148,122,118,110,198,107,154,76,
181,130,172,120,118,105,89,127,88,
195,178,77,103,123,84,113,118,131,199,170,76,134,143,156,177,
185,159,151,135,158,119,101,95,89,79,
123,119,89,86,172,81,
145,139,131,112,103,195,143,104,91,85,
173,143,137,133,165,113,106,161,135,83,
176,157,145,130,128,192,153,140,127,121,112,109,94,
169,150,94,
167,112,104,103,85,
197,176,163,153,149,152,100,
192,145,170,131,113,177,112,103,98,195,143,91,
183,169,152,150,149,
165,156,94,110,99,109,122,118,131,195,137,199,141,114,143,97,155,
194,192,158,145,134,126,124,151,112,107,91,
158,151,138,112,110,122,109,107,94,
191,187,164,155,141,160,108,106,92,
178,171,151,122,118,105,127,101,95,
132,121,99,97,
143,135,119,111,114,101,186,95,
167,154,171,145,140,168,129,116,178,100,
181,189,176,130,125,105,
183,152,150,149,132,
183,158,113,107,137,124,98,
159,195,156,199,147,140,151,125,145,119,116,
183,152,149,132,
198,154,152,175,149,140,125,116,
163,155,142,122,118,115,127,114,164,99,
183,182,152,149,
196,172,161,138,134,128,165,126,
183,182,169,152,149,
173,148,125,
198,190,182,154,152,149,145,140,168,116,

165,158,155,180,141,137,124,107,
197,190,181,157,133,126,
197,183,153,152,150,149,148,
197,190,181,126,
175,174,157,150,193,128,
177,170,161,134,133,165,126,
183,152,150,149,132,
181,168,145,132,130,140,127,121,
190,178,163,148,123,
197,190,183,181,150,
184,172,196,157,138,128,
190,182,178,148,123,
178,146,135,162,136,123,
183,176,163,153,148,
174,
176,169,168,140,135,
196,178,171,194,168,163,180,154,153,148,
186,185,178,171,129,
183,152,150,149,
181,168,140,135,130,
185,159,154,152,151,149,158,145,153,140,
196,138,
183,169,
182,
197,190,183,173,152,150,149,
197,190,182,181,
198,194,192,176,163,
197,183,173,152,150,149,
194,181,172,158,152,151,150,149,
193,182,
174,
197,190,181,174,157,
196,194,192,190,182,152,149,145,
191,187,160,145,195,156,143,
181,179,175,172,150,
197,190,182,181,174,
191,170,177,164,187,174,161,
197,180,173,
181,172,174,161,
187,185,168,167,166,195,156,145,
194,158,152,190,151,149,
187,195,182,166,160,158,152,190,151,149,
197,180,175,
199,180,176,195,169,185,159,
186,185,178,176,163,
193,188,169,
193,
182,
197,175,167,

173,169,
193,188,176,169,
196,172,
194,180,192,179,173,

197,179,175,
196,194,168,
197,196,193,175,
190,184,
196,195,193,185,176,
189,188,
181,172,
184,174,
191,180,179,
180,179,
192,173,

197,190,181,
198,189,188,
197,190,182,
193,



197,190,181,
198,189,188,
196,193,
183,


193,

194,192,
198,
197,












Coordinates,
5.02929,11.9969,6.67745,
5.06437,10.5919,11.2132,
5.10992,13.7615,7.65125,
5.11265,5.8746,7.53125,
5.21132,14.6154,11.231,
5.21712,9.64043,14.5331,
5.23717,6.73372,10.2133,
5.27711,8.86978,13.2368,
5.36059,10.6839,13.4225,
5.37711,6.90216,12.6238,
5.41975,5.75308,8.88241,
5.45778,11.4656,9.79933,
5.4605,12.374,13.943,
5.49289,13.431,7.36764,
5.52201,9.08717,12.4478,
5.58048,5.80993,11.084,
5.58095,9.04801,10.3216,
5.58098,7.45417,11.8677,
5.8441,13.3034,13.3985,
5.86399,9.11969,9.71401,
5.90858,10.5546,14.9252,
6.06025,10.2605,11.57,
6.09048,7.76479,6.64744,
6.11231,7.3655,6.91033,
6.16698,13.5027,8.20528,
6.26519,10.5621,13.315,
6.30882,11.6162,8.84485,
6.33388,14.659,8.86905,
6.35427,5.40222,9.40362,
6.35579,14.5082,10.8518,
6.37485,9.66262,10.3799,
6.49205,13.6846,7.45826,
6.49207,12.1218,13.2823,
6.58381,12.3753,7.35864,
6.59786,6.31023,8.02078,
6.63224,9.72611,5.48074,
6.68012,6.89336,8.1321,
6.70317,10.7715,5.10508,
6.75209,5.55772,10.3448,
6.81444,9.90102,12.8462,
6.83443,6.09382,12.7698,
6.87025,7.84023,11.7649,
6.94372,5.25775,8.97272,
6.9591,6.96728,7.28758,
7.07856,8.51988,5.66105,
7.16501,9.0652,13.3326,
7.18578,12.7769,12.8165,
7.19312,10.0336,7.28522,
7.19984,12.8996,11.0857,
7.28668,10.6277,11.1698,
7.29106,9.18566,9.65435,
7.29923,7.77636,12.9142,
7.31939,6.98227,11.1619,
7.31964,13.1291,6.446,
7.41659,9.49957,7.57321,
7.42074,8.26937,8.72921,
7.43558,5.98203,9.35435,
7.45586,7.66179,14.2945,
7.55689,12.7965,13.5593,
7.66436,9.28015,10.712,
7.7036,10.9499,7.50302,
7.79662,10.7233,9.74147,
7.81632,12.0835,11.1305,
7.81951,6.21436,12.8831,
7.82531,13.098,8.56718,
7.84753,9.74211,9.01575,
7.86978,5.35451,8.65241,
7.92569,8.25246,13.6064,
7.92892,12.5356,12.0612,
8.05785,9.95256,10.7843,
8.07646,13.4442,8.61035,
8.08749,9.81157,7.74226,
8.12352,13.8946,10.0566,
8.16903,13.2264,9.43105,
8.24222,8.09745,5.64665,
8.33889,8.41014,8.79635,
8.45687,9.71878,11.3575,
8.49425,9.43827,13.5529,
8.51733,7.57024,6.87014,
8.61125,13.8814,12.4167,
8.63226,8.40269,7.67687,
8.67546,12.7747,13.413,
8.72657,10.5949,7.71003,
8.76022,8.59058,9.92669,
8.9289,9.33823,10.2813,
8.92983,7.59671,7.0684,
9.00395,12.4344,10.2723,
9.05163,11.4785,13.3298,
9.08011,12.8971,8.70592,
9.19271,13.5282,10.2892,
9.22947,12.0943,12.4604,
9.24078,8.50035,13.5625,
9.2681,7.72083,8.07173,
9.54869,13.1887,7.39809,
9.76216,9.56869,13.9695,
9.77125,12.7296,11.5655,
9.82378,11.4226,5.33694,
9.87559,11.3431,14.049,
9.88299,7.28676,8.36019,
9.92102,11.3538,13.7815,
9.94141,14.0561,12.5554,
9.94925,12.1688,11.0721,
9.97763,5.87926,12.7162,
9.99962,8.27385,7.73444,
10.0259,6.44149,10.4831,
10.0395,11.6243,12.5383,
10.1723,6.66836,12.29,
10.2308,8.11321,10.9063,
10.294,6.5978,7.33668,
10.329,10.0409,13.3457,
10.3415,10.213,10.995,
10.356,11.9572,8.86106,
10.3572,8.58438,11.8052,
10.5171,7.73121,9.27417,
10.5317,11.6828,8.76121,
10.5362,11.5495,6.23868,
10.7099,12.6764,12.1593,
10.7685,5.16611,10.357,
10.8069,11.0717,10.8051,
10.8315,13.6623,9.97041,
10.8466,14.867,8.86985,
10.8833,10.0549,13.2813,
10.9342,10.5576,10.7482,
10.9683,11.5998,9.36709,
11.0146,8.2388,9.77305,
11.0154,13.1421,13.1047,
11.0873,6.71999,12.8806,
11.1035,10.7083,12.168,
11.1465,7.27141,11.7711,
11.1553,14.7648,10.7694,
11.1969,10.5901,12.4405,
11.2148,9.81377,7.9253,
11.2904,9.37374,14.2808,
11.3095,5.61128,10.5357,
11.3839,6.59612,10.2942,
11.6586,10.4863,10.765,
11.6909,10.6247,6.37643,
11.7616,9.18113,8.86522,
11.7769,7.51855,10.6145,
11.802,7.75624,6.35162,
11.8199,11.0163,11.7207,
11.8298,7.79865,7.67607,
11.8959,11.0017,5.33526,
11.9607,10.4196,8.68728,
11.962,10.1318,5.12687,
12.2404,10.6762,11.3747,
12.2891,11.907,7.1389,
12.3296,13.6855,8.23305,
12.4024,12.955,12.6818,
12.4738,10.1394,14.0192,
12.4859,9.3349,13.3788,
12.4953,10.3266,10.1311,
12.4979,10.2171,14.5773,
12.5173,12.4038,12.3904,
12.5306,12.6863,11.9167,
12.6586,9.1901,7.57225,
12.6775,11.1949,7.90385,
12.7218,6.46037,11.4975,
12.7843,9.8749,9.98935,
12.8072,11.9362,9.88617,
12.8258,9.68837,7.21236,
12.8787,6.94396,8.44908,
12.8896,12.2117,7.05044,
12.9238,13.6509,12.2163,
13.0781,8.38774,7.08191,
13.0945,6.32228,8.46758,
13.1123,10.3716,5.33503,
13.1178,10.3479,10.2216,
13.1432,11.8447,10.9271,
13.1442,12.4165,13.6975,
13.1969,7.7098,7.27726,
13.2996,14.5305,10.0873,
13.365,8.53603,9.32923,
13.3714,11.6797,12.3672,
13.4068,6.23815,10.6681,
13.449,9.96615,11.5004,
13.6576,12.6971,12.1821,
13.6623,7.56334,7.2012,
13.7296,13.7985,10.5402,
13.7849,10.3634,10.4748,
13.8232,10.7535,11.5625,
13.8875,7.68343,12.4442,
13.951,8.3517,14.7093,
13.9883,10.7421,13.84,
14.0839,6.61733,8.87501,
14.1097,12.3599,9.63318,
14.1936,14.8392,9.05284,
14.2549,8.88614,6.9248,
14.3975,13.9978,12.6053,
14.4153,14.1171,12.2266,
14.5802,7.90781,11.9991,
14.5986,9.40656,6.60545,
14.6394,12.4027,11.1008,
14.65,10.8447,14.3038,
14.8503,12.1749,10.6274,
14.8985,11.747,7.65935,
14.9127,10.2104,10.5242,
14.9576,8.25924,12.2152,
14.9861,14.5834,11.7788,
14.998,13.7946,7.85009,
