Storage option,sets
Size,250
Dimension,2
Shape,cube
Spacetime,BlackHole
Past sets, 









0,
6,




8,

13,
1,
5,7,
1,




8,15,
2,3,


1,
4,
0,9,
7,5,19,

21,
6,19,5,10,7,

33,
0,9,

33,
32,35,7,6,19,5,10,
13,17,
4,8,15,
1,4,30,
4,18,1,20,
0,9,
0,23,28,
8,15,25,
9,0,31,
9,0,31,
0,9,33,
19,5,7,32,
2,3,14,16,
25,43,8,4,15,
3,5,14,16,
5,7,14,16,
3,2,26,
18,20,44,15,4,1,8,30,
24,8,4,48,15,25,
3,2,26,
38,49,0,9,31,
23,0,31,9,28,
0,23,28,
8,34,24,21,33,
46,0,31,9,38,
8,34,24,21,33,
18,30,20,4,1,
3,5,14,16,
8,21,24,34,
33,21,24,34,8,64,
37,38,46,40,51,9,0,33,
37,38,46,40,51,9,0,33,
37,33,0,40,
14,3,16,2,53,
18,25,43,44,15,4,1,8,30,
50,23,9,0,62,28,31,
21,24,8,4,48,15,25,
6,19,5,10,7,
21,40,33,37,34,
3,2,29,1,26,
46,38,49,0,9,31,
23,0,31,9,28,
37,40,51,9,0,33,
9,47,0,23,28,
14,3,2,26,
30,8,1,4,15,44,43,25,18,75,
60,3,57,2,26,
33,0,9,51,40,37,83,
23,50,61,38,31,49,0,9,
21,40,33,37,34,
9,21,73,37,33,40,0,34,
24,15,8,34,21,25,
57,2,14,3,26,
2,26,45,4,18,1,29,3,20,
16,7,14,5,3,55,
47,63,23,28,0,
5,6,7,35,10,32,19,41,
20,3,2,18,29,1,26,
38,51,91,9,21,73,40,83,37,33,46,0,88,34,
2,29,45,4,18,1,20,30,
16,14,3,5,68,
2,45,4,18,1,29,20,
20,3,2,80,29,1,26,
28,62,89,50,61,38,49,31,9,23,0,76,
18,30,21,44,43,59,4,15,1,24,48,25,8,54,
30,20,4,18,29,2,1,45,100,
85,93,2,57,14,3,26,
34,43,21,24,77,8,4,15,59,48,25,
48,59,15,25,77,24,8,21,34,4,43,108,
2,29,44,45,67,4,30,20,18,1,
30,43,44,21,1,24,54,77,8,4,15,59,48,25,
24,8,66,79,99,38,21,34,91,40,73,90,0,37,51,88,33,9,83,46,
9,47,63,23,28,0,
2,16,14,3,5,68,
37,40,66,64,33,69,92,15,70,24,8,34,21,25,
47,62,76,28,89,50,61,38,49,82,31,9,23,0,
14,1,29,3,57,87,2,60,26,
9,47,63,96,28,0,23,
33,65,28,62,76,89,50,61,38,49,31,9,46,23,0,81,
29,45,8,15,44,58,67,4,30,20,18,1,
2,29,44,45,67,4,30,20,18,1,
30,20,4,18,29,2,1,45,100,
4,37,40,66,64,33,69,92,15,70,24,8,34,21,48,25,
62,31,82,113,47,9,63,28,23,0,84,
30,102,2,45,1,100,4,18,29,20,
9,47,63,96,28,0,23,
62,31,82,113,47,9,63,28,23,0,84,
63,76,31,82,50,84,0,62,28,9,23,47,
84,118,63,96,9,47,113,28,0,23,
116,82,31,84,47,62,28,76,89,38,50,61,49,46,9,23,0,104,
116,82,31,84,47,62,28,76,89,38,50,61,49,46,9,23,0,104,
20,3,29,18,1,45,4,26,2,94,
28,65,71,0,23,46,9,31,49,72,38,61,83,37,50,89,40,51,33,81,
23,0,28,63,47,96,
44,67,106,18,29,30,20,4,2,1,45,100,
15,25,38,46,66,90,21,34,0,69,33,79,37,83,40,73,9,91,88,51,70,24,8,64,
73,79,115,64,0,37,40,66,15,69,92,24,33,70,8,25,34,21,90,
20,86,18,111,43,77,30,44,58,21,4,75,1,24,54,105,8,59,25,15,48,
34,18,111,43,77,30,44,21,4,75,1,24,54,105,8,59,25,15,48,
124,127,62,23,31,82,96,9,47,63,28,0,113,84,
65,81,62,116,82,31,131,84,38,61,130,28,76,89,50,49,46,23,47,0,9,104,
15,48,25,59,105,24,1,75,4,58,21,44,30,8,54,77,111,18,86,43,20,138,
33,65,81,62,116,82,31,131,84,38,61,130,28,76,89,50,49,46,23,47,0,9,104,
20,86,18,111,43,77,30,44,58,21,4,75,1,24,54,105,8,59,25,15,48,
76,62,133,28,51,65,71,0,23,46,9,31,49,38,61,83,37,50,72,119,89,40,33,81,
24,48,58,20,86,8,4,43,30,1,67,15,44,18,54,25,75,
8,100,106,121,4,2,67,58,29,15,44,18,45,110,20,30,1,
49,38,128,9,63,76,31,82,50,0,62,28,23,84,47,61,
49,38,61,128,9,63,113,76,127,31,82,124,50,0,62,28,23,84,47,
25,43,100,110,8,121,2,67,58,29,4,120,15,44,18,45,20,30,1,
47,71,51,37,119,62,40,81,33,65,46,28,104,76,38,82,0,89,9,50,72,31,61,23,49,
47,73,88,145,0,76,62,33,133,46,104,28,51,65,71,82,23,81,9,38,31,89,49,61,119,83,37,50,72,40,
45,48,29,58,20,86,8,4,43,30,1,67,15,44,18,54,25,75,
21,34,73,88,145,0,76,62,33,133,46,104,28,51,65,71,82,23,81,9,38,31,89,49,61,119,83,37,50,72,40,
118,9,134,23,0,28,63,96,47,126,
34,144,75,20,43,86,18,111,54,8,77,30,138,44,21,4,24,58,105,59,25,142,1,48,15,
28,69,64,72,49,31,61,50,70,23,65,112,66,89,71,24,8,79,33,99,38,21,90,81,34,91,40,73,0,46,37,83,51,88,9,
47,154,21,34,145,71,51,0,37,76,62,33,133,46,88,9,83,104,28,65,82,23,81,38,31,89,49,61,50,151,72,119,40,73,152,
63,51,40,37,119,33,62,65,81,116,0,31,89,72,131,143,84,38,9,61,71,130,28,76,47,50,49,46,104,23,82,141,
71,72,112,136,15,73,25,38,9,46,66,37,8,31,90,21,79,34,0,69,99,40,92,33,91,88,51,70,83,24,64,115,
15,50,61,69,64,23,70,72,31,49,65,112,66,71,24,8,79,33,99,38,21,90,91,40,73,0,46,37,83,51,88,9,34,81,
126,118,140,124,127,62,96,28,113,23,31,82,9,63,0,47,84,129,
3,26,125,4,102,2,45,30,1,100,18,29,94,20,
23,0,28,63,47,96,
20,77,105,54,18,75,1,86,67,30,58,21,4,44,43,59,25,8,15,24,48,
146,24,43,48,67,58,20,1,8,45,86,4,30,15,44,25,59,18,75,54,
65,71,72,112,136,15,73,25,38,9,46,66,37,8,31,90,21,79,34,0,69,99,40,92,33,91,88,51,70,83,24,64,115,
15,44,48,25,54,59,1,30,105,77,18,142,24,111,75,4,58,21,86,43,20,138,8,67,
118,140,149,96,49,38,61,84,128,129,82,9,124,63,113,76,127,31,50,23,62,28,0,47,148,
49,65,71,72,136,15,73,25,112,38,9,46,66,37,8,31,90,21,79,34,0,69,99,40,33,91,88,51,70,83,24,64,
113,84,129,118,155,126,23,0,28,63,9,96,134,47,
54,25,43,86,2,120,18,75,1,29,45,8,110,15,44,58,4,67,30,20,
64,104,88,73,91,34,21,79,66,8,145,0,76,62,33,133,46,28,51,65,71,23,81,9,38,90,31,89,49,61,119,24,83,112,37,50,72,99,40,
8,66,79,34,88,73,21,91,145,0,76,62,33,133,46,104,28,51,65,71,23,81,9,38,90,31,89,49,61,119,24,83,37,50,72,99,40,
34,144,75,20,43,86,18,111,54,8,77,30,138,44,21,4,24,58,105,59,25,142,1,48,15,
118,155,126,113,23,0,28,63,9,96,134,47,
9,164,23,0,28,63,96,47,134,
118,155,126,84,113,23,0,28,63,9,96,134,47,
164,23,0,28,63,96,47,134,
29,146,24,43,48,67,58,20,1,8,45,86,4,30,15,44,25,18,75,54,
81,118,129,148,47,0,28,62,23,50,127,76,113,63,124,9,82,31,128,84,131,61,38,49,96,149,140,46,116,89,104,130,
38,50,76,162,126,118,140,124,9,127,62,49,96,28,113,23,47,0,31,128,63,84,82,129,
159,63,0,40,119,82,33,65,28,81,37,116,31,89,72,131,143,84,47,38,9,46,61,71,51,130,76,50,104,62,141,23,49,128,
70,112,64,51,49,66,79,38,34,88,73,174,8,91,9,133,50,90,173,62,145,21,104,76,33,46,28,65,24,71,23,81,40,31,72,89,61,119,37,0,83,99,
54,9,91,108,30,77,59,1,48,4,73,79,33,0,69,92,64,37,40,66,109,15,24,70,8,123,25,34,115,21,43,137,90,
28,89,25,161,50,15,61,24,69,64,23,70,72,31,49,65,33,112,38,66,71,34,8,99,136,21,90,91,40,73,79,0,37,46,83,51,9,88,81,
31,113,28,96,129,118,155,126,0,63,9,171,23,134,84,47,82,
31,113,28,96,129,118,155,126,0,63,9,171,23,134,84,47,82,
179,47,164,23,0,28,63,96,134,9,
182,124,38,96,50,76,47,162,126,31,140,9,127,62,49,28,113,84,82,23,118,0,128,63,129,61,
84,90,91,99,47,154,21,34,145,71,51,158,0,116,37,76,62,33,133,46,88,9,83,104,28,65,82,23,81,38,31,89,49,61,50,119,40,151,72,73,152,
23,50,61,65,71,72,49,81,136,15,73,25,112,38,9,46,66,37,8,31,90,21,79,34,0,69,99,40,33,91,88,51,70,83,24,64,
164,23,0,28,63,96,47,134,
50,61,81,115,92,49,65,71,34,72,136,25,99,15,73,38,46,83,66,37,8,31,90,21,0,79,69,40,112,33,70,170,91,51,24,64,9,88,167,
50,76,128,162,126,118,140,124,9,127,62,49,96,28,113,23,47,0,31,63,84,82,129,134,
116,169,140,31,149,62,96,38,49,61,89,148,84,113,128,129,124,63,76,47,9,127,50,82,23,28,118,0,126,
185,37,54,91,9,108,34,77,40,59,1,48,4,115,73,0,79,33,70,69,92,64,66,30,109,15,24,8,123,25,21,43,137,90,51,
83,159,63,0,40,119,82,33,65,28,81,37,116,31,89,151,72,131,143,84,47,38,9,46,61,71,51,130,76,50,128,49,104,62,141,23,
9,134,96,63,28,0,164,47,23,179,189,
59,65,77,48,123,160,71,34,72,38,136,25,99,15,73,46,4,83,66,37,8,31,90,21,0,79,69,40,92,112,33,70,91,9,88,51,24,64,115,137,
91,99,152,73,83,133,145,34,21,154,159,63,40,119,82,33,65,28,81,37,116,31,89,151,72,131,143,84,47,0,158,38,88,9,46,61,71,51,130,76,50,49,104,62,141,23,
0,23,28,
83,113,127,148,159,63,0,72,151,40,119,82,33,65,28,81,37,116,31,89,131,143,84,47,38,9,46,61,71,51,130,76,50,183,104,141,62,23,49,128,
62,176,177,188,126,31,113,28,9,178,96,134,47,129,118,187,23,155,171,63,164,0,82,84,
88,73,152,198,63,104,83,0,82,40,81,119,37,116,33,65,28,151,31,72,89,131,49,143,61,84,130,47,38,9,133,50,46,128,71,51,159,76,145,62,141,23,183,
51,90,137,43,21,25,8,24,15,109,30,66,64,92,69,70,33,79,73,115,4,48,1,59,40,77,34,108,9,91,54,0,37,185,123,197,
152,73,88,34,158,198,63,21,104,83,0,82,40,81,119,37,116,33,65,28,151,31,72,89,131,49,143,61,84,130,47,38,9,133,50,46,128,154,71,51,159,76,145,62,141,23,183,
89,137,160,161,23,192,28,194,71,112,50,61,81,40,115,33,9,92,51,49,91,8,90,65,24,34,72,31,136,25,66,99,15,73,38,79,46,37,21,83,0,69,70,170,88,64,167,
30,54,136,90,43,21,115,34,25,8,70,24,15,109,66,137,40,37,64,92,69,0,33,79,73,38,46,83,9,91,88,51,4,123,48,59,77,108,99,
65,104,131,23,169,140,181,47,31,124,0,118,96,127,38,116,49,89,81,148,84,46,113,149,82,61,128,196,62,129,130,63,76,9,50,162,28,126,
59,77,48,123,137,81,160,115,92,49,65,71,34,72,136,25,99,15,73,38,46,4,83,66,37,8,31,90,21,0,79,69,40,112,33,70,170,91,51,24,64,9,88,167,
84,113,126,155,118,176,177,199,9,96,28,0,164,134,47,23,63,179,189,
134,182,169,128,104,63,131,49,23,140,181,46,129,31,124,0,82,118,96,210,127,38,116,89,47,130,81,65,148,84,149,190,61,113,196,62,76,9,50,162,28,126,
116,157,152,151,82,154,47,69,184,90,70,23,15,112,65,51,145,49,66,79,38,34,81,88,73,174,33,8,91,9,133,50,62,21,104,173,76,46,28,24,71,40,31,72,119,89,158,61,37,0,83,99,64,161,
62,76,157,186,28,69,89,25,66,161,38,79,133,50,9,15,61,24,65,64,23,70,72,31,49,91,8,90,33,112,71,34,99,136,21,40,81,73,37,46,0,83,51,88,
96,124,149,21,154,127,113,205,88,73,152,198,104,151,63,83,0,47,141,82,40,81,119,72,37,34,131,84,116,130,33,65,28,128,31,89,183,49,158,61,38,133,50,143,46,71,148,51,145,76,159,62,9,203,23,
30,31,54,71,72,108,43,77,59,109,99,136,90,21,115,34,25,8,70,24,66,137,40,37,64,92,69,0,33,79,73,38,46,83,9,91,88,51,4,123,48,15,112,
71,72,112,1,185,197,4,30,136,90,209,43,21,115,33,34,66,70,24,15,109,54,137,37,64,51,69,40,123,79,38,73,46,0,83,92,9,8,91,88,48,59,77,25,108,99,

113,118,126,155,177,199,9,96,28,0,193,164,134,47,23,63,179,189,
62,76,157,186,28,69,89,25,66,161,38,79,133,50,9,15,61,24,65,64,23,70,72,31,49,91,8,90,33,112,71,34,99,136,21,40,81,73,37,46,0,83,51,88,
71,143,72,65,33,119,40,159,81,118,148,0,126,47,84,28,141,62,181,23,129,50,124,127,76,113,63,9,46,82,31,131,38,149,128,49,96,61,140,37,116,89,104,51,130,169,
176,178,171,61,38,182,195,50,76,47,134,187,128,162,126,31,140,124,155,96,9,127,62,49,28,113,84,82,23,118,0,63,188,129,190,
65,155,130,104,46,131,81,126,28,162,50,9,76,63,129,62,196,128,61,195,82,149,113,84,148,89,49,116,38,127,96,118,0,134,124,31,47,181,140,169,23,190,182,
169,149,96,124,113,127,148,118,72,159,63,0,40,119,82,33,65,28,81,37,116,31,89,131,143,84,47,38,9,46,140,61,71,51,130,76,129,50,183,104,141,62,181,23,49,128,
134,47,96,63,164,28,193,23,0,179,202,
157,119,76,104,145,62,173,133,174,88,51,83,0,46,37,73,81,40,21,136,99,34,71,112,33,90,8,91,49,31,72,70,23,64,65,24,61,15,9,50,79,38,161,66,25,89,69,28,186,184,
37,66,69,33,70,108,34,92,139,144,75,20,43,86,18,64,111,54,8,77,30,138,44,21,4,24,58,105,59,25,142,1,48,109,15,
148,176,178,171,61,38,182,195,50,76,47,134,187,128,162,126,149,31,140,124,155,96,9,127,62,49,28,113,84,82,23,118,0,63,188,129,190,
18,105,185,37,111,54,91,9,108,34,77,40,59,1,48,4,115,73,0,79,33,70,69,92,64,66,30,109,15,24,8,44,123,25,21,43,137,90,
89,116,148,149,129,190,63,118,23,82,84,113,49,62,0,127,9,96,28,155,124,140,31,126,162,128,187,134,47,76,50,195,182,38,188,61,171,178,169,
37,40,66,69,33,70,108,34,92,139,144,75,20,43,86,18,64,111,54,8,77,30,44,21,4,24,58,105,59,25,1,48,109,15,
190,129,188,63,0,82,49,62,127,9,96,118,155,140,31,126,162,128,113,187,76,124,50,84,47,195,182,61,23,134,171,178,28,176,38,223,
130,51,104,89,140,61,49,96,149,38,131,82,46,113,127,50,76,129,23,128,181,9,62,141,31,84,47,126,148,28,81,0,159,40,119,33,118,65,72,37,143,124,71,169,116,63,222,
38,46,88,44,1,51,90,43,21,185,66,24,15,109,30,64,69,70,111,33,115,197,79,73,4,48,59,77,34,25,108,92,9,8,91,137,54,83,0,206,40,123,37,
59,89,48,137,77,160,161,23,192,28,194,71,112,50,61,81,123,40,115,33,9,92,51,49,91,8,90,65,24,34,72,31,136,25,66,99,15,73,38,79,46,37,21,83,0,69,70,4,170,88,64,167,
4,48,157,49,89,31,161,23,33,137,28,81,194,88,71,112,50,8,167,40,115,9,92,160,51,91,38,90,37,65,133,24,34,72,136,192,83,25,66,208,99,46,15,73,79,21,0,69,70,61,170,64,186,
71,40,119,141,37,134,182,72,169,28,81,104,63,131,181,84,49,96,190,23,140,143,46,129,82,128,31,124,0,47,118,213,116,127,38,89,33,130,51,148,149,196,61,210,113,62,76,9,50,65,162,126,
116,25,136,157,152,151,82,154,47,69,184,90,70,23,15,112,65,51,145,49,66,79,38,34,81,88,73,174,33,8,91,9,133,50,62,21,104,173,76,46,28,24,71,40,31,72,119,89,158,61,37,0,83,99,64,161,
92,119,145,104,192,221,33,62,173,76,157,28,69,186,89,136,25,72,66,38,79,133,50,9,61,24,71,65,15,112,161,64,23,70,31,49,91,8,90,34,81,99,40,170,73,37,46,0,83,51,88,21,215,
30,49,54,108,43,109,200,59,65,77,91,34,123,37,71,160,31,72,115,38,167,136,25,99,15,73,46,4,90,83,40,66,8,51,48,137,21,64,0,79,69,112,92,33,70,9,88,24,
1,197,217,123,30,77,31,54,71,24,72,25,108,43,90,59,109,99,136,21,115,34,8,70,66,137,40,37,64,92,69,0,33,79,73,38,46,83,9,91,185,88,51,4,48,15,209,112,
8,66,79,124,90,99,91,201,148,127,113,203,207,154,152,46,205,73,88,141,145,63,116,104,51,83,0,191,82,149,40,81,28,119,37,34,143,33,65,151,31,84,72,198,89,131,158,49,61,21,130,183,47,38,9,62,24,133,159,50,128,71,76,23,
134,47,96,63,164,202,219,0,23,28,193,
131,84,214,37,116,157,152,33,82,23,154,69,184,66,90,70,15,133,112,65,51,145,49,79,38,81,88,73,47,174,8,91,9,50,62,21,104,76,173,46,28,151,24,83,71,40,31,158,99,72,119,89,61,0,191,64,34,161,
50,76,127,124,140,204,63,47,0,188,134,23,164,96,9,177,118,212,155,126,113,199,176,129,179,82,84,178,189,28,62,128,31,187,171,162,
49,50,76,124,162,189,179,204,62,178,176,31,126,113,171,84,28,127,9,155,96,134,47,188,129,128,187,63,164,118,177,0,23,82,140,199,
88,133,145,151,83,203,126,119,169,63,225,116,96,124,71,222,113,127,148,65,0,149,40,82,33,28,81,37,143,84,198,89,131,47,38,118,9,62,46,31,140,61,51,104,130,183,76,129,23,159,50,141,72,181,128,49,
141,130,131,143,84,214,37,116,157,152,33,82,23,154,69,184,66,90,70,15,133,112,65,51,145,49,79,38,81,88,73,47,174,8,91,9,50,62,21,104,76,173,46,28,151,24,83,71,40,31,158,99,72,119,89,61,0,191,64,34,161,
Future sets, 
202,137,73,63,96,134,193,164,179,226,244,9,136,199,72,189,62,177,50,126,155,118,245,176,49,220,113,240,185,91,218,129,171,178,51,212,84,211,83,210,88,215,197,206,112,239,71,198,99,209,82,235,230,31,158,128,225,242,145,217,160,187,188,61,167,200,124,221,140,162,65,192,127,224,204,246,119,149,191,247,195,182,170,241,159,194,233,223,81,208,152,249,231,104,190,216,89,161,169,143,236,229,151,181,183,116,243,213,141,238,186,130,227,201,133,148,46,173,154,76,203,248,131,196,214,157,174,47,184,205,222,234,207,237,38,
197,242,206,235,111,44,117,29,18,100,105,146,228,98,139,180,86,168,45,106,230,147,153,122,80,163,185,102,103,20,125,166,75,172,58,232,121,94,218,135,132,110,120,138,175,165,142,156,144,150,67,
121,114,102,110,147,125,106,150,100,26,60,172,135,98,132,163,122,85,103,94,57,74,93,107,80,117,87,53,
101,114,68,55,26,60,98,95,132,163,85,103,94,57,74,93,107,80,117,87,53,
123,77,200,211,102,94,132,54,108,30,147,100,197,150,185,44,122,106,153,163,230,232,135,166,228,218,121,168,111,138,235,209,45,142,110,125,75,172,58,105,109,206,236,139,180,86,165,242,175,241,144,59,156,120,217,146,67,237,43,
114,68,19,52,41,56,35,97,101,78,32,55,95,
35,97,41,78,10,
95,97,32,35,56,78,41,52,19,
112,243,157,70,173,184,15,228,249,214,245,161,232,120,147,69,218,174,25,167,150,221,209,138,185,170,111,43,192,227,156,168,239,66,215,144,136,77,194,123,180,109,160,137,240,241,92,75,146,217,172,54,237,166,200,58,236,165,186,115,208,59,175,197,48,230,206,64,139,242,211,108,86,235,153,105,142,
199,189,177,126,155,118,176,220,113,185,91,129,171,178,212,84,83,88,197,206,51,112,71,99,218,72,209,136,235,230,31,128,225,242,145,217,160,187,188,167,200,124,221,140,162,65,127,224,204,246,149,191,247,195,182,170,241,62,159,211,194,192,233,223,81,152,50,249,82,231,190,119,216,161,169,240,143,236,229,158,61,151,181,183,116,213,208,141,238,186,89,130,227,201,104,239,133,215,148,46,245,154,76,173,203,248,49,243,198,131,196,214,210,157,174,184,205,222,234,207,237,38,
78,41,97,35,


42,17,
117,93,95,74,85,107,53,56,55,101,68,114,
249,214,245,161,120,147,25,150,209,43,170,111,192,227,168,215,156,136,77,194,239,180,160,137,208,167,240,92,75,172,54,237,200,146,123,241,197,138,109,236,186,59,217,166,175,48,228,230,144,58,185,206,218,139,115,242,211,108,235,153,86,165,232,105,221,142,
114,101,68,56,53,74,55,95,
42,
230,105,98,139,86,106,153,122,180,147,100,102,125,75,172,58,150,121,168,94,163,132,110,120,166,146,135,232,138,175,165,45,142,228,156,144,67,
78,35,32,97,52,41,
98,67,144,156,228,142,165,175,138,232,146,45,166,120,110,132,163,94,168,121,103,150,58,172,125,102,100,147,180,122,153,106,135,
111,144,168,138,142,165,34,235,175,105,242,156,158,154,221,139,109,243,92,66,200,108,245,215,239,186,230,173,240,161,91,228,167,208,137,207,70,160,123,209,115,197,136,206,69,218,157,227,90,241,174,237,170,194,192,211,214,77,217,184,185,232,99,236,201,64,249,112,216,79,191,

202,192,161,133,237,157,186,208,236,89,63,154,173,240,184,227,104,119,145,174,215,221,126,205,152,231,158,151,47,214,155,234,220,141,176,118,244,199,189,226,179,177,164,76,243,193,84,134,213,190,212,159,238,191,178,245,131,210,201,148,143,222,196,247,239,130,183,187,188,171,224,204,223,246,82,249,140,128,207,181,62,229,216,195,116,248,169,129,182,127,149,162,113,225,233,124,203,198,96,
180,146,77,112,174,243,64,206,92,241,170,217,209,138,105,165,236,109,230,168,239,108,232,161,139,111,235,142,144,175,185,69,218,156,227,197,228,157,166,237,200,242,211,184,160,194,123,136,115,186,137,59,208,215,66,167,249,214,173,70,221,192,240,245,
150,170,186,192,227,215,136,194,115,239,160,137,208,167,240,92,75,172,54,237,200,180,146,109,123,197,236,217,59,138,175,166,228,230,144,185,111,48,206,218,139,242,168,108,211,156,77,235,153,232,86,165,105,221,142,209,241,
98,132,163,85,103,80,57,93,107,117,87,94,60,

236,208,202,186,157,237,133,63,154,173,240,184,227,104,119,145,174,215,221,126,205,152,231,158,151,47,214,155,234,220,141,176,118,244,199,189,226,179,177,164,76,243,193,84,134,213,190,212,159,238,191,178,245,131,210,201,148,143,222,196,247,239,130,183,187,188,171,224,204,223,246,82,249,140,128,207,181,62,229,216,195,116,248,169,129,182,127,149,162,113,225,233,124,203,198,96,
180,153,120,110,135,122,147,102,125,106,150,172,103,80,117,94,163,132,121,98,100,
241,197,218,185,122,106,100,163,230,135,166,228,121,44,111,168,235,209,75,142,110,125,58,120,147,206,139,180,232,165,242,175,144,156,138,217,150,172,105,146,153,86,67,
242,217,160,187,188,167,200,124,140,162,127,204,246,128,50,191,247,195,182,170,241,62,211,194,192,233,223,81,152,82,231,190,119,161,149,216,145,169,240,236,229,158,248,181,183,116,208,141,186,130,201,239,133,215,148,221,154,76,225,203,49,198,131,196,143,65,214,61,210,249,157,224,227,174,245,184,237,173,205,222,151,234,104,89,238,213,243,207,159,
52,97,41,
143,119,70,64,40,183,159,123,115,236,234,161,145,218,151,66,215,72,221,112,185,201,152,225,228,79,205,216,157,230,211,158,217,71,173,167,154,227,207,243,170,174,184,88,237,240,91,249,191,90,239,37,186,133,206,242,245,248,99,136,209,192,232,83,198,203,160,51,200,241,208,214,194,238,222,73,197,235,137,
175,156,158,207,216,154,139,109,108,92,201,99,66,245,215,239,221,186,230,173,214,161,167,208,137,160,206,123,209,115,240,197,136,218,157,200,241,237,194,192,235,249,70,242,211,170,217,227,184,185,228,232,236,64,243,174,112,69,79,90,191,91,
97,41,

232,228,123,115,90,88,72,151,215,221,112,201,248,152,205,216,157,211,158,217,173,240,154,207,243,174,227,184,237,249,191,239,186,133,242,245,136,192,83,145,198,203,159,218,234,222,225,160,183,236,200,91,241,208,99,214,161,167,194,170,238,71,73,197,235,206,230,185,209,137,79,
235,182,136,209,72,217,81,218,242,160,167,200,170,211,194,192,233,223,89,190,161,149,216,169,99,236,229,248,181,183,116,71,208,141,186,119,130,239,133,215,148,221,154,145,61,198,131,196,143,210,112,249,231,157,224,227,174,184,237,240,173,158,225,152,205,222,234,214,241,104,238,213,243,203,151,245,207,201,191,159,65,

232,123,115,90,88,72,151,215,221,112,201,248,152,205,216,157,211,158,217,173,240,154,207,243,174,227,184,237,249,191,239,186,133,242,245,136,192,83,145,198,203,159,218,234,222,225,160,183,236,200,91,241,208,99,214,161,167,194,170,238,71,73,197,235,206,230,185,209,137,79,
97,

108,86,75,228,241,217,218,242,153,166,150,209,180,206,235,111,105,144,54,172,230,165,232,138,197,139,109,168,142,146,175,185,156,
135,121,111,110,230,75,58,235,153,172,147,166,139,180,142,165,175,156,138,232,150,120,105,146,228,86,168,144,
166,153,120,172,110,100,132,163,121,150,94,125,147,180,122,106,135,102,
235,209,81,181,72,217,218,160,71,224,213,192,136,245,194,141,211,158,236,183,161,214,157,210,143,249,99,208,215,170,237,184,200,242,133,186,130,239,119,225,243,152,205,222,191,167,234,203,159,238,207,154,145,198,241,65,174,227,131,240,173,248,112,221,216,201,151,
152,158,151,214,126,155,220,176,118,244,199,189,226,179,177,164,193,84,134,243,190,212,159,191,178,231,245,131,201,148,143,196,141,247,239,130,183,187,188,171,224,204,223,246,249,140,128,234,181,229,216,195,248,238,129,182,127,149,213,162,169,113,222,116,225,210,233,124,203,198,96,205,207,
237,153,180,146,123,59,236,200,138,166,228,197,156,218,185,111,206,139,242,175,108,211,144,77,235,168,230,109,232,165,105,142,209,217,241,
247,195,182,170,211,194,192,233,223,89,190,161,149,216,169,236,229,248,181,183,116,208,141,186,119,130,239,133,215,148,81,221,154,145,61,198,131,196,143,210,249,231,157,224,227,174,184,237,240,173,158,225,152,205,222,234,214,241,104,238,213,243,203,151,245,207,201,191,159,
194,192,161,133,237,157,186,208,236,221,215,149,190,131,249,169,229,182,223,233,174,128,195,247,145,246,119,196,148,207,231,104,222,227,184,143,225,240,181,158,173,152,239,198,243,116,234,214,213,154,130,248,183,210,151,224,141,76,203,245,201,89,216,191,238,205,159,
206,209,235,197,88,71,238,170,194,167,161,214,99,208,241,200,236,183,160,225,222,234,218,159,203,198,145,83,192,136,245,242,133,186,239,191,249,237,184,227,174,243,207,154,240,173,217,158,211,157,216,205,152,248,201,112,221,215,151,72,

74,
241,217,218,242,153,166,209,180,206,235,111,105,144,172,230,165,232,138,228,197,139,168,142,146,175,185,156,
95,

93,107,117,87,
153,147,180,146,232,138,172,150,166,120,175,165,142,228,168,156,144,
236,211,200,166,156,185,175,142,139,228,197,138,168,109,232,165,230,144,105,108,209,242,217,206,235,218,241,111,
117,87,
194,192,233,223,190,161,149,169,229,248,236,183,208,186,130,239,133,215,221,145,89,198,119,196,143,249,231,157,210,227,174,184,237,131,240,158,173,152,205,225,116,222,181,234,214,104,213,224,141,243,203,151,245,154,207,201,148,216,191,238,159,
204,127,162,140,221,215,149,190,131,249,169,229,182,223,233,174,128,195,247,145,246,119,196,148,207,231,104,222,227,184,143,225,240,181,158,173,152,239,198,243,116,234,214,213,154,130,248,183,124,210,151,224,141,76,203,245,201,216,191,238,205,159,
201,159,207,183,148,205,198,243,124,203,190,216,169,164,140,234,187,177,127,224,179,189,199,149,246,96,193,244,118,212,229,182,178,128,225,176,226,129,181,213,220,223,126,247,204,233,196,171,222,155,188,162,238,195,134,231,248,210,113,
232,228,184,217,170,211,242,160,235,194,241,200,218,136,197,115,237,209,123,206,137,208,167,249,161,185,214,173,70,236,230,227,186,221,192,239,215,157,240,245,
213,192,194,211,236,161,224,157,210,143,208,141,215,170,237,200,133,186,119,243,183,214,152,245,222,191,167,234,203,159,238,207,145,241,174,205,227,184,240,173,225,158,249,248,221,154,216,201,239,198,151,
243,232,228,174,161,241,123,194,200,236,245,186,192,221,211,240,227,249,214,167,208,237,157,215,217,173,184,160,218,170,239,112,230,242,115,185,137,209,197,235,206,136,
168,165,153,147,180,172,150,110,121,135,146,120,166,
114,101,
232,228,123,217,170,242,235,241,194,218,197,237,200,209,115,211,206,160,137,208,161,185,167,214,236,230,136,227,221,192,239,215,186,240,157,249,245,
232,228,184,123,217,170,242,235,241,194,218,197,237,200,209,115,211,206,160,137,208,161,185,167,214,236,230,136,227,221,192,239,215,186,240,157,249,245,
238,170,194,167,161,208,241,200,236,160,225,242,183,222,234,218,159,203,198,192,133,191,249,237,214,227,243,184,207,240,173,217,158,157,216,186,245,205,248,154,201,211,152,239,174,145,221,215,151,
238,170,194,167,161,208,241,200,236,160,225,242,183,222,234,218,159,203,198,192,133,191,249,237,214,227,243,184,207,240,173,217,158,157,216,186,245,205,248,154,201,211,152,239,174,145,221,215,151,
216,207,158,205,91,197,240,235,192,206,230,185,99,173,209,174,217,211,191,201,112,152,241,186,218,242,154,243,200,157,184,227,221,136,215,194,237,208,245,167,214,170,249,160,239,236,161,137,

86,165,153,166,180,146,232,144,172,228,168,138,175,156,139,142,
221,215,149,190,169,229,182,223,233,246,195,247,128,145,119,196,148,231,104,227,174,184,143,225,240,158,173,152,239,198,116,222,181,214,131,213,130,183,210,224,141,243,249,203,234,151,245,154,201,248,207,216,191,238,205,159,
236,211,200,165,142,139,175,138,108,209,232,168,242,217,206,197,156,230,235,144,218,241,111,185,228,109,

174,235,206,185,197,137,209,136,230,112,170,218,160,242,243,184,173,217,215,157,237,208,167,214,249,227,240,211,221,192,239,186,245,236,200,194,241,161,
103,
211,194,192,213,236,161,224,157,210,143,208,141,215,237,133,186,119,243,183,214,152,245,222,191,234,203,159,238,207,145,174,205,227,184,240,173,225,158,249,181,248,221,154,216,201,239,198,151,
188,204,187,154,152,158,151,148,128,159,216,149,238,207,140,225,248,181,201,198,131,249,182,196,205,143,210,243,234,203,141,224,130,213,191,124,222,183,116,245,214,231,239,162,229,190,233,247,169,246,223,195,127,
203,198,88,248,154,201,235,216,207,160,205,158,99,240,173,174,221,211,191,209,112,186,218,145,242,243,184,217,170,136,215,194,241,237,200,208,161,245,167,214,152,249,227,133,192,239,157,236,
212,191,178,245,131,159,201,249,141,143,130,187,188,171,204,223,246,128,229,216,238,195,224,247,129,233,149,127,243,213,231,162,234,169,140,196,225,190,248,222,210,181,182,124,183,203,198,205,148,207,
107,
165,153,166,180,146,232,144,172,138,228,168,175,156,142,
117,
248,235,154,216,207,205,152,99,173,209,201,174,211,191,112,186,218,242,243,184,221,217,136,215,194,158,237,200,208,245,167,241,214,170,249,227,192,160,239,157,236,240,161,
236,208,186,215,221,145,119,196,231,104,227,174,184,143,225,157,240,158,173,152,239,198,116,222,181,214,131,213,130,183,210,224,141,243,249,203,234,151,245,237,154,201,248,207,133,216,191,238,205,159,
191,174,235,206,185,197,137,209,136,230,112,170,218,160,242,243,184,173,217,215,157,237,208,167,214,249,227,240,211,221,192,239,186,245,236,200,194,241,161,
197,235,206,230,185,99,173,209,201,174,211,191,112,186,218,242,243,184,221,217,136,215,194,237,200,208,245,167,241,214,170,249,227,192,160,239,157,236,240,161,
240,228,230,236,167,232,185,208,137,160,206,211,115,209,200,237,197,218,194,241,235,242,217,123,
107,
163,132,

216,164,140,177,179,226,189,199,193,244,118,229,178,176,134,213,212,220,181,210,247,204,233,196,171,222,190,155,234,187,224,246,225,188,162,182,129,238,195,231,223,248,169,126,


209,201,191,174,112,170,218,160,242,243,184,173,217,215,157,237,208,167,214,249,227,240,211,221,192,239,186,245,236,200,194,241,161,
163,150,106,125,147,122,135,

163,125,

174,227,184,240,173,152,239,214,222,213,130,224,210,141,181,143,243,249,203,151,245,198,154,201,248,131,225,207,216,191,238,158,205,159,183,234,
230,165,144,232,138,228,168,175,139,156,142,
147,135,

209,232,242,217,206,197,230,235,218,241,185,228,109,
185,241,218,230,197,206,217,228,235,242,232,209,
150,172,147,
235,230,144,232,138,228,168,175,139,156,142,
218,242,184,173,217,170,186,215,237,167,214,249,157,227,240,221,192,239,245,160,236,211,200,194,241,208,161,
220,178,212,176,171,204,203,124,182,181,210,222,248,190,225,196,140,169,234,162,231,213,243,127,149,233,188,129,247,224,195,238,216,229,187,246,223,

194,236,185,217,137,211,209,200,237,230,160,197,218,235,167,241,208,242,206,
239,231,214,222,213,130,224,210,141,181,143,196,243,249,203,245,198,201,248,131,225,207,216,191,238,205,159,183,234,

178,176,212,220,181,210,204,233,171,229,222,248,190,234,187,246,225,196,162,213,155,182,129,188,247,238,224,195,231,223,169,
225,183,222,234,159,203,238,191,214,174,243,227,184,207,240,173,158,205,249,248,154,201,152,145,239,216,198,151,245,
172,150,
150,147,

236,217,211,185,230,197,218,241,206,235,242,209,200,
181,222,248,225,140,234,162,231,213,190,243,149,196,233,210,247,224,238,216,169,182,229,246,223,195,
163,
234,248,222,195,190,238,182,162,223,220,212,155,229,178,246,213,176,171,188,204,231,196,233,187,224,210,247,
203,181,222,248,225,140,234,162,231,213,190,243,149,196,233,210,247,224,238,216,169,182,229,246,223,195,
247,198,195,246,205,233,223,182,148,243,183,224,229,207,248,216,203,210,169,234,196,238,222,181,225,190,231,149,213,
181,204,171,222,248,234,188,225,162,213,182,196,233,247,210,238,187,224,190,229,246,195,231,223,169,
213,224,210,181,143,141,243,249,198,248,225,203,207,216,238,201,205,222,183,234,159,
245,213,224,210,181,143,141,243,249,198,248,225,203,207,216,238,201,205,222,183,234,159,

237,191,214,243,227,184,207,240,173,158,205,249,248,154,201,152,174,221,145,239,216,245,215,
238,195,244,193,199,189,226,179,177,223,220,212,155,229,178,246,213,176,171,188,204,231,233,187,224,247,

242,227,221,192,215,209,186,239,170,217,240,194,160,237,211,200,236,167,218,241,208,
236,217,211,209,237,230,197,218,241,185,208,206,235,242,200,
228,168,175,156,142,
232,228,
181,222,248,234,225,162,213,182,196,233,247,210,238,224,190,229,246,195,231,223,169,
238,249,198,243,248,225,203,207,216,201,205,222,183,234,159,
175,228,168,156,
238,249,198,243,248,225,203,207,216,201,205,222,183,234,159,
232,228,175,156,
248,174,227,184,240,173,154,205,191,249,243,214,201,207,152,239,158,216,245,
180,166,

229,216,243,203,169,234,238,231,248,225,196,222,224,213,210,181,
243,229,216,169,234,238,231,248,225,196,222,224,213,210,181,

205,248,198,158,191,214,207,239,216,203,249,201,245,243,
205,158,191,214,207,239,216,249,201,245,243,

243,245,201,249,216,207,214,239,191,158,
220,212,176,171,204,231,229,187,233,224,178,247,246,223,188,

239,221,240,214,227,249,245,237,215,
239,214,207,191,216,249,201,245,243,
234,222,201,183,205,216,207,203,225,248,243,198,
236,211,200,241,208,237,
239,236,245,214,208,221,186,237,249,215,240,227,
182,210,233,238,247,224,229,231,246,223,213,190,195,

244,193,199,189,226,177,179,247,220,204,212,246,


211,194,236,237,241,208,

225,234,231,248,224,238,210,196,213,222,
240,211,194,236,237,208,
231,229,187,233,204,247,246,223,188,

240,184,239,214,249,245,227,
227,245,249,214,239,184,

229,233,204,247,223,212,246,
220,204,247,212,246,
231,229,233,204,247,246,223,
226,189,247,212,246,220,199,

225,234,248,210,238,224,213,222,
233,238,213,224,229,231,223,190,
207,225,203,248,243,205,216,
239,214,245,249,227,
230,206,235,242,218,197,
237,215,240,221,227,
231,229,233,204,247,246,223,
231,229,233,204,247,246,223,
212,247,246,220,199,
231,229,224,213,238,223,233,
249,245,243,
240,236,237,208,
244,226,220,
236,237,208,
231,223,233,224,229,
224,213,238,210,
242,218,235,206,
248,243,205,216,207,
220,246,247,212,
241,
243,
244,226,
248,243,216,
247,246,
243,216,
235,
243,
237,
242,218,
238,213,

246,
238,
249,245,
240,

242,

244,

240,
248,234,
233,

248,
























Past links sets, 









0,
6,




8,

13,
1,
5,7,
1,




15,
2,3,


1,
4,
9,
19,

21,
10,19,

33,
9,

33,
32,35,
17,
4,15,
1,30,
4,18,20,
9,
0,23,28,
25,
31,
31,
9,33,
32,
2,3,14,16,
25,43,
3,5,14,16,
5,7,14,16,
26,
18,15,20,44,
4,24,48,
26,
38,49,
23,28,31,
0,23,28,
8,33,24,34,
38,31,46,
8,33,24,34,
18,20,30,
3,5,14,16,
8,24,34,
64,
37,46,51,40,38,
37,46,51,40,38,
37,0,40,
53,
25,18,43,44,
50,62,
21,4,24,48,
10,19,
34,37,40,
26,29,
38,46,49,
23,28,31,
37,40,51,
9,47,
14,26,
75,
57,60,
83,
23,50,61,
34,37,40,
9,34,73,
25,24,34,
14,57,
26,29,45,
7,55,
47,63,
41,
18,20,26,29,
38,88,46,91,
2,29,30,45,
68,
2,29,45,
20,80,
76,89,
18,59,44,54,21,
100,
85,93,
43,34,59,77,
108,
2,67,45,44,29,
44,54,59,77,
66,90,79,99,
9,47,63,
2,68,
40,37,92,70,69,66,
76,47,82,89,
14,29,87,
9,96,
33,89,81,76,65,
29,45,58,67,
2,67,45,44,29,
100,
40,4,37,48,92,70,69,66,
62,82,84,113,
100,102,
9,96,
62,82,84,113,
63,76,82,84,
84,113,118,
84,104,46,116,
84,104,46,116,
94,
65,71,89,81,28,83,72,
96,
44,67,106,
38,70,25,69,91,66,88,46,90,79,
73,79,90,115,
58,105,86,111,
34,75,105,111,
96,124,127,
65,130,81,131,
138,
33,81,130,131,65,
58,105,86,111,
119,133,
24,48,86,67,58,54,
58,110,106,121,
61,128,
61,124,127,128,
25,43,120,121,110,100,
47,119,71,104,82,72,
47,73,145,88,104,82,
29,48,86,45,67,58,54,
34,73,145,88,104,82,
118,126,134,
142,34,144,
65,69,71,112,28,72,89,70,81,
151,152,154,
63,71,143,141,119,72,
31,136,71,115,112,72,
71,81,70,72,15,61,50,112,65,69,23,
126,129,140,
94,125,
96,
58,105,86,77,67,
45,59,146,
65,136,71,115,112,72,
67,142,
140,148,129,149,
65,136,49,71,112,72,
129,155,
54,86,110,120,
64,104,112,145,
79,145,90,104,66,99,
142,34,144,
113,155,
9,134,164,
84,113,155,
134,164,
29,45,146,
81,130,149,148,129,140,131,
49,38,128,162,
128,159,
70,173,174,
1,30,137,123,54,109,91,
28,89,136,161,
82,171,
82,171,
9,179,
61,182,
84,158,116,99,90,
23,65,71,136,81,112,50,61,72,
134,164,
170,167,81,50,61,
128,49,134,162,
116,126,169,
51,185,
83,128,151,159,
189,
59,65,160,137,77,123,
158,99,159,
0,23,28,
183,148,151,83,127,
62,178,176,187,188,177,
152,183,198,
197,
158,183,198,
89,137,192,194,161,28,160,
30,99,137,136,123,54,109,
65,162,181,196,
77,59,81,160,123,167,170,137,
176,177,84,199,
134,190,210,
116,184,161,158,157,
133,157,76,186,
96,205,203,158,149,
30,31,72,54,109,71,137,136,112,123,
71,209,197,112,72,

113,193,199,177,155,
133,157,76,186,
159,169,126,181,
178,195,190,188,176,187,
65,155,196,181,195,190,
169,181,183,
179,193,202,
157,184,186,
66,69,37,70,92,144,139,109,142,
148,149,178,195,190,188,176,187,
111,105,185,
116,169,178,195,190,188,187,
66,69,144,40,139,109,37,70,92,
223,
222,
38,206,111,46,88,
59,77,89,123,137,192,194,161,28,160,
4,48,133,208,186,157,
71,72,213,143,141,119,
116,184,161,136,158,157,
92,221,215,170,192,173,
30,49,200,167,109,54,
209,197,217,
66,79,149,191,207,205,203,201,
193,202,219,
131,191,214,
128,204,162,212,
49,204,199,162,128,
145,222,225,203,88,198,
143,141,191,214,
Future links sets, 
202,9,47,63,73,
185,20,18,29,44,
121,110,114,26,53,100,102,
55,68,53,26,
237,123,77,30,45,43,59,
68,56,55,19,
10,
95,56,19,
66,69,64,15,
126,189,51,38,84,46,31,91,113,118,177,
78,35,


17,
117,93,85,53,68,55,56,
161,58,43,25,
56,55,68,53,
42,
105,98,75,58,45,67,
78,35,32,
103,58,98,45,67,
105,77,34,

202,89,47,161,62,192,82,63,
92,59,64,146,69,77,66,
150,54,75,136,48,92,
98,94,57,60,80,85,

202,208,186,133,157,47,62,236,82,63,
180,120,153,100,80,102,110,98,121,94,117,
241,217,209,44,67,100,185,
217,82,49,160,50,65,62,
52,41,
143,66,37,40,51,119,64,
175,66,79,90,91,156,64,154,108,69,92,139,
41,

232,228,115,71,83,72,73,123,90,79,
99,235,136,81,71,65,182,61,72,

232,115,71,83,72,73,123,90,79,
97,

108,150,75,54,
111,135,58,75,105,121,110,
180,153,120,94,166,100,121,110,102,
130,99,131,65,71,235,136,81,72,
152,84,151,96,116,113,
237,153,59,77,123,146,
241,195,81,247,170,61,182,
76,194,161,89,192,
83,197,72,71,

74,
217,209,185,172,105,111,146,241,153,
95,

93,87,
165,147,153,120,138,144,146,
236,211,200,105,108,111,166,
87,
190,89,149,192,148,194,161,
127,204,124,76,
159,128,113,96,
173,70,
224,210,141,119,143,133,157,161,167,200,170,192,
243,232,228,174,115,112,123,136,
153,120,168,146,135,165,110,121,
114,101,
232,228,161,115,123,136,157,
232,228,184,161,115,123,136,157,
218,159,170,238,192,157,151,217,133,160,161,167,
218,159,170,238,192,157,151,217,133,160,161,167,
154,152,137,91,

139,86,
221,104,119,215,116,128,
236,108,111,165,211,200,

243,112,137,136,174,
103,
211,192,181,194,161,157,133,143,119,141,
188,187,154,152,151,124,116,127,128,
203,198,133,88,
191,178,131,130,212,124,129,127,128,
107,
172,165,138,153,144,146,
117,
248,99,154,235,136,152,
208,186,157,236,104,119,116,133,
112,137,191,136,174,
185,136,99,
240,115,123,228,232,
107,
163,132,

216,164,126,134,118,140,


209,112,174,191,201,
150,125,122,106,

125,

154,131,173,151,174,130,152,
230,138,139,144,165,
147,135,

109,
241,232,185,209,217,228,
150,172,147,
235,138,139,144,230,
218,217,173,192,170,157,167,160,161,
178,124,129,127,220,176,

160,167,137,
239,231,214,131,191,130,196,

155,129,
238,159,151,145,
172,150,
150,147,

236,217,185,209,200,211,
149,140,
163,
196,222,162,155,
203,149,140,
246,198,195,247,148,183,149,182,
181,171,169,162,
143,181,141,
245,143,181,141,

237,221,215,145,
213,195,155,177,179,193,

239,217,209,160,192,170,167,186,
236,217,185,211,200,208,209,
142,
232,228,
181,169,162,
238,249,159,
175,228,168,156,
238,249,159,
232,228,175,156,
248,154,152,174,173,
180,166,

203,181,229,169,
243,169,229,181,216,

203,198,158,
205,158,

158,
224,171,178,176,220,

239,214,237,215,221,227,
239,216,191,201,207,214,
222,201,198,183,
236,211,208,200,
239,186,208,236,214,
247,182,195,210,246,

193,179,177,


241,211,194,

225,222,231,196,
240,211,194,
188,187,

240,184,
184,

223,212,229,204,
220,212,204,
231,223,229,204,
226,189,

224,222,225,210,
190,
207,225,205,203,
227,239,214,
230,197,
237,227,221,215,
231,223,229,204,
231,223,229,204,
199,
231,223,213,224,229,
249,245,243,
240,236,208,
244,226,220,
236,208,
231,229,224,223,
224,210,
242,218,206,
248,207,205,
220,247,212,
241,
243,
244,226,
248,243,216,
247,246,
243,216,
235,
243,
237,
242,218,
213,

246,
238,
249,245,
240,

242,

244,

240,
248,234,
233,

248,
























Coordinates,
0.00476886,1.98345,
0.00781804,1.11324,
0.0156563,0.930106,
0.0333669,0.849259,
0.0395049,1.18489,
0.0509977,0.660108,
0.0619443,0.582245,
0.0712758,0.613751,
0.0831374,1.34682,
0.0868876,1.9102,
0.105285,0.555762,
0.113712,0.129754,
0.133312,0.0975166,
0.138036,0.303384,
0.146804,0.704791,
0.148201,1.28215,
0.165646,0.662581,
0.171297,0.273397,
0.194011,1.02711,
0.201509,0.519436,
0.203724,0.991312,
0.248417,1.38748,
0.250275,0.0171491,
0.257905,1.99316,
0.270313,1.31909,
0.273498,1.20084,
0.275103,0.744713,
0.28078,0.0715262,
0.286326,1.9952,
0.289708,0.841369,
0.296908,1.04615,
0.313272,1.77244,
0.326107,0.44318,
0.333644,1.51101,
0.35592,1.36673,
0.360245,0.397527,
0.38063,0.168683,
0.402085,1.46114,
0.407713,1.63876,
0.41653,0.103286,
0.416937,1.46006,
0.439835,0.337412,
0.442415,0.0328682,
0.447416,1.02314,
0.448757,0.958689,
0.448977,0.791787,
0.488614,1.54779,
0.490325,1.97467,
0.504548,1.05562,
0.525391,1.65219,
0.526722,1.708,
0.555451,1.4596,
0.561356,0.25965,
0.568563,0.426609,
0.573905,0.955169,
0.590173,0.298207,
0.600109,0.262076,
0.600148,0.486373,
0.600535,0.840559,
0.607312,1.00543,
0.609958,0.496612,
0.612345,1.59962,
0.621437,1.74403,
0.62392,1.97984,
0.633685,1.2138,
0.634488,1.49877,
0.635018,1.22614,
0.635328,0.746823,
0.647357,0.281208,
0.6597,1.17537,
0.663728,1.18561,
0.666118,1.40628,
0.667179,1.40922,
0.67209,1.31677,
0.672716,0.329411,
0.678838,0.835659,
0.679304,1.69176,
0.67954,0.99102,
0.680884,0.0588727,
0.681637,1.22846,
0.685052,0.480339,
0.690563,1.50339,
0.692867,1.74519,
0.699734,1.3327,
0.701162,1.80034,
0.707041,0.353843,
0.70787,0.807906,
0.71487,0.401301,
0.719408,1.31318,
0.722069,1.5523,
0.726342,1.23426,
0.731075,1.26698,
0.734422,1.02464,
0.736947,0.351361,
0.761008,0.486057,
0.790877,0.109027,
0.79189,1.96275,
0.799578,0.0210163,
0.827878,0.394506,
0.829639,1.23329,
0.846993,0.51204,
0.852272,0.0841208,
0.884794,0.437199,
0.899104,0.319971,
0.904364,1.50028,
0.905911,0.746662,
0.908548,0.468605,
0.91133,0.186956,
0.914335,0.834607,
0.920225,0.82915,
0.921804,0.496615,
0.923594,0.759282,
0.928643,1.14347,
0.933126,1.79487,
0.938069,0.0193615,
0.948239,0.950256,
0.971262,1.51902,
0.98402,0.170713,
0.987748,1.82034,
0.988587,1.40053,
0.990866,0.470401,
0.999205,0.418487,
1.00776,0.363073,
1.02785,0.868055,
1.03072,1.70619,
1.0573,0.307199,
1.06159,1.83831,
1.06209,1.67389,
1.07178,1.61324,
1.07488,1.76466,
1.07586,1.46454,
1.08345,1.44888,
1.08491,0.213874,
1.0858,1.23811,
1.09101,1.93438,
1.09335,0.321813,
1.09934,0.951074,
1.13522,0.857872,
1.14126,0.54977,
1.14392,0.602681,
1.14492,1.65844,
1.15235,1.40016,
1.16749,0.530153,
1.17068,1.37437,
1.18389,0.536551,
1.18865,1.21219,
1.19546,0.411525,
1.21105,0.237795,
1.22238,1.49719,
1.25012,1.4932,
1.27007,0.218355,
1.27234,1.20598,
1.30296,1.16522,
1.30316,0.269418,
1.31388,1.14477,
1.31503,1.77481,
1.32312,0.414867,
1.33513,0.968918,
1.34286,1.13592,
1.34667,1.26147,
1.34952,0.774572,
1.35611,0.90882,
1.35731,1.63549,
1.3577,0.0114012,
1.36232,1.93278,
1.37509,0.305054,
1.38471,0.251049,
1.38491,0.772637,
1.40477,0.295273,
1.4048,1.4596,
1.41309,0.773751,
1.42215,1.71736,
1.4349,0.0996419,
1.4482,0.962627,
1.45199,0.984348,
1.4525,0.285464,
1.45913,1.75752,
1.46962,1.82901,
1.47008,1.74357,
1.47859,1.89321,
1.50317,0.108757,
1.50773,1.35496,
1.50995,1.48981,
1.52193,1.17421,
1.52524,0.912009,
1.52878,0.476373,
1.53022,0.756095,
1.53145,1.67688,
1.53284,1.6796,
1.53459,1.85982,
1.53648,1.46747,
1.54408,0.986558,
1.54936,0.715242,
1.55493,1.9236,
1.55768,0.684337,
1.55874,1.5225,
1.57699,1.404,
1.58095,0.442857,
1.58359,1.11088,
1.5889,1.85492,
1.59606,0.548278,
1.60657,1.01596,
1.62145,1.97422,
1.63755,1.09875,
1.65373,1.65511,
1.65587,1.05678,
1.66279,0.364491,
1.67084,1.03023,
1.67625,0.607638,
1.68215,0.386781,
1.6831,1.31437,
1.7053,0.491628,
1.72687,1.73059,
1.73386,1.29908,
1.74413,0.747409,
1.75071,0.622728,
1.76239,1.0042,
1.76331,0.346283,
1.76733,0.312299,
1.76865,1.99491,
1.77091,1.74083,
1.77555,0.609904,
1.77956,1.15186,
1.80337,1.41895,
1.81331,1.28774,
1.81463,1.08385,
1.81651,1.87471,
1.82797,0.60928,
1.83068,0.0373296,
1.83105,1.38985,
1.84629,0.161149,
1.84854,1.36745,
1.85719,0.0229506,
1.86711,1.39592,
1.88243,1.09312,
1.8879,0.160181,
1.89569,0.387716,
1.90888,0.425598,
1.91872,1.12694,
1.92155,0.56897,
1.94448,0.490066,
1.9503,0.231047,
1.95254,0.168218,
1.95839,0.792606,
1.96361,1.89285,
1.96404,0.573926,
1.97876,1.48611,
1.97926,1.46773,
1.98302,0.967097,
1.99457,0.570169,
