Storage option,sets
Size,200
Dimension,2
Shape,cube
Spacetime,black hole
Past sets, 












9,
1,
9,12,
4,6,
11,


1,9,12,
3,7,
3,
5,
2,5,

5,
9,1,13,
10,0,13,12,9,14,1,19,
0,10,12,9,14,
11,6,15,4,17,18,
10,0,13,12,9,14,1,19,
0,6,15,4,17,18,
0,10,9,12,6,4,15,
8,1,13,
11,17,18,16,3,7,20,
0,10,12,9,14,6,4,15,
7,3,21,
15,4,32,6,14,12,10,0,9,35,
7,3,21,
8,
28,19,27,1,14,9,12,13,0,10,30,
8,10,12,19,14,1,9,0,13,26,
1,8,39,
13,9,0,10,12,14,1,35,6,32,19,4,15,28,
6,20,7,3,16,18,17,11,34,
11,21,16,3,20,7,36,
18,15,4,32,6,14,12,10,0,9,35,
10,12,19,9,0,26,13,14,1,8,33,
3,21,22,2,23,24,5,25,
3,31,18,6,15,4,17,0,29,16,11,10,9,7,
8,26,32,15,4,40,27,14,28,19,9,6,35,12,13,0,10,1,30,
47,8,10,19,9,0,26,13,14,30,1,33,12,41,
11,28,31,17,46,18,15,4,32,14,12,10,0,9,6,35,37,
22,24,5,36,21,3,7,25,38,
5,38,36,7,20,3,16,21,24,11,45,
12,9,26,13,1,8,33,
4,18,31,6,20,7,3,16,17,11,34,29,0,44,15,
47,8,10,19,9,0,26,13,14,30,1,33,12,41,
6,11,24,21,34,45,16,3,20,7,36,38,17,18,
6,15,4,33,27,28,8,10,41,12,19,14,30,1,40,9,0,13,26,
7,16,28,11,31,17,46,18,15,4,3,32,14,12,10,29,0,9,6,35,37,
30,1,10,0,13,41,12,50,37,8,26,32,19,35,6,15,28,4,40,27,43,14,9,
34,37,12,14,7,9,20,49,10,32,3,16,31,18,35,6,15,4,46,17,29,0,11,
26,27,19,30,1,13,37,35,6,9,0,52,40,11,28,15,31,18,4,17,46,32,43,14,12,10,
10,15,44,56,4,17,18,31,6,20,7,3,16,0,29,11,34,
22,25,54,5,38,36,7,20,3,21,11,16,45,24,53,
27,28,40,41,12,51,47,8,10,19,9,0,26,13,14,1,30,4,33,
13,39,8,1,42,
30,1,13,19,27,26,50,8,37,35,6,9,0,52,40,11,28,15,31,18,4,17,46,32,43,14,12,10,
31,18,17,46,30,1,10,0,13,12,50,37,8,26,32,19,35,6,15,28,4,11,40,27,43,14,9,
9,14,43,27,40,33,4,28,15,6,35,19,30,1,10,0,13,26,41,12,50,37,8,61,32,
21,34,11,29,0,16,10,15,44,18,31,56,4,17,64,6,20,7,3,
33,42,1,8,39,13,67,
20,34,30,27,32,3,4,17,46,18,31,11,40,15,28,16,7,14,43,12,10,29,0,9,6,35,37,52,49,13,60,1,19,
41,12,9,55,26,42,13,0,30,1,14,8,47,33,39,10,19,
49,29,3,16,9,35,6,30,19,27,52,0,13,26,37,40,11,28,15,31,1,60,18,63,4,17,46,32,43,14,12,10,7,
4,31,15,44,18,17,29,0,58,6,11,24,21,5,34,45,16,3,20,7,36,38,
15,44,31,4,56,18,17,0,29,58,6,11,24,21,34,45,16,3,20,7,36,38,
9,3,36,7,49,20,6,64,17,4,71,21,34,11,45,16,29,0,10,15,44,18,31,56,
26,19,1,60,13,49,11,40,31,18,62,3,32,27,17,46,4,30,20,34,15,28,16,7,73,14,43,12,10,29,0,9,6,35,37,52,
27,19,16,32,9,20,49,7,14,43,12,37,34,10,3,62,4,31,1,60,18,35,6,15,46,17,29,0,11,28,52,13,
56,38,36,7,20,3,16,45,34,5,21,11,24,4,17,31,76,18,44,15,29,0,58,6,
27,19,13,16,32,9,20,49,7,14,43,12,37,34,10,3,62,4,31,1,60,18,35,6,15,44,46,17,29,0,11,28,52,
57,9,19,10,8,66,37,47,51,12,41,28,40,27,26,13,14,43,1,30,0,59,4,33,61,32,50,35,6,15,
27,19,13,16,32,9,20,49,7,14,43,12,37,34,10,3,62,4,31,1,60,18,35,6,15,44,46,17,29,0,11,28,52,
15,35,6,33,4,59,30,1,14,42,13,55,26,27,40,57,28,41,12,51,47,66,8,39,10,19,9,0,
16,29,52,46,17,19,6,35,15,28,33,63,4,43,14,40,27,68,9,11,70,41,12,30,1,69,10,59,0,13,26,50,37,8,61,32,31,18,
6,33,4,30,1,14,42,13,55,26,27,40,57,28,41,12,51,47,66,8,39,10,19,9,0,
27,51,57,19,10,39,33,47,74,9,41,12,55,26,42,13,0,30,1,14,8,
10,71,9,38,36,7,49,20,3,16,45,34,21,24,77,15,44,31,18,4,56,17,0,29,58,64,6,11,
18,55,70,15,6,28,57,41,12,51,37,66,8,47,10,19,9,83,40,27,26,13,14,43,1,30,59,0,4,33,61,32,50,35,
8,50,52,37,35,6,68,9,0,29,69,10,32,18,31,11,40,3,62,63,4,49,19,13,26,60,1,30,20,79,27,17,46,34,15,28,75,16,7,73,14,43,12,
32,55,13,42,40,27,26,85,14,1,30,4,33,6,35,59,0,57,87,28,41,12,51,47,66,8,39,10,19,9,15,
30,40,26,80,52,28,11,0,29,12,43,73,14,49,79,20,7,9,75,16,13,27,32,19,84,37,34,10,3,62,63,4,31,60,1,18,35,6,15,44,46,17,
29,52,46,17,18,31,11,70,15,6,28,57,41,12,51,37,66,8,47,69,10,19,68,9,83,40,27,26,13,14,43,1,30,59,0,63,4,33,61,32,50,35,
37,43,50,15,9,19,4,30,1,27,85,26,55,13,42,32,14,40,33,92,6,35,59,0,57,87,28,41,12,51,47,66,8,39,10,
49,47,51,3,7,18,31,32,61,8,37,50,26,13,28,15,35,6,19,17,46,33,63,4,52,29,16,43,14,40,86,27,69,10,68,9,11,70,41,12,30,60,1,0,59,
27,13,43,52,28,1,60,46,35,32,21,4,17,64,6,20,49,19,78,7,36,62,3,9,34,11,45,16,29,0,10,15,44,18,31,56,37,71,12,14,
4,44,23,2,48,18,17,6,58,53,24,22,38,25,54,34,5,65,36,7,20,3,45,16,21,11,
16,55,50,32,61,33,4,63,0,59,30,1,43,14,13,6,28,57,15,40,11,70,41,12,90,31,18,47,17,46,52,29,35,94,51,37,66,8,69,10,19,68,9,83,27,26,
50,32,61,43,37,83,55,13,42,40,27,26,85,14,1,30,4,33,6,35,59,0,57,87,28,41,12,51,47,66,8,39,10,19,9,15,
61,88,10,39,8,66,47,51,12,55,26,85,27,1,30,19,9,74,15,50,37,95,4,43,14,13,42,32,40,33,92,6,35,59,0,57,87,28,41,
54,25,22,38,65,36,7,20,3,16,45,34,5,21,11,53,24,4,17,31,76,18,44,15,29,0,58,6,
43,50,88,74,15,9,19,4,30,1,27,85,26,55,72,13,42,32,14,40,33,92,6,35,59,0,57,87,28,41,12,51,47,66,67,8,39,10,
27,51,57,19,10,39,33,47,74,67,9,41,12,55,26,42,13,0,30,1,72,14,8,
36,45,8,50,64,56,82,17,46,44,15,6,35,18,1,60,31,4,63,62,3,71,12,29,0,11,40,52,26,84,43,73,14,30,28,21,80,49,20,79,7,9,75,16,13,27,32,19,37,93,34,10,
44,80,61,41,33,12,43,14,73,7,16,75,28,15,34,46,17,86,27,79,20,10,69,70,11,40,29,59,0,6,35,68,9,37,8,50,52,91,32,62,3,18,31,4,63,49,19,13,26,60,1,30,
25,54,46,35,32,14,37,78,22,81,34,16,45,62,3,20,49,7,36,38,9,12,71,10,89,31,21,24,15,44,77,18,4,56,76,17,0,29,58,5,64,6,11,
14,25,32,54,78,22,81,34,16,45,3,20,49,7,36,38,9,12,71,10,89,31,21,24,15,44,77,18,4,56,76,17,0,29,58,5,64,6,11,
41,28,87,57,0,59,35,6,92,33,40,27,55,85,26,12,51,66,67,8,37,95,47,39,10,61,32,88,1,30,43,14,19,9,74,15,50,4,13,101,42,
39,3,26,86,27,83,9,68,19,10,69,8,7,66,37,51,94,35,29,52,46,17,60,1,30,59,0,33,61,32,4,63,50,55,16,41,12,43,14,13,6,28,57,15,99,40,70,11,90,31,18,47,
0,24,53,58,29,22,48,2,23,18,44,15,17,4,98,11,38,25,54,34,5,6,65,36,7,20,3,45,16,21,
40,26,82,84,58,24,30,89,73,14,12,71,37,56,31,77,18,44,15,10,0,29,35,64,6,46,17,80,21,28,63,4,43,52,13,60,1,27,32,62,3,38,97,79,20,49,78,19,7,36,9,34,11,45,75,16,
56,64,59,0,29,40,11,70,69,10,20,79,27,86,34,93,28,106,47,80,61,33,7,41,12,43,14,73,15,44,16,75,17,46,6,35,68,9,37,96,8,50,52,91,32,62,3,18,31,4,63,49,19,13,26,60,1,30,51,84,82,
40,26,82,84,58,24,30,89,73,14,12,71,37,56,31,77,18,44,15,10,0,29,35,5,64,6,46,76,17,80,21,28,63,4,43,52,13,60,1,27,32,62,3,38,97,79,20,49,78,19,7,36,9,34,11,45,75,16,
18,70,83,103,42,101,72,13,4,15,74,9,19,14,43,30,1,27,40,6,35,92,33,88,59,0,87,28,57,100,41,12,50,109,51,55,85,26,66,37,95,8,67,47,39,10,61,32,
66,41,12,9,15,74,47,33,4,10,39,19,57,51,27,104,55,26,42,59,0,28,87,30,1,88,13,72,14,67,8,6,40,
40,66,8,14,72,88,1,30,0,13,42,26,55,104,27,51,28,57,19,39,10,4,33,47,74,9,67,12,41,
40,8,14,72,88,1,30,0,13,42,26,55,104,27,51,28,57,19,39,10,4,33,47,74,9,67,12,41,
8,81,93,112,46,5,64,6,35,10,76,17,18,77,37,56,114,40,14,73,30,89,26,84,29,0,58,71,12,82,24,31,15,44,80,21,28,63,4,43,52,13,60,1,27,32,62,3,38,97,79,20,49,78,19,7,36,9,34,11,45,75,16,
68,93,50,8,105,112,46,5,64,6,35,10,76,17,18,77,37,56,114,40,14,73,30,89,26,84,29,0,58,71,12,82,24,31,15,44,80,21,28,63,4,43,52,13,60,1,27,32,62,3,38,97,79,20,49,78,19,7,36,9,34,11,45,75,16,
68,69,32,61,10,39,47,67,8,95,37,66,26,85,55,51,109,50,12,41,100,57,28,87,0,59,88,29,33,92,35,94,6,40,99,27,1,30,43,14,19,9,74,15,4,63,13,72,101,42,103,83,16,11,70,90,31,18,17,46,52,
3,7,60,86,52,46,17,88,29,59,0,87,28,57,100,41,12,50,109,51,85,26,55,121,69,10,32,61,68,9,39,47,67,8,95,37,66,33,92,35,94,6,40,99,27,1,30,43,14,19,74,15,4,63,13,72,101,42,103,83,16,11,70,90,31,18,
53,37,35,46,107,11,65,6,64,5,58,29,0,17,76,56,4,20,78,34,62,3,32,16,45,81,22,54,25,14,49,108,21,7,36,38,9,12,71,10,89,31,24,15,44,77,18,
21,71,83,66,57,94,82,84,51,73,14,43,7,33,61,80,47,106,34,93,28,86,27,113,56,64,59,0,20,79,29,69,10,40,11,70,12,41,15,44,16,75,17,46,6,35,68,9,37,96,8,50,52,91,32,62,3,18,31,4,63,49,19,13,26,60,1,30,
32,35,6,66,117,55,85,26,42,30,88,1,13,72,14,40,59,0,118,104,27,51,87,28,116,57,19,39,10,4,33,47,15,74,9,8,67,12,41,
20,34,67,75,49,96,100,87,92,33,59,0,30,1,60,17,46,29,88,35,94,51,110,7,66,52,19,26,85,3,86,27,37,8,83,9,68,39,10,69,61,32,4,63,50,55,16,41,12,43,14,13,6,28,57,15,74,99,40,70,11,90,31,18,47,101,42,95,
16,90,87,28,0,59,92,33,35,94,6,40,27,88,29,1,30,19,115,18,70,11,83,43,14,101,42,72,13,4,63,15,74,103,9,68,57,100,41,12,50,109,51,55,85,26,66,37,95,8,67,47,39,10,69,61,32,52,46,17,31,
22,25,54,69,91,81,119,16,75,45,11,34,9,36,0,29,84,26,89,30,73,14,40,114,56,77,18,120,50,37,8,112,76,17,105,46,5,64,93,6,35,68,10,58,71,12,82,24,31,15,44,80,21,28,63,4,43,52,13,60,1,27,32,62,3,38,97,79,20,49,78,19,7,
47,51,38,24,58,77,78,97,93,21,84,71,59,0,29,40,11,70,69,10,20,79,27,86,34,28,106,80,61,33,7,41,12,43,14,73,15,44,16,75,17,46,105,6,35,68,9,37,8,50,52,91,32,62,3,18,31,4,63,49,19,13,26,60,1,30,36,45,64,56,82,
56,31,102,21,16,44,15,77,18,23,2,48,81,22,29,58,0,53,24,111,76,17,4,98,11,38,25,54,34,5,6,65,36,7,20,3,45,
53,60,1,28,52,43,13,27,37,35,46,107,11,65,6,64,5,58,29,0,17,76,56,4,20,19,78,34,62,3,32,16,45,81,22,54,25,14,49,108,21,7,36,97,38,9,12,71,10,89,31,24,15,44,77,18,
78,90,55,99,45,36,105,30,1,60,26,13,19,49,63,4,31,0,59,56,27,86,64,93,34,106,47,61,33,21,80,73,14,71,12,113,84,83,28,57,124,6,66,7,94,35,82,43,51,20,79,29,69,10,40,11,70,41,15,44,16,75,17,46,68,9,37,96,8,50,52,91,32,62,3,18,
53,107,81,22,54,25,108,112,46,5,64,6,35,10,76,17,18,77,37,56,114,40,14,73,30,89,26,84,29,0,58,71,12,82,24,31,15,44,80,21,28,63,4,43,52,13,60,1,27,32,62,3,38,97,79,20,49,78,19,7,36,9,34,11,45,75,16,
82,18,77,44,15,24,31,89,10,71,12,9,38,97,36,7,21,108,49,14,84,25,54,22,81,45,16,32,3,62,107,20,46,35,37,43,52,28,27,56,60,1,53,13,131,11,6,65,64,5,34,58,29,0,17,76,4,78,19,
75,49,96,110,99,121,86,60,7,3,122,31,17,46,42,101,72,13,14,43,83,70,11,18,19,27,16,94,35,90,115,28,87,29,88,59,30,1,33,92,0,127,9,68,40,6,4,63,15,74,103,57,100,41,12,50,109,51,55,85,26,66,37,95,8,67,47,39,10,69,61,32,52,
36,45,85,42,87,90,99,55,39,110,30,1,60,26,13,19,49,63,4,31,0,59,56,27,86,64,93,34,106,47,61,33,21,80,73,14,71,12,113,84,83,28,57,124,6,66,7,94,35,82,43,51,20,79,29,69,10,40,11,70,41,15,44,16,75,17,46,68,9,37,96,8,50,52,91,32,62,3,18,
56,64,67,82,84,93,96,100,87,92,42,95,74,85,88,101,49,62,91,20,79,33,59,0,30,1,60,17,46,29,35,94,51,110,7,66,52,19,26,3,86,27,37,8,83,9,68,39,10,69,61,32,4,63,50,55,16,75,41,12,43,14,73,13,6,28,57,15,99,40,70,11,90,31,18,47,106,44,80,34,
78,105,18,3,62,32,91,52,50,8,96,37,68,46,17,75,16,44,15,41,70,11,93,34,64,86,27,4,63,19,31,90,60,1,49,9,136,45,110,51,36,56,85,26,13,42,55,0,59,87,28,99,40,39,30,106,47,61,33,21,80,73,14,71,12,113,84,83,57,124,6,66,7,94,35,82,43,20,79,29,69,10,
28,2,23,98,102,18,77,44,15,24,31,89,10,71,12,9,38,36,7,21,108,49,14,25,34,35,6,65,5,64,123,29,58,0,48,107,20,78,46,11,37,53,17,76,56,4,62,3,32,16,45,81,22,54,
81,55,90,89,114,76,5,112,120,96,113,94,57,66,83,124,82,56,64,45,36,30,1,60,26,13,19,49,63,34,93,28,86,27,70,11,129,69,10,40,59,0,80,21,51,38,97,106,47,77,18,79,20,24,29,58,84,71,12,78,61,33,7,41,43,14,73,15,44,16,75,17,46,105,6,35,68,9,37,8,50,52,91,32,62,3,31,4,
95,37,61,50,43,103,41,12,67,8,9,74,15,47,92,33,4,10,88,30,117,1,27,101,42,55,85,26,35,6,32,66,125,13,72,14,40,59,0,118,104,51,87,28,116,57,19,39,
29,63,52,68,11,39,19,57,116,28,87,51,104,118,0,59,40,14,72,13,125,66,32,6,35,26,85,55,42,101,27,1,117,30,88,10,69,4,33,92,47,15,74,9,8,67,12,41,100,115,18,70,83,103,43,50,109,37,95,61,90,31,17,46,
39,19,57,116,28,87,51,104,118,0,59,40,14,72,13,125,66,32,6,35,95,37,8,67,9,41,12,103,61,43,50,141,74,15,47,92,33,4,10,88,30,117,1,27,101,42,55,85,26,
17,46,31,90,61,95,37,109,50,43,103,83,11,70,18,115,100,41,12,67,8,9,74,15,47,92,33,4,10,88,30,117,1,27,101,42,55,85,26,35,6,32,66,125,13,72,14,40,59,0,118,104,51,87,28,116,57,19,39,
3,7,60,86,116,117,104,118,99,121,31,17,46,42,101,72,13,14,43,83,70,11,18,19,27,16,94,35,90,115,28,87,29,88,59,30,1,33,92,0,127,9,68,40,6,4,63,15,74,103,57,100,41,12,50,109,51,55,85,26,66,37,95,8,67,47,39,10,69,61,32,52,
90,61,95,37,109,50,43,103,83,70,18,115,100,41,12,67,8,9,74,15,47,92,33,4,10,88,30,117,1,27,101,42,55,85,26,35,6,32,66,125,13,72,14,40,59,0,118,104,51,87,28,116,57,19,39,
22,25,54,81,119,89,114,76,5,112,120,96,113,94,57,66,83,124,82,56,64,45,36,30,1,60,26,13,19,49,63,34,93,28,86,27,70,11,129,69,10,40,59,0,80,21,51,38,97,106,47,77,18,79,20,24,29,58,84,71,12,78,61,33,7,41,43,14,73,15,44,16,75,17,46,105,6,35,68,9,37,8,50,52,91,32,62,3,31,4,
28,2,23,98,102,18,77,44,15,24,31,89,10,71,12,9,38,36,7,21,108,49,14,25,34,35,6,65,5,64,123,29,58,0,48,107,20,78,46,11,37,53,17,76,56,4,62,3,32,16,45,81,22,54,
8,93,65,16,75,45,11,34,9,36,7,19,84,25,26,89,30,73,14,40,114,56,37,77,18,76,17,10,107,81,22,53,112,108,49,54,15,46,5,64,35,133,6,29,0,58,71,12,82,24,31,44,80,21,28,63,131,4,43,52,13,60,1,27,32,62,3,38,97,79,20,78,
38,92,95,97,100,132,10,69,29,79,20,43,82,35,94,7,66,6,124,57,83,84,113,12,71,14,73,80,21,33,27,86,34,93,64,70,41,15,44,16,75,17,46,105,68,11,138,78,19,52,18,9,136,96,37,4,63,91,32,62,3,50,8,31,90,60,1,49,45,110,51,36,56,85,26,13,42,55,0,59,87,28,99,40,39,30,106,47,61,
26,40,30,73,80,102,123,19,32,16,45,81,22,54,25,84,14,49,108,21,134,7,36,18,77,12,71,44,15,82,24,31,89,97,38,10,9,3,62,107,20,46,35,37,43,52,28,27,56,60,1,53,13,11,6,65,64,5,34,58,29,0,17,76,131,4,78,
21,113,103,72,121,109,122,126,34,80,44,106,47,18,31,90,11,70,40,99,15,57,28,6,13,73,14,43,12,41,17,60,1,33,92,91,32,62,3,20,79,49,101,42,30,59,0,88,29,74,19,85,26,56,82,95,64,93,84,67,8,96,37,87,100,46,35,94,51,110,7,66,52,86,27,83,9,68,39,137,10,69,61,4,63,50,55,16,75,
65,61,41,33,70,68,93,105,8,50,120,119,91,69,16,75,45,11,34,9,36,7,19,84,25,26,89,30,73,14,40,114,56,37,77,18,76,17,10,107,81,22,53,112,108,49,54,15,46,5,64,35,133,6,29,0,58,71,12,82,24,31,44,80,21,28,63,4,43,52,13,60,128,1,27,32,62,3,38,97,79,20,78,
4,31,3,62,32,91,52,50,8,37,9,68,35,6,105,46,17,75,16,44,15,73,14,43,41,7,33,61,78,12,71,84,13,1,119,60,30,89,45,64,5,82,124,66,57,36,94,26,113,54,22,81,120,29,76,56,114,96,83,24,25,112,19,49,63,34,93,28,86,27,70,11,129,69,10,40,59,0,80,21,51,38,97,106,47,77,18,79,147,20,58,
76,42,85,39,110,89,112,97,77,58,24,38,129,18,3,62,32,91,52,50,8,96,37,9,68,46,17,75,16,44,15,93,34,64,86,27,56,0,59,4,63,106,47,19,78,49,13,61,90,31,26,55,99,40,60,1,5,132,73,14,45,36,105,30,33,21,80,71,12,113,84,83,28,57,124,6,66,7,94,35,82,43,51,20,79,29,69,10,11,70,41,
33,41,61,65,68,93,105,8,50,120,119,91,69,16,75,45,11,34,9,36,7,19,84,25,26,89,30,73,14,40,114,56,37,77,18,76,17,10,107,81,22,53,112,108,49,54,15,46,5,64,35,133,6,29,0,58,71,12,82,24,31,44,80,21,28,63,4,43,52,13,60,128,1,27,32,62,3,38,97,79,20,78,
22,25,54,99,119,4,31,3,62,32,91,52,50,8,37,9,68,35,6,105,46,17,75,16,44,15,73,14,43,41,7,33,61,78,12,49,19,1,60,30,89,45,64,5,124,66,57,82,13,140,81,56,114,55,120,36,94,90,76,96,83,24,112,26,113,63,34,93,28,86,27,70,11,129,69,10,40,59,0,80,21,51,38,97,106,47,77,18,79,20,29,58,84,71,
107,108,5,76,112,120,114,89,119,81,54,25,22,82,56,64,45,36,30,128,1,60,26,13,19,49,63,34,93,28,86,27,70,11,129,69,10,40,59,0,80,21,51,38,97,106,47,77,18,79,20,24,29,58,84,71,12,78,61,33,7,41,43,14,73,15,44,16,75,17,46,105,6,35,68,9,37,8,50,52,91,32,62,3,31,4,
86,99,121,94,16,69,68,52,63,29,39,4,33,92,142,15,74,9,67,8,100,41,47,18,12,70,11,115,85,26,43,144,17,46,31,90,109,50,83,103,61,95,37,10,88,30,117,1,27,101,42,55,35,6,32,66,125,13,72,14,40,59,127,0,118,104,51,87,28,116,57,19,
115,75,16,55,50,63,4,61,69,10,137,39,68,9,83,27,86,52,66,7,110,51,94,35,46,100,87,37,96,8,67,84,13,72,28,57,99,40,70,11,90,31,18,47,106,152,34,93,113,126,21,80,103,44,43,14,73,121,62,3,6,122,15,74,109,12,41,17,60,1,33,92,91,32,20,79,49,101,42,30,59,0,88,29,19,85,26,56,82,95,64,
66,107,96,113,5,76,112,120,114,89,119,81,54,25,22,82,56,64,45,36,30,128,1,60,26,13,19,49,63,34,93,28,86,27,70,11,129,69,10,40,59,0,80,21,51,38,97,106,47,77,18,79,20,24,29,58,84,71,12,78,61,33,7,41,43,14,73,15,44,16,75,17,46,105,6,35,68,9,37,8,50,52,91,32,62,3,31,4,
115,75,16,55,50,63,4,61,69,10,137,39,68,9,83,27,86,52,66,7,110,51,94,35,46,100,87,37,96,8,67,84,13,72,28,57,99,40,70,11,90,31,18,47,106,152,34,93,113,126,21,80,103,44,43,14,73,121,62,3,6,122,15,74,109,12,41,17,60,1,33,92,91,32,20,79,49,101,42,30,59,0,88,29,19,85,26,56,82,95,64,
119,87,120,114,81,41,70,11,10,69,29,79,20,51,43,82,35,94,7,66,6,124,57,83,84,113,12,71,80,21,33,30,105,36,45,14,73,75,16,17,76,46,37,96,28,155,8,50,91,32,62,3,77,18,136,9,68,38,97,89,24,129,42,85,26,52,110,39,58,112,44,15,93,34,64,86,27,56,0,59,4,63,106,47,19,78,49,140,13,61,90,31,55,99,40,60,1,5,132,
59,70,78,20,79,97,38,3,62,32,27,1,128,60,13,52,43,4,63,28,21,80,44,31,24,82,73,14,30,89,25,84,153,26,19,9,68,34,93,75,16,45,11,69,10,7,36,65,41,119,61,120,91,33,105,46,8,50,40,114,56,37,77,18,76,17,107,81,22,53,112,108,49,54,15,6,133,5,64,35,156,29,0,58,71,12,
73,125,34,20,126,122,110,96,49,75,52,32,61,69,10,39,47,67,135,8,95,37,66,26,85,35,94,16,27,86,19,145,18,11,70,83,43,14,72,13,101,42,3,121,7,99,40,116,57,117,46,104,17,60,1,118,59,31,90,115,28,87,29,88,30,33,92,0,127,9,68,6,4,63,15,74,103,100,41,12,50,109,51,55,
22,25,54,119,87,120,114,81,41,70,11,10,69,29,79,20,51,43,82,35,94,7,66,6,124,57,83,84,113,12,71,80,21,33,30,105,36,45,14,73,75,16,17,76,46,37,96,28,155,8,50,91,32,62,3,77,18,136,9,68,38,97,89,24,129,42,85,26,52,110,39,58,112,44,15,93,34,64,86,27,56,0,59,4,63,106,47,19,78,49,140,13,61,90,31,55,99,40,60,1,5,132,
75,49,96,110,122,125,52,32,61,69,10,39,47,67,8,95,37,66,26,85,35,94,16,27,86,19,145,18,11,70,83,43,14,72,13,101,42,3,121,7,99,40,116,57,117,46,104,144,17,60,1,118,59,31,90,115,28,87,29,88,30,33,92,0,127,9,68,6,4,63,142,15,74,103,100,41,12,50,109,51,55,
74,114,87,100,95,92,150,41,70,138,11,10,69,29,79,20,51,43,82,35,94,7,66,6,124,57,83,84,113,12,71,80,21,33,30,105,36,45,14,73,75,16,17,76,46,37,96,28,155,8,50,91,32,62,3,77,18,136,9,68,38,97,89,24,129,42,85,26,52,110,39,58,112,44,15,93,34,64,86,27,56,0,59,4,63,106,47,19,78,49,13,61,90,31,55,99,40,60,1,5,132,
41,102,123,68,105,50,120,119,91,69,78,20,79,97,38,3,62,32,27,128,1,60,13,52,43,10,76,17,18,77,56,114,14,73,30,89,25,84,26,31,19,37,8,34,93,45,16,75,40,11,9,65,36,134,7,107,81,149,22,53,112,108,49,54,15,6,133,46,5,64,35,29,0,58,71,12,82,24,44,80,21,28,63,4,131,
108,4,158,31,3,62,32,91,52,50,8,37,9,68,35,6,105,46,17,75,16,44,15,73,14,43,41,7,33,61,78,12,19,13,69,10,128,1,60,119,30,89,36,64,5,82,22,81,45,96,66,49,107,120,26,113,54,76,25,84,112,56,114,63,161,34,93,28,86,27,70,11,129,40,59,0,80,21,51,38,97,106,47,77,18,79,20,24,29,58,71,
69,68,52,63,29,143,11,31,10,4,33,92,142,15,74,9,67,8,100,41,117,30,88,87,28,103,90,61,43,95,37,50,109,115,83,12,70,47,18,1,27,101,42,55,85,26,35,6,32,66,125,13,72,141,14,40,59,0,118,104,51,116,57,146,19,39,144,17,46,
88,81,120,119,132,5,1,60,40,99,55,31,90,61,140,13,49,78,19,47,106,63,4,59,0,56,27,86,64,34,93,15,44,112,58,39,110,52,26,85,42,129,24,89,97,38,68,84,83,57,7,66,94,35,6,124,82,43,20,79,50,74,29,87,100,168,41,114,10,69,95,163,36,92,33,150,91,32,70,138,11,51,113,12,71,80,21,30,105,46,45,14,73,75,16,17,76,37,96,28,155,8,62,3,77,18,9,136,
104,115,75,16,55,50,63,4,61,69,10,137,39,68,9,83,27,86,52,66,7,110,51,94,35,46,100,87,37,96,135,8,67,84,13,72,28,57,99,40,70,11,90,31,18,47,106,152,34,93,113,126,21,80,103,44,43,14,73,121,62,3,6,122,15,74,109,12,41,17,60,1,33,92,91,32,20,79,49,101,42,30,59,127,0,88,29,19,85,26,56,82,95,64,
62,79,55,51,109,50,12,41,100,103,74,142,15,63,4,6,68,9,127,0,92,33,30,88,29,87,28,115,90,16,75,94,35,85,26,66,125,7,37,96,95,126,67,8,135,17,47,165,69,10,39,73,14,34,122,61,32,20,49,110,52,27,86,19,145,18,11,70,83,43,72,13,101,42,3,121,99,40,116,57,117,46,104,60,1,118,59,31,
62,79,55,51,109,50,12,41,100,103,74,15,63,4,6,68,9,127,0,92,33,30,88,29,87,28,115,90,16,75,94,35,85,26,66,125,7,37,96,95,126,67,8,135,17,47,165,69,10,39,73,14,34,122,61,32,20,49,110,52,27,86,19,145,18,11,70,83,43,72,13,101,42,3,121,99,40,116,57,117,46,104,60,1,118,59,31,
97,132,124,71,36,45,105,78,64,95,82,56,26,85,19,29,88,0,59,30,42,101,49,79,20,32,91,92,160,33,1,60,17,41,12,109,74,15,122,6,3,62,87,28,100,94,51,110,7,66,37,96,52,27,86,83,136,9,68,115,63,4,46,35,162,103,44,75,16,55,69,61,50,10,137,39,8,67,126,84,13,72,57,99,40,70,138,11,90,31,18,47,106,152,34,93,113,21,80,43,14,73,121,
96,113,47,106,51,129,86,12,71,58,0,29,156,35,64,5,133,6,15,54,49,108,112,53,22,81,107,17,76,18,77,56,114,40,82,24,73,14,44,80,21,28,63,4,43,52,13,158,31,60,119,37,164,105,46,1,128,69,10,70,11,20,79,78,19,27,59,97,38,32,91,3,62,30,89,25,84,153,26,9,68,34,93,75,16,45,7,36,65,41,61,120,33,8,50,
94,121,99,86,46,17,144,39,19,146,57,116,51,104,118,61,90,31,28,87,88,29,30,117,41,100,8,67,9,68,103,74,15,142,83,171,52,16,143,69,10,11,70,4,63,33,92,43,95,37,50,109,115,12,47,18,1,27,101,42,55,85,26,35,6,159,32,66,125,13,72,141,14,40,59,127,0,
63,79,48,98,23,2,78,4,131,76,17,0,29,58,34,71,139,12,18,77,16,21,80,108,49,14,73,25,84,54,26,40,30,89,22,81,44,102,43,36,134,7,123,64,5,19,32,45,15,82,151,24,31,97,38,10,9,3,62,107,20,46,35,37,52,28,27,56,60,1,53,13,11,6,65,
106,86,51,47,129,12,71,58,0,29,156,35,64,5,133,6,15,54,49,108,112,53,22,81,107,17,76,18,77,56,114,40,82,24,73,14,44,80,21,28,63,4,43,52,13,31,60,119,37,164,105,46,1,128,69,10,70,11,20,79,78,19,27,59,97,38,32,91,3,62,30,89,25,84,153,26,9,68,34,93,75,16,45,7,36,65,41,61,120,33,8,50,
107,132,5,128,1,60,40,99,55,31,90,61,13,140,49,78,19,47,106,63,4,59,0,56,154,27,86,64,34,93,15,44,112,58,110,52,26,85,42,129,24,89,97,38,68,84,25,57,124,6,66,7,94,35,82,43,147,20,79,39,166,114,10,69,51,22,81,29,87,83,54,113,119,120,41,70,138,11,12,71,80,21,33,157,30,105,46,163,36,45,14,73,75,16,17,76,37,96,28,155,8,50,91,32,62,3,77,18,9,136,
65,53,124,83,57,94,71,58,29,24,147,20,79,18,77,47,106,97,38,51,21,80,0,59,40,129,11,70,27,86,28,93,34,161,63,114,56,112,84,25,7,66,41,14,73,15,44,16,75,17,76,46,105,133,6,35,68,9,43,170,52,158,31,3,62,32,91,4,108,49,50,37,96,8,33,61,120,78,19,12,13,69,10,128,1,60,119,30,89,36,64,5,82,22,81,45,107,26,113,54,
116,64,95,82,56,26,85,19,29,88,0,127,59,30,42,101,49,79,20,32,91,92,160,33,1,60,17,41,12,109,74,15,122,6,3,62,121,73,87,28,100,162,35,94,51,110,7,66,52,27,86,83,9,68,4,63,69,55,115,173,46,104,75,16,39,61,50,10,137,37,96,135,8,67,126,84,13,72,57,99,40,70,11,90,31,18,47,106,152,34,93,113,21,80,103,44,43,14,
99,121,94,46,17,144,39,19,146,57,116,51,104,118,61,90,31,28,87,88,29,30,117,41,100,8,67,9,68,103,74,15,142,83,171,52,16,143,69,10,11,70,4,63,33,92,43,95,37,50,109,115,12,47,18,1,27,101,42,55,85,26,35,6,32,66,125,13,72,141,14,40,59,127,0,
84,91,80,44,106,31,59,118,1,60,104,46,117,57,116,40,99,121,3,42,101,13,72,43,83,70,11,18,145,19,86,27,52,110,90,115,28,87,29,88,0,127,9,68,6,92,33,63,4,122,30,175,62,55,51,109,50,79,20,12,41,100,142,15,74,103,16,75,94,35,85,26,66,125,7,37,96,95,126,67,8,135,17,174,47,165,69,10,39,73,14,34,61,32,49,
3,7,0,127,59,40,14,141,72,13,125,66,32,159,6,35,26,85,55,42,101,67,8,100,41,90,31,61,118,51,178,1,94,117,30,88,29,28,87,121,99,104,46,39,146,19,86,27,17,144,57,116,9,68,103,74,15,142,83,171,52,16,143,69,10,11,70,4,63,33,92,43,95,37,50,109,115,12,47,18,
75,111,65,6,11,13,53,1,60,56,27,28,37,35,46,20,107,62,25,84,14,73,80,148,21,16,139,12,71,23,82,34,52,179,2,63,18,77,76,17,108,49,79,4,131,48,98,78,19,58,29,0,54,26,40,30,89,22,81,44,102,43,36,134,7,123,64,5,32,45,15,151,24,31,97,38,10,9,3,
47,86,106,33,61,70,59,131,4,63,28,21,80,44,24,82,12,71,58,0,156,29,35,64,5,46,133,6,15,54,49,108,112,53,17,76,43,102,52,13,60,119,27,38,97,169,1,128,10,69,41,32,91,3,62,79,20,50,123,68,9,120,105,78,19,18,77,56,114,14,73,30,89,25,84,153,26,31,22,149,164,37,8,34,93,45,16,75,40,11,65,36,134,7,107,81,
129,51,81,107,7,134,36,65,11,40,75,16,45,93,34,8,37,164,149,22,158,31,26,153,84,25,89,30,73,14,114,56,77,18,19,78,105,120,9,68,123,15,46,133,6,64,5,35,38,97,156,29,0,59,58,71,12,82,151,24,80,21,70,47,106,86,27,28,188,61,44,13,33,131,4,63,54,49,108,112,180,53,17,76,43,102,52,60,119,169,1,128,10,69,41,32,91,3,62,79,20,50,
126,101,67,150,92,95,100,74,88,136,9,18,77,3,62,32,91,50,8,155,28,96,37,76,17,16,75,73,14,172,45,36,163,46,105,30,157,33,21,80,71,12,11,138,70,168,41,120,119,113,83,87,29,81,22,51,69,137,10,114,166,39,79,64,86,27,154,56,0,59,4,54,181,63,47,106,19,78,140,13,49,107,55,5,132,60,40,99,31,90,1,128,61,34,93,15,44,112,58,110,52,26,85,42,129,24,89,97,38,68,84,25,57,124,6,66,7,94,35,82,43,147,20,
39,90,99,54,113,153,26,107,45,81,22,82,132,5,64,36,89,157,30,119,60,1,128,10,69,140,13,12,19,78,120,61,33,8,96,164,37,177,50,49,108,4,91,32,62,3,31,158,52,170,43,70,11,129,40,59,0,80,21,51,38,97,106,47,77,18,79,55,182,124,65,83,24,57,94,35,71,156,29,20,147,58,53,112,154,27,86,28,93,34,161,63,114,56,84,25,7,66,41,14,73,15,6,133,44,16,75,17,76,46,105,68,9,
64,82,56,21,113,93,152,49,32,61,34,14,73,39,137,10,69,165,47,174,144,17,135,8,67,126,95,96,37,7,125,66,26,85,162,35,94,75,16,103,74,15,142,100,41,12,20,83,43,72,13,101,42,3,121,62,70,11,99,167,40,116,57,175,185,84,91,80,106,44,104,173,46,117,59,118,1,60,31,90,18,145,86,27,19,52,110,51,115,28,87,29,88,0,127,9,68,6,92,160,33,63,4,122,30,55,109,50,79,
51,129,81,107,7,134,36,65,11,40,75,16,45,93,34,8,37,164,149,22,31,26,153,84,25,89,30,73,14,114,56,77,18,19,78,105,120,9,68,123,15,46,133,6,64,5,35,38,97,156,29,0,59,58,71,12,82,151,24,80,21,70,47,106,86,27,28,188,61,44,13,33,131,4,63,54,49,108,112,53,17,76,43,102,52,60,119,169,1,128,10,69,41,32,91,3,62,79,20,50,
60,122,110,96,49,75,145,18,47,12,115,109,50,37,95,43,92,33,63,4,70,11,10,69,143,16,52,171,83,31,90,85,26,55,35,94,6,41,100,9,68,61,159,32,3,121,7,66,125,186,59,127,0,118,42,101,13,72,167,40,99,135,8,67,14,141,51,178,1,117,30,88,29,28,87,104,46,39,146,19,86,27,144,17,184,57,116,103,74,15,142,
115,137,67,20,147,43,82,35,94,7,66,6,124,57,25,152,84,68,38,97,89,24,129,42,85,26,52,110,58,112,44,15,93,34,61,128,1,90,31,99,40,60,132,5,55,107,49,13,140,78,19,106,47,63,181,54,4,59,0,56,154,27,86,64,79,39,166,114,10,69,51,22,81,29,87,83,113,119,120,41,168,70,138,11,12,71,80,21,33,157,30,105,46,163,36,45,172,14,73,75,16,17,76,37,96,28,155,8,50,91,32,62,3,77,18,9,136,88,74,100,95,92,150,103,72,121,109,122,126,101,
21,113,93,82,64,56,49,159,32,61,34,141,14,73,39,137,10,69,165,47,174,144,17,135,8,67,126,95,96,37,7,125,66,26,85,35,94,75,143,16,103,74,15,142,100,41,12,20,83,43,72,13,101,42,3,121,62,70,11,99,167,40,116,57,175,185,84,91,80,106,44,104,46,117,59,118,1,60,31,90,18,145,86,27,146,19,52,110,51,115,28,87,29,88,0,127,9,68,6,92,33,63,4,122,30,55,109,50,79,
132,124,71,36,45,105,78,21,113,93,152,82,64,56,183,49,32,61,34,14,73,39,137,10,69,165,47,174,17,135,8,67,126,95,96,37,7,125,66,26,85,162,35,94,75,16,103,74,15,142,100,41,12,20,83,43,72,13,101,42,3,121,62,70,138,11,99,40,116,57,175,185,84,91,80,106,44,104,173,46,117,59,118,1,60,31,90,18,145,86,27,19,52,110,51,115,28,87,29,88,0,127,136,9,68,6,92,160,33,63,4,122,30,55,109,50,79,
113,96,177,50,20,79,3,91,32,41,69,10,128,1,169,119,60,52,102,43,76,17,53,180,112,108,49,54,63,4,131,33,13,44,61,188,28,27,86,106,47,70,21,80,24,151,30,89,25,84,105,46,26,153,35,164,37,8,34,93,62,189,71,12,31,158,40,129,11,149,22,81,51,107,45,16,75,134,7,36,65,73,14,114,56,77,18,19,78,120,9,68,123,64,5,15,6,133,38,97,156,29,0,59,58,82,
56,64,82,93,49,159,32,61,34,141,14,73,39,10,69,165,47,174,144,17,135,8,67,126,95,96,37,7,125,66,26,85,35,94,75,143,16,103,74,15,142,100,41,12,20,83,43,72,13,101,42,3,121,62,70,11,99,167,40,116,57,175,185,84,91,80,106,44,104,46,117,59,118,1,60,31,90,18,145,86,27,146,19,52,110,51,115,28,87,29,88,0,127,9,68,6,92,33,63,4,122,30,55,109,50,79,
Future sets, 
111,47,41,35,46,37,32,56,107,49,108,78,89,71,123,62,64,81,130,77,76,102,31,57,51,74,30,43,135,66,193,155,28,96,192,105,95,169,91,120,103,162,161,132,191,136,195,68,113,172,176,138,83,128,69,196,82,199,140,80,198,134,147,88,156,97,163,104,190,63,131,84,143,137,168,109,50,177,90,159,100,152,181,122,178,86,27,154,145,194,106,165,171,112,173,114,115,174,144,85,157,110,125,184,121,180,92,151,179,52,119,167,40,158,99,118,79,73,116,175,87,146,117,93,187,60,133,75,149,150,59,186,127,94,153,182,129,61,188,197,70,164,124,183,166,141,142,160,101,189,170,185,126,148,139,
42,19,80,82,134,84,97,131,83,189,160,33,95,105,128,187,153,26,85,144,112,79,93,133,143,114,173,63,190,179,120,91,149,170,43,75,193,66,198,141,142,40,167,47,174,151,92,119,178,51,30,157,88,67,194,96,163,104,72,199,13,140,50,177,118,162,103,73,191,132,57,184,115,125,101,146,87,175,116,145,161,117,176,147,166,137,69,196,171,155,126,185,159,100,169,110,156,74,192,90,94,86,135,106,165,164,61,188,129,136,68,195,122,181,152,55,182,124,183,154,27,70,197,138,41,168,109,150,121,180,127,186,59,99,158,172,113,
48,139,187,148,130,111,98,179,23,
186,110,122,145,75,167,194,135,96,82,84,58,185,151,53,180,131,190,107,166,77,136,195,108,177,140,81,199,114,173,124,102,161,34,48,175,89,21,148,119,174,91,138,197,79,44,162,106,38,165,126,128,60,187,182,123,155,193,134,130,188,129,150,179,120,149,158,137,196,78,160,49,176,133,192,65,56,183,147,20,154,189,62,36,163,45,172,113,54,181,76,105,164,71,198,139,80,169,156,97,168,153,112,170,111,157,98,152,93,73,64,191,132,
118,98,87,117,66,143,109,101,103,92,125,144,183,56,124,151,82,169,166,107,145,86,32,159,184,171,185,127,186,59,130,189,62,121,99,158,31,178,163,160,162,35,43,170,142,15,83,141,115,100,90,94,46,173,85,114,146,116,133,192,154,95,168,111,52,179,93,152,131,190,63,129,188,61,70,197,79,138,120,161,102,76,110,140,199,81,181,122,123,182,64,191,77,106,132,113,172,29,156,147,71,198,139,80,149,75,193,134,96,155,135,194,89,148,196,69,137,78,167,108,176,49,126,165,73,177,50,119,153,195,68,136,150,91,97,164,37,105,60,187,128,157,112,174,180,84,175,
163,119,114,168,155,76,172,54,25,23,123,182,65,149,134,193,153,191,133,131,190,189,130,151,180,53,169,111,170,195,108,181,158,147,154,81,140,22,187,128,157,98,156,120,179,188,148,177,198,139,166,107,48,164,102,161,
87,58,98,44,143,109,101,103,92,125,144,183,56,124,151,82,169,166,107,145,86,32,159,184,171,185,127,186,59,130,189,62,121,99,158,31,178,163,160,162,35,43,170,142,15,83,141,115,100,90,94,46,173,85,114,146,116,133,192,154,95,168,111,52,179,93,152,131,190,63,129,188,61,70,197,79,138,120,161,102,76,110,140,199,81,181,122,123,182,64,191,77,106,132,113,172,29,156,147,71,198,139,80,149,75,193,134,96,155,135,194,89,148,196,69,137,78,167,108,176,49,126,165,73,177,50,119,153,195,68,136,150,91,97,164,37,105,60,187,128,157,112,174,180,84,175,
186,110,122,145,75,167,194,135,96,82,84,58,185,151,53,180,131,190,107,166,77,136,195,108,177,140,81,199,114,173,124,102,161,34,175,89,148,119,174,91,138,197,79,44,162,106,38,165,126,128,60,187,182,123,155,193,134,130,188,129,150,179,120,149,158,137,196,78,160,49,176,133,192,65,56,183,147,20,154,189,62,36,163,45,172,113,54,181,76,105,164,71,198,139,80,169,156,97,168,153,112,170,111,157,98,152,93,73,64,191,132,
149,119,120,128,91,105,169,42,162,118,50,177,198,141,142,83,189,100,159,113,172,158,99,157,186,59,127,180,121,150,110,109,41,168,138,197,70,171,68,195,136,90,152,94,67,194,135,181,122,185,126,96,125,170,92,176,117,85,144,143,190,161,156,101,33,160,115,184,57,175,116,86,145,66,193,164,106,174,47,165,153,95,154,146,87,173,178,51,132,191,103,183,124,55,182,147,88,39,166,137,69,196,167,72,199,140,192,74,163,104,61,188,129,155,
78,89,49,26,197,188,61,129,182,153,94,127,186,59,150,149,75,133,60,187,93,117,146,123,95,193,66,120,62,189,162,35,155,28,184,57,136,195,68,113,172,176,138,128,69,196,199,140,160,101,170,43,82,141,14,148,91,32,159,80,198,139,12,19,164,37,126,185,97,156,55,83,142,84,70,107,166,183,124,63,190,131,104,163,88,147,103,41,168,47,174,74,192,46,173,105,108,191,132,161,30,157,135,134,96,51,178,169,143,137,109,50,177,90,100,152,181,122,86,27,154,145,194,106,165,171,112,114,115,144,85,110,125,121,180,92,151,179,52,119,167,40,158,99,118,79,73,116,175,87,
71,64,78,89,49,47,41,35,46,123,107,37,62,108,32,57,51,74,30,43,135,66,193,155,28,96,192,105,95,169,91,120,103,162,161,132,191,136,195,68,113,172,176,138,83,128,69,196,82,199,140,80,198,134,147,88,156,97,163,104,190,63,131,84,143,137,168,109,50,177,90,159,100,152,181,122,178,86,27,154,145,194,106,165,171,112,173,114,115,174,144,85,157,110,125,184,121,180,92,151,179,52,119,167,40,158,99,118,79,73,116,175,87,146,117,93,187,60,133,75,149,150,59,186,127,94,153,182,129,61,188,197,70,164,124,183,166,141,142,160,101,189,170,185,126,148,139,
144,94,142,82,84,58,185,151,180,131,63,190,107,166,77,136,68,195,108,177,140,81,199,114,173,124,102,161,34,175,89,148,119,174,91,138,197,79,171,44,162,106,165,126,132,191,64,73,93,152,98,157,111,170,112,153,168,163,97,29,156,169,80,160,137,78,69,196,133,192,65,183,56,154,96,155,135,194,76,176,49,167,16,75,193,134,159,127,186,121,184,145,86,99,158,178,110,122,147,149,120,52,179,150,129,188,182,123,60,187,128,130,62,189,45,172,113,181,54,105,164,71,198,139,
55,32,19,139,148,126,185,170,189,101,160,142,141,166,183,124,164,70,84,63,190,131,104,163,97,156,88,147,198,80,140,199,82,196,69,128,83,138,176,172,113,68,195,136,57,184,28,155,35,162,62,91,120,66,193,95,107,123,103,41,168,47,174,74,192,46,173,105,108,191,132,14,161,43,30,157,135,134,37,96,51,178,169,143,137,109,50,177,90,159,100,152,181,122,86,27,154,145,194,106,165,171,112,114,115,144,85,110,125,121,180,92,151,179,52,119,167,40,158,99,118,79,73,116,175,87,146,117,93,187,60,133,75,149,150,59,186,127,94,153,182,129,61,188,197,
67,43,72,33,30,73,40,142,141,163,104,198,50,177,118,96,88,162,103,191,132,51,178,115,174,47,184,57,125,66,193,170,149,91,120,179,63,190,173,114,143,75,133,119,93,92,151,79,112,144,85,26,153,187,128,105,95,160,101,146,87,175,116,145,161,117,176,147,166,137,69,196,167,199,140,171,155,126,185,159,100,169,110,156,74,192,90,94,86,135,194,106,165,164,61,188,129,136,68,195,122,181,152,55,182,124,183,154,27,70,197,138,41,168,109,150,121,180,127,186,59,157,99,158,172,113,189,83,131,97,84,134,82,80,
108,47,41,46,123,107,37,62,35,57,51,74,30,43,135,66,193,155,28,96,192,105,95,169,91,120,103,162,161,132,191,136,195,68,113,172,176,138,83,128,69,196,82,199,140,80,198,134,147,88,156,97,163,104,190,63,131,84,143,137,168,109,50,177,90,159,100,152,181,122,178,86,27,154,145,194,106,165,171,112,173,114,115,174,144,85,157,110,125,184,121,180,92,151,179,52,119,167,40,158,99,118,79,73,116,175,87,146,117,93,187,60,133,75,149,150,59,186,127,94,153,182,129,61,188,197,70,164,124,183,166,141,142,160,101,189,170,185,126,148,139,
116,59,85,35,46,61,90,115,100,83,141,43,146,95,168,93,152,131,190,63,79,197,70,138,179,52,120,114,173,188,129,162,160,154,192,133,163,178,158,31,99,62,189,121,186,127,185,170,111,142,171,184,159,32,130,94,86,145,161,102,76,110,140,199,81,181,122,123,182,64,191,77,106,132,113,172,29,156,147,71,198,139,80,149,75,193,134,96,155,135,194,89,148,196,69,137,78,167,108,176,49,126,165,73,177,50,119,153,195,68,136,150,91,97,164,37,105,60,187,128,157,112,174,180,84,175,107,166,169,82,151,124,56,183,144,125,92,103,101,109,143,
127,121,184,99,159,186,178,86,110,122,145,75,167,194,135,96,56,183,133,65,192,196,78,137,160,154,49,176,147,158,149,120,179,150,129,188,193,134,155,182,123,60,187,128,130,189,62,45,172,113,54,181,76,105,164,71,198,139,80,169,156,97,163,168,153,112,170,111,157,98,152,93,73,64,191,132,126,165,106,162,44,79,197,138,91,174,119,148,89,175,34,161,102,124,173,114,199,81,140,177,108,195,136,77,166,107,190,131,180,151,185,58,84,82,
98,144,183,56,124,151,82,169,166,107,175,84,180,174,112,157,128,187,60,105,164,97,91,150,136,68,195,153,119,177,73,165,126,49,176,108,167,78,137,69,196,148,89,194,135,155,96,134,193,75,149,80,139,198,71,147,156,29,172,113,132,106,77,191,64,182,123,122,181,81,199,140,110,76,102,34,161,145,86,94,130,159,184,44,171,142,111,170,58,185,127,186,121,189,62,99,31,158,178,163,133,192,154,160,162,129,188,173,114,120,52,179,138,197,79,63,190,131,152,93,168,
115,146,90,98,144,183,56,124,151,82,169,166,107,175,84,180,174,112,157,128,187,60,105,164,97,91,150,136,68,195,153,119,177,73,165,126,49,176,108,167,78,137,69,196,148,89,194,135,155,96,134,193,75,149,80,139,198,71,147,156,29,172,113,132,106,77,191,64,182,123,122,181,81,199,140,110,76,102,34,161,145,86,94,130,159,184,44,171,142,111,170,58,185,127,186,121,189,62,99,31,158,178,163,133,192,154,160,162,129,188,46,173,114,120,52,179,138,197,79,63,190,131,152,93,168,
47,43,135,66,193,155,96,192,105,95,169,91,120,103,162,161,132,191,136,195,68,113,172,176,138,83,128,69,196,82,199,140,80,198,134,147,88,156,97,163,104,190,63,131,84,143,137,168,41,109,50,177,90,159,100,152,181,122,178,51,86,27,154,145,194,106,165,171,112,173,114,115,174,144,85,157,30,110,125,184,57,121,180,92,151,179,119,167,40,158,99,118,79,73,116,175,87,146,117,93,187,133,75,149,150,59,186,127,94,153,182,129,61,188,197,70,164,124,183,166,141,142,160,101,189,170,185,126,74,
56,183,133,65,192,196,78,137,160,154,176,147,158,149,120,179,150,129,188,193,134,155,182,123,187,128,130,189,62,45,172,113,54,181,76,105,164,71,198,139,80,169,156,97,163,168,153,112,170,111,157,98,152,93,73,64,191,132,126,165,106,162,44,79,197,138,91,174,119,148,89,175,34,161,102,124,173,114,199,81,140,177,108,195,136,77,166,107,190,131,180,151,185,58,84,82,
196,160,173,183,162,152,124,48,38,114,168,140,81,112,190,131,107,166,161,102,58,176,147,156,97,77,136,195,153,182,123,150,179,120,154,197,138,119,78,36,163,76,128,187,155,108,149,189,130,45,172,132,191,158,129,188,105,164,134,193,133,148,89,177,157,98,54,181,192,65,169,170,111,139,71,198,53,180,151,
154,147,108,158,181,195,53,170,111,169,180,151,157,98,156,179,188,148,177,128,187,198,139,166,107,48,164,161,102,130,189,190,131,133,191,153,193,134,149,65,182,123,
98,111,179,130,148,187,139,48,
119,163,76,155,114,168,140,81,58,77,195,181,158,108,147,154,172,54,112,53,170,111,169,180,151,157,98,156,120,179,129,188,89,148,177,128,187,198,139,107,166,48,164,161,102,130,189,190,131,133,191,153,193,134,149,65,182,123,
154,147,108,158,181,195,53,170,111,169,180,151,157,98,156,179,188,148,177,128,187,198,139,166,107,48,164,161,102,130,189,190,131,133,191,153,193,134,149,65,182,123,
151,79,93,133,187,75,114,149,119,112,179,120,128,91,105,95,160,101,146,87,175,116,145,161,63,190,143,176,117,92,170,193,66,125,184,57,47,174,115,85,144,173,178,51,132,191,103,162,88,96,118,50,177,198,104,141,142,163,147,166,137,69,196,167,199,140,171,155,126,185,159,100,169,110,156,74,192,90,153,94,86,135,194,106,165,164,61,188,129,136,68,195,122,181,152,55,182,124,183,154,70,197,138,41,168,109,150,121,180,127,186,59,157,99,158,172,113,189,83,
104,131,97,88,84,134,82,80,83,138,196,69,137,90,177,50,199,140,198,143,156,159,100,152,181,122,178,145,86,176,147,172,113,68,195,136,191,132,161,190,63,162,103,120,91,169,95,105,192,163,128,109,168,96,155,193,66,135,194,106,165,171,112,173,114,115,174,144,85,157,110,125,184,121,180,92,151,179,119,167,40,158,99,118,79,73,116,175,87,146,117,93,187,133,75,149,150,59,186,127,94,153,182,129,61,188,197,70,164,124,183,154,166,141,142,160,101,189,170,185,126,
148,139,80,82,134,84,97,131,83,138,196,69,137,90,177,50,199,140,198,143,156,159,100,152,181,122,178,145,86,176,147,172,113,68,195,136,191,132,161,190,63,162,103,120,91,169,95,105,192,163,128,109,168,96,155,193,66,135,194,106,165,171,112,173,114,115,174,144,85,157,110,125,184,121,180,92,151,52,179,119,167,40,158,99,118,79,73,116,175,87,146,117,93,60,187,133,75,149,150,59,186,127,94,153,182,129,61,188,197,70,164,124,183,154,166,141,142,160,101,189,43,170,185,126,
171,142,111,184,99,127,121,94,159,186,178,86,102,76,110,122,145,77,130,81,132,64,191,185,106,113,172,147,163,133,192,154,160,189,62,158,162,129,188,173,114,120,179,170,138,197,79,182,123,161,190,131,181,152,93,168,199,140,71,198,139,80,149,75,193,134,96,155,135,194,89,148,196,137,78,167,108,176,49,126,165,73,177,119,153,195,136,150,91,156,97,164,105,60,187,128,157,112,174,180,84,175,107,166,169,82,151,124,56,183,
74,88,104,83,138,196,69,137,90,177,50,199,140,198,143,156,159,100,152,181,122,51,178,145,86,176,147,172,113,68,195,136,191,132,161,190,63,162,103,120,91,169,95,105,192,163,128,109,168,96,155,193,66,135,194,106,165,171,112,173,114,115,174,144,85,157,110,125,57,184,121,180,92,151,179,119,167,40,158,99,118,79,73,116,175,87,146,117,93,187,133,75,149,150,59,186,127,94,153,182,129,61,188,197,70,164,124,183,154,166,141,142,160,101,189,170,185,126,
144,102,76,77,130,81,94,121,122,99,142,184,186,127,159,145,86,171,178,110,132,64,191,185,106,113,172,147,163,133,192,154,160,189,62,158,162,129,188,173,114,120,52,179,170,138,197,79,182,123,161,63,190,131,181,152,93,168,199,140,71,198,139,80,149,75,193,134,96,155,135,194,89,148,69,196,137,78,167,108,176,49,126,165,73,177,119,153,68,195,136,150,91,156,97,164,105,60,187,128,157,112,174,180,84,175,107,166,169,82,151,124,56,183,
125,108,92,103,99,142,174,184,159,179,52,120,149,150,91,145,86,171,112,178,119,110,169,136,195,68,186,127,133,163,176,147,82,197,70,138,79,131,151,180,198,80,137,196,69,134,84,156,97,155,168,140,199,50,177,93,152,181,161,73,132,160,101,189,62,121,106,165,105,128,60,187,157,192,109,143,164,37,96,95,154,107,166,146,123,182,43,170,141,83,139,100,115,144,148,90,162,129,188,61,175,167,194,135,75,193,46,173,114,183,124,153,94,122,63,190,158,172,113,185,126,191,
156,153,86,106,164,95,160,101,146,87,175,116,145,161,190,143,176,117,92,170,193,66,125,184,57,115,85,144,173,178,51,132,191,103,154,183,124,55,182,147,88,166,137,196,167,72,199,140,192,74,163,104,174,47,165,188,129,155,96,126,185,122,181,135,194,94,152,90,136,195,171,70,197,138,168,109,110,150,121,180,127,59,186,157,99,158,172,113,159,100,189,83,142,141,198,177,118,162,
126,165,73,79,91,174,175,80,148,89,132,191,64,161,157,170,112,153,168,119,163,156,97,169,162,198,71,139,152,124,173,114,199,81,140,177,197,138,108,195,136,77,166,107,190,131,180,151,93,98,58,185,84,111,82,44,102,106,164,105,76,181,113,172,62,189,130,128,187,123,182,155,134,193,188,129,150,179,120,149,158,147,176,154,160,137,78,196,192,133,183,56,
92,125,85,103,99,142,174,184,159,179,52,120,149,150,91,145,86,171,112,178,119,110,169,136,195,68,186,127,133,163,176,147,82,197,70,138,79,131,151,180,198,80,137,196,69,134,84,156,97,155,168,140,199,50,177,93,152,181,161,73,132,160,101,189,62,121,106,165,105,128,60,187,157,192,109,143,164,37,96,95,154,107,166,146,123,182,43,170,141,83,139,100,115,144,148,90,162,129,188,61,175,167,194,135,75,193,46,173,114,183,124,153,94,122,63,190,158,172,113,185,126,191,
197,138,78,119,163,76,155,108,154,128,187,149,120,179,123,182,153,136,195,77,97,156,150,147,176,58,102,161,189,130,172,45,132,191,158,129,188,105,164,134,193,133,148,89,177,157,98,54,181,65,169,170,111,139,198,53,180,151,166,107,131,190,112,81,140,168,114,
95,107,123,148,139,144,115,146,90,83,100,101,143,141,109,192,157,105,164,62,189,160,170,128,60,187,106,165,162,129,61,188,175,167,194,135,75,193,173,114,154,183,124,182,166,96,153,94,121,122,63,190,158,172,113,185,126,191,132,73,161,181,152,93,177,199,140,168,155,97,156,84,134,69,196,137,80,198,180,151,131,79,138,70,197,82,147,176,163,133,127,186,68,195,136,169,110,119,178,112,171,86,145,91,150,149,120,52,179,159,184,174,142,99,
150,119,163,76,155,114,168,140,81,58,77,195,107,166,181,158,108,147,154,129,188,169,170,111,112,53,130,189,161,102,190,131,164,180,151,128,187,133,191,198,139,153,120,179,193,134,149,65,182,123,156,157,98,177,89,148,172,54,
191,110,92,95,166,155,186,127,159,100,135,125,184,168,109,197,138,142,171,145,116,175,87,146,42,160,101,163,104,137,196,117,176,118,167,150,121,141,192,74,178,183,194,67,126,185,190,72,199,173,144,85,174,115,165,152,122,181,143,162,103,195,136,88,172,
118,79,151,73,87,117,93,133,187,75,114,149,119,112,179,85,125,92,116,110,157,144,174,115,173,171,180,121,150,184,146,59,186,127,94,153,182,158,99,129,188,61,70,197,164,124,183,154,166,141,142,160,101,189,170,185,126,175,167,165,106,194,135,66,193,155,96,168,109,128,163,192,105,95,169,91,120,103,162,63,190,161,132,191,136,195,68,113,172,147,176,86,145,178,122,181,152,100,159,156,143,198,140,199,50,177,90,137,69,196,138,83,
169,74,153,156,86,61,188,106,164,136,122,181,152,90,194,135,185,126,171,155,140,199,167,196,137,166,147,163,192,165,94,182,124,183,154,195,70,197,138,168,109,110,150,121,180,127,59,186,157,99,158,172,113,159,100,129,189,83,142,141,104,198,177,118,96,88,162,103,191,132,51,178,173,144,85,115,174,57,184,125,66,193,170,92,117,176,143,190,161,145,116,175,87,146,101,160,95,
87,100,150,176,117,118,104,163,121,141,137,196,171,142,175,116,146,145,197,138,184,125,167,109,168,135,159,186,127,192,74,178,183,194,67,126,185,190,199,72,173,144,85,174,115,165,152,122,181,143,160,101,162,103,195,136,88,172,155,166,95,92,
103,131,97,95,84,134,82,80,79,151,73,93,133,105,128,187,75,114,91,169,149,119,120,112,179,63,190,161,132,191,162,96,155,135,194,167,175,165,106,126,185,170,192,163,189,160,193,136,68,195,113,172,147,176,86,145,178,122,181,152,168,109,100,159,156,143,101,198,140,199,177,90,137,69,196,138,83,142,141,166,154,183,124,164,197,70,61,188,129,99,158,182,153,94,127,186,146,184,150,121,180,171,173,115,174,144,157,110,
106,111,98,93,185,84,82,102,76,164,105,181,131,190,107,166,138,197,195,136,108,177,199,81,140,151,180,173,114,113,172,189,130,128,187,123,182,155,134,193,188,129,150,179,120,149,158,147,176,154,77,160,137,78,196,192,133,56,183,124,152,139,71,198,162,169,97,156,163,119,168,153,112,170,157,161,64,191,132,89,148,
136,105,97,150,176,132,188,129,130,189,134,193,164,102,161,182,123,153,179,120,149,172,187,128,158,154,147,108,191,133,148,89,177,157,98,156,54,181,65,169,170,111,139,198,180,151,166,107,195,77,131,190,58,112,81,140,168,114,155,76,163,119,78,138,197,
144,107,123,148,139,192,157,105,164,62,189,160,170,128,60,187,106,165,162,129,188,175,167,194,135,75,193,173,114,154,183,124,182,166,96,153,94,121,122,63,190,158,172,113,185,126,191,132,73,161,181,152,93,177,199,140,168,155,97,156,84,134,69,196,137,80,198,180,151,131,79,138,197,82,147,176,163,133,127,186,68,195,136,169,110,119,178,112,171,86,145,91,150,149,120,52,179,159,184,174,142,99,
188,74,136,122,181,152,90,194,135,185,126,171,155,140,199,167,196,137,166,147,163,192,165,94,182,124,183,154,195,197,138,168,109,110,150,121,180,127,186,157,99,158,172,113,159,100,129,189,83,142,141,104,198,177,118,96,88,162,103,191,132,51,178,173,144,85,115,174,57,184,125,66,193,170,92,117,176,143,190,161,145,116,175,87,146,101,160,95,
187,148,130,139,179,111,98,
96,89,108,78,126,135,194,167,75,165,73,119,149,196,137,140,199,198,177,168,155,93,152,181,190,161,182,123,153,195,136,150,91,156,97,193,134,164,105,187,128,157,112,174,180,139,80,148,84,175,107,166,131,169,82,151,124,183,79,197,138,170,179,120,114,173,188,129,162,158,62,189,160,154,192,133,163,176,147,172,113,106,185,191,132,
105,103,95,91,169,128,120,190,161,132,191,162,96,155,135,194,167,175,165,106,126,185,170,192,163,189,160,193,136,68,195,113,172,147,176,86,145,178,122,181,152,168,109,100,159,156,143,101,198,140,199,177,90,137,69,196,138,83,142,141,166,154,183,124,164,197,70,61,188,129,99,158,182,153,94,127,186,146,184,150,121,180,171,173,115,174,144,157,110,
158,189,180,129,104,113,198,177,96,118,88,141,159,100,172,99,157,186,127,121,150,110,168,195,142,83,197,138,162,103,191,132,178,173,144,85,115,174,184,125,193,66,170,92,109,117,176,143,190,161,145,116,175,87,146,101,160,95,154,183,124,182,94,165,192,163,147,166,137,196,167,199,140,155,171,126,185,135,194,90,152,181,122,136,
131,97,84,134,82,80,79,151,73,196,137,140,199,198,177,168,155,93,152,181,161,132,191,126,185,180,113,172,147,176,163,133,68,195,136,169,110,138,197,119,178,112,171,86,145,91,150,149,120,179,159,156,127,186,184,174,142,99,158,190,63,122,121,94,153,96,166,182,124,183,154,114,173,193,75,135,194,167,175,188,129,162,165,106,187,128,170,160,189,164,105,157,192,
151,180,198,111,169,188,130,193,164,102,189,131,187,133,191,139,182,153,179,134,149,65,123,156,98,177,148,
154,147,108,158,181,133,148,177,157,98,156,65,149,179,153,123,182,191,128,187,161,102,164,134,193,189,130,188,169,170,111,139,198,180,151,166,107,195,131,190,
191,132,99,157,110,140,90,87,175,116,88,146,118,135,194,174,115,145,101,160,173,144,85,165,178,152,197,138,126,185,184,125,192,74,183,104,163,162,103,122,181,176,117,159,100,172,143,186,127,142,171,167,168,109,196,137,195,136,121,190,141,199,155,166,95,92,150,
81,130,77,120,179,149,158,176,147,154,134,193,155,182,123,128,187,188,129,189,113,172,114,173,150,180,151,199,140,160,137,78,196,192,133,183,124,152,139,71,198,162,169,97,156,163,119,168,153,112,170,157,161,64,191,132,89,148,177,108,136,195,197,138,166,107,190,131,181,105,164,
104,117,118,88,116,87,143,101,92,125,103,95,109,184,145,174,115,144,85,173,178,190,132,191,162,197,138,83,142,183,124,154,182,94,165,175,192,163,147,176,166,137,196,167,160,199,140,155,171,126,185,146,135,194,90,152,181,122,136,195,168,110,150,121,127,186,157,99,172,100,159,141,
112,151,180,193,134,164,149,129,188,107,166,156,161,102,111,170,81,140,172,169,158,198,139,168,130,189,131,190,114,155,187,128,98,157,76,163,89,148,177,119,120,179,191,133,181,182,123,154,108,77,195,147,153,
164,116,198,177,161,96,106,170,113,158,189,180,193,188,129,86,143,101,92,125,103,95,109,184,145,174,115,144,85,173,178,190,132,191,162,197,138,83,142,183,124,154,182,94,165,175,192,163,147,176,166,137,196,167,160,199,140,155,171,126,185,146,135,194,90,152,181,122,136,195,168,110,150,121,127,186,157,99,172,100,159,141,
145,122,110,131,97,96,84,134,82,80,126,135,194,167,75,119,149,196,137,140,199,138,197,79,183,124,182,153,166,195,136,179,120,150,91,156,73,191,132,151,170,112,165,106,175,174,187,128,164,105,193,157,169,114,173,188,129,162,158,189,160,154,192,133,163,176,147,172,113,180,185,161,190,181,152,93,155,168,177,198,
156,109,141,143,101,100,83,90,137,196,140,199,198,177,138,168,152,181,122,178,145,86,176,147,172,113,136,195,166,154,183,124,164,197,70,188,129,99,158,182,153,94,127,186,146,184,150,121,180,171,142,173,115,174,144,157,110,159,193,160,189,163,192,170,185,126,106,165,175,167,194,135,155,96,162,191,132,161,190,
139,148,123,107,131,97,84,134,82,151,80,175,174,112,128,187,157,105,164,193,169,156,91,150,136,195,153,182,124,183,166,79,197,138,170,179,120,114,173,188,129,162,158,189,160,154,192,133,163,176,147,172,113,106,180,185,191,132,161,190,181,152,93,155,168,177,198,199,140,137,196,149,119,
179,171,142,184,99,127,121,94,122,96,110,145,159,186,178,86,174,112,120,119,149,138,197,169,156,150,91,195,136,166,153,182,124,183,154,114,173,193,75,135,194,167,175,188,129,162,165,106,187,128,158,170,160,189,164,105,157,192,133,163,176,147,172,113,180,185,126,191,132,161,190,181,152,93,155,168,177,198,199,140,137,196,
199,137,160,173,192,183,162,152,133,139,169,140,150,114,172,113,151,180,189,198,71,188,129,187,128,123,182,155,97,156,163,119,168,124,153,112,170,157,161,191,132,89,148,177,108,136,195,197,138,78,196,166,107,190,131,181,105,164,193,134,154,147,176,158,149,179,120,
191,182,153,134,149,123,156,98,179,139,177,148,187,131,189,102,164,193,130,188,169,111,198,180,151,
170,161,117,116,87,143,101,92,125,103,95,109,184,145,174,115,144,85,173,178,190,132,191,162,197,138,83,142,183,124,154,182,94,165,175,192,163,147,176,166,137,196,167,160,199,140,155,171,126,185,146,135,194,90,152,181,122,136,195,168,110,150,121,127,186,157,99,172,100,159,141,
109,145,135,194,159,186,127,178,197,184,125,192,146,175,116,142,171,167,137,196,199,141,121,104,183,118,117,176,190,72,173,144,174,115,165,152,122,143,160,162,103,195,126,185,
171,142,120,184,99,127,121,94,128,169,164,156,153,150,91,182,124,183,154,166,195,136,113,172,147,176,173,86,145,178,157,186,110,159,188,129,158,193,180,160,189,163,192,170,185,126,106,165,175,167,174,194,135,155,96,162,191,132,161,190,122,181,152,168,138,197,177,198,199,140,196,137,
171,142,184,99,127,121,94,128,169,164,156,153,150,91,182,124,183,154,166,195,136,113,172,147,176,173,86,145,178,157,186,110,159,188,129,158,193,180,160,189,163,192,170,185,126,106,165,175,167,174,194,135,155,96,162,191,132,161,190,122,181,152,168,138,197,177,198,199,140,196,137,
164,153,115,94,184,99,127,121,142,171,144,146,150,182,124,183,154,166,195,136,113,172,147,176,173,86,145,178,157,186,110,159,188,129,158,193,180,160,189,163,192,170,185,126,106,165,175,167,174,194,135,155,96,162,191,132,161,190,122,181,152,168,138,197,177,198,199,140,196,137,90,
124,119,163,168,153,182,123,156,97,112,170,157,128,187,155,188,129,189,180,151,172,114,150,140,169,198,139,133,161,191,132,89,148,177,108,136,195,197,138,78,166,107,190,131,181,105,164,193,134,154,147,176,158,149,179,120,
118,104,121,167,196,183,171,142,116,175,146,199,141,173,144,174,115,165,152,122,143,160,117,176,103,162,195,185,192,125,184,197,178,127,186,159,194,135,145,
165,151,175,174,112,128,187,157,105,164,193,169,156,91,150,136,195,153,182,124,183,166,79,197,138,170,179,120,114,173,188,129,162,158,189,160,154,192,133,163,176,147,172,113,106,180,185,191,132,161,190,181,152,93,155,168,177,198,199,140,137,196,149,119,
104,178,197,192,185,126,184,125,162,103,122,152,165,144,173,160,101,145,174,115,194,135,183,118,146,88,116,175,176,117,159,172,143,186,127,142,171,167,168,109,196,137,195,121,190,141,199,
187,167,194,135,175,165,188,129,162,158,170,189,160,173,114,154,183,124,166,195,136,91,150,156,169,182,153,193,164,105,157,128,192,133,163,176,147,172,113,106,180,185,126,191,132,161,190,181,152,93,155,168,177,198,199,140,137,196,197,138,149,119,120,112,174,
155,168,114,131,190,189,130,139,198,187,128,158,148,177,120,179,191,133,181,119,163,154,108,195,147,157,153,123,182,169,172,140,81,170,102,161,156,166,107,188,149,164,134,193,180,151,
131,190,130,189,139,198,187,128,158,177,179,120,151,180,193,134,112,170,168,155,157,108,195,147,148,89,163,172,114,119,140,169,154,181,191,133,153,123,182,161,156,166,107,129,188,149,164,
138,197,108,148,132,191,140,139,198,169,161,190,131,181,195,107,166,193,134,164,177,154,147,176,158,133,149,120,179,150,114,172,151,180,189,129,188,155,187,128,157,170,112,97,156,123,182,153,168,163,119,
187,179,188,129,162,158,170,189,160,173,114,154,183,124,166,195,136,91,150,156,169,182,153,193,164,105,157,128,192,133,163,176,147,172,113,106,180,185,191,132,161,190,181,152,93,155,168,177,198,199,140,137,196,197,138,149,119,120,112,174,175,
151,112,185,106,169,140,199,161,190,177,181,195,136,166,193,164,105,179,120,172,113,154,180,163,170,150,147,168,182,153,137,196,197,138,124,183,133,192,114,173,160,189,162,149,119,152,93,188,129,158,191,132,198,187,128,157,156,155,176,
140,157,147,154,163,172,119,108,181,191,133,153,123,182,170,161,156,195,166,107,188,149,169,164,134,193,180,151,179,177,148,158,128,187,198,139,130,189,190,131,
151,160,114,173,183,124,162,152,137,196,192,133,119,149,112,168,188,129,189,191,132,198,187,128,157,156,182,153,155,158,197,138,176,147,150,170,163,180,154,113,172,179,120,105,164,134,193,166,136,195,181,177,190,161,199,140,169,
154,182,147,94,165,175,192,163,176,166,137,196,124,183,138,197,167,162,191,132,178,190,115,174,145,184,173,144,160,199,140,155,171,142,126,185,146,135,194,90,152,181,122,136,195,168,110,150,121,127,186,157,99,172,100,159,
185,151,112,169,140,199,161,190,177,181,195,136,166,134,193,164,105,179,120,172,113,154,180,163,170,150,147,168,182,153,137,196,197,138,124,183,133,192,114,173,160,189,162,149,119,152,93,188,129,158,191,132,198,187,128,157,156,155,176,
155,163,166,199,141,190,136,195,137,196,176,168,109,167,171,142,95,186,127,181,122,162,103,192,125,184,185,126,138,197,165,152,178,144,173,92,150,121,145,115,174,194,135,183,146,175,100,159,101,160,172,143,
178,186,159,145,110,129,188,193,180,189,158,192,163,176,147,172,113,136,195,166,183,124,154,182,157,150,173,160,170,185,126,106,165,175,167,174,194,135,155,96,162,191,132,161,190,122,181,152,168,138,197,177,198,199,140,196,137,
163,166,199,141,190,136,195,137,196,176,168,109,167,171,142,95,186,127,181,122,162,103,192,125,184,185,126,138,197,165,152,178,144,173,92,150,121,145,115,174,194,135,183,146,116,175,100,159,101,160,172,143,
172,118,183,174,115,145,135,194,159,186,127,146,116,175,142,171,167,109,117,176,196,137,195,121,190,141,199,143,101,160,173,144,165,152,122,103,162,125,184,126,185,192,197,178,
114,140,119,172,163,154,147,157,155,168,112,108,181,191,133,153,123,182,170,161,156,195,166,107,188,149,169,164,134,193,180,151,120,179,177,148,158,128,187,198,139,189,190,131,
146,144,171,142,135,194,185,126,140,199,160,173,155,181,122,152,136,195,168,110,150,121,127,186,157,99,172,159,184,145,174,190,178,132,191,162,167,197,138,183,196,137,166,176,163,192,175,165,
153,156,164,169,128,192,163,176,147,172,113,136,195,166,183,124,154,182,157,173,160,189,170,158,162,129,188,193,106,180,150,185,191,132,161,190,181,152,155,168,177,198,199,140,137,196,197,138,
178,197,192,185,126,184,103,162,122,152,165,144,173,145,174,115,194,135,183,150,121,146,175,159,160,101,172,143,127,186,95,142,171,167,109,168,176,196,137,195,190,141,199,
149,119,160,173,192,183,124,162,152,137,196,168,188,129,189,191,132,198,128,157,156,182,153,155,158,197,138,176,147,150,170,163,180,154,113,172,120,105,164,193,166,136,195,181,177,190,161,199,140,169,
147,182,154,135,194,185,126,140,199,160,173,155,181,122,152,136,195,168,110,150,121,127,186,157,99,172,159,184,145,174,190,178,132,191,162,167,197,138,124,183,196,137,166,176,163,192,175,165,
172,150,183,174,115,145,135,194,159,186,127,146,175,142,171,167,168,109,176,196,137,195,121,190,141,199,143,101,160,173,144,165,152,122,162,184,126,185,192,197,178,
167,194,135,175,165,174,185,126,170,160,173,150,162,191,132,161,190,181,152,155,168,177,198,199,140,137,196,197,138,157,182,154,124,183,166,195,136,113,172,147,176,163,192,
176,150,151,114,179,120,129,188,189,133,147,154,180,187,128,157,170,112,156,182,153,149,155,168,163,172,158,119,177,164,134,193,166,195,181,131,190,161,169,198,140,191,
179,139,130,148,187,111,
157,191,132,145,159,186,178,184,121,172,150,168,110,167,197,138,183,196,137,166,176,163,192,162,175,174,190,165,195,136,152,122,181,155,173,160,199,126,185,194,135,
168,172,150,190,122,152,144,173,146,175,165,142,171,199,160,176,162,195,126,185,192,184,197,178,127,186,159,194,135,145,115,174,183,137,196,167,121,
143,141,190,121,167,137,196,176,171,142,175,146,160,199,173,144,165,152,122,109,162,195,126,185,192,184,197,178,127,186,159,194,135,145,115,174,183,
188,189,198,193,151,179,148,187,139,169,130,
143,141,122,152,144,173,146,175,165,142,171,199,160,176,162,195,185,192,184,197,178,127,186,159,194,135,145,115,174,183,196,167,121,
118,194,165,141,199,186,197,184,173,144,185,159,192,142,171,116,145,174,143,196,167,178,183,125,117,146,175,
150,176,138,197,155,153,182,156,158,157,128,170,163,147,180,154,172,120,164,193,166,195,181,177,190,161,140,169,198,132,191,189,129,188,168,
185,158,189,180,193,188,129,170,160,173,150,162,191,132,161,190,181,152,155,168,177,198,199,140,137,196,197,138,157,182,154,124,183,166,195,136,113,172,147,176,163,192,
195,190,161,170,156,182,153,191,133,134,181,123,188,149,169,198,164,193,180,151,179,177,148,158,187,139,189,131,
170,156,182,153,191,133,134,123,188,149,169,198,164,193,180,151,179,177,148,158,187,139,189,131,
122,152,144,173,146,175,165,142,171,199,160,176,162,195,185,192,184,197,178,127,186,159,194,135,145,115,174,183,196,167,121,
167,192,163,168,176,175,162,166,183,137,196,197,138,174,190,165,195,136,152,181,155,173,160,199,126,185,194,135,150,172,
187,130,
168,155,149,153,182,156,157,128,170,147,180,154,163,172,158,119,177,164,193,166,195,181,190,161,169,198,140,191,133,189,188,120,
196,198,177,190,161,168,155,181,152,132,191,162,197,138,140,157,182,154,124,183,166,136,195,172,147,176,163,192,150,173,160,170,
168,149,153,182,156,157,128,170,147,180,154,163,172,158,119,177,164,193,166,195,181,190,161,169,198,140,191,133,189,188,120,
195,162,176,160,171,142,165,194,146,175,199,144,173,185,127,192,184,197,178,186,159,135,145,174,183,196,167,
192,145,174,143,196,167,178,142,171,183,125,175,146,159,185,144,184,197,186,199,141,165,194,
192,145,174,143,196,167,178,142,171,125,175,146,159,185,144,184,197,186,199,141,165,194,
192,145,174,143,196,167,178,142,171,125,175,146,159,185,144,184,197,186,199,141,165,194,
172,163,154,147,170,158,182,153,156,157,128,180,164,193,166,195,181,177,190,161,169,198,191,189,188,
154,147,163,172,170,158,182,153,156,157,128,180,164,193,166,195,181,177,190,161,140,169,198,191,189,188,
184,178,186,159,152,165,194,175,185,199,122,135,145,174,160,173,176,162,195,192,183,196,167,197,
160,176,162,195,135,174,192,183,167,196,197,173,199,185,175,194,165,152,
188,169,189,198,193,151,179,148,187,139,
154,182,157,140,138,136,191,181,155,197,168,132,190,166,195,172,147,176,163,150,
175,146,144,159,185,184,197,186,141,199,165,194,171,142,178,167,196,143,174,192,
190,174,196,152,165,195,162,175,176,183,197,192,173,160,199,185,
184,178,186,159,135,192,183,167,196,197,174,145,173,199,185,175,194,165,
195,181,190,161,169,198,191,180,189,188,177,193,164,156,153,182,158,170,
193,180,170,177,189,158,168,198,140,172,163,181,155,166,195,182,161,190,191,157,147,154,

151,193,198,189,187,179,169,149,188,134,
197,191,166,181,155,168,190,195,172,176,163,150,
164,177,191,153,182,156,169,189,198,180,193,188,149,
188,169,179,187,189,198,193,151,
194,174,192,183,196,197,173,199,185,175,165,
166,163,150,176,172,195,168,181,197,190,138,
190,160,173,192,197,196,183,176,162,195,152,
197,181,168,190,195,172,176,150,
187,179,
166,172,163,181,195,190,191,157,
171,184,186,199,194,178,196,143,
174,197,184,171,192,167,178,194,186,199,196,185,159,
196,178,194,199,186,184,171,
184,171,192,167,178,194,186,199,196,159,
194,167,174,192,196,197,199,185,175,165,
196,178,194,199,186,184,171,
181,182,195,190,191,154,
187,
188,193,198,189,169,
172,195,190,168,
193,198,189,187,179,
195,162,176,183,197,192,173,160,
198,191,180,193,189,188,177,164,
191,190,195,181,
166,172,195,190,168,181,163,
198,191,180,193,189,188,177,164,
191,190,195,181,
189,198,177,182,191,170,
196,199,186,194,178,
192,197,183,176,
182,191,170,
192,197,183,176,
181,190,195,172,
188,189,193,180,191,198,177,
175,185,199,197,196,192,174,
190,195,181,
199,196,194,192,
190,195,172,
189,198,193,188,
191,182,
184,186,194,178,
195,190,
192,197,183,
192,196,197,199,185,
192,196,197,199,185,

198,191,
194,186,
187,
198,189,
195,190,
191,
197,
194,
199,197,196,192,
194,

193,198,189,
198,










Past links sets, 












9,
1,
12,
4,6,
11,


1,12,
3,7,
3,
5,
2,5,

5,
9,13,
10,0,13,14,19,
0,10,14,
11,15,17,18,
10,0,13,14,19,
0,15,17,18,
0,10,12,15,
8,13,
16,17,18,20,
0,10,14,15,
7,21,
32,35,
7,21,
8,
27,28,30,
8,10,14,19,0,26,
1,39,
13,28,19,32,35,
6,34,
16,20,36,
18,32,35,
10,14,19,0,26,33,
21,22,23,24,25,
7,9,10,3,16,29,31,
8,26,32,35,40,
30,41,47,
28,31,11,37,46,
22,24,36,25,38,
5,24,38,45,
12,26,33,
29,31,44,
30,41,47,
24,34,38,6,45,
33,40,15,41,
28,3,16,29,31,37,7,46,
41,43,37,50,
34,37,46,49,
40,43,26,52,
10,56,
53,54,
4,40,51,
13,42,
43,50,52,
31,43,46,11,37,50,
33,61,
21,64,
33,67,
40,43,49,52,34,60,
30,41,47,42,55,
49,60,63,
29,5,31,44,58,
56,58,
49,45,71,
26,62,73,
27,43,52,60,62,
56,76,
27,43,44,52,60,62,
57,59,61,66,
27,43,44,52,60,62,
35,42,55,57,59,66,
59,63,16,29,68,69,70,
6,42,55,57,66,
27,51,57,74,
49,71,77,
55,18,70,83,
68,69,75,79,
32,85,87,
75,79,80,84,
63,29,68,69,70,83,
43,37,50,92,
49,51,60,86,
27,43,60,62,52,78,
4,44,48,58,65,
90,16,94,
83,85,87,
61,88,95,
65,76,
43,50,72,88,92,
27,51,57,72,74,
50,45,71,82,93,
44,80,86,91,
22,25,54,62,78,81,89,
14,22,25,32,54,78,81,89,
67,101,
39,60,86,99,
0,29,98,
75,79,80,82,89,84,97,
64,82,96,93,106,
75,79,80,82,76,89,84,97,
100,103,18,70,109,
59,87,88,104,
66,88,104,
4,40,88,104,
81,93,8,112,114,
68,105,112,114,
99,100,103,109,
60,86,121,
65,107,108,
71,94,113,
32,85,116,117,118,
34,67,96,100,75,101,110,
90,16,94,115,
22,25,91,54,119,120,
51,77,97,105,106,
77,81,102,111,
65,97,107,108,
78,99,105,124,
53,107,108,112,114,
82,84,131,
110,96,122,75,127,
87,45,110,85,124,
64,82,96,100,101,67,93,106,110,
78,105,136,
28,98,102,123,
81,120,124,90,129,
101,103,125,
29,68,69,90,63,115,125,
141,
31,46,90,11,115,125,
60,86,116,117,118,121,127,
90,115,125,
22,54,119,120,124,25,129,
28,98,102,123,
8,93,131,133,
38,95,97,100,132,138,
26,73,80,102,123,134,
21,122,113,126,137,
65,70,128,133,
147,
76,85,110,112,129,132,
33,61,65,128,133,
22,25,99,54,119,140,
107,108,128,129,
86,121,127,142,144,
115,152,
66,107,113,128,129,
115,152,
119,136,140,155,
59,153,156,
73,125,126,135,145,
22,54,119,136,140,25,155,
75,110,96,122,142,144,145,
74,114,150,155,
41,102,128,134,123,149,
158,161,
142,143,144,146,
88,163,168,
104,135,152,
79,142,165,
79,165,
132,138,160,97,162,
113,158,164,
159,171,
63,79,139,151,
129,164,
107,138,128,154,157,163,166,
65,133,147,170,
116,162,160,173,
121,127,171,
106,174,84,175,
3,7,178,
111,148,75,179,
106,47,164,169,
151,158,180,188,
126,137,172,181,
132,154,157,177,39,182,
162,167,160,173,185,
129,151,188,
135,167,184,186,
115,152,172,181,
21,113,137,143,167,146,159,185,
132,138,183,185,
177,189,
64,82,93,143,167,146,159,185,
Future links sets, 
111,47,35,32,31,30,41,28,27,
42,19,13,
23,
186,49,60,21,20,
98,118,66,15,
76,54,25,23,22,
87,58,44,15,
186,60,38,49,36,20,
149,50,119,41,39,33,
49,26,12,
64,49,47,35,32,30,41,28,27,
144,69,52,29,16,
55,32,19,14,
67,33,43,30,27,26,
47,35,108,30,41,28,27,
59,35,32,31,29,
127,49,45,99,86,60,34,
34,31,29,
115,90,46,34,31,29,
47,41,43,30,27,
45,34,
196,71,152,48,38,36,
166,128,147,108,107,157,53,48,
48,
58,54,53,48,
166,128,147,108,107,157,53,48,
79,55,63,50,151,47,41,
104,88,97,84,82,80,40,
148,139,60,52,43,40,
142,111,94,76,86,60,56,49,
74,57,51,40,
144,76,60,69,56,52,49,
125,92,46,108,43,50,37,
156,70,72,59,55,47,
126,73,62,58,44,
85,46,43,50,37,
53,45,
95,69,62,61,60,52,
150,58,54,53,
191,110,42,
73,118,66,59,63,50,
169,74,61,59,57,51,
85,87,74,67,
103,97,84,80,73,95,82,69,68,63,61,
106,98,84,76,82,56,
105,78,136,58,54,
144,69,62,60,52,
188,74,57,51,
98,
96,89,78,73,75,62,
105,103,95,69,68,61,
129,104,96,88,66,
97,84,82,80,73,68,63,
133,65,
166,157,128,147,108,107,65,
90,85,87,74,
81,77,64,
104,88,87,85,83,
98,77,76,
116,164,86,85,83,
122,96,110,97,84,82,145,80,75,73,
156,101,83,70,
107,97,84,82,80,79,
142,94,86,179,75,
199,137,113,71,
182,156,153,131,123,102,98,
117,87,85,161,83,
126,109,137,72,
142,120,94,91,86,
142,94,91,86,
153,115,94,90,86,
124,105,89,78,
104,103,
165,151,79,
168,104,88,
167,187,135,126,114,112,93,91,
155,114,102,81,
130,129,89,
138,132,108,107,97,
175,174,179,114,112,93,91,
114,151,112,106,93,
140,130,119,108,107,
137,199,134,114,113,112,105,
100,94,90,
185,134,114,112,93,
155,136,125,100,92,
159,110,145,106,122,96,
136,116,100,92,
172,118,117,116,103,101,
114,112,108,107,
146,144,142,140,127,99,
128,106,
103,95,
199,149,137,119,113,105,
127,124,99,
150,101,
167,137,135,126,113,
176,150,131,129,114,112,
148,139,111,
157,132,121,110,
150,137,126,121,115,
141,137,126,109,
151,148,139,169,130,
121,141,115,
173,118,117,116,
138,132,129,120,
188,185,137,129,113,
181,161,158,133,131,123,
158,133,131,123,
121,115,
167,155,137,136,135,126,
187,130,
155,133,120,119,
196,177,161,152,124,
168,133,120,119,
195,162,160,146,144,142,127,
183,145,125,
145,125,
145,125,
166,163,157,147,128,
147,140,128,
159,184,145,122,
167,152,135,
169,151,148,139,
147,140,136,132,
165,146,144,142,141,
190,165,152,
159,184,145,135,
181,161,158,169,156,153,
193,180,161,158,155,147,140,

149,134,
197,191,155,176,150,
182,156,153,149,
169,151,
194,173,165,
166,163,138,
196,190,152,
197,181,176,150,
179,
166,163,157,
143,
174,171,167,159,
199,196,171,
171,167,159,
167,165,
199,196,171,
182,154,
187,
169,
168,
193,189,179,
195,162,173,160,
164,
191,181,
168,166,163,
164,
191,181,
189,177,170,
199,196,178,
192,183,176,
170,
192,183,176,
181,172,
188,180,177,
175,174,
181,
199,196,194,192,
172,
188,
182,
184,178,
195,190,
192,183,
185,
185,

198,191,
186,
187,
189,
195,190,
191,
197,
194,
199,197,196,192,
194,

193,189,
198,










Coordinates,
0.0424777,12.27,
0.106183,16.5025,
0.162731,1.9875,
0.476468,6.38742,
0.618313,10.5322,
0.658292,2.71335,
0.718943,10.1952,
0.7338,6.65986,
0.745577,18.1003,
0.850201,13.5942,
1.042,13.027,
1.05466,7.73583,
1.32937,13.7097,
1.49196,15.1702,
1.63888,13.5347,
1.64228,10.4735,
1.80493,7.48432,
1.8228,8.28725,
1.98615,8.67478,
2.26424,14.3706,
2.28968,6.34803,
2.40866,4.66793,
2.55453,2.80569,
2.79051,1.84979,
2.8741,3.49689,
3.01542,2.88641,
3.09267,15.1333,
3.32602,13.4588,
3.36617,12.5664,
3.39122,8.82436,
3.41911,14.25,
3.55705,9.30061,
3.60003,11.5691,
3.61453,16.4177,
3.6585,7.06281,
3.70766,11.7401,
3.83819,4.51249,
4.08297,11.4472,
4.09627,4.07186,
4.14248,19.9593,
4.40452,13.2832,
4.48003,15.2616,
4.49377,19.9255,
4.60758,12.1183,
4.73853,6.3294,
4.74365,4.84537,
5.00834,10.4635,
5.31684,16.172,
5.53897,1.63182,
5.57987,8.91444,
5.89351,13.0681,
5.93742,15.667,
5.95049,10.6129,
5.98483,2.53553,
5.99624,3.68307,
6.09082,17.3579,
6.34574,6.8798,
6.37315,16.4072,
6.41807,4.52789,
6.51741,13.9405,
6.61317,9.94342,
6.83027,13.1242,
6.85226,8.82327,
7.03906,11.3593,
7.06072,7.26193,
7.11925,2.5874,
7.15121,14.9868,
7.21231,19.4545,
7.37286,11.597,
7.4698,11.7153,
7.69708,12.6596,
7.86623,6.52557,
7.87751,19.3801,
8.00944,9.71675,
8.07253,17.8191,
8.18745,10.3791,
8.21659,4.79082,
8.43654,5.15922,
8.48468,6.4474,
8.56878,9.81458,
8.67963,8.85271,
8.69943,4.81237,
8.74358,8.39681,
8.85006,13.9881,
8.87435,8.57088,
8.97752,15.5827,
8.98037,11.9754,
8.98712,16.0852,
9.24158,17.1464,
9.38829,5.46053,
9.64355,13.9471,
9.67821,9.60104,
9.7031,15.9618,
9.76393,9.03781,
9.90862,12.951,
9.92677,15.7745,
10.0042,11.8768,
10.0346,6.90888,
10.0542,1.34374,
10.4688,13.2073,
10.5173,15.0716,
10.5482,15.9066,
10.6969,2.32314,
10.7307,16.6158,
10.9375,18.883,
11.0139,7.95058,
11.137,10.0592,
11.1478,4.57112,
11.3008,3.90091,
11.324,15.8812,
11.4143,12.9536,
11.9003,0.414112,
11.985,6.65584,
12.0155,9.94949,
12.0786,6.55709,
12.1271,15.8623,
12.1474,18.1632,
12.2108,18.8726,
12.2472,19.3168,
12.3774,6.51261,
12.4455,6.63012,
12.6452,14.7805,
13.0113,14.4706,
13.2083,2.57279,
13.2417,9.63759,
13.2719,18.8442,
13.3194,13.451,
13.6579,15.6342,
13.7107,6.01249,
13.7203,7.90137,
13.9751,0.0778091,
14.1102,2.94777,
14.3808,9.68646,
14.4385,4.35778,
14.6155,2.88721,
14.6727,14.942,
14.7424,10.3645,
14.8068,11.9572,
15.1803,10.2612,
15.3047,1.15221,
15.3752,8.27042,
15.381,19.1945,
15.4496,17.5704,
15.5082,19.2752,
15.5426,17.8922,
15.5495,16.4465,
15.5788,18.4945,
15.5957,7.36423,
15.6153,0.564368,
15.6546,3.22251,
15.6839,10.1295,
15.784,2.49168,
15.8272,11.9615,
15.8534,4.51147,
15.854,7.44135,
16.0056,8.92506,
16.1195,4.21677,
16.1281,7.70112,
16.2179,5.52567,
16.3229,17.5202,
16.3777,12.0324,
16.3974,6.18715,
16.4212,12.2566,
16.5312,8.87912,
16.5881,4.11318,
16.6792,15.912,
16.7495,8.50396,
16.9219,16.7404,
16.9388,9.37048,
16.9407,2.98646,
16.9664,5.74378,
17.1125,18.8772,
17.1738,9.23656,
17.2363,12.9512,
17.2577,15.8473,
17.3658,15.5215,
17.5409,11.6254,
17.6029,4.43563,
17.609,18.5092,
17.6542,0.776094,
17.6956,4.00954,
17.7798,7.78958,
17.8162,5.36116,
17.8503,13.0075,
18.0102,18.9486,
18.1469,15.0199,
18.1999,18.7063,
18.4218,0.157863,
18.5535,2.97577,
18.9517,2.92138,
19.1545,7.90416,
19.2609,4.96985,
19.4485,14.284,
19.4952,2.20511,
19.682,18.7534,
19.6964,8.37686,
19.8123,15.0727,
19.8165,13.4245,
19.8294,2.30651,
19.8622,16.0862,
