Storage option,sets
Size,250
Dimension,4
Shape,cylinder
Spacetime,BlackHole
Past sets, 































































19,























6,11,
0,



58,



11,21,31,









2,


0,
21,


37,

16,
24,


2,4,



27,67,

26,62,
26,

2,

49,
0,75,






14,28,36,


23,6,45,
43,

24,66,


8,
5,89,
8,74,30,95,
26,79,

51,
33,

16,41,44,70,
0,75,

23,
7,12,47,2,80,


65,
13,
17,46,
8,58,74,30,95,
37,60,
91,
21,
20,66,
64,
72,
0,12,75,
3,14,28,65,98,114,
20,66,
12,47,104,
41,44,86,
3,14,

5,7,78,

27,29,37,67,
14,28,38,65,3,81,98,
3,14,40,
14,40,28,41,44,73,

93,
6,11,21,
13,48,
0,
20,41,44,
7,47,69,78,
95,
0,43,54,57,
30,74,8,34,99,
8,74,30,95,
6,
14,28,52,82,
82,36,28,40,14,138,
45,
20,37,67,

93,
62,79,26,126,
20,24,26,42,66,
14,40,73,
14,19,25,36,72,73,82,
13,15,
15,117,
0,24,61,
7,69,
101,37,113,
25,29,59,49,130,

24,26,62,66,79,
62,126,79,26,150,
13,
13,59,37,113,
4,35,47,54,18,57,12,77,39,0,75,88,
12,55,75,0,131,
2,7,64,69,
3,65,98,
33,
6,11,
14,36,38,64,72,82,

2,7,69,
14,28,36,114,
36,72,64,90,
4,46,49,130,
5,7,78,145,
20,21,26,31,79,84,
60,
17,19,25,85,
65,98,
23,45,
5,7,55,56,78,145,
0,30,55,8,34,99,
6,11,23,
2,7,8,30,69,157,
15,17,13,117,161,
51,101,37,113,
16,37,20,59,67,70,49,101,
13,32,48,
53,56,136,
53,8,99,
2,64,
0,26,62,103,
6,11,21,23,31,120,
35,36,38,52,72,82,
Future sets, 
189,237,172,247,156,193,219,209,131,109,218,88,

239,226,246,220,159,128,119,106,
183,221,182,177,173,
229,218,119,
236,230,179,148,
238,223,248,196,187,141,87,
239,226,220,236,210,230,191,179,159,
245,239,237,195,194,165,149,147,


248,238,223,187,96,87,
219,218,175,172,159,
243,217,216,207,240,188,163,
227,206,205,197,184,183,182,173,224,198,177,138,
240,208,207,
242,155,115,
240,233,164,
218,
233,206,63,
231,204,242,190,200,174,169,
248,231,168,110,187,96,

238,248,235,158,141,
214,204,209,144,116,
233,212,206,
247,231,214,150,215,204,126,203,125,
181,123,
227,197,184,182,173,198,138,
212,181,
239,237,195,194,165,149,
248,231,96,
243,
222,153,
237,194,
249,218,
249,228,227,206,224,198,138,
242,200,181,166,211,241,217,113,
249,224,182,
218,
205,198,184,183,
190,184,176,155,
204,
193,142,
190,184,176,155,
235,199,141,
229,164,
218,191,175,159,
243,188,
212,242,229,130,

241,152,
249,197,
245,244,
218,193,
237,236,219,
244,236,
218,193,
165,92,
242,217,212,
232,166,
209,
247,215,214,203,125,

228,224,246,220,170,
234,221,182,173,162,
214,204,174,169,144,
242,200,181,123,

239,226,220,210,191,
242,155,

228,224,206,249,171,
206,205,184,
195,194,165,149,
218,172,156,219,131,

218,
236,230,191,179,
231,214,203,215,150,
159,
182,
206,224,198,249,197,

231,
233,
176,

218,
148,
228,
167,

202,186,

195,192,165,149,


234,221,182,173,
245,237,194,

242,241,211,

247,
175,








241,217,211,
227,173,


240,208,


248,





215,203,



229,212,
219,




244,

198,






236,230,




215,






239,



240,
























































































Past links sets, 































































19,























6,11,
0,



58,



11,21,31,









2,


0,
21,


37,

16,
24,


2,4,



27,67,

26,62,
26,

2,

49,
0,75,






14,28,36,


23,6,45,
43,

24,66,


8,
5,89,
8,74,30,95,
26,79,

51,
33,

16,41,44,70,
0,75,

23,
7,12,47,2,80,


65,
13,
17,46,
8,58,74,30,95,
37,60,
91,
21,
20,66,
64,
72,
0,12,75,
3,14,28,65,98,114,
20,66,
12,47,104,
41,44,86,
3,14,

5,7,78,

27,29,37,67,
14,28,38,65,3,81,98,
3,14,40,
14,40,28,41,44,73,

93,
6,11,21,
13,48,
0,
20,41,44,
7,47,69,78,
95,
0,43,54,57,
30,74,8,34,99,
8,74,30,95,
6,
14,28,52,82,
40,82,138,
45,
20,37,67,

93,
62,79,126,
20,24,26,42,66,
14,40,73,
14,19,25,36,72,73,82,
13,15,
15,117,
0,24,61,
7,69,
101,113,
25,29,59,130,

24,26,62,66,79,
62,126,150,
13,
13,59,113,
4,35,39,47,54,18,57,12,77,75,88,
12,55,131,
2,7,64,69,
3,65,98,
33,
6,11,
14,36,38,64,72,82,

2,7,69,
14,28,36,114,
36,72,64,90,
4,46,130,
5,7,78,145,
20,21,26,31,79,84,
60,
17,19,25,85,
65,98,
23,45,
5,7,55,56,78,145,
0,30,55,8,34,99,
6,11,23,
2,7,8,30,69,157,
15,17,13,117,161,
51,101,113,
16,37,20,59,67,70,49,101,
13,32,48,
53,56,136,
53,8,99,
2,64,
0,26,62,103,
6,11,21,23,31,120,
35,36,38,52,72,82,
Future links sets, 
193,189,237,172,247,156,209,131,109,88,

239,226,246,220,159,128,119,106,
183,221,182,177,173,
229,218,119,
236,230,179,148,
238,223,248,196,187,141,87,
239,226,220,236,210,230,191,179,159,
245,239,237,195,194,165,149,147,


248,238,223,187,96,87,
219,218,175,172,159,
243,217,216,207,240,188,163,
227,224,206,205,197,184,183,182,173,177,138,
240,208,207,
242,155,115,
240,233,164,
218,
233,206,63,
231,204,242,190,200,174,169,
248,231,168,110,187,96,

238,248,235,158,141,
214,204,209,144,116,
233,212,206,
247,231,214,150,204,126,125,
181,123,
227,197,184,182,173,138,
212,181,
239,237,195,194,165,149,
248,231,96,
243,
222,153,
237,194,
249,218,
249,228,227,224,206,138,
242,200,181,166,113,
249,224,182,
218,
205,198,184,183,
190,184,176,155,
204,
193,142,
190,184,176,155,
235,199,141,
229,164,
218,191,175,159,
243,188,
242,130,

241,152,
249,197,
245,244,
218,193,
237,236,219,
244,236,
218,193,
165,92,
242,217,212,
232,166,
209,
247,215,214,203,125,

228,224,246,220,170,
234,221,182,173,162,
214,204,174,169,144,
242,200,181,123,

239,226,220,210,191,
242,155,

228,224,206,249,171,
206,205,184,
195,194,165,149,
218,172,156,131,

218,
236,230,191,179,
231,214,203,150,
159,
182,
206,224,198,249,197,

231,
233,
176,

218,
148,
228,
167,

202,186,

195,192,165,149,


234,221,182,173,
245,237,194,

242,241,211,

247,
175,








241,217,211,
227,173,


240,208,


248,





215,203,



229,212,
219,




244,

198,






236,230,




215,






239,



240,
























































































Coordinates
-3.98915,2.72763,1.50321,5.29284
-3.96755,1.73896,0.774362,0.350928
-3.95628,3.13268,2.06968,4.31446
-3.95038,3.93411,2.37908,0.842578
-3.94591,2.46011,2.20041,4.41651
-3.89152,3.4395,1.9358,5.69307
-3.88907,3.68177,0.88704,0.817989
-3.8764,3.49202,2.02954,4.85764
-3.87547,3.60175,1.0111,4.98303
-3.86937,1.10517,1.79028,0.831033
-3.81267,1.72903,2.34251,3.19394
-3.80983,3.95042,0.939636,1.08238
-3.80736,2.83539,2.21179,5.01249
-3.80061,3.51129,1.07213,3.25396
-3.79496,3.73156,2.53205,1.71675
-3.73868,3.97605,1.28598,3.83962
-3.67333,3.99462,1.7005,2.44654
-3.66604,3.13368,1.61534,3.48197
-3.60817,1.96963,2.74172,5.86135
-3.58095,3.47925,1.93188,2.502
-3.57175,2.71759,1.92939,1.60885
-3.55088,3.66198,1.08825,1.38174
-3.53612,1.96182,2.07246,1.99083
-3.47714,3.67092,0.451577,0.518866
-3.47578,2.80158,2.48207,0.446456
-3.47206,3.25406,2.12324,2.90048
-3.46464,2.91103,1.52019,0.80196
-3.46389,1.84261,1.18507,1.67769
-3.45849,3.28752,2.74156,1.53675
-3.4493,1.91877,1.7418,2.51938
-3.43361,3.80658,1.07965,4.68579
-3.42815,3.22991,1.05173,1.20213
-3.41392,3.81902,1.48605,2.47083
-3.3967,3.5882,1.81324,0.857572
-3.36076,3.11908,1.01438,4.84145
-3.35619,2.45489,3.04446,5.25801
-3.32506,3.90517,2.81911,3.09776
-3.31177,2.96758,1.07254,2.56813
-3.2761,3.05647,3.01774,3.25394
-3.23106,1.51927,1.7144,5.00763
-3.22774,3.72807,2.32822,1.70173
-3.21868,3.58467,1.97354,2.02851
-3.21399,1.97998,2.12478,1.49173
-3.21146,2.28774,0.653255,5.11426
-3.19207,3.33129,1.90572,1.84518
-3.18638,3.61248,0.72998,0.110094
-3.17855,2.82667,1.86785,3.75567
-3.14104,3.01572,2.23547,4.95802
-3.13421,3.54805,1.18986,3.12109
-3.11564,2.67278,1.76555,2.78654
-3.11328,1.514,0.462164,5.86396
-3.10687,3.99722,1.34583,2.18816
-3.10205,2.80267,2.97119,1.4303
-3.09428,3.22457,1.10502,5.81152
-3.08169,2.26542,1.62798,4.51962
-3.06789,3.20199,1.39251,5.43514
-3.06772,3.65796,1.576,5.67903
-3.061,2.51001,1.06019,4.54878
-3.05837,3.83619,1.33541,4.23907
-3.02224,2.93034,1.73509,2.76502
-2.98876,2.83577,0.687001,3.45357
-2.98513,1.85621,1.36996,0.288576
-2.97389,2.5185,1.30291,0.685252
-2.97356,3.43523,1.83941,2.51449
-2.96918,3.92517,2.43608,3.81712
-2.96676,3.4403,2.71077,0.530528
-2.96188,2.49513,2.0399,1.17782
-2.95973,2.3239,1.26101,1.88159
-2.94676,1.3633,1.93653,3.65655
-2.92433,3.93654,1.97708,4.74433
-2.83479,3.62023,1.72844,2.22632
-2.82759,0.784257,0.666196,4.7993
-2.82709,3.48881,2.50439,3.36337
-2.81979,3.37826,2.25531,2.39916
-2.81566,3.57072,0.865194,4.67635
-2.80328,2.65206,1.58594,5.02629
-2.80088,1.90548,0.808942,0.658374
-2.78805,2.07307,1.8579,4.13058
-2.7866,3.98409,2.23515,5.22253
-2.7333,3.00723,1.43581,0.975029
-2.73164,2.81213,2.1921,4.5647
-2.7294,3.1758,2.84756,0.753891
-2.69076,3.40531,2.63101,2.74929
-2.62157,3.22915,0.917829,1.82662
-2.58749,3.97556,1.36617,1.42845
-2.58418,3.86799,1.84607,3.01795
-2.56509,3.77917,1.91983,1.79684
-2.56438,3.28471,0.69643,0.932714
-2.55666,2.04929,1.86771,5.35031
-2.54371,3.5415,2.25055,6.04618
-2.53968,3.4324,2.35129,3.76393
-2.52983,3.63263,0.429398,5.53683
-2.4984,3.63517,1.39274,4.20844
-2.47838,3.88308,2.64043,4.75626
-2.47315,2.39466,1.2967,3.52502
-2.47065,3.65574,0.783935,4.42424
-2.46144,3.18159,1.06341,1.3526
-2.42685,3.2719,1.13258,1.80411
-2.41352,3.94646,2.77514,0.483056
-2.41195,3.99088,0.971954,5.12789
-2.37114,3.33137,2.51962,5.64391
-2.35606,2.8633,1.08011,2.23854
-2.34519,3.11218,1.32777,0.608403
-2.32215,2.82716,1.17974,6.1539
-2.32175,3.01945,2.36096,5.62387
-2.31995,3.13263,0.806685,1.52825
-2.30733,2.92418,1.93816,4.14777
-2.29224,3.35577,0.598874,5.84164
-2.26699,3.88818,1.05199,4.05086
-2.2342,1.39638,1.25266,5.55324
-2.23249,3.56817,1.28583,1.52697
-2.21791,3.67541,1.52187,4.27845
-2.20753,2.16278,2.76437,4.03105
-2.17157,3.01768,1.14972,2.72114
-2.16062,3.99799,2.6885,1.2779
-2.14456,3.32857,1.55662,2.1637
-2.14412,1.95024,2.47414,0.935316
-2.12316,3.76291,1.75979,3.65225
-2.09543,2.35282,1.12314,3.92065
-2.07738,2.51314,2.09094,4.27346
-2.06981,3.90422,0.883778,1.72881
-2.05565,3.36621,1.49934,3.20107
-2.028,1.33951,2.82769,2.11339
-2.00899,1.48033,1.38438,1.70813
-1.98498,2.12652,0.519672,1.97345
-1.97615,2.02958,1.22151,0.502522
-1.9674,2.83798,1.30851,0.808855
-1.93155,3.82264,0.527754,5.58545
-1.9247,3.33882,2.00989,4.24963
-1.90052,2.56944,2.66816,2.16759
-1.89191,2.32951,1.90017,3.11205
-1.87386,2.36291,1.43485,5.20393
-1.87381,1.0685,0.850873,4.63261
-1.85763,3.70961,2.03957,1.54635
-1.8525,3.45114,0.97946,6.04204
-1.84744,3.07009,0.663446,2.45009
-1.84424,3.7272,1.46697,6.21066
-1.84103,3.31381,2.02527,0.290627
-1.81703,3.40179,2.7789,2.27318
-1.80507,3.79601,2.02185,6.17543
-1.79527,3.80718,1.32155,0.869894
-1.76667,3.54063,0.758775,0.319423
-1.74326,1.50215,0.582551,5.73086
-1.74179,3.58251,0.44455,4.80992
-1.68873,2.10126,2.27913,0.863311
-1.66303,3.81308,1.6931,5.31465
-1.61982,3.01834,0.641753,4.15705
-1.6171,3.78019,0.758902,5.03308
-1.61352,3.10329,2.23025,5.80096
-1.59376,3.61619,0.84829,4.60501
-1.58882,2.83861,1.5539,0.835788
-1.575,2.3593,0.641151,0.577928
-1.57486,3.97727,1.39887,2.01721
-1.56888,3.35496,1.77718,0.965149
-1.506,3.88076,1.3076,5.29928
-1.47618,3.43257,1.78921,2.04948
-1.46333,2.56657,1.42725,4.86844
-1.4514,3.6851,1.48926,4.82625
-1.42795,3.80922,0.449468,0.500856
-1.40207,2.62621,1.93414,4.69994
-1.38633,2.90659,0.392762,4.67499
-1.34423,3.86976,1.75637,3.49994
-1.32379,3.10157,2.6686,6.11113
-1.3143,3.2178,0.74322,3.39775
-1.31422,2.89618,1.73818,3.47226
-1.30723,3.17888,0.97053,4.3637
-1.26513,2.17845,0.718047,3.00085
-1.26431,2.92925,0.406226,5.38504
-1.23303,2.27563,1.12449,1.47707
-1.22229,2.47333,2.08939,1.17444
-1.21984,3.74739,2.38846,4.25195
-1.2166,3.69139,2.36444,3.20469
-1.21021,2.09533,1.6522,5.25077
-1.18501,3.62491,2.74388,0.961401
-1.17104,2.24058,1.98689,1.53322
-1.17101,2.76311,2.38652,5.47442
-1.16535,3.50828,1.89023,1.71941
-1.14199,3.56326,2.46705,0.891737
-1.14106,3.02895,1.5009,0.166083
-1.1341,3.72404,2.05066,5.30178
-1.10314,2.80281,2.61969,4.49741
-1.10132,0.785879,0.98795,2.5674
-1.07925,3.15423,2.8921,0.384985
-1.07221,3.45307,2.33245,1.61675
-1.0653,3.03324,2.33496,1.92534
-0.999368,3.65503,1.05845,2.6817
-0.998047,3.53747,2.61999,5.21259
-0.973972,3.85066,0.914702,1.03312
-0.958347,3.91802,1.07867,3.16782
-0.957047,2.18772,1.37329,5.69714
-0.955967,2.53496,2.06693,1.87975
-0.954692,3.4049,2.0392,4.92169
-0.95407,3.74211,0.679298,4.1229
-0.945099,0.870403,0.835348,4.98084
-0.928906,3.01149,0.889169,4.9242
-0.923131,3.68189,0.951347,4.49236
-0.912374,2.76604,0.985549,0.557568
-0.910414,2.82477,2.66285,2.32708
-0.865842,3.33666,2.61986,2.13999
-0.85637,3.38837,1.0817,0.0828867
-0.840457,2.02918,1.46039,1.91496
-0.835818,3.84284,0.122462,3.27877
-0.820524,3.45264,2.66012,4.8909
-0.813178,2.10996,1.30414,0.98582
-0.812102,1.64393,2.03115,1.26772
-0.799761,3.66823,2.40998,2.23891
-0.792315,3.14776,2.44377,2.7374
-0.784098,3.4589,0.875802,3.70369
-0.771574,3.77194,1.68541,3.79817
-0.76505,1.30394,1.66141,6.153
-0.745531,3.59243,1.66542,4.70649
-0.740489,2.43251,0.971598,2.42005
-0.73471,1.57089,2.00579,2.84452
-0.730187,3.38155,1.80154,0.254188
-0.711515,1.63859,1.84488,0.552952
-0.692322,2.25461,1.49125,0.731036
-0.661967,3.78999,0.633141,3.57436
-0.627501,2.44871,1.16961,2.82484
-0.610843,0.731339,1.89936,5.05578
-0.599444,1.95746,1.4672,5.49023
-0.592135,3.60231,2.20531,4.34723
-0.587664,3.40404,2.50183,0.385428
-0.559302,3.79924,1.57677,1.03978
-0.549547,3.55163,1.22432,0.413498
-0.535657,3.50663,2.78841,3.13762
-0.534955,2.45952,0.305025,2.13975
-0.507232,3.58758,1.83677,4.62262
-0.485184,3.96897,2.83466,1.8563
-0.453672,3.67254,2.39995,3.69877
-0.442775,1.98736,2.1107,3.49705
-0.400151,3.8952,1.8453,5.23062
-0.385065,2.57244,1.4469,1.35197
-0.383877,2.31757,0.333316,3.70854
-0.373185,3.37085,2.03459,3.14933
-0.356092,3.73739,2.76664,5.77921
-0.335565,2.57225,0.588203,0.0226825
-0.315008,3.48893,1.79076,5.36728
-0.30595,2.76759,1.10776,5.07935
-0.26968,3.96845,0.553997,1.32702
-0.256832,3.10037,1.62514,4.83307
-0.240951,3.67616,1.59289,3.50642
-0.178192,2.45197,1.12367,2.25731
-0.162244,1.79901,1.64896,2.26695
-0.110366,3.9206,1.00275,2.77025
-0.104175,3.59716,1.36777,6.12475
-0.0891383,3.71229,0.981987,5.4439
-0.0854499,3.99472,2.13963,4.00007
-0.0634585,2.07238,1.40026,6.23363
-0.00534688,3.76537,0.756927,1.40069
-0.00532937,2.42993,2.74377,3.20894
r_S,2
NHRVs_Open,2
NHRVs_Close,0
HRV0,46,164,229
HRV1,70,155,242