Storage option,sets
Size,250
Dimension,2
Shape,cube
Spacetime,BlackHole
Past sets, 












2,
7,






1,
1,
4,9,
0,
3,
15,
1,


3,


31,


2,12,
18,
27,


18,19,
1,21,
5,12,2,35,
16,5,18,36,

7,15,30,25,38,13,39,
3,1,26,
31,32,27,37,
0,
0,

44,

24,28,3,29,
4,10,1,20,
2,12,

7,13,15,25,
26,21,1,41,
15,30,25,38,39,
6,11,
23,0,48,
30,39,
26,1,3,46,
7,17,0,23,
11,6,19,
28,3,29,

23,0,17,7,64,
11,6,19,18,40,
6,11,
2,19,36,18,5,16,43,
8,10,4,9,22,
4,8,9,
4,9,10,
28,3,29,

35,5,12,2,42,55,
21,26,1,3,46,
31,32,27,37,
2,19,40,36,18,5,16,43,
2,12,16,5,18,
4,10,
2,12,16,5,18,

35,2,12,5,42,
31,32,0,49,23,48,61,
11,16,36,6,19,5,18,40,

12,40,43,16,5,18,36,2,19,71,
7,0,13,17,15,25,
35,5,12,2,42,55,
36,43,18,5,12,2,16,81,
15,64,7,17,13,0,23,68,
2,12,56,
15,17,13,0,7,25,90,
50,
45,38,25,15,7,59,13,39,30,62,
17,0,49,23,48,61,
27,67,76,
35,16,12,2,18,5,83,
17,30,45,38,25,15,0,39,13,7,57,
68,23,0,13,17,7,64,15,93,
45,57,13,39,38,25,30,15,7,59,
10,20,1,21,
18,19,6,11,65,
0,37,27,32,31,47,
47,67,37,32,31,27,79,
27,37,61,48,23,49,0,32,31,86,
18,19,6,11,65,
41,46,3,1,21,26,78,
24,66,29,3,28,75,
30,56,12,2,55,94,
57,7,13,39,0,15,25,38,45,30,17,101,
36,43,83,5,18,2,12,42,81,16,35,100,
55,42,2,77,12,5,35,91,
65,11,6,19,18,109,
28,
15,64,68,61,48,23,49,13,0,17,7,98,
79,27,31,32,76,37,67,99,47,107,
55,56,12,45,38,25,15,2,13,97,39,59,30,62,7,94,
93,15,25,64,7,17,13,0,23,68,102,
24,53,66,29,3,28,75,
62,59,7,15,17,30,39,13,57,45,25,38,103,
50,96,
0,38,25,103,45,57,13,39,17,15,7,30,59,62,
98,86,31,32,0,49,23,48,61,37,27,17,108,
23,90,95,113,57,7,13,39,0,15,25,38,45,30,17,101,
62,59,7,15,17,30,39,13,57,45,25,38,103,
49,23,48,61,47,31,32,27,37,0,106,
12,87,16,36,6,19,71,5,18,69,11,40,80,2,43,
85,91,35,5,12,77,2,16,42,55,115,
128,62,7,15,17,59,30,97,39,13,57,103,45,25,38,
13,27,98,7,17,0,49,23,48,86,31,61,32,68,64,
6,80,11,40,36,43,18,92,5,12,16,81,2,89,19,71,
94,7,62,120,55,56,12,38,112,25,45,15,2,13,97,39,30,59,
79,27,31,32,76,37,67,99,47,107,
31,32,84,37,76,67,79,27,47,99,
99,47,27,79,67,76,37,84,32,31,137,
60,65,11,6,19,70,18,109,
61,48,49,121,17,25,93,64,7,98,13,0,23,68,15,102,
50,96,
56,101,0,125,38,25,15,128,62,123,7,17,59,30,97,39,13,57,45,132,103,
57,90,121,17,95,25,93,64,7,13,0,23,68,15,102,
12,87,16,36,6,19,71,5,18,69,11,40,80,2,43,
80,81,6,12,69,11,40,43,16,5,18,36,89,2,19,71,87,
50,11,6,60,88,
107,137,31,32,84,37,76,67,79,27,47,99,138,
47,108,37,64,126,68,13,0,27,98,7,133,17,49,23,48,32,61,86,31,
84,
5,35,59,30,39,97,42,13,2,135,55,94,7,91,120,62,56,12,38,25,112,45,15,
0,84,79,27,31,37,67,32,119,99,76,47,136,107,
13,47,64,7,108,68,126,48,98,86,31,61,32,0,49,23,37,27,17,
107,47,99,37,76,84,32,31,27,79,67,119,
77,5,35,94,7,91,62,120,55,56,12,38,112,25,45,15,2,42,13,97,39,30,59,
17,98,108,27,37,23,49,0,61,32,31,86,47,48,106,
86,79,67,129,23,47,31,61,32,27,37,0,48,106,49,107,

2,56,0,125,38,25,15,12,128,62,123,7,17,59,30,97,39,13,57,45,132,103,
138,107,147,31,119,32,84,37,67,137,79,27,76,47,99,

0,84,79,27,31,37,67,32,119,99,76,47,136,107,

31,84,37,76,67,27,99,
107,136,161,31,0,84,79,27,37,67,32,119,99,76,47,
80,19,40,114,36,43,83,92,5,18,89,2,12,81,16,35,71,42,100,
2,90,95,103,132,45,57,13,39,97,30,59,113,142,25,56,17,101,62,0,38,125,15,128,123,7,
84,37,76,67,27,99,
18,131,56,85,91,35,5,83,12,77,2,16,42,55,115,
160,
25,102,15,121,108,37,93,64,126,68,13,0,27,98,7,133,17,49,23,48,32,61,86,118,31,
55,77,85,114,36,43,83,92,5,18,2,12,81,16,35,42,100,
62,64,101,17,59,30,103,45,127,23,90,25,38,95,113,57,7,13,68,39,0,15,
160,
7,129,106,48,47,126,155,17,79,108,98,27,37,23,49,0,61,32,31,86,
17,107,49,106,48,156,0,86,76,47,108,79,27,67,129,23,31,61,32,37,
151,47,76,99,48,106,164,49,107,136,84,161,31,0,79,27,37,67,32,119,
157,162,
64,7,13,129,106,48,47,68,126,155,17,79,108,98,27,37,23,49,0,61,32,31,86,
160,
5,35,57,17,59,30,39,97,42,13,2,135,55,94,7,91,120,62,56,128,12,38,25,112,103,45,15,




17,57,15,103,45,112,25,38,12,56,62,120,91,150,5,77,135,35,59,30,39,97,13,42,55,7,94,2,

140,31,118,86,90,61,32,48,23,49,17,133,7,98,27,170,25,37,102,15,64,93,121,108,126,68,13,0,
99,136,107,49,106,48,156,0,86,76,47,108,79,27,67,129,23,31,119,61,32,37,
99,47,76,159,107,138,147,31,67,119,32,84,37,137,79,27,
157,84,149,162,
37,84,32,67,27,137,79,99,167,138,76,47,163,31,
140,31,118,86,90,61,32,48,23,49,17,133,7,98,27,170,25,95,37,102,15,64,93,121,108,126,68,13,0,
181,184,
38,118,31,98,49,48,140,102,15,68,27,143,13,0,86,57,32,61,90,25,121,133,17,37,95,64,93,7,23,
47,140,31,118,86,61,32,48,23,49,17,133,7,98,27,170,25,37,102,15,64,93,121,108,126,68,13,0,
138,84,119,32,37,47,163,76,67,27,137,79,99,31,147,107,
160,182,
99,84,151,136,107,49,106,48,156,0,86,76,47,79,27,67,129,23,31,119,61,32,37,
138,159,119,32,67,153,37,27,137,79,0,147,31,176,151,99,47,76,164,48,106,49,107,136,84,161,
47,187,17,32,61,48,0,118,90,31,23,140,7,98,86,27,170,25,95,37,102,133,192,15,64,93,121,49,108,126,68,13,
101,55,142,103,132,45,57,39,97,30,59,17,13,158,2,15,56,0,125,38,25,12,128,120,62,94,123,7,
83,18,131,56,85,91,35,5,12,77,2,16,100,42,55,115,
23,138,61,119,32,67,153,37,27,137,79,0,31,176,151,99,47,76,164,48,106,49,107,136,84,161,
23,7,93,64,95,17,121,31,90,61,57,13,25,143,15,102,140,48,49,39,98,68,127,113,38,45,30,101,0,118,
15,38,16,45,39,97,115,55,13,42,7,94,2,77,12,5,35,62,91,25,112,59,30,85,56,
38,118,31,98,49,48,140,102,15,68,27,143,13,0,86,57,32,61,90,25,121,133,17,37,95,64,93,7,23,
67,76,157,84,149,162,
7,123,12,128,15,125,38,0,62,101,17,56,25,142,113,166,2,90,95,132,103,45,57,158,13,97,39,30,59,
25,102,15,121,133,17,27,37,23,49,0,106,48,148,32,61,13,47,86,93,64,152,7,98,108,126,68,118,31,
184,181,193,

64,95,90,23,127,103,132,45,57,13,68,39,97,30,59,113,142,25,56,17,101,62,0,38,125,15,128,123,7,
159,189,107,147,31,99,27,196,138,84,32,119,67,153,37,47,76,163,79,137,
169,182,173,160,197,
99,157,27,67,149,84,76,37,167,
84,151,17,175,37,32,61,119,31,23,129,67,27,188,99,86,136,107,49,106,48,156,0,47,76,79,108,
84,151,17,175,37,32,61,119,31,23,129,67,27,188,99,86,136,107,49,106,48,156,0,47,76,79,108,
113,30,17,39,57,132,103,45,55,101,142,201,56,13,158,15,59,0,97,38,25,12,128,2,120,62,94,123,125,7,
23,56,17,101,62,15,128,12,123,125,7,59,0,25,142,113,166,2,208,90,95,132,103,45,57,158,13,38,97,39,30,
17,175,37,32,61,119,31,23,129,67,27,188,99,86,136,107,49,106,48,98,156,0,47,76,79,108,
129,0,203,137,86,27,37,153,32,119,61,67,23,79,138,31,176,151,99,76,164,47,106,49,48,107,136,84,161,198,156,
121,102,15,0,39,68,13,7,57,113,95,38,172,62,101,127,23,93,64,90,25,17,30,59,103,45,
151,138,159,47,76,99,48,106,164,49,107,136,84,161,147,31,0,137,79,27,153,37,67,32,119,
76,182,162,149,84,157,177,190,
0,161,27,79,137,153,37,189,99,138,163,47,76,159,136,107,147,31,67,119,32,84,
211,
107,149,147,31,191,37,84,32,67,27,79,137,99,167,138,163,76,47,
38,39,94,30,15,131,56,85,62,91,35,5,12,77,2,16,42,55,115,112,
170,31,23,17,121,48,133,15,102,155,37,25,64,148,209,32,61,13,106,47,27,86,93,152,7,98,49,108,126,68,0,118,
23,161,84,136,107,49,106,48,164,76,47,99,151,199,176,31,147,138,159,67,119,32,153,37,27,79,137,0,
132,42,13,158,39,0,59,30,17,135,57,123,5,55,35,94,125,7,150,91,2,120,180,62,56,128,12,97,38,25,112,103,45,15,
35,5,77,115,94,7,91,62,120,55,85,56,12,38,112,25,16,45,15,2,42,13,97,39,30,59,
179,183,160,186,193,181,184,210,
23,56,17,101,62,15,128,12,123,125,7,59,0,25,142,113,166,2,208,90,95,132,103,45,57,158,13,38,97,39,30,
48,62,101,59,30,103,45,38,113,127,102,15,39,68,143,13,0,57,90,25,121,17,95,64,93,7,23,
169,179,181,183,173,160,186,
99,177,190,162,149,84,27,157,37,76,67,207,
159,47,76,163,196,138,167,99,227,149,84,119,32,107,147,31,191,37,67,27,79,137,
101,30,45,113,126,23,68,102,48,140,108,49,39,98,38,206,32,61,31,90,13,118,0,27,86,57,143,25,121,15,133,194,17,37,95,64,93,7,
129,140,118,0,68,126,25,155,37,102,15,133,17,48,121,23,31,170,229,64,148,209,32,61,13,106,47,27,86,93,152,7,98,49,108,
93,45,103,132,30,17,25,90,23,101,62,95,172,113,57,125,7,64,123,13,127,68,39,38,97,59,0,15,102,128,
163,136,49,107,48,223,164,76,106,47,159,99,151,84,161,147,31,176,0,137,138,79,27,153,37,67,32,119,199,189,
49,48,62,101,59,30,103,45,38,113,127,102,15,39,68,143,13,0,57,61,90,25,121,17,95,64,93,7,23,
95,187,170,140,195,90,31,23,17,121,48,133,15,102,155,37,25,64,148,209,32,61,13,106,47,27,86,93,152,7,98,49,108,126,68,0,118,
67,207,99,190,177,27,157,84,149,162,182,76,224,
84,151,174,68,13,7,23,31,126,67,61,32,155,37,175,220,188,129,99,27,86,136,107,48,98,156,0,106,47,17,76,79,49,108,119,178,64,
7,93,64,95,37,17,194,133,15,102,127,68,126,48,113,45,30,108,49,140,23,101,121,239,39,98,38,206,32,61,90,31,13,118,0,204,27,86,57,143,25,
236,197,184,169,182,179,181,183,173,160,157,186,214,162,
93,102,39,13,57,45,132,103,68,127,23,90,95,212,97,38,7,125,30,172,113,142,25,56,17,101,62,59,0,15,128,64,123,
Future sets, 
164,161,151,158,231,125,106,218,142,201,101,208,166,199,49,176,234,113,240,244,126,192,133,221,200,23,102,229,170,127,195,68,219,155,230,172,143,249,108,235,95,222,212,241,64,209,194,156,243,140,198,118,203,174,90,217,148,206,225,98,216,246,187,61,188,129,247,178,220,93,152,121,239,204,86,175,48,223,242,
63,110,58,21,41,54,26,78,104,46,20,
166,80,134,205,201,83,114,55,232,85,144,218,100,131,202,231,115,158,185,92,208,42,219,89,234,145,71,130,12,180,35,94,154,150,91,120,165,228,77,135,168,81,112,171,
78,110,75,29,66,53,122,46,111,63,24,
82,73,54,72,74,22,
100,83,87,205,89,131,171,168,81,77,228,92,180,165,185,42,154,114,232,145,231,202,115,85,144,150,91,43,71,130,80,134,
60,146,139,65,130,109,70,134,105,144,69,87,116,145,
174,64,148,118,102,229,234,57,205,209,150,208,90,235,103,128,187,246,218,158,249,142,201,178,152,93,123,241,97,45,172,231,232,166,247,120,212,125,243,127,185,244,154,222,95,135,194,132,219,101,204,180,239,121,206,143,192,133,200,68,195,113,240,13,140,170,
73,72,
73,72,74,22,
104,82,74,72,54,
60,146,139,65,130,109,70,134,105,144,69,87,116,145,
208,234,158,130,89,92,145,185,219,42,231,202,115,180,94,35,154,150,91,120,165,228,77,135,168,81,112,171,131,100,218,144,85,232,55,114,83,201,205,134,
246,178,152,123,241,232,166,97,231,201,142,249,158,218,128,187,172,45,103,235,150,209,208,90,205,234,57,247,120,212,125,243,127,185,244,154,222,95,135,194,132,219,101,204,180,239,121,206,143,192,133,200,93,195,113,240,140,170,229,102,118,148,

243,125,127,185,244,212,154,135,194,132,219,228,101,180,239,121,195,143,25,140,192,170,200,204,59,118,206,57,234,205,90,208,209,150,235,103,95,222,187,128,218,120,247,158,249,142,201,240,113,45,172,231,97,166,232,241,123,93,229,102,
131,228,83,134,114,205,89,165,171,80,232,87,145,43,130,92,202,144,100,71,168,81,
185,216,170,200,187,246,128,192,133,249,127,178,243,125,204,152,209,64,241,123,118,121,239,180,68,195,235,148,206,244,126,140,212,194,143,172,240,113,231,229,102,93,220,247,217,90,208,222,95,166,234,175,219,101,98,174,155,201,142,218,158,132,
83,139,168,81,69,40,36,114,100,71,202,144,92,43,130,109,80,171,116,145,87,165,89,105,134,
71,144,89,165,139,130,65,109,80,105,134,40,69,87,145,116,
104,54,
104,78,58,110,41,
72,
230,219,172,143,249,127,68,212,235,222,241,64,170,229,209,221,192,133,244,126,240,200,108,195,234,175,155,102,220,194,156,243,140,198,118,203,174,217,61,148,206,98,216,246,187,188,129,247,178,93,152,121,239,204,86,
111,122,53,
195,240,140,229,170,200,192,59,143,206,121,239,180,204,101,219,132,194,135,95,154,244,185,127,243,125,212,120,57,234,205,90,208,209,150,235,103,222,45,187,128,218,247,158,249,142,201,113,172,231,97,166,232,241,123,
63,78,58,110,46,
133,245,99,194,163,192,151,209,152,148,200,229,170,106,195,136,155,237,178,37,164,223,47,174,203,199,230,213,242,126,244,147,176,161,220,191,238,189,138,206,79,196,137,225,107,240,153,175,119,246,187,217,159,188,129,247,216,198,227,221,156,215,108,167,239,
117,75,111,122,66,53,
75,111,122,66,53,
112,228,59,62,239,180,204,101,219,132,135,154,185,127,243,125,212,120,234,205,208,150,235,103,222,45,128,218,247,158,249,142,201,113,172,231,97,166,232,241,123,
204,163,164,196,137,225,107,240,153,175,178,119,246,187,217,188,129,247,159,32,209,194,133,192,227,198,138,108,239,216,156,221,189,238,151,191,152,86,213,155,242,148,200,170,229,106,195,136,47,174,203,220,161,126,244,176,79,206,147,230,199,223,
194,192,133,108,239,86,156,221,227,198,216,247,129,188,159,217,187,246,178,119,175,153,240,107,225,137,196,79,138,189,238,151,209,191,152,213,155,242,148,200,170,229,106,47,195,136,174,203,220,161,126,244,176,206,147,230,199,223,164,


91,115,202,231,232,154,100,42,185,165,180,150,228,77,168,171,131,85,114,205,
71,144,92,130,145,80,171,87,165,89,114,134,43,
237,164,223,199,230,147,176,244,126,161,220,203,136,195,174,47,106,229,170,200,148,242,155,213,152,191,209,151,238,189,138,206,79,196,137,225,107,240,153,175,178,119,246,187,217,159,188,129,247,216,198,227,221,156,215,108,167,239,192,163,194,
228,206,59,239,180,204,101,219,132,194,135,154,185,127,243,125,212,120,234,205,208,150,235,103,222,45,128,218,247,158,249,142,201,113,172,231,97,166,232,241,123,
228,59,62,239,180,204,101,219,132,135,154,185,127,243,125,212,120,234,205,208,150,235,103,222,45,128,218,247,158,249,142,201,113,172,231,97,166,232,241,123,
89,87,165,130,144,80,145,134,69,
110,58,
165,180,150,77,168,185,171,131,228,114,85,205,154,232,231,202,115,91,
114,89,165,171,80,145,134,130,92,144,71,
51,
128,103,222,235,127,150,208,185,125,243,120,234,205,218,247,158,249,142,201,231,113,172,97,166,232,212,123,241,154,135,132,219,101,204,180,239,
110,78,63,
200,152,148,138,191,238,151,137,196,189,213,195,136,174,203,161,220,155,242,244,229,176,147,230,199,209,164,223,225,107,106,240,153,175,119,178,246,217,159,188,129,216,198,227,221,156,
223,242,230,235,176,170,229,209,221,192,133,244,126,240,200,108,195,175,155,220,194,156,243,199,140,198,118,203,174,217,61,148,206,98,216,246,187,188,129,247,178,152,239,204,86,
243,223,242,203,230,176,118,199,140,156,194,175,217,220,155,108,195,129,188,247,178,152,239,198,204,86,148,206,98,216,246,187,174,200,240,126,244,133,192,221,209,229,170,
146,124,141,96,


122,

201,180,135,77,168,185,171,218,131,112,228,150,205,154,232,231,202,115,120,91,
168,158,166,219,249,142,94,120,185,201,135,180,212,154,232,218,202,231,234,205,208,150,112,228,
194,206,143,247,218,234,208,204,249,142,201,103,132,166,219,101,127,185,235,222,123,241,212,243,125,239,180,128,113,172,231,158,

150,208,185,125,243,120,234,205,218,158,249,142,201,231,172,97,166,232,212,154,180,135,222,219,132,103,235,128,241,123,
146,139,
243,203,118,140,156,194,175,217,220,155,108,195,129,188,247,178,152,239,198,204,86,148,206,98,216,246,187,174,200,240,126,244,133,192,221,209,229,170,
150,208,185,120,234,205,218,158,249,142,201,231,172,97,166,232,212,154,243,125,180,135,222,219,132,241,123,128,228,235,

118,222,121,239,195,148,206,235,240,244,140,241,212,204,243,178,68,249,133,192,209,246,187,93,152,200,229,170,194,143,172,102,247,
116,139,109,105,
122,111,
207,175,137,196,153,147,176,221,230,213,242,107,225,167,138,238,151,189,163,156,215,245,216,203,161,220,191,237,119,164,223,136,198,227,199,188,159,246,99,217,
212,178,241,243,204,140,244,240,235,206,148,195,249,192,133,209,246,187,93,152,200,170,229,194,143,172,102,247,239,121,222,118,
145,144,130,
139,
144,130,134,145,165,89,



122,111,
224,207,175,137,196,153,147,176,221,230,213,242,225,167,138,238,151,189,163,215,245,216,203,161,220,191,237,119,164,223,136,198,227,199,188,159,246,99,217,
185,171,131,228,202,168,205,154,232,115,
110,
174,138,191,238,246,217,188,159,230,176,147,199,153,221,156,175,136,227,198,178,119,223,164,216,203,220,161,242,213,189,137,196,107,225,151,
165,145,144,134,130,
114,134,165,145,171,92,

168,114,171,202,165,100,
167,163,161,153,176,225,138,227,198,238,151,199,147,221,203,191,164,223,159,246,217,196,137,224,189,242,213,230,149,207,215,237,245,216,190,
232,205,171,168,202,228,131,
198,239,152,195,108,178,155,217,247,188,175,220,148,206,216,246,187,174,200,240,126,244,133,192,221,209,229,170,194,156,
145,144,130,
146,
165,145,134,
187,239,206,235,172,143,249,241,212,222,95,244,192,166,200,208,234,247,219,194,127,243,204,
185,131,150,228,202,168,231,205,180,154,232,115,
171,165,134,
195,206,235,240,244,192,140,204,243,170,249,241,187,239,200,229,194,143,102,247,121,222,209,
201,135,180,154,232,120,185,218,231,205,150,228,112,
244,200,192,208,234,219,166,194,247,127,243,204,222,212,241,249,143,172,235,206,239,
141,124,
142,249,158,205,234,120,185,201,208,150,218,231,166,232,212,241,154,180,135,219,132,
140,220,133,246,174,178,155,126,148,206,204,118,209,170,240,195,247,192,244,229,200,187,152,239,194,
245,215,167,163,138,238,151,225,189,213,242,203,216,161,220,191,237,119,164,223,136,198,227,199,188,159,246,217,230,221,176,147,153,196,137,
202,165,171,114,
219,201,172,249,142,113,204,239,208,234,166,247,218,243,127,235,222,241,212,
249,241,187,200,229,239,194,143,247,121,222,209,170,243,204,140,192,244,240,235,206,195,
235,243,185,222,180,128,123,172,201,231,166,218,132,219,234,208,125,241,212,158,249,142,


223,209,199,230,176,229,244,242,155,220,203,174,240,175,178,246,188,217,129,216,198,221,156,
175,156,153,147,176,221,230,217,246,159,188,199,227,198,136,223,119,220,164,216,203,161,242,213,189,196,225,151,238,
220,175,188,217,246,195,152,239,155,126,178,247,148,216,187,174,200,229,240,244,192,209,170,
139,116,


228,150,205,231,185,232,154,180,135,
239,208,166,218,247,234,127,243,204,235,222,212,241,249,172,219,
171,165,
232,205,168,202,228,131,


209,170,240,195,247,192,244,229,200,187,239,194,204,206,
220,164,161,189,196,225,238,151,216,213,242,203,223,198,199,188,159,246,217,230,221,176,153,
201,150,218,231,185,232,154,180,135,
222,209,170,243,140,192,244,240,235,206,204,195,247,143,194,239,229,200,187,

241,231,166,218,219,234,208,201,212,158,249,142,

241,231,166,218,219,234,208,201,212,158,249,142,
247,178,148,187,174,200,229,240,244,192,209,170,239,152,195,246,
212,247,243,204,235,222,241,249,172,
180,158,249,231,166,218,132,219,234,208,201,241,212,142,
174,240,175,188,246,220,178,217,216,198,221,156,

228,202,168,
241,231,166,218,219,234,208,201,212,158,249,142,
206,148,187,239,200,229,240,244,192,209,170,195,247,194,

180,185,231,150,
220,164,225,151,216,242,203,223,198,199,188,246,217,230,221,176,161,
159,223,191,203,221,147,199,238,227,138,225,196,189,242,213,230,
221,203,147,199,238,227,225,196,189,242,213,230,191,223,159,

240,206,204,195,247,194,192,244,239,200,187,

249,212,201,208,234,219,218,166,
235,206,243,204,239,247,194,



227,196,189,242,225,199,238,213,230,223,159,
229,240,244,209,
238,227,215,207,224,237,245,190,
231,185,
246,223,198,199,216,242,203,217,230,221,176,
229,240,244,209,
223,213,221,230,203,242,225,199,

244,240,229,178,246,174,
221,198,216,217,220,246,188,175,
248,215,207,224,237,245,190,177,
219,234,208,231,218,201,
223,230,213,238,199,225,242,189,
233,179,173,214,248,197,236,169,
176,221,230,225,199,223,203,242,164,
248,207,224,237,245,190,177,
242,213,196,227,225,238,191,
223,199,242,203,230,221,176,

219,234,208,
215,227,238,191,

236,248,214,
240,229,195,192,244,200,187,

249,241,222,
236,248,214,
246,
246,220,217,216,
221,230,203,242,199,
245,237,224,
246,
248,236,233,
231,
248,236,210,233,193,
245,224,214,248,197,
248,236,233,
248,210,233,193,

248,236,233,
244,200,
246,220,217,216,
242,225,213,
245,237,224,
238,227,
200,
233,210,
247,239,
244,
238,213,
248,214,
221,
242,230,

218,

221,
247,

247,239,
245,237,
234,219,
244,240,229,
233,
226,
249,

248,





246,


242,
245,


238,

240,






248,


247,










Past links sets, 












2,
7,






1,
1,
4,9,
0,
3,
15,
1,


3,


31,


12,
18,
27,


18,19,
21,
5,35,
5,16,36,

30,25,38,13,39,
3,26,
32,37,
0,
0,

44,

24,28,29,
4,10,20,
12,

13,25,
26,41,
30,25,38,39,
6,11,
23,48,
30,39,
46,
7,17,23,
11,6,19,
28,29,

64,
6,11,40,
6,11,
2,19,43,
8,10,22,
4,8,9,
4,9,10,
28,29,

42,55,
21,46,
32,37,
2,40,43,
12,16,5,18,
4,10,
12,16,5,18,

42,
32,49,61,
5,6,11,16,36,40,

12,40,71,
0,13,17,25,
42,55,
43,81,
13,15,68,
12,56,
90,
50,
45,59,62,
17,49,61,
27,67,76,
35,83,
0,17,45,57,
93,
45,57,59,
10,20,21,
18,65,
0,47,
47,67,79,
37,86,
18,65,
41,78,
24,66,75,
30,55,94,
101,
43,42,81,100,
77,91,
109,
28,
13,15,68,98,
99,107,
55,94,97,
25,102,
53,66,75,
17,62,103,
96,
0,17,62,103,
98,108,
23,95,113,
17,62,103,
49,61,106,
12,69,71,80,87,
16,85,115,
97,128,
13,27,68,86,98,
6,80,11,89,92,
112,120,
99,107,
79,84,47,99,
137,
60,70,109,
98,121,
96,
56,101,123,125,132,
57,95,121,
12,69,71,80,87,
69,80,81,87,89,
50,60,88,
107,138,
47,126,133,
84,
91,135,
0,119,84,136,
13,47,68,126,
84,119,
77,91,112,120,
98,106,108,
86,107,129,

12,56,123,125,132,
119,147,

0,119,84,136,

31,37,84,99,
161,
80,89,92,114,
2,95,113,142,
37,84,99,
56,83,131,
160,
118,121,126,133,
77,85,92,114,
68,103,62,127,
160,
7,79,126,129,155,
76,17,108,156,
48,49,106,151,164,
157,162,
13,68,79,126,129,155,
160,
91,128,135,




17,77,103,150,

90,140,170,
108,119,136,156,
159,
157,149,162,
138,163,167,
95,140,170,
181,184,
37,38,118,133,140,143,
47,140,170,
119,147,163,
160,182,
151,156,
153,159,176,
47,187,192,
120,142,158,
56,100,131,
61,138,153,176,
31,118,127,140,143,
16,85,97,112,115,
37,38,118,133,140,143,
67,76,157,149,162,
158,166,
106,118,121,148,152,
193,

68,127,142,
153,189,196,
169,173,197,
149,157,167,
151,175,188,
151,175,188,
113,201,
23,208,
98,175,188,
198,203,
121,172,
48,106,49,153,159,151,164,
76,182,177,190,
153,161,163,189,
211,
147,149,191,
15,38,62,112,131,
155,170,209,
23,199,
150,158,180,
85,112,115,16,120,
179,183,186,210,
23,208,
48,103,62,127,143,
169,179,181,183,173,186,
37,99,177,190,207,
159,196,227,
113,126,194,206,
129,140,229,
102,123,125,132,172,
163,189,199,223,
61,103,49,62,127,143,
95,155,187,195,209,
99,207,224,
151,174,178,220,
204,239,
157,162,214,184,236,
102,172,212,
Future links sets, 
161,151,125,106,90,48,101,49,23,
26,21,20,
166,80,71,12,
46,29,24,
82,73,54,74,22,
87,83,43,81,42,
87,70,134,69,65,60,
174,64,13,
73,72,
73,74,22,
104,82,74,72,54,
87,70,134,69,65,60,
158,144,130,89,83,94,81,55,35,
178,152,133,118,93,90,57,45,

228,118,93,25,
232,205,131,87,83,81,43,
185,128,125,175,123,101,98,90,64,
109,83,81,105,40,36,
71,65,40,
104,54,
104,78,41,
72,
234,219,127,64,230,61,
111,53,
121,90,59,57,45,
58,46,
133,99,37,
117,75,66,53,
75,66,53,
112,62,59,45,
204,163,32,
79,86,47,


100,42,
87,43,
237,194,206,167,163,108,79,47,
206,194,228,59,45,
62,59,45,
89,87,80,69,
110,58,
114,91,85,77,
114,92,80,71,
51,
103,101,97,
78,63,
195,152,200,148,137,107,106,
235,223,176,61,
243,223,129,176,98,86,
146,96,


122,

120,112,91,77,
202,158,168,142,94,
143,103,101,

103,97,
146,139,
243,129,98,203,86,
243,235,228,172,128,125,123,97,

68,
109,105,
122,111,
207,107,99,
212,178,152,172,133,118,93,
145,144,130,
139,
144,130,89,



122,111,
224,207,175,99,
185,171,154,115,
110,
178,174,137,107,
165,145,144,134,130,
145,114,92,

168,100,
167,161,153,151,149,163,137,
232,205,171,131,
156,133,108,
145,144,130,
146,
165,145,134,
187,95,
150,180,154,115,
171,165,134,
102,
120,112,
143,244,192,166,127,
141,124,
205,132,120,
220,155,140,133,126,118,
237,245,167,163,137,136,119,
202,114,
142,113,
249,241,121,
243,235,185,172,128,125,123,


223,209,176,155,129,
156,147,136,119,
188,175,155,126,
139,116,


228,205,232,154,135,
239,218,166,127,
171,165,
232,205,131,


206,204,194,209,170,
196,188,161,159,153,151,
201,232,154,135,
222,209,170,143,140,

241,158,142,

241,158,142,
170,178,152,239,174,148,
235,212,243,204,172,
180,132,
240,178,174,156,

228,202,168,
241,158,142,
206,194,170,148,

180,150,
188,161,151,
138,
203,191,147,

240,206,204,195,194,192,187,

212,201,166,
235,206,243,204,194,



227,196,159,
209,
227,215,207,190,
231,185,
246,223,217,216,198,176,
209,
223,213,203,225,199,

244,229,178,174,
198,188,175,
248,215,207,190,177,
231,208,201,
223,238,199,189,
197,179,173,169,
225,164,
248,207,190,177,
242,225,196,191,
223,176,

208,
215,191,

236,214,
229,195,192,187,

249,241,222,
236,214,
246,
220,217,216,
203,199,
237,224,
246,
236,233,
231,
236,193,
224,197,
236,233,
248,193,

236,233,
244,200,
220,217,216,
242,225,213,
237,224,
227,
200,
210,
239,
244,
238,213,
214,
221,
242,230,

218,

221,
247,

239,
245,237,
234,219,
244,229,
233,
226,
249,

248,





246,


242,
245,


238,

240,






248,


247,










Coordinates
0.000595605,0.968381
0.00705021,0.383029
0.0148054,0.711112
0.0202049,0.411132
0.0236833,0.323172
0.0279617,0.67059
0.0393513,0.564348
0.0429133,0.854037
0.0458668,0.28335
0.0459395,0.292114
0.0515336,0.31574
0.0533746,0.559612
0.054756,0.676446
0.0603626,0.841113
0.0674059,0.0113144
0.071387,0.820335
0.0831668,0.611853
0.0837982,0.868289
0.0838514,0.583703
0.0874262,0.562228
0.10932,0.281478
0.110247,0.293499
0.119604,0.231193
0.119755,0.889406
0.125068,0.33091
0.129419,0.766229
0.137454,0.290084
0.137746,0.997541
0.145966,0.329887
0.150863,0.312657
0.151666,0.715577
0.152574,0.971078
0.164094,0.965057
0.166229,0.159245
0.166958,0.0176352
0.167741,0.601644
0.168245,0.523475
0.173997,0.968943
0.177536,0.712189
0.183181,0.700899
0.193739,0.491876
0.205195,0.216168
0.21282,0.571816
0.223944,0.487978
0.226407,0.0528501
0.227744,0.675038
0.227789,0.211542
0.229955,0.937364
0.231272,0.858925
0.239966,0.858038
0.249259,0.318422
0.253299,0.0260096
0.259187,0.0311939
0.260938,0.223036
0.261178,0.134489
0.266994,0.556162
0.267726,0.586682
0.269108,0.67101
0.269778,0.159557
0.272145,0.624789
0.272592,0.345585
0.275722,0.820221
0.275829,0.611387
0.278211,0.168759
0.278227,0.752154
0.279443,0.377419
0.279464,0.213592
0.290575,0.969286
0.292956,0.745016
0.29688,0.39065
0.304052,0.335935
0.308629,0.422491
0.311121,0.0584351
0.314988,0.0320319
0.316032,0.0655598
0.32171,0.178909
0.324073,0.962632
0.333659,0.494586
0.333866,0.107417
0.335392,0.900315
0.336724,0.390985
0.338809,0.418083
0.339216,0.0482066
0.341569,0.427638
0.341625,0.98226
0.344547,0.463967
0.348041,0.78334
0.351441,0.360264
0.354506,0.248781
0.358198,0.377556
0.360376,0.639365
0.365871,0.480708
0.366583,0.395626
0.367147,0.682688
0.367387,0.498947
0.377059,0.627088
0.382384,0.198616
0.38262,0.524425
0.383658,0.721806
0.387769,0.908786
0.390299,0.389859
0.391167,0.585802
0.395103,0.662856
0.397491,0.545962
0.400681,0.0158478
0.40203,0.282405
0.402541,0.795826
0.403442,0.858913
0.414863,0.735701
0.415187,0.255369
0.417586,0.0275358
0.421116,0.0901387
0.426699,0.455463
0.431805,0.55931
0.438915,0.3467
0.446027,0.400725
0.46534,0.215178
0.473717,0.0577145
0.487702,0.624201
0.49558,0.804585
0.496816,0.412796
0.500327,0.580435
0.502996,0.00314229
0.504344,0.461763
0.50808,0.0772114
0.508116,0.461532
0.510812,0.641964
0.511661,0.51003
0.511739,0.446589
0.519556,0.707462
0.520594,0.212364
0.523168,0.326438
0.536107,0.429235
0.537471,0.604161
0.538149,0.230753
0.539323,0.37905
0.543185,0.753776
0.559095,0.808132
0.560549,0.807327
0.57055,0.101317
0.571774,0.53409
0.574433,0.0182099
0.58693,0.391325
0.591775,0.493917
0.605032,0.127623
0.615897,0.144896
0.619457,6.46038e-06
0.623881,0.754605
0.629426,0.552572
0.632603,0.867957
0.632727,0.298204
0.633005,0.692045
0.641836,0.548528
0.644326,0.717461
0.64641,0.26907
0.648922,0.568308
0.649193,0.632481
0.651806,0.886048
0.654596,0.316593
0.65957,0.723754
0.660291,0.966819
0.661015,0.684943
0.666236,0.880593
0.669211,0.765991
0.676651,0.674892
0.703115,0.103954
0.707058,0.29719
0.707989,0.753941
0.709031,0.149783
0.714226,0.925762
0.714411,0.450158
0.721483,0.121445
0.722556,0.325925
0.726982,0.932455
0.730658,0.518801
0.731099,0.559874
0.731718,0.629228
0.732867,0.837059
0.742967,0.503667
0.744532,0.932703
0.746807,0.213374
0.749119,0.966236
0.751411,0.856201
0.756513,0.947378
0.75731,0.964897
0.758969,0.194361
0.75982,0.937197
0.76451,0.401025
0.765075,0.548414
0.766914,0.665768
0.767981,0.799293
0.780447,0.697277
0.788403,0.377128
0.791266,0.945373
0.793667,0.356755
0.794989,0.386983
0.79841,0.657266
0.800525,0.832847
0.801363,0.543509
0.802922,0.58928
0.803682,0.366015
0.80593,0.183545
0.80786,0.0505479
0.8105,0.557403
0.813223,0.310516
0.81391,0.0942181
0.814986,0.333583
0.821023,0.742858
0.826037,0.181783
0.829579,0.376909
0.83914,0.923652
0.843643,0.975179
0.84613,0.198243
0.849371,0.61063
0.863902,0.800189
0.864639,0.677632
0.870111,0.466568
0.8758,0.467626
0.876003,0.122403
0.876017,0.137575
0.880276,0.437107
0.880946,0.493672
0.883248,0.201142
0.884669,0.546356
0.888357,0.732875
0.890465,0.564165
0.890533,0.930399
0.892466,0.618844
0.893989,0.00145866
0.894224,0.328184
0.900651,0.514001
0.906959,0.0669952
0.909001,0.00487611
0.91296,0.865863
0.913941,0.104555
0.926456,0.168991
0.926764,0.793297
0.928195,0.648196
0.930942,0.583279
0.93361,0.221751
0.952765,0.282279
0.955768,0.110466
0.956594,0.49607
0.96139,0.143705
0.965375,0.253793
0.967795,0.653689
0.978202,0.347003
0.97991,0.178223
0.985771,0.745484
0.997137,0.0657896