Storage option,sets
Size,150
Dimension,3
Shape,cylinder
Spacetime,BlackHole
Past sets, 







1,


3,4,
2,
8,
3,4,

2,
8,12,

3,4,1,7,
1,10,4,3,13,
7,13,3,4,10,1,19,
8,9,
6,
3,4,1,7,
6,9,12,8,16,
3,4,1,7,
18,19,1,10,4,3,13,7,20,
16,21,8,12,9,6,24,
16,21,8,12,9,6,24,
0,5,14,
0,5,14,
0,5,11,2,15,
9,18,19,1,10,17,4,3,13,7,20,
9,18,19,1,10,17,4,3,13,7,20,
18,23,7,1,4,3,25,
12,19,1,10,17,4,3,13,7,20,9,8,21,
0,5,11,2,15,
18,19,13,20,7,1,4,3,10,23,
5,11,2,15,6,22,
18,23,7,1,4,3,25,
8,20,7,13,3,4,17,10,1,18,9,19,32,
8,20,7,13,3,4,17,10,1,18,9,19,32,
13,4,17,27,24,6,9,12,8,21,3,16,28,
18,19,13,20,7,1,4,3,10,23,
26,13,3,4,17,10,1,19,18,9,20,7,33,
6,21,8,9,19,1,10,4,17,3,16,13,12,7,
21,35,40,12,41,8,20,7,13,32,3,4,17,10,1,18,9,19,
20,24,28,7,12,6,19,21,8,9,1,10,4,17,3,45,16,13,
34,25,3,4,1,7,10,23,18,39,
11,2,15,12,8,16,6,22,
0,5,2,11,14,
15,2,11,5,0,36,
16,18,21,6,35,9,12,19,1,10,17,4,32,3,13,7,20,8,
11,2,15,12,8,16,6,9,22,
6,15,2,11,31,5,0,36,
0,5,11,14,2,15,
0,5,2,11,14,
19,13,39,18,23,10,7,1,4,3,25,34,48,
37,20,13,34,25,3,4,43,1,7,23,18,10,39,48,19,
27,42,13,16,45,3,17,4,47,21,8,20,7,24,28,12,6,19,9,1,10,
24,28,40,8,20,7,13,3,32,52,45,16,18,21,19,6,35,9,41,12,1,10,17,4,
26,40,8,20,7,13,3,32,52,16,18,21,19,6,35,9,41,12,1,10,46,17,33,4,
57,19,48,39,10,58,37,20,7,13,34,25,3,4,43,1,23,18,
4,33,17,46,10,1,12,41,9,35,6,19,26,13,52,40,8,21,20,7,16,61,3,32,18,
2,20,22,28,24,27,7,12,6,19,21,8,9,1,10,4,17,3,45,16,42,13,
34,25,3,4,1,7,10,23,18,39,
26,57,19,48,39,10,58,37,20,7,13,34,25,3,4,43,1,23,18,
25,34,37,23,43,44,18,26,13,3,33,4,17,10,1,19,9,20,7,
0,31,5,22,6,16,8,38,12,15,2,11,49,
20,57,18,48,19,13,23,39,10,7,1,4,3,25,34,
28,3,21,27,17,24,53,11,2,15,12,8,16,6,9,22,42,13,4,
26,43,37,58,34,25,3,69,62,4,20,7,57,18,48,19,13,23,39,10,1,
46,45,16,32,3,52,13,42,7,20,40,28,24,8,18,47,21,19,6,35,9,41,12,60,1,59,10,17,4,27,
46,45,16,32,3,52,13,42,7,20,40,28,24,8,18,47,21,19,6,35,9,41,12,60,1,59,10,17,4,27,
17,43,58,26,37,66,34,25,3,69,62,4,20,7,57,18,48,19,13,23,39,10,1,
17,9,43,58,26,37,66,34,25,3,69,33,62,4,20,7,57,18,48,19,13,23,39,10,1,
4,3,13,17,27,24,53,11,2,15,28,12,8,21,16,6,9,22,49,
16,41,12,40,35,21,7,20,19,1,10,46,17,9,67,25,34,8,37,23,43,44,18,26,13,32,3,4,33,
27,23,37,44,47,45,19,6,35,9,41,12,10,46,17,33,4,63,26,13,52,40,8,21,20,7,16,61,3,32,18,1,60,24,28,
58,57,7,20,48,19,1,39,10,17,9,67,25,34,66,37,23,43,44,18,26,13,32,3,62,4,33,
9,17,44,18,23,1,43,33,62,4,3,25,26,13,57,58,19,48,39,10,66,37,20,7,34,
0,3,4,17,27,21,28,24,53,11,2,15,12,8,16,6,38,9,22,49,5,
48,39,58,33,10,19,46,17,20,7,21,35,1,40,41,12,16,9,25,34,67,8,37,23,43,44,77,18,26,13,32,3,4,
15,26,33,22,2,64,27,4,28,40,72,13,42,52,3,32,16,45,20,7,46,17,73,24,8,18,47,21,19,6,35,9,41,12,60,1,59,10,
74,1,10,39,23,71,13,19,48,18,57,65,7,20,75,17,43,69,9,58,26,37,66,34,25,3,4,62,33,
1,10,39,23,19,48,18,57,13,71,58,26,43,69,37,34,25,3,4,62,20,65,7,
75,25,32,33,3,62,4,1,23,18,44,43,17,9,67,80,26,13,57,58,19,48,39,69,10,37,66,7,34,20,79,
74,1,10,39,23,71,13,19,48,18,57,65,7,20,75,17,43,69,9,58,26,37,66,34,25,3,4,62,33,
6,52,48,39,58,33,10,19,46,17,20,7,21,35,1,40,41,12,16,9,25,34,67,8,37,23,43,44,77,18,26,13,32,3,4,
36,53,49,68,16,0,5,22,6,8,9,38,12,15,31,2,11,
35,49,12,70,11,24,53,17,27,8,21,3,15,2,28,16,45,6,64,9,22,42,13,4,20,7,19,1,59,10,47,
42,13,76,5,49,22,9,38,6,16,8,70,12,81,3,0,4,17,27,21,28,31,2,15,53,24,11,
43,34,25,3,69,4,20,65,7,57,18,48,19,13,23,39,10,1,
18,32,38,47,10,0,59,3,90,21,8,76,17,27,53,24,11,70,12,49,20,35,6,5,64,15,2,28,16,45,9,22,42,13,4,7,19,1,
8,38,50,56,0,5,31,2,15,54,11,14,55,6,36,22,51,
57,28,24,61,45,47,27,63,4,62,3,32,13,26,18,77,17,46,66,7,20,33,48,78,19,39,10,52,82,23,58,6,35,88,60,1,21,40,41,12,16,9,25,34,67,8,37,43,44,
53,11,70,10,59,1,60,12,41,9,35,6,19,4,33,40,27,64,22,72,13,42,26,28,61,2,15,73,52,3,32,16,45,20,7,46,17,83,24,8,18,47,21,
41,40,35,46,65,12,71,74,79,20,34,44,18,1,43,4,33,62,3,32,84,25,23,16,75,17,86,57,9,8,67,21,80,26,13,58,19,48,39,10,69,37,66,7,
36,54,14,55,49,68,16,0,5,51,22,6,8,9,38,12,15,31,2,11,
32,67,44,80,33,57,18,19,48,71,13,65,39,23,1,74,87,58,20,75,17,43,10,69,9,85,26,37,7,66,34,84,25,4,3,62,
74,57,86,4,62,3,32,13,26,18,77,17,46,66,7,79,20,33,48,19,39,69,10,52,82,23,58,6,35,88,1,80,21,40,41,12,75,16,9,25,34,67,8,37,43,44,
9,48,19,18,57,65,20,25,34,4,3,62,92,33,43,13,71,23,39,69,10,1,58,85,26,37,7,66,74,17,
13,36,68,5,49,22,9,38,6,16,8,12,81,3,0,4,17,27,21,28,31,2,15,53,24,11,
17,74,66,37,26,58,85,1,10,39,23,71,13,43,69,62,4,92,34,25,3,20,7,65,57,18,19,48,
41,18,73,46,32,52,40,33,26,47,10,59,3,90,21,8,76,17,27,53,83,24,11,70,12,49,20,35,6,64,15,61,2,28,16,45,9,22,42,72,13,4,7,19,60,1,
38,1,60,19,7,4,13,72,42,22,9,16,28,2,61,15,5,64,6,10,40,32,3,90,59,33,46,45,104,47,18,17,76,73,41,11,70,12,26,52,21,8,27,53,24,83,49,20,35,
23,37,44,11,53,10,59,1,60,12,41,9,35,6,19,63,4,33,40,27,64,22,72,13,42,26,28,61,2,15,73,52,3,32,16,45,20,7,46,17,83,24,8,18,47,21,
74,57,86,4,62,3,32,13,26,18,77,17,46,66,7,79,20,33,48,19,39,69,10,52,82,23,58,65,6,35,88,1,80,21,40,41,71,12,75,16,9,84,25,34,67,8,37,43,44,
44,49,90,21,47,18,8,24,83,17,46,7,20,45,16,32,3,52,6,35,64,9,96,41,12,59,60,1,10,70,11,40,53,19,63,4,33,27,22,72,13,42,26,28,2,61,15,73,
35,41,86,62,3,4,25,84,34,66,7,65,13,12,71,48,19,33,18,57,44,21,80,8,67,9,32,40,99,39,23,1,74,87,58,79,20,75,17,43,10,69,85,26,37,
48,19,18,57,65,7,20,3,25,34,92,4,62,69,43,17,103,74,1,66,37,26,58,13,71,85,39,10,23,
17,27,21,28,54,11,15,12,2,31,89,36,49,24,53,68,16,0,5,51,22,6,8,9,38,
17,27,21,28,54,11,15,12,2,31,89,36,49,24,53,68,16,0,5,51,22,6,8,9,38,
23,38,73,15,61,2,28,26,42,13,72,22,27,33,4,63,19,53,40,11,70,10,7,105,46,76,17,8,47,18,21,90,32,3,108,49,20,24,83,44,104,45,16,52,6,35,5,64,9,37,96,41,12,0,59,1,60,
23,4,92,34,25,62,3,20,65,57,18,48,19,110,43,17,103,74,1,7,66,37,58,13,71,26,85,39,69,10,
46,97,101,37,26,85,69,10,43,17,16,75,20,79,58,87,74,1,82,23,39,65,7,66,84,25,4,92,33,62,3,32,34,86,57,41,35,109,13,12,71,48,19,77,18,44,80,21,8,67,9,99,40,
75,87,80,67,32,99,9,101,23,4,33,92,34,84,25,62,3,20,65,57,18,48,19,110,43,17,44,103,74,1,7,66,37,58,13,71,26,85,39,69,10,
81,93,8,17,76,46,105,7,10,70,11,40,53,19,63,4,33,27,61,2,22,23,38,73,15,28,113,26,13,72,42,47,106,18,21,90,32,3,108,49,20,24,83,44,104,45,16,52,6,35,5,64,9,37,96,41,12,0,59,1,60,
11,79,80,52,10,39,78,19,20,7,66,46,17,48,77,18,26,13,72,95,57,28,24,83,63,4,45,47,27,33,62,3,61,2,32,82,23,58,6,35,88,60,1,21,40,41,12,16,9,25,34,67,8,37,43,44,15,22,64,42,73,59,
43,34,25,58,39,48,88,21,77,18,67,8,24,83,17,46,7,20,45,16,32,3,52,73,15,9,12,41,59,60,1,53,44,11,40,37,10,82,23,47,106,78,19,35,6,64,63,4,33,27,22,72,13,42,26,28,2,61,
46,101,37,26,85,69,10,43,17,16,75,20,79,58,87,74,1,23,39,65,7,66,84,25,4,92,33,62,3,32,34,86,57,41,35,109,13,12,71,48,19,18,103,44,80,21,8,67,9,99,40,
43,34,25,23,73,15,61,2,28,26,42,13,72,22,27,33,4,63,78,19,53,40,11,70,10,7,46,17,67,8,106,47,77,18,21,90,32,3,108,49,20,24,83,44,45,16,52,6,35,64,9,37,96,41,12,59,1,60,
41,86,10,69,39,85,26,12,71,13,58,37,66,7,1,74,34,92,33,4,40,99,32,62,3,8,67,9,21,80,87,23,110,101,43,75,17,84,25,79,20,65,116,57,18,48,19,44,103,
65,71,84,75,69,86,74,100,59,73,42,64,45,4,63,83,24,28,57,72,13,26,47,18,77,118,79,20,95,66,7,11,80,21,52,39,10,48,19,78,17,46,27,33,62,3,61,2,32,82,23,58,6,35,88,60,1,40,41,12,16,9,25,34,67,8,37,43,44,15,22,
42,59,85,87,60,78,63,58,82,23,52,69,10,39,79,20,65,6,7,66,107,48,74,18,77,57,86,27,46,17,33,4,62,3,32,13,26,19,35,88,1,80,21,40,41,100,71,12,75,16,9,84,25,34,67,8,37,43,44,97,95,28,24,61,45,47,
70,79,80,66,62,57,95,41,12,15,73,52,16,45,20,7,46,17,24,83,3,32,119,60,1,9,67,8,43,34,21,25,58,39,77,18,48,88,59,53,44,11,40,37,10,82,23,47,106,78,19,35,6,64,63,4,33,27,22,72,13,42,26,28,2,61,
46,35,109,114,103,44,19,48,18,57,116,65,20,79,25,84,17,16,75,43,101,110,23,87,80,21,37,58,13,71,12,41,85,26,39,10,69,99,40,86,66,7,1,74,34,92,33,122,4,32,62,3,8,67,9,
22,15,44,43,37,8,67,34,25,9,16,12,41,20,79,118,59,77,18,47,72,13,24,83,63,4,26,84,123,64,65,6,75,69,10,57,28,86,27,73,45,74,71,100,42,95,66,7,11,80,21,52,39,48,19,78,17,46,33,62,3,61,2,32,82,23,58,35,88,60,1,40,
61,63,100,88,92,33,25,84,7,66,65,6,23,82,1,87,58,79,20,62,3,4,120,74,16,75,85,26,39,10,69,37,101,43,46,17,32,34,86,57,41,35,109,13,12,71,48,107,19,18,77,103,44,80,21,8,67,9,99,40,115,97,52,
25,43,68,78,31,91,60,1,59,26,113,28,15,73,38,22,81,2,61,27,33,4,63,19,53,117,23,93,8,17,76,46,105,7,11,70,40,10,13,72,42,47,106,18,21,90,32,3,108,49,20,24,83,44,104,45,16,52,6,35,5,64,9,37,96,41,12,0,
75,87,9,101,10,69,48,19,18,57,65,20,84,25,34,33,92,4,3,62,23,110,114,43,17,44,103,74,1,7,66,37,58,13,71,85,26,39,
68,31,81,91,8,17,76,46,105,7,10,70,11,40,53,19,63,4,33,27,61,2,22,23,38,73,15,28,113,26,13,72,42,47,18,21,90,32,3,108,49,20,24,83,44,104,45,16,52,6,35,5,64,9,37,96,41,12,0,59,1,60,93,
42,60,78,63,27,47,45,61,24,28,95,100,92,33,4,25,84,7,66,65,6,23,82,1,87,58,79,20,115,37,85,26,39,97,10,69,101,43,46,75,16,17,74,62,3,32,34,86,57,41,35,109,13,12,71,48,107,19,77,18,44,103,80,21,8,67,9,99,40,52,88,
42,60,78,63,27,47,45,61,24,28,95,100,92,33,4,25,84,7,66,65,6,23,82,1,87,58,79,20,115,37,85,26,39,97,10,69,101,43,46,75,16,17,74,62,3,32,34,86,57,41,35,109,13,12,71,48,107,19,77,18,44,103,80,21,8,67,9,99,40,52,88,
116,110,122,52,97,115,40,99,85,26,75,16,74,20,79,58,87,82,23,10,69,3,62,61,120,100,41,128,1,88,63,4,92,33,66,7,25,84,6,65,39,37,101,43,46,17,32,34,86,57,35,109,13,12,71,48,107,19,18,77,103,44,80,21,8,67,9,
114,116,110,122,52,97,115,40,99,85,26,75,16,74,20,79,58,87,82,23,10,69,3,62,61,120,100,41,128,1,88,63,4,92,33,66,7,25,84,6,65,39,37,101,43,46,17,32,34,86,57,35,109,13,12,71,48,107,19,18,77,103,44,80,21,8,67,9,
70,106,53,119,40,1,60,88,35,58,23,82,32,2,61,3,62,33,84,25,26,4,63,24,83,13,72,47,18,77,59,118,79,20,127,9,22,67,8,15,74,44,43,37,34,41,100,12,71,16,75,123,64,65,6,69,10,57,28,86,27,73,45,42,95,66,7,11,80,21,52,39,48,19,78,17,46,
99,109,73,64,22,15,2,83,72,11,118,47,45,61,24,28,95,97,44,86,27,57,18,77,74,48,107,6,65,124,7,66,79,20,39,10,69,59,85,26,42,60,1,78,19,63,4,87,58,82,23,52,46,17,33,62,3,32,13,35,88,80,21,40,41,100,71,12,75,16,9,84,25,34,67,8,37,43,
6,52,77,82,37,23,110,101,43,84,25,21,80,79,20,126,8,67,35,75,16,17,46,109,44,103,18,57,116,114,58,87,48,19,65,13,71,12,41,85,26,39,10,69,99,40,86,66,7,1,74,34,92,33,122,4,32,62,3,9,120,115,97,
75,69,86,74,100,0,5,104,76,105,38,113,118,96,49,108,90,121,61,2,28,26,42,13,72,22,1,60,119,32,3,62,83,24,17,46,7,125,66,20,79,45,16,67,8,9,57,80,21,73,15,95,70,11,41,12,52,43,34,25,58,39,77,18,48,88,59,53,44,40,37,10,82,23,47,106,78,19,35,6,64,63,4,33,27,
36,106,117,78,43,25,93,60,1,59,0,28,38,22,81,61,129,2,27,63,19,53,40,11,70,15,73,4,131,13,72,23,31,90,33,91,32,8,105,46,76,17,7,68,9,10,113,26,42,47,18,21,3,108,49,20,24,83,44,104,45,16,52,6,35,5,64,37,96,41,12,
77,82,97,74,103,44,114,110,23,62,4,122,33,92,34,25,84,65,17,75,16,43,3,130,71,12,101,10,69,87,9,48,19,18,57,116,20,79,1,7,66,37,58,13,85,26,39,126,8,67,46,35,109,80,21,41,99,40,86,32,120,115,
116,110,122,120,88,52,40,99,9,67,8,21,80,103,44,18,77,79,20,58,87,28,128,1,60,23,82,6,65,7,66,84,25,4,63,33,92,47,78,19,24,27,86,132,45,61,42,101,100,41,95,115,37,85,26,39,97,10,69,43,46,75,16,17,74,62,3,32,34,57,35,109,13,12,71,48,107,
57,66,31,91,0,5,104,113,38,105,76,93,81,117,82,88,48,39,58,119,17,46,7,10,70,11,40,53,19,78,4,63,33,27,22,72,13,43,121,3,34,25,23,73,15,2,61,28,26,42,67,8,106,47,77,18,21,90,32,108,49,20,24,83,44,45,16,52,6,35,64,9,37,96,41,12,59,1,60,
54,89,91,93,31,60,1,59,0,12,41,96,9,68,64,5,35,6,52,16,45,104,44,83,24,20,49,108,3,32,90,21,18,47,8,17,76,46,105,7,10,70,11,40,53,19,63,4,33,27,22,81,72,13,42,26,28,2,61,15,73,38,102,36,
53,99,97,107,87,85,124,40,1,60,88,35,58,23,82,32,2,61,3,62,33,84,25,26,4,63,24,83,13,72,47,18,77,59,118,79,20,127,9,22,67,8,15,74,44,43,37,34,41,100,12,71,16,75,123,64,65,6,69,10,57,28,86,27,73,45,42,95,66,7,11,80,21,52,39,48,19,78,17,46,
73,59,124,132,88,52,40,99,9,67,8,21,80,103,44,18,77,79,20,58,87,28,1,60,23,82,65,7,66,84,25,4,63,33,92,6,133,74,47,78,19,24,27,86,45,61,42,101,100,41,95,115,37,85,26,39,97,10,69,43,46,75,16,17,62,3,32,34,57,35,109,13,12,71,48,107,
51,54,89,46,105,40,10,6,64,5,15,90,31,3,32,91,61,2,28,59,0,1,60,19,7,72,13,33,4,42,45,104,16,22,81,38,9,68,47,18,17,76,73,41,11,70,12,26,52,21,8,27,53,24,83,49,20,35,102,36,96,93,
53,92,101,123,127,43,37,8,67,34,25,84,9,16,75,12,71,100,41,40,21,80,88,35,13,107,48,77,18,27,86,97,95,57,28,87,24,83,61,2,74,15,45,78,19,72,99,47,6,65,124,64,109,22,44,73,11,118,59,7,66,79,20,39,137,10,69,85,26,42,60,1,63,4,58,82,23,52,46,17,33,62,3,32,
65,71,93,27,33,4,63,64,6,35,19,78,106,47,23,82,10,37,40,44,53,59,88,48,18,77,39,58,25,34,1,60,119,22,72,13,61,2,90,108,49,118,0,80,21,74,15,42,100,41,26,113,69,28,86,75,16,104,45,121,3,62,5,76,17,105,46,96,38,32,83,24,7,125,66,20,79,67,8,9,57,73,95,70,11,139,12,52,43,
Future sets, 
93,139,81,113,55,50,51,102,131,129,29,36,94,68,117,30,89,147,31,56,143,149,91,144,54,112,98,111,140,
144,85,26,110,130,71,120,61,122,63,78,137,95,127,141,82,109,79,138,66,125,135,80,139,62,33,92,48,58,124,65,39,128,69,40,43,72,57,136,77,18,145,52,100,41,129,140,88,149,90,99,116,97,126,67,123,64,134,7,117,59,118,25,143,84,148,119,60,23,35,47,106,86,121,147,20,107,45,104,132,73,108,115,131,113,44,103,133,74,75,101,114,19,146,87,142,83,96,37,32,93,34,46,105,
83,15,121,108,49,117,81,140,139,93,105,113,54,38,51,89,148,147,31,149,90,143,125,96,145,119,106,55,56,118,137,50,136,64,123,94,36,98,76,104,11,70,129,111,127,68,53,112,131,102,144,91,
81,25,23,34,39,42,91,70,76,102,128,69,79,138,20,147,52,59,118,105,46,37,96,84,143,83,142,87,146,19,114,101,75,74,133,97,18,145,86,116,57,115,126,67,60,119,148,73,132,104,45,125,66,80,139,109,82,141,127,95,124,65,78,136,77,137,10,26,144,85,130,71,135,48,107,61,120,110,35,122,63,64,123,93,58,117,62,121,33,92,47,106,134,90,149,32,43,113,44,103,131,72,108,100,41,129,13,140,88,99,40,
81,25,23,34,39,42,91,70,76,102,128,69,79,138,20,147,52,59,118,105,46,37,96,84,143,83,142,87,146,19,114,101,75,74,133,97,18,145,86,116,57,115,126,67,60,119,148,73,132,104,45,125,66,80,139,109,82,141,127,95,124,65,78,136,77,137,10,26,144,85,130,71,135,48,107,61,120,110,35,122,63,64,123,93,58,117,62,121,33,92,47,106,134,90,149,32,43,113,44,103,131,72,108,100,41,129,13,140,88,99,40,
56,55,111,98,112,144,91,143,149,31,89,30,117,68,94,36,147,29,129,131,102,51,38,54,113,105,93,139,140,81,50,
54,88,61,128,135,63,134,100,107,138,52,45,59,111,140,81,129,70,113,76,105,68,127,139,91,143,83,24,142,118,137,78,98,94,123,64,136,93,106,47,119,60,145,27,38,96,125,53,112,144,131,72,102,147,148,89,117,49,108,121,22,149,90,104,124,42,133,95,73,132,28,146,
45,25,23,35,90,47,59,64,121,107,132,86,119,148,67,126,116,99,97,123,149,20,147,88,117,140,129,100,106,108,115,131,113,44,103,133,74,75,101,114,146,87,142,83,143,84,96,37,32,93,34,73,41,104,46,105,118,60,52,134,145,18,77,136,57,72,43,40,69,128,39,65,124,58,48,92,33,62,139,80,135,125,66,138,79,109,82,141,127,95,137,78,63,122,61,120,71,130,110,26,85,144,
94,41,40,27,145,52,111,102,105,91,149,90,89,21,148,119,60,93,121,49,108,137,78,124,95,142,123,64,140,81,113,96,125,45,104,132,73,131,72,139,12,133,46,98,122,63,35,109,138,147,88,118,59,144,28,146,117,127,68,107,100,76,135,47,106,134,16,143,120,61,126,97,115,141,82,128,53,112,77,136,42,129,70,24,83,
98,89,53,75,80,67,44,130,84,87,101,33,41,79,40,86,99,116,32,24,120,61,63,109,35,137,78,108,121,124,93,60,119,90,139,148,21,96,125,73,132,131,72,147,88,118,59,134,107,138,122,45,104,117,146,28,128,144,115,141,82,46,105,100,97,126,113,142,83,27,145,112,111,52,102,76,135,95,127,106,47,136,77,123,64,133,91,42,143,81,140,129,70,149,
65,48,144,85,26,110,130,71,120,61,122,63,78,137,124,95,127,141,82,109,66,125,136,77,135,80,139,35,64,93,58,62,33,92,47,134,90,32,43,113,44,103,131,72,108,100,41,129,140,117,88,149,123,99,40,106,121,107,45,104,132,73,148,119,60,67,126,115,57,116,86,145,97,133,74,75,101,114,19,146,87,142,83,143,84,96,37,46,105,118,59,52,147,20,138,79,69,128,
123,137,118,56,55,106,136,96,125,119,145,50,76,104,70,129,111,127,68,94,36,98,53,112,131,102,144,91,143,90,149,31,147,148,89,51,38,54,113,105,93,139,140,81,117,49,108,121,
122,46,109,35,138,98,59,118,146,28,117,72,131,132,73,125,96,147,144,139,113,81,140,133,104,45,64,123,127,68,107,100,76,135,47,106,134,143,16,63,120,61,126,97,115,141,82,128,53,112,88,77,136,42,129,70,24,83,142,95,124,78,137,108,49,121,93,60,119,148,89,90,149,91,105,102,111,52,145,27,
102,76,70,91,42,144,85,26,110,130,71,120,61,122,63,78,137,124,95,127,141,82,109,66,125,136,77,135,80,139,35,64,93,58,62,33,92,47,134,90,32,43,113,44,103,131,72,108,100,41,129,140,117,88,149,123,99,40,106,121,107,45,104,132,73,148,119,60,67,126,115,57,116,86,145,97,133,74,75,101,114,19,146,87,142,83,143,84,96,37,46,105,118,59,52,147,20,138,79,69,128,
98,50,56,30,55,94,29,
137,118,123,83,55,106,136,96,125,119,145,76,104,70,129,111,127,68,94,36,98,53,112,131,102,144,91,143,90,149,31,147,148,89,51,38,54,113,105,93,139,140,81,117,49,108,121,
126,120,97,115,141,82,77,53,88,61,128,135,63,134,100,107,127,68,106,47,76,123,64,104,45,133,143,81,140,42,129,70,24,83,142,95,124,136,78,137,108,49,121,93,60,119,148,89,90,149,91,105,102,111,52,112,145,27,113,139,144,147,96,125,73,132,131,72,117,28,146,118,59,98,138,
112,111,102,81,76,103,110,114,74,47,45,64,70,59,91,42,90,35,75,80,67,44,130,84,87,101,33,52,118,147,88,128,129,78,137,107,136,77,106,135,63,122,109,40,99,139,123,120,61,134,32,93,116,145,86,141,82,104,133,144,131,72,143,140,108,121,115,132,73,138,79,149,97,126,100,41,105,46,148,60,119,127,124,95,146,117,125,96,83,142,113,
43,39,37,57,92,58,48,62,65,69,34,33,52,60,46,41,73,40,72,93,32,96,104,105,143,134,142,118,139,80,135,77,136,125,66,138,79,109,128,82,141,127,95,124,137,78,63,122,61,120,83,71,130,110,26,85,144,84,87,146,114,101,75,74,133,103,44,113,131,115,108,106,100,129,140,117,88,147,149,123,97,99,116,126,67,148,119,145,86,132,107,121,
57,45,121,107,132,86,145,119,148,67,126,116,99,97,123,149,88,117,140,129,100,106,108,115,131,113,44,103,133,74,75,101,114,146,87,142,83,143,84,96,37,73,41,104,46,105,118,59,60,52,147,20,138,79,40,69,128,72,43,32,90,134,47,92,33,62,58,93,64,35,139,80,135,77,136,125,66,109,82,141,127,95,124,137,78,63,122,61,120,71,130,110,26,85,144,
69,64,59,47,92,43,62,58,37,90,35,33,52,60,46,41,73,40,72,93,32,96,104,105,143,134,142,118,139,80,135,77,136,125,66,138,79,109,128,82,141,127,95,124,137,78,63,122,61,120,83,71,130,110,26,85,144,84,87,146,114,101,75,74,133,103,44,113,131,115,108,106,100,129,140,117,88,147,149,123,97,99,116,126,67,148,119,145,86,132,107,121,
122,45,88,128,46,100,126,97,138,115,141,82,107,134,59,118,146,28,117,72,131,132,73,125,96,147,144,139,113,142,83,27,145,112,111,52,102,105,76,135,95,127,106,47,136,77,123,64,104,133,91,42,143,81,140,129,70,149,90,148,119,60,93,124,121,108,78,137,35,109,63,61,120,
83,118,137,123,64,106,136,96,125,119,145,98,143,91,93,139,127,68,94,105,76,113,70,129,38,81,140,111,53,112,144,131,102,147,148,89,117,49,108,121,149,90,104,
43,39,106,129,140,78,117,113,131,37,125,66,67,126,97,130,71,88,119,107,48,137,122,58,145,86,77,136,69,128,134,75,34,121,62,99,118,95,124,65,149,120,132,103,84,143,142,101,127,109,74,133,87,146,138,79,92,116,57,115,82,141,123,135,148,85,114,80,139,110,100,
137,78,108,121,124,93,60,119,148,90,149,70,129,140,81,143,42,91,133,104,64,123,136,47,106,127,95,76,105,102,111,112,145,27,83,142,113,139,144,147,96,125,73,132,131,72,117,28,146,118,59,
140,129,39,125,66,67,126,97,130,71,88,119,107,48,137,122,58,145,86,77,136,69,128,134,75,34,121,62,99,118,95,124,65,149,120,132,103,84,143,142,101,127,109,74,133,87,146,138,79,92,116,57,115,82,141,123,135,148,85,114,80,139,110,100,
83,85,71,74,114,101,110,103,84,87,75,120,61,122,63,78,137,124,95,127,141,82,128,109,138,79,125,66,130,113,44,131,115,144,108,106,100,129,140,133,117,88,147,146,149,123,97,99,116,126,67,148,119,145,86,132,107,121,136,77,135,80,139,118,142,134,143,105,104,96,
112,111,102,95,76,105,127,106,145,136,123,64,83,142,139,144,147,96,125,132,73,72,131,113,117,146,118,59,104,133,91,42,143,81,140,129,70,149,90,148,119,93,124,121,108,78,137,
112,111,102,76,95,105,127,47,106,145,136,123,64,83,142,139,144,147,96,125,132,73,72,131,113,117,146,118,59,104,133,91,42,143,81,140,129,70,149,90,148,60,119,93,124,121,108,78,137,


143,91,144,54,112,98,94,68,111,140,129,131,102,147,89,
116,99,93,86,141,82,145,104,133,144,72,131,134,120,61,123,139,40,109,122,63,135,106,77,136,129,107,78,137,143,140,108,121,115,132,73,138,79,149,97,126,100,41,105,46,148,60,119,127,124,95,146,117,125,96,83,142,113,128,88,147,118,52,
101,83,87,84,120,61,122,63,78,137,124,95,127,141,82,128,109,138,79,125,130,113,44,131,115,144,108,106,100,129,140,133,117,88,147,146,149,123,97,99,116,126,67,148,119,145,86,132,107,121,136,77,135,80,139,118,142,134,75,143,105,104,96,
77,69,128,99,118,95,124,65,134,75,62,121,120,149,86,145,122,137,48,107,119,88,58,71,130,126,67,97,132,103,84,143,142,101,127,109,74,133,87,146,138,79,92,116,57,115,82,141,123,136,135,148,85,114,80,139,110,100,66,125,
109,93,52,136,77,78,137,143,140,129,108,63,121,106,135,139,123,61,120,134,131,72,144,133,104,145,107,82,141,115,132,73,138,90,149,97,126,100,105,46,148,60,119,127,124,95,146,117,125,96,83,142,113,128,88,147,118,
140,102,89,144,54,94,98,111,112,147,51,
131,113,117,66,125,100,110,139,80,114,85,135,107,136,77,127,123,115,141,82,148,119,88,146,87,133,74,58,116,79,138,109,99,128,118,95,124,134,75,62,121,120,149,86,145,122,137,78,126,67,97,101,71,130,142,143,84,103,132,140,129,106,
113,105,94,93,149,91,143,68,139,81,129,98,140,111,112,144,131,102,147,89,117,
125,66,100,110,139,80,114,85,148,135,136,123,141,82,115,57,116,92,79,138,146,87,133,74,109,127,101,142,143,84,103,132,97,126,130,71,58,88,119,107,48,137,122,145,86,149,120,62,75,134,65,124,95,118,99,128,69,
109,136,77,78,137,143,140,129,108,122,63,121,106,135,139,123,61,120,134,131,72,144,133,104,145,107,82,141,115,132,73,138,149,97,126,100,105,46,148,60,119,127,124,95,146,117,125,96,83,142,113,128,88,147,118,
109,136,77,78,137,143,140,129,108,122,63,121,106,135,139,123,61,120,134,131,72,144,133,104,145,107,82,141,115,132,73,138,149,97,126,100,105,46,148,60,119,127,124,95,146,117,125,96,83,142,113,128,88,147,118,
133,91,113,125,96,104,147,144,132,73,146,117,118,59,143,140,70,129,149,90,148,119,93,124,121,108,137,131,72,139,142,83,64,123,136,145,106,127,105,
140,129,92,132,103,84,143,142,130,71,101,97,67,126,137,122,145,86,149,120,121,62,75,134,124,95,118,128,99,109,138,79,116,58,74,133,87,146,88,119,148,82,141,115,123,127,77,136,107,135,85,114,80,139,110,100,125,66,
130,113,131,144,108,117,106,129,140,133,146,88,100,125,138,79,128,115,141,82,127,95,124,78,137,109,122,120,149,123,97,99,116,126,67,148,119,145,86,132,107,121,136,77,135,80,139,118,142,134,143,
105,127,145,136,64,123,83,142,139,144,117,146,104,133,96,125,113,147,59,118,95,124,132,73,72,131,106,47,143,140,129,149,90,148,60,119,93,121,108,137,78,
126,97,100,138,115,141,82,107,149,73,132,145,148,119,127,124,95,146,117,125,96,83,142,113,128,88,147,118,104,133,144,72,131,105,134,120,61,123,139,135,106,121,63,108,129,140,143,137,78,77,136,
95,133,113,125,96,104,147,144,132,73,146,117,118,59,143,140,129,149,90,148,119,93,124,121,108,78,137,131,72,139,142,83,123,136,145,106,127,105,
119,88,58,132,103,84,143,142,130,71,101,97,126,137,122,145,86,149,120,62,75,134,124,95,118,99,128,69,127,109,74,133,87,146,138,79,92,116,57,115,82,141,123,136,107,135,148,85,114,80,139,110,100,66,125,
108,121,90,81,139,113,149,91,93,104,117,143,68,129,98,140,111,112,144,131,102,147,89,105,76,
94,
147,112,111,98,94,
138,107,100,134,63,135,128,61,113,125,96,104,105,127,106,144,117,146,143,140,129,149,133,95,124,132,73,118,88,147,121,108,137,78,136,131,72,139,142,83,123,145,148,60,119,
145,93,147,148,89,108,121,119,104,113,139,125,96,136,129,70,91,90,149,144,131,102,105,76,81,140,111,143,117,112,106,
147,144,112,111,98,94,
98,94,
94,
92,146,87,116,133,74,138,79,109,69,128,99,141,115,123,127,136,107,135,148,85,114,80,139,110,100,66,125,118,95,124,134,75,62,120,149,86,145,122,137,126,97,101,71,130,142,143,84,103,132,
88,119,146,87,116,133,74,138,79,109,128,99,82,141,115,123,127,136,107,135,148,85,114,80,139,110,100,66,125,118,95,124,134,75,62,120,149,86,145,122,137,126,97,101,71,130,142,143,84,103,132,
124,93,90,149,129,140,143,117,146,73,144,118,147,121,108,137,131,72,139,83,123,136,145,148,119,106,127,105,104,96,125,113,
124,95,133,149,129,140,143,117,146,132,73,144,118,147,121,108,78,137,131,72,139,142,83,123,136,145,148,119,106,127,105,104,96,125,113,
105,104,147,96,128,131,144,142,113,125,117,146,133,123,118,139,135,106,121,63,108,134,129,140,143,137,78,136,95,124,127,119,148,145,132,149,
95,118,125,100,80,139,114,85,148,135,75,134,86,145,120,149,122,124,137,126,97,101,142,84,103,132,110,130,71,107,136,127,123,115,141,99,128,109,79,138,74,133,116,87,146,
134,135,108,139,118,123,133,146,117,125,121,142,113,129,140,143,137,78,136,95,124,127,119,148,145,132,149,106,144,131,128,
93,108,137,121,147,118,117,143,140,129,144,131,149,139,83,123,136,145,90,148,119,106,127,105,104,96,125,113,
149,92,103,101,110,126,97,142,84,137,124,122,120,107,136,127,130,123,115,141,99,128,109,138,133,87,146,132,116,145,134,135,148,85,114,
95,118,125,100,148,135,75,134,87,146,86,145,124,137,142,143,84,103,132,97,126,149,120,110,80,139,101,130,114,122,107,136,127,123,115,141,99,128,109,79,138,74,133,116,
116,99,126,97,120,122,109,123,137,124,95,127,148,119,86,145,132,107,149,121,136,77,135,139,118,142,134,143,82,141,115,128,79,138,125,100,88,146,133,
140,129,98,111,112,131,144,147,102,89,
92,100,139,114,85,148,135,75,134,86,145,120,149,122,124,137,126,97,101,142,84,103,132,110,130,71,107,136,127,123,115,141,99,128,109,138,74,133,116,87,146,
136,125,96,139,113,104,90,129,121,108,147,93,91,149,144,131,105,140,143,117,
149,103,101,110,126,97,142,84,137,124,122,120,107,136,127,130,123,115,141,99,128,109,138,133,87,146,132,116,145,134,135,148,85,114,
108,137,121,147,118,117,143,140,129,144,131,149,139,83,123,136,145,148,119,106,127,105,104,96,125,113,
108,137,121,147,118,146,117,143,140,129,144,131,149,139,83,123,136,145,148,119,106,127,105,104,96,125,113,
114,110,103,101,139,149,126,97,142,84,137,124,122,120,107,136,127,130,123,115,141,99,128,109,138,133,132,116,145,146,87,134,135,148,100,
100,149,126,97,142,84,137,124,122,120,107,136,127,130,123,115,141,99,128,109,138,133,87,146,132,116,86,145,134,135,148,139,
105,143,117,104,147,144,131,140,129,93,91,149,113,139,
121,136,107,149,132,145,148,119,127,124,95,137,139,118,142,82,134,143,141,115,128,138,125,135,100,88,146,133,123,
140,129,121,143,125,146,123,133,142,118,139,137,95,124,127,119,148,145,132,149,136,
125,118,148,135,134,145,132,146,133,138,109,128,141,137,115,86,122,127,107,136,123,120,149,139,100,97,126,124,142,
125,118,142,124,126,97,100,139,149,120,123,136,107,127,122,115,137,141,128,99,109,138,133,146,132,86,145,116,134,135,148,
102,129,140,131,144,147,117,143,91,
143,141,138,115,134,128,135,100,125,146,123,133,142,118,139,137,95,124,127,119,148,145,132,149,107,136,
123,145,127,148,119,136,106,105,104,125,96,113,139,149,131,144,129,140,143,117,118,147,121,137,108,
130,127,123,136,107,120,122,124,142,126,97,137,115,141,99,128,109,138,133,146,132,116,145,134,135,148,
124,114,110,130,101,142,134,103,132,120,146,133,122,148,135,138,109,145,116,137,126,115,141,99,128,
122,127,107,136,123,139,120,149,100,124,142,126,97,137,115,141,128,109,138,133,146,132,145,134,135,148,
130,124,142,134,132,120,146,133,122,148,135,138,109,145,116,137,126,115,141,99,128,
143,134,128,135,100,125,146,123,133,142,118,139,137,95,124,127,119,148,145,132,149,107,136,
147,144,112,111,
121,108,93,149,147,144,131,105,129,140,143,117,104,113,139,
147,143,144,131,140,129,
114,110,126,116,142,122,148,135,101,130,120,133,146,115,141,128,138,103,132,134,
149,147,144,131,129,140,143,117,

133,142,118,139,137,124,127,148,145,132,149,136,123,146,125,
113,139,149,131,144,129,140,143,117,147,121,108,
137,115,141,128,138,133,146,132,145,134,135,148,142,124,

122,145,116,137,126,148,135,115,141,128,109,138,133,146,120,132,134,142,
149,139,133,123,136,145,132,148,135,127,124,137,146,128,142,134,
148,130,120,115,141,128,138,133,146,132,134,135,122,142,116,126,
147,144,
133,146,132,110,134,142,116,126,141,128,138,130,122,135,114,120,
113,139,149,129,140,143,117,147,131,144,105,
147,117,143,140,129,144,131,149,139,113,
121,125,149,136,139,119,129,140,143,117,
134,142,128,135,148,132,145,133,146,137,124,
121,117,143,140,129,144,131,149,139,113,
148,115,141,128,138,133,146,120,132,134,135,142,126,137,
134,142,116,126,141,138,130,122,135,114,


149,139,131,129,140,143,117,
135,130,138,141,126,
138,133,146,132,134,135,142,141,128,
126,141,138,134,142,135,122,
143,140,129,
139,137,127,148,145,149,136,123,
143,139,136,149,125,
138,134,135,142,141,128,
143,149,139,
142,135,134,138,141,126,
136,145,148,127,
146,145,148,137,
149,139,
141,138,
148,145,136,
142,135,134,
140,
141,
140,
146,142,
146,



148,

149,










Past links sets, 







1,


3,4,
2,
8,
3,4,

2,
12,

3,4,7,
1,10,13,
7,19,
8,9,
6,
3,4,7,
6,9,16,
3,4,7,
18,20,
21,24,
21,24,
0,5,14,
0,5,14,
0,5,11,15,
9,17,18,20,
9,17,18,20,
18,23,25,
12,17,20,21,
0,5,11,15,
18,20,23,
5,11,15,22,
18,23,25,
8,32,
8,32,
13,17,27,28,
18,20,23,
26,33,
7,16,17,6,19,21,
35,40,41,
20,28,45,
10,34,39,
11,15,16,22,
0,5,11,14,
36,
16,6,32,35,
11,15,16,9,22,
6,31,36,
0,5,11,14,15,
0,5,11,14,
19,48,
37,43,48,
42,47,
40,28,41,45,52,
33,46,26,52,
57,58,
61,
2,20,22,42,45,
10,34,39,
26,57,58,
34,37,43,44,
31,38,49,
20,57,
42,53,
26,62,69,
46,59,60,
46,59,60,
62,66,17,69,
33,62,66,69,
13,17,28,49,27,53,
16,46,67,
27,44,47,60,37,63,
32,62,66,67,
44,62,66,
0,3,4,17,28,38,49,27,53,
58,77,
15,26,64,33,72,73,
65,71,74,75,
65,71,
75,79,80,
65,71,74,75,
52,58,77,
36,53,68,
35,49,59,64,70,
31,70,76,81,
65,43,69,
0,32,76,38,90,
8,50,38,51,54,55,56,
66,78,82,62,88,
61,70,83,
16,46,84,86,
9,51,54,55,68,
67,80,32,84,85,87,
74,82,86,88,
74,33,85,92,
13,36,68,81,
74,85,92,
61,76,83,90,
38,104,
53,37,63,44,83,
82,84,86,88,
63,90,44,96,
35,40,41,86,99,
103,
17,27,51,28,54,89,
17,27,51,28,54,89,
0,37,105,108,
110,
82,97,101,109,
99,101,110,
81,93,106,113,
11,79,80,83,95,
78,82,88,106,
16,46,101,103,109,
77,78,106,108,
40,41,21,86,12,116,
84,100,118,
59,85,95,97,87,100,107,
70,79,95,80,119,
16,46,114,109,122,
123,
100,63,115,107,120,
25,43,68,78,91,117,
44,84,87,101,114,
68,91,93,113,
95,100,103,42,107,115,
95,100,103,42,107,115,
122,128,
114,122,128,
70,119,127,
109,118,124,
52,115,120,126,
100,113,118,121,125,
36,129,131,
115,120,126,130,
122,128,132,
66,91,117,119,121,
91,54,93,89,102,105,108,
53,99,124,127,
73,124,132,133,
51,91,54,93,96,89,102,105,
53,101,127,137,
65,71,93,139,
Future links sets, 
113,93,50,36,31,56,30,81,55,29,
19,7,
64,15,11,
81,25,18,13,23,10,
81,25,18,13,23,10,
50,38,36,31,56,30,55,29,
54,52,45,24,22,
45,25,23,20,18,
94,41,40,21,12,
53,98,33,32,24,21,
65,48,19,
56,55,118,53,50,38,49,36,31,
122,35,16,
102,76,42,19,
50,56,30,55,29,
55,53,38,49,36,83,31,
126,120,77,53,52,49,97,45,24,
112,76,81,42,74,35,111,33,45,32,
43,37,34,33,32,39,26,
57,45,20,
64,47,69,43,37,35,33,32,26,
122,45,35,28,27,
53,49,64,38,
43,39,37,34,
28,27,
129,39,34,
71,66,61,83,44,
112,111,78,76,81,42,
111,76,112,60,47,81,42,


91,68,54,
99,52,93,41,79,40,
101,75,61,83,44,
67,65,48,
109,90,52,46,
140,102,89,54,51,
113,78,106,67,58,
105,93,94,81,68,
65,48,
122,109,60,46,
122,109,60,46,
133,132,70,64,59,
129,92,67,58,
108,130,78,106,80,67,
64,60,47,
120,97,77,73,72,126,61,
78,59,
58,57,
90,76,81,68,
94,
147,112,111,98,94,
88,61,138,60,
145,106,81,89,76,148,70,
147,144,112,111,98,94,
98,94,
94,
69,66,62,
82,66,88,62,
90,73,124,72,
78,73,72,
104,96,63,
95,80,79,75,74,71,
128,108,106,78,
90,83,
92,87,85,149,84,
143,95,80,79,75,74,
99,79,77,
131,129,98,102,89,
92,75,74,71,
136,125,96,91,90,
87,85,149,84,
83,
146,83,
103,101,100,87,84,
87,86,84,
93,104,91,
88,121,82,
129,119,121,95,
118,125,86,
118,125,99,86,
102,117,91,
119,115,107,100,95,
118,106,104,96,
130,107,99,123,97,
124,103,101,99,
122,109,107,100,97,
130,124,99,
119,107,100,95,
147,144,112,111,
108,104,93,
147,143,144,131,129,
103,101,
149,147,144,131,117,

133,132,125,124,118,
147,108,
124,115,

145,116,109,
139,133,132,128,124,123,
148,130,120,116,115,
147,144,
132,133,120,110,
105,
147,144,113,
121,119,117,
133,132,128,124,
144,121,113,
137,126,120,115,
116,114,


139,131,117,
135,130,126,
138,133,132,141,128,
122,
143,129,
139,137,123,
143,136,125,
138,141,128,
143,139,
142,135,134,126,
127,
146,145,137,
139,
141,138,
148,145,136,
142,135,134,
140,
141,
140,
146,142,
146,



148,

149,










Coordinates
-3.96476,1.9439,1.41327
-3.95397,3.95058,1.69141
-3.93952,2.28069,0.915126
-3.92413,3.70406,2.25716
-3.91434,3.72418,1.10124
-3.90248,1.96393,5.36522
-3.88443,2.76058,2.90595
-3.87273,3.91624,0.0362691
-3.76136,2.95486,1.62551
-3.75269,3.20082,3.71064
-3.68597,3.6506,3.99983
-3.67464,2.18294,5.74566
-3.66565,2.95166,1.02537
-3.6569,3.49196,2.16671
-3.60632,1.47936,6.08327
-3.59682,2.27645,2.29932
-3.59185,2.88282,0.715595
-3.58058,3.27801,3.90479
-3.53919,3.76745,2.02057
-3.51186,3.51931,1.0769
-3.40388,3.4762,6.06448
-3.39787,3.00711,0.282502
-3.27894,2.33271,1.05468
-3.19545,3.88636,3.49275
-3.10483,2.71102,0.236501
-3.1037,3.94598,5.88797
-3.05654,3.47334,2.39525
-3.04807,2.67778,4.00816
-3.03375,2.71553,3.92731
-3.02507,1.24794,1.67362
-3.00909,1.17052,4.33231
-2.98943,1.839,5.64466
-2.96665,3.20267,0.890305
-2.95472,3.36887,2.69574
-2.92336,3.91965,2.2824
-2.87485,3.04336,4.96222
-2.86427,1.65063,5.97216
-2.85336,3.54461,2.9506
-2.83008,1.93447,1.75133
-2.82844,3.97599,1.16211
-2.81609,3.14087,0.560627
-2.81329,3.13097,0.420169
-2.76239,2.6681,5.7052
-2.75883,3.59319,3.56023
-2.71197,3.3323,2.38978
-2.70724,2.77441,5.01375
-2.69525,3.06008,2.27898
-2.65166,2.74312,1.313
-2.65101,3.80814,0.423471
-2.64921,2.00271,1.77902
-2.64009,1.22925,3.84679
-2.63377,1.43288,2.52203
-2.63352,2.91631,1.55931
-2.61826,2.18736,2.55039
-2.60784,1.48961,5.37839
-2.60639,1.29548,3.40025
-2.53723,1.20894,4.93671
-2.47759,3.79198,3.16996
-2.47696,3.65136,5.20045
-2.44979,2.56867,1.09942
-2.44883,2.7997,1.04799
-2.44721,2.90259,2.4015
-2.33161,3.68747,2.74144
-2.32229,2.9195,4.4244
-2.31853,2.40741,6.18859
-2.31291,3.9923,6.1166
-2.29193,3.62091,1.85271
-2.28496,3.3754,3.90855
-2.26812,1.68171,0.185602
-2.25358,3.76569,6.18652
-2.15791,2.0733,0.456294
-2.09968,3.73504,5.34728
-2.08856,2.45974,1.25856
-2.07984,2.4739,1.08614
-2.07938,3.67224,6.23634
-2.07887,3.59486,3.20526
-2.06963,1.95476,0.129205
-2.0503,3.16605,5.6153
-2.03471,2.83452,3.004
-2.03134,3.41206,4.76508
-2.02595,3.46711,4.57355
-1.97721,1.81101,5.37504
-1.94052,3.18623,1.21191
-1.93485,2.35716,5.0022
-1.90931,3.59477,6.14039
-1.87295,3.75776,0.892439
-1.87041,3.3899,1.67696
-1.84617,3.6567,5.30515
-1.82201,3.05337,5.49728
-1.8164,1.39381,3.866
-1.78766,1.96947,5.51436
-1.76094,1.72115,5.05317
-1.65332,3.92884,1.54896
-1.57582,1.84046,2.73443
-1.56861,0.8312,0.5224
-1.51961,2.8956,3.97439
-1.51446,2.04228,3.08843
-1.49751,3.30281,5.51847
-1.48892,0.944885,5.91046
-1.48787,3.58136,5.72627
-1.48492,3.09832,1.43661
-1.47952,3.77845,2.95166
-1.47141,1.33205,0.959454
-1.46774,3.85591,2.52255
-1.44026,1.9359,5.78921
-1.40757,1.90343,4.59452
-1.38658,2.16587,3.47622
-1.35853,3.13758,4.04601
-1.31326,1.95866,0.630423
-1.26139,3.40424,1.40844
-1.22194,3.9347,6.06246
-1.17957,0.958296,5.37246
-1.13863,0.904562,4.26771
-1.13844,1.86978,3.04074
-1.05554,3.96309,3.21554
-1.01596,3.39182,5.93611
-0.954274,3.73436,1.55259
-0.938042,1.72554,5.28285
-0.858483,2.33363,1.03088
-0.854486,2.10394,3.15483
-0.842598,3.4769,2.40826
-0.807331,1.95005,2.60827
-0.796972,3.61058,2.26987
-0.655113,2.3415,0.744888
-0.647792,2.70257,4.36991
-0.60817,2.07479,3.45077
-0.593666,3.57161,5.55955
-0.589025,2.30263,4.18488
-0.587623,3.27642,5.87587
-0.558599,1.41109,1.20389
-0.552185,3.90511,5.26571
-0.550252,1.32515,0.544117
-0.549407,3.0359,4.50327
-0.464414,2.90942,0.95791
-0.376046,3.25633,5.84515
-0.355246,3.27376,3.33495
-0.325341,2.09107,3.04303
-0.22639,2.37686,5.84453
-0.190936,3.44599,5.76404
-0.175619,1.78904,3.03045
-0.174616,1.15211,0.293475
-0.173692,3.59687,0.041046
-0.148884,3.01742,2.76773
-0.140203,1.4882,1.35018
-0.129278,0.811896,5.65627
-0.121309,2.249,0.910546
-0.0858213,2.71841,6.24253
-0.0665093,0.625745,5.20185
-0.0177666,2.32754,4.20996
-0.0123519,1.69537,4.38761
r_S,2
NHRVs_Open,0
NHRVs_Close,0
