Storage option,sets
Size,150
Dimension,2
Shape,cube
Spacetime,BlackHole
Past sets, 








2,
0,



3,
0,1,
0,1,
1,0,9,
5,6,7,
1,10,
4,2,12,
2,4,
10,3,13,
5,6,
3,13,
0,4,11,12,
10,1,3,18,
11,19,4,2,12,
0,9,11,
13,3,23,
4,2,8,
0,18,1,10,3,14,
14,15,9,0,18,1,16,10,
13,0,25,10,3,18,1,14,
0,25,10,3,18,1,14,
8,2,4,29,
0,24,9,26,12,11,4,19,2,
8,20,26,12,11,4,19,2,
4,7,2,8,
4,5,8,2,7,6,
4,2,29,8,34,
2,11,12,4,26,20,19,8,36,
10,21,28,13,3,1,23,
10,16,1,18,0,15,14,9,31,
14,15,12,1,16,27,9,0,11,
4,5,8,2,7,6,
2,7,5,17,6,
2,8,7,5,17,6,
14,15,12,1,16,27,9,0,11,
8,19,2,4,26,29,11,12,20,
15,16,2,11,0,9,1,24,27,4,12,19,
14,15,16,1,11,0,9,
32,10,21,13,0,25,3,14,18,1,
4,2,8,7,5,17,6,
15,16,20,1,24,2,0,11,9,26,27,4,35,12,19,
4,2,8,7,5,17,6,
2,43,14,15,12,24,1,16,4,27,9,0,11,
8,20,1,24,2,0,11,9,26,27,4,35,12,19,
16,9,15,31,51,25,10,21,13,0,32,3,14,30,1,18,33,
15,33,23,28,51,25,10,21,13,0,32,3,14,30,1,18,41,
39,4,26,8,19,48,2,29,34,11,12,20,
47,19,55,4,2,43,9,14,15,49,12,24,1,16,50,27,0,11,
11,13,30,3,25,42,9,31,33,10,16,1,18,0,15,14,
23,1,3,13,28,21,10,41,
8,14,43,2,19,15,53,16,20,1,35,24,0,11,9,26,27,4,49,12,
30,3,25,31,18,33,10,27,50,14,15,16,1,11,0,9,42,
12,17,20,37,38,34,44,4,5,8,2,7,29,6,39,
15,16,29,36,8,20,1,35,24,2,56,19,0,11,9,26,27,4,12,40,
23,0,57,16,9,15,31,13,32,25,51,10,21,3,14,33,30,42,1,18,
14,62,0,23,1,3,25,13,28,21,10,18,41,
4,43,12,47,13,61,64,30,11,3,25,31,18,33,14,10,27,15,16,0,50,9,1,42,
36,40,8,14,43,20,19,15,53,63,16,1,24,35,12,0,11,26,2,49,27,4,9,56,
9,24,0,35,36,59,8,4,26,19,39,2,29,12,34,48,11,20,40,
9,4,56,27,2,26,0,35,1,16,63,24,53,15,19,49,20,43,14,8,11,40,36,12,70,
20,15,16,29,36,8,48,1,24,35,12,49,2,66,19,0,11,56,9,26,27,4,40,53,
23,32,21,61,11,30,13,3,25,9,31,33,14,51,10,42,1,18,0,16,57,15,
19,32,24,11,4,33,43,14,12,47,18,13,42,2,61,3,64,30,1,25,31,69,10,27,15,16,0,50,9,55,
13,26,24,12,49,43,2,4,47,19,60,64,30,11,3,25,31,18,33,55,14,10,27,15,16,0,50,9,1,42,
9,24,35,0,37,38,36,40,6,5,59,8,4,26,19,39,2,29,12,34,48,11,20,7,44,
43,12,47,32,21,13,61,64,30,11,3,25,31,18,33,14,51,10,27,15,57,16,0,50,9,1,42,
70,12,36,40,11,8,20,49,19,15,53,24,63,16,1,35,0,26,2,27,56,4,9,14,43,72,
62,23,1,3,25,13,28,21,10,18,41,
36,50,55,8,14,60,43,20,19,15,53,63,16,1,24,35,12,47,0,11,56,9,26,2,49,27,4,
32,68,0,51,14,28,23,1,18,3,62,25,13,21,10,41,
21,32,51,24,11,4,33,43,14,12,47,18,13,42,2,61,3,64,30,1,25,31,69,10,27,15,16,0,50,9,55,
30,25,33,31,18,10,42,3,50,55,8,14,60,43,20,19,15,53,63,16,1,24,35,12,47,0,11,9,26,2,49,27,4,
49,19,75,57,9,21,32,69,51,14,24,61,11,83,4,78,33,43,12,47,10,18,55,13,50,42,2,3,64,27,30,1,25,31,15,16,0,
41,28,67,21,23,0,16,9,32,15,31,13,25,51,57,10,33,3,14,30,42,1,18,11,58,
34,39,73,15,20,49,16,29,36,8,66,48,19,1,0,59,24,53,35,12,2,11,40,56,27,9,26,4,
12,47,41,28,58,50,27,64,16,23,32,61,3,21,11,30,1,13,42,25,9,67,31,33,14,51,10,18,0,57,74,15,
20,35,21,51,69,61,32,76,2,13,50,26,24,12,49,43,4,47,10,19,60,64,27,30,11,3,25,31,18,55,33,14,15,16,0,9,1,75,42,
16,9,31,30,33,15,25,32,13,68,14,28,23,1,58,18,3,82,0,41,62,21,51,10,
24,41,28,58,67,4,23,78,43,14,12,47,18,32,2,61,3,21,50,13,42,64,30,1,11,25,31,33,51,69,10,27,74,15,57,16,0,9,
67,30,41,10,21,58,13,25,62,3,18,1,23,28,14,51,0,68,31,57,16,9,15,32,33,42,
49,53,27,56,1,16,15,77,19,48,9,38,24,35,6,29,37,8,36,66,7,40,11,5,34,0,59,4,26,39,2,20,44,12,71,
30,3,25,33,31,18,10,42,40,72,81,36,50,55,26,8,14,43,2,20,49,19,15,53,24,16,60,1,35,12,47,0,70,11,56,27,9,63,4,
16,54,27,1,56,17,77,19,48,9,38,24,35,65,6,29,37,8,36,7,40,11,5,34,0,59,4,26,39,2,20,44,12,71,
34,39,47,55,66,48,29,12,36,40,70,11,8,79,20,49,19,15,53,24,16,1,35,0,26,2,27,56,63,4,9,73,14,43,72,
43,14,51,12,86,47,10,41,28,58,21,50,13,27,64,16,23,32,61,3,11,30,67,1,42,25,88,9,31,33,18,0,74,57,15,
17,93,56,19,49,12,53,16,27,1,38,15,77,40,48,11,9,24,35,6,29,66,37,0,8,36,7,44,5,34,71,59,4,26,39,2,20,
33,25,32,13,68,14,28,23,80,1,18,3,82,0,41,62,21,51,10,
70,40,72,69,61,32,75,64,13,76,56,36,84,10,47,30,25,33,31,18,55,42,3,50,8,14,60,43,20,19,15,53,16,63,26,1,24,35,12,49,0,11,9,27,4,2,81,
41,28,58,67,23,74,60,26,3,49,19,75,57,16,9,50,21,32,69,51,10,14,55,24,61,11,42,1,4,78,33,43,85,2,12,47,18,13,64,27,30,25,31,15,83,0,76,
67,23,74,63,53,8,78,57,89,20,61,35,76,21,51,10,69,32,85,2,43,13,50,9,26,24,12,49,4,47,19,60,64,27,30,11,3,25,31,18,55,14,33,15,16,83,0,84,1,42,75,
43,62,68,14,51,12,86,47,10,41,28,58,21,50,13,27,64,16,23,32,61,3,11,30,67,1,42,25,88,9,31,33,18,0,74,57,15,
29,61,64,13,76,79,53,12,30,3,25,33,31,72,18,10,42,84,1,40,81,36,50,9,55,14,26,8,49,43,2,20,19,60,15,56,24,16,35,47,0,70,94,11,27,63,4,
59,50,60,96,34,39,2,47,55,66,29,48,11,12,49,36,73,40,70,8,20,19,56,15,53,16,24,1,35,72,79,0,26,63,27,4,9,14,43,
66,48,29,73,79,53,12,30,3,25,33,31,72,18,10,42,84,1,40,81,36,50,9,55,14,26,8,49,43,2,20,19,60,15,56,24,16,35,47,0,70,94,11,27,63,4,
9,30,99,10,25,32,13,82,14,28,51,23,0,33,80,1,18,41,3,15,62,68,21,58,
20,101,41,28,58,67,14,23,76,74,21,60,26,3,49,19,75,57,4,16,69,9,50,32,85,51,10,55,2,24,61,11,64,42,1,78,25,33,43,12,47,18,13,27,30,83,31,15,0,35,
107,30,1,99,41,10,9,68,25,32,13,14,28,51,82,23,0,58,33,3,62,18,15,80,21,16,
20,35,101,41,28,58,67,14,23,76,74,21,60,26,3,49,19,75,57,4,16,69,9,50,32,85,51,10,55,2,24,61,11,64,42,1,78,25,33,43,12,47,18,13,27,30,83,31,15,0,91,
6,7,37,71,59,96,34,39,2,47,55,66,29,48,11,12,49,36,73,40,70,87,8,20,19,56,15,53,16,24,1,35,72,79,0,26,63,27,4,9,14,43,
99,30,10,25,32,13,82,14,28,51,23,0,33,80,1,18,41,3,62,68,21,
41,28,58,102,49,67,14,23,76,74,21,63,10,53,0,8,61,78,25,57,4,89,20,35,51,69,16,32,85,2,55,43,13,50,9,26,24,12,47,19,60,64,11,27,30,83,3,31,84,18,33,15,1,42,75,
57,32,16,90,31,30,1,33,3,62,15,25,13,9,68,10,14,28,58,0,18,23,82,41,51,21,80,
46,52,73,65,54,16,17,93,11,56,98,15,19,49,8,53,27,1,38,77,36,40,48,7,9,24,35,6,29,66,37,0,44,5,34,71,59,4,26,39,2,20,12,95,
61,11,86,67,30,1,41,10,9,68,21,58,0,13,42,25,92,33,62,3,32,18,82,23,28,57,14,51,90,31,16,74,15,
53,8,63,89,108,55,2,20,101,41,28,58,67,14,23,76,74,21,60,26,3,49,19,75,57,4,16,69,9,50,32,85,51,10,24,61,11,64,42,1,78,25,33,43,12,47,18,13,27,30,83,31,15,0,35,91,
21,66,48,73,75,32,69,104,29,61,8,64,11,13,76,79,26,53,0,12,30,3,56,25,33,31,84,72,19,18,10,63,42,1,40,81,36,50,9,55,2,14,49,43,20,60,15,24,16,35,47,100,70,94,27,4,
55,69,2,78,4,24,91,103,62,21,43,68,27,51,10,12,47,88,41,0,28,58,50,92,9,13,64,23,16,57,32,61,86,3,11,30,67,1,42,25,31,33,74,18,15,14,97,
58,99,30,10,25,32,13,82,14,28,51,23,0,33,80,1,112,18,41,3,15,62,68,21,
14,45,115,46,93,52,5,73,26,65,54,7,16,17,11,56,9,4,15,19,66,49,2,8,53,6,27,98,1,48,95,38,77,36,40,87,24,71,35,29,37,0,44,34,59,12,39,20,
54,65,72,43,14,73,63,79,70,55,47,16,17,93,11,56,98,15,19,49,8,12,53,27,1,38,77,36,40,48,7,9,24,35,6,29,66,37,0,44,5,34,71,59,87,4,26,39,2,20,96,
60,26,76,55,83,75,19,49,97,14,15,18,74,33,31,25,42,1,67,30,11,3,86,61,32,57,16,23,64,13,9,50,58,28,0,41,88,47,12,10,51,27,68,43,21,62,103,91,24,4,78,2,85,69,
94,81,36,56,72,40,70,100,102,49,67,14,23,76,74,21,63,10,53,0,8,61,78,25,57,4,89,20,35,51,69,16,32,85,2,55,43,13,50,9,26,24,12,47,19,60,64,11,27,30,83,3,31,84,18,33,15,1,42,75,
11,86,67,30,1,41,10,9,68,80,21,58,0,13,42,25,92,33,62,3,32,18,82,23,28,57,14,51,90,31,16,15,
81,5,44,77,38,93,17,60,50,6,53,7,37,71,24,59,12,96,2,49,34,39,47,0,55,66,19,29,48,98,1,11,8,105,36,73,26,40,87,70,20,56,9,15,16,63,35,72,79,27,4,111,14,43,
118,0,21,66,48,73,14,75,16,32,69,10,104,29,61,2,8,64,11,70,13,72,76,79,20,26,53,12,30,3,56,25,84,33,31,19,18,63,4,42,1,60,40,81,36,50,9,55,49,43,15,24,35,94,47,106,100,27,
118,0,21,66,48,73,14,75,16,32,69,10,104,29,61,2,8,64,11,70,13,72,76,79,20,26,53,12,30,3,56,25,84,33,31,19,18,63,4,42,1,60,40,81,36,50,9,55,49,43,15,24,35,94,47,106,100,27,
31,16,107,120,33,58,0,99,41,30,1,10,9,68,25,112,32,62,3,13,14,28,51,109,82,23,18,15,80,21,
42,67,99,107,109,114,57,28,32,16,90,31,30,1,33,3,62,15,25,13,9,68,10,14,58,0,18,23,82,41,51,80,21,
66,79,29,124,57,94,27,81,14,36,56,72,40,70,3,100,33,102,35,49,67,0,23,76,9,74,21,63,10,53,8,75,61,78,11,25,4,89,20,51,69,2,16,83,32,85,18,55,43,13,50,26,24,12,47,19,60,64,30,31,84,15,1,42,104,
79,29,104,73,48,66,124,57,94,27,81,14,36,56,72,40,70,3,100,33,102,35,49,67,0,23,76,9,74,21,63,10,53,8,75,61,78,11,25,4,89,20,51,118,69,2,16,83,32,85,18,55,43,13,50,26,24,12,47,19,60,64,30,31,84,15,1,42,
10,18,126,8,81,5,44,77,38,93,34,17,60,1,50,6,65,53,7,66,37,96,71,12,24,59,0,2,49,39,98,47,55,19,29,48,11,70,105,36,73,14,26,40,87,20,79,56,9,15,16,63,4,35,72,27,111,43,
42,67,107,109,31,90,16,57,120,33,58,0,99,41,30,1,10,9,68,25,112,32,62,3,13,14,28,51,82,23,18,15,80,21,114,
53,8,63,89,92,108,101,35,20,123,64,60,1,26,85,76,55,83,24,75,16,19,78,49,97,14,15,74,18,33,31,25,42,67,30,11,3,62,86,27,61,2,32,91,57,23,13,9,68,50,58,28,0,41,88,47,12,10,69,51,110,43,21,103,4,
19,75,83,90,82,13,55,2,69,16,78,25,4,57,24,91,103,50,62,9,21,74,43,68,15,27,51,119,10,116,12,47,88,41,0,28,58,92,64,11,23,32,61,86,33,3,30,67,14,1,42,31,18,97,
27,50,99,114,74,61,125,14,51,86,67,109,30,41,10,9,68,31,1,80,21,58,0,42,116,25,62,13,92,18,33,32,3,82,23,107,28,57,11,90,16,15,
62,68,88,86,97,110,84,102,117,58,53,8,67,63,4,89,30,108,49,55,2,61,20,101,42,41,28,14,23,76,74,15,21,60,1,26,85,3,19,78,75,16,57,69,10,9,50,32,91,51,24,83,11,64,25,33,43,12,47,18,13,27,31,0,35,113,
57,129,18,31,68,16,90,9,58,21,0,99,25,62,120,41,33,112,10,32,13,14,51,107,28,30,109,3,82,23,15,1,80,
26,60,80,49,18,19,78,75,16,83,24,90,31,82,23,13,55,2,61,69,10,25,4,57,116,91,32,103,50,62,3,136,9,68,21,74,15,43,27,86,51,119,1,12,47,88,41,0,28,58,92,33,64,11,30,67,14,42,97,85,
12,47,50,27,64,99,114,74,61,125,14,51,86,67,109,30,41,10,9,68,31,1,80,21,58,0,42,116,25,62,13,92,18,33,32,3,82,23,107,28,57,11,90,16,15,
36,56,62,88,86,97,110,84,102,117,58,53,8,67,63,4,89,30,108,49,55,2,61,20,101,42,41,28,14,23,76,74,15,21,60,1,26,85,3,19,78,75,16,57,69,10,9,50,32,91,51,24,83,11,64,25,33,43,12,47,18,13,27,31,0,35,113,
31,42,95,52,46,115,45,121,54,11,72,10,71,18,79,126,65,4,8,81,20,5,66,44,105,77,16,38,93,34,17,60,1,50,111,133,6,53,7,37,98,96,35,12,73,24,59,0,122,2,63,49,39,47,55,19,29,48,70,9,36,14,26,87,40,56,15,27,43,
69,2,78,4,24,91,15,16,90,11,57,28,107,23,82,3,32,33,18,97,92,13,62,25,116,42,0,58,21,80,1,31,68,9,88,10,41,30,109,67,86,51,14,125,61,74,114,99,103,43,12,47,50,27,64,
52,42,31,33,25,3,30,94,95,54,11,72,10,71,18,79,126,65,4,8,81,20,5,66,44,105,77,16,38,93,34,17,60,1,50,111,133,6,53,7,37,98,96,35,12,73,24,59,0,122,2,63,49,39,47,55,19,29,48,70,9,36,14,26,87,40,56,15,27,43,
106,113,91,58,28,41,101,108,117,132,61,79,8,29,100,104,33,73,2,48,66,124,53,57,94,23,27,81,10,14,85,36,56,72,1,40,70,3,74,102,31,35,49,67,0,76,9,21,63,75,4,78,11,25,89,18,20,51,118,47,69,16,83,12,32,55,43,13,84,50,26,24,19,60,131,64,30,15,42,
129,134,23,42,67,30,109,31,68,11,90,16,57,9,58,21,0,99,25,62,120,41,33,112,10,32,114,92,13,14,130,51,107,28,3,82,18,15,1,80,
19,75,83,99,107,109,114,15,16,90,57,28,23,119,82,32,3,86,33,116,18,92,9,62,25,42,125,13,0,58,21,80,31,68,10,41,1,30,67,11,51,14,97,55,69,2,78,4,24,91,103,43,27,12,47,88,50,64,61,74,
129,0,86,134,109,42,67,30,68,11,16,57,14,9,147,58,15,21,18,107,13,62,31,120,33,23,112,99,10,32,25,114,28,41,130,90,1,51,92,3,82,80,
Future sets, 
24,15,120,58,112,30,32,51,99,82,33,68,14,9,106,107,71,77,35,132,56,16,113,109,95,66,53,50,147,73,115,87,121,93,98,49,146,47,144,81,133,60,105,126,96,122,111,55,63,70,79,72,31,128,129,90,114,139,42,101,143,76,84,145,78,86,94,125,149,92,130,134,67,75,142,135,102,104,137,119,116,57,124,27,88,103,61,85,97,138,100,141,74,131,64,91,69,136,110,43,140,127,118,148,89,117,83,123,108,
56,62,41,80,25,18,95,16,49,98,93,87,115,73,53,66,14,111,121,68,50,147,47,144,81,133,60,105,126,96,122,55,63,70,79,72,43,140,33,130,82,99,51,148,32,129,143,42,139,30,127,97,112,15,145,78,94,106,84,76,64,131,83,75,142,89,118,128,31,61,69,136,100,104,74,141,101,88,125,58,57,124,103,135,116,137,123,86,91,132,146,149,108,67,134,117,92,110,102,113,138,119,85,114,120,109,107,90,
144,91,83,119,55,45,20,53,89,49,108,110,35,76,123,101,140,26,85,60,75,148,136,126,84,143,117,113,54,138,79,102,8,135,63,122,36,95,115,56,73,132,127,48,87,128,131,72,52,111,121,118,59,39,98,34,93,71,145,66,77,106,105,46,65,124,96,37,133,104,29,142,40,100,94,70,81,38,44,146,19,
30,33,145,94,106,84,64,25,13,76,147,69,140,104,61,132,75,146,100,32,103,28,99,23,82,127,128,57,67,138,118,74,135,102,41,112,124,131,78,149,139,68,85,83,144,89,88,80,141,129,58,51,120,113,109,62,123,107,101,108,142,136,91,97,119,125,116,137,90,86,114,130,92,21,134,110,117,148,
69,54,52,44,38,37,34,39,29,144,55,119,83,91,24,65,19,136,148,81,75,142,60,127,85,26,93,140,73,101,123,56,76,143,135,59,126,118,48,115,40,35,102,94,110,108,49,89,77,71,138,124,66,133,95,36,53,106,98,146,79,87,20,121,128,100,84,113,72,131,145,104,105,63,122,117,70,111,96,132,
44,77,93,38,143,65,95,122,17,54,145,45,46,115,98,121,126,52,133,22,
111,44,77,93,38,143,65,95,122,17,54,145,45,46,115,98,121,126,52,133,22,
44,38,77,93,143,133,65,95,122,17,54,111,37,145,45,46,115,98,121,126,52,
84,117,113,138,102,135,63,36,115,73,127,48,146,128,131,52,126,87,121,118,39,132,95,34,71,145,66,77,98,122,143,106,105,93,111,65,96,59,133,54,104,29,142,40,72,100,124,94,70,81,79,37,38,44,46,56,
107,71,77,35,56,16,113,109,95,66,53,50,147,73,115,87,121,93,98,49,146,47,144,81,133,60,105,126,96,122,111,55,63,70,79,72,31,128,129,90,114,139,42,101,143,76,84,145,78,86,94,106,125,149,92,130,134,67,75,142,135,102,104,137,119,116,57,124,27,88,103,61,85,97,138,100,141,74,131,64,91,132,69,136,110,43,140,127,118,148,89,117,83,123,108,
41,62,18,97,133,143,64,42,31,110,25,104,80,68,147,141,61,140,134,69,148,142,137,58,76,149,84,106,33,112,94,145,32,91,100,21,118,128,127,75,51,130,124,89,83,136,57,99,82,135,90,107,129,109,30,120,67,146,139,86,114,85,144,138,78,131,119,117,88,74,113,102,116,92,108,132,123,103,125,101,
147,125,149,86,74,116,61,50,47,69,78,97,103,43,141,88,64,137,126,84,132,131,96,118,111,70,117,63,105,104,145,72,113,49,100,115,128,87,121,79,146,26,93,98,94,135,106,53,95,133,66,124,138,71,89,108,110,102,35,77,144,85,127,60,73,140,143,76,56,123,101,122,55,119,83,136,81,148,142,75,91,24,59,48,40,36,27,
65,88,141,47,69,78,97,103,43,144,55,119,83,91,19,136,148,81,75,142,60,127,85,26,93,140,73,101,123,56,76,143,135,59,126,118,48,115,40,35,102,94,110,108,49,89,77,71,138,124,66,133,95,36,53,106,98,146,79,87,121,128,100,84,113,72,131,145,104,105,63,122,117,70,111,96,132,24,
76,69,104,61,75,100,32,28,23,82,127,128,67,118,57,74,135,132,102,41,124,131,78,139,85,146,83,144,89,88,149,80,141,129,68,112,51,99,140,120,113,109,62,123,107,101,108,142,136,138,91,97,119,58,125,103,116,137,90,86,147,114,130,92,134,110,117,21,148,
121,68,50,47,81,133,60,105,126,96,122,111,55,63,70,79,72,43,33,82,99,51,32,143,42,30,97,112,145,78,94,106,84,76,64,131,83,75,142,89,118,128,61,127,69,136,100,104,74,141,148,101,88,125,58,140,57,124,144,103,135,116,137,123,86,91,132,146,149,108,67,134,117,92,110,147,102,113,130,138,119,85,114,139,120,109,129,107,90,31,
66,107,109,120,58,53,50,73,115,87,121,93,98,49,47,81,133,60,105,126,96,122,111,55,63,70,79,72,31,129,90,114,139,42,101,143,76,84,145,78,86,94,106,125,149,92,130,134,67,75,142,135,102,104,137,119,116,57,124,88,147,103,61,128,144,85,97,138,100,141,74,131,64,91,132,69,136,110,43,127,118,148,89,117,113,83,140,123,146,108,
109,95,66,53,50,73,115,87,121,93,98,49,47,81,133,60,105,126,96,122,111,55,63,70,79,72,31,129,90,114,139,42,101,143,76,84,145,78,86,94,106,125,149,92,130,134,67,75,142,135,102,104,137,119,116,57,124,88,147,103,61,128,144,85,97,138,100,141,74,131,64,91,132,69,136,110,43,127,118,148,89,117,113,83,140,123,146,108,
126,133,65,95,122,145,143,45,46,115,98,121,52,54,
133,143,42,31,25,80,68,141,61,134,104,69,142,64,137,76,149,84,106,33,94,145,32,91,100,118,128,127,75,148,51,124,110,89,83,136,99,112,82,135,90,107,129,109,120,67,140,139,86,114,85,144,138,78,131,58,119,117,88,147,74,97,130,57,113,102,116,92,108,146,132,123,103,30,125,101,
136,148,75,60,85,26,140,81,101,123,76,135,59,118,48,40,35,94,110,108,49,89,142,77,71,124,66,95,36,53,106,98,93,146,87,121,128,115,56,100,102,143,84,138,79,113,72,131,145,104,105,63,122,117,70,111,133,96,127,132,73,126,
110,108,89,65,122,98,126,79,128,96,133,143,106,127,48,115,36,81,118,66,145,71,111,93,121,70,104,131,94,87,124,100,146,72,132,53,95,77,40,105,142,63,73,59,138,135,56,102,113,117,84,
127,128,118,74,57,132,67,102,124,131,78,85,83,89,88,135,80,82,129,112,68,99,146,140,120,113,109,62,107,101,108,149,142,136,123,41,138,91,97,144,119,125,103,116,58,141,137,90,86,147,114,130,139,92,134,110,117,148,51,

74,132,102,124,131,117,110,134,92,139,130,114,67,147,86,90,137,141,58,116,103,28,125,119,144,97,91,123,136,142,149,108,101,148,107,62,109,113,120,140,146,99,68,112,129,82,80,135,88,138,41,
91,75,148,136,83,119,55,101,123,76,140,60,85,144,35,110,108,89,142,77,71,124,66,95,53,106,135,94,98,93,146,121,87,128,115,100,102,49,143,138,56,113,72,145,104,105,63,117,70,111,122,81,118,133,96,127,131,132,79,84,126,73,
80,68,61,104,69,64,76,84,106,94,145,33,32,91,100,118,128,127,75,134,51,110,89,148,142,83,136,99,112,82,141,135,90,149,107,129,109,120,67,139,86,114,85,144,138,78,137,131,119,58,117,88,147,97,130,113,124,102,57,116,92,108,146,132,123,103,140,125,101,74,
140,101,123,76,59,48,40,35,110,108,89,142,77,71,124,66,95,53,106,135,94,98,93,146,121,87,128,115,100,102,143,138,56,113,72,36,145,104,105,63,117,70,111,122,81,118,133,96,127,131,132,79,84,126,73,
137,64,66,95,56,53,73,115,87,121,93,98,49,88,141,43,102,103,97,78,91,69,128,72,131,79,138,70,63,122,144,85,55,119,60,76,135,111,96,83,142,126,136,148,89,105,146,140,81,133,106,47,143,84,100,145,108,94,132,113,123,104,127,110,101,124,118,75,117,
117,110,134,92,139,130,114,147,86,90,137,141,58,116,103,125,119,144,97,91,138,123,136,142,149,108,101,148,107,62,109,113,120,140,146,99,68,112,129,82,80,135,88,41,
104,39,133,65,111,93,105,59,106,122,98,77,145,48,95,71,118,121,115,87,143,96,126,131,34,128,146,127,73,132,66,
112,145,94,106,84,76,64,83,75,89,118,128,127,69,100,104,136,74,148,142,101,88,125,140,57,144,61,103,135,116,137,123,86,91,132,146,149,108,67,117,92,110,147,102,124,113,131,130,138,97,134,141,58,119,78,85,114,139,120,109,129,107,90,
129,90,114,139,42,101,143,84,145,86,94,106,125,149,92,130,134,75,67,76,135,102,104,78,137,119,116,57,88,147,103,61,144,85,97,138,100,141,131,91,132,69,128,110,136,74,127,118,148,89,117,113,142,83,124,140,123,64,146,108,
100,118,128,127,75,51,89,142,83,136,99,112,82,135,90,107,129,109,120,67,139,86,114,85,138,78,131,119,58,141,88,134,97,130,113,124,102,147,110,57,92,117,108,149,146,132,91,144,123,137,116,103,140,125,101,148,74,
112,99,145,94,106,84,76,64,83,75,89,118,128,127,69,100,104,136,74,148,142,101,88,125,140,57,144,61,103,135,116,137,123,86,91,132,146,149,108,67,117,92,110,147,102,124,113,131,130,138,97,134,141,58,119,78,85,114,139,120,109,129,107,90,
95,96,143,126,133,87,115,121,98,71,77,145,122,59,105,93,111,65,39,
110,108,89,77,71,66,95,53,135,94,98,93,121,87,128,115,100,102,143,138,56,113,72,145,104,142,105,63,146,117,70,111,122,81,118,133,96,106,127,131,132,84,126,79,124,73,
142,40,77,95,132,72,146,100,124,87,94,131,104,70,121,93,73,111,71,66,145,118,81,115,127,106,143,133,96,128,105,79,126,98,122,
126,93,111,65,133,95,98,121,143,77,115,122,145,
126,93,65,133,95,98,121,143,77,115,122,145,
65,93,105,122,77,111,71,145,98,115,87,121,126,143,96,59,133,95,
95,72,100,77,124,94,104,70,66,131,121,93,73,111,132,71,118,115,127,106,87,133,128,105,146,96,143,79,126,98,145,122,
80,82,112,68,99,140,120,113,109,129,88,107,148,108,149,101,142,136,123,138,97,119,125,144,103,62,135,116,58,141,137,86,90,147,114,130,139,134,91,146,110,117,92,
143,145,94,106,84,125,149,86,92,130,134,67,76,102,104,78,119,116,75,88,103,61,144,97,138,137,100,141,131,91,132,69,110,136,74,127,128,118,148,117,89,113,85,101,142,124,83,135,140,123,146,147,64,108,
103,97,78,91,69,72,79,70,63,144,55,119,76,111,122,96,83,126,85,128,136,148,105,60,146,140,142,133,106,143,100,145,102,108,94,131,89,132,113,123,104,127,84,110,101,138,124,81,118,75,135,117,
126,93,65,133,95,98,121,143,77,115,122,145,
143,121,
121,143,115,
141,111,122,96,97,103,88,78,83,85,144,136,75,91,119,60,140,105,142,133,106,143,148,69,145,108,94,131,126,89,76,113,123,100,146,104,127,84,110,101,138,124,81,118,128,135,132,102,117,
128,146,127,118,73,93,105,122,77,111,71,145,98,115,87,121,126,106,143,96,59,133,132,95,
98,93,85,121,87,115,73,72,79,96,111,122,70,60,140,105,133,106,143,145,108,94,131,126,89,76,113,123,100,142,63,146,104,127,84,110,101,138,124,81,118,128,135,132,102,117,
137,83,75,85,144,136,148,69,91,119,78,88,103,97,141,60,140,105,142,133,106,145,108,94,131,126,89,76,113,123,100,146,104,127,84,110,101,138,143,64,124,81,118,128,135,132,102,117,
89,83,99,112,82,90,107,129,109,120,139,114,85,78,119,58,141,134,97,138,130,131,113,124,102,147,110,92,117,67,108,149,146,132,91,86,123,137,116,135,103,144,57,140,125,88,101,142,148,74,136,
121,143,145,115,
98,93,121,87,115,100,135,102,138,113,63,142,105,117,70,122,145,81,118,128,111,133,96,143,106,104,127,94,131,132,84,126,79,124,146,72,73,
95,121,143,115,122,145,
119,111,122,96,83,85,136,148,60,140,105,142,133,106,143,145,108,94,131,126,89,76,113,123,100,146,104,127,84,110,101,138,124,81,118,128,135,132,102,117,75,
142,95,72,100,124,94,104,70,66,131,121,93,73,111,132,118,115,127,106,87,133,81,128,105,146,96,143,79,126,98,145,122,
139,114,85,78,141,134,97,130,131,113,124,102,147,110,92,117,67,146,132,91,86,123,137,116,135,108,149,103,140,144,125,88,119,138,101,142,148,74,136,
120,113,109,129,107,108,101,88,136,140,148,123,142,138,97,119,125,144,103,149,135,116,141,137,86,90,147,114,130,139,134,91,146,110,117,92,
105,77,71,111,98,87,145,115,126,133,143,93,122,121,95,
140,105,133,106,145,94,126,143,76,123,100,146,104,127,108,84,131,110,101,124,81,128,118,89,135,132,138,102,113,142,117,
104,78,116,88,103,97,137,100,131,119,91,69,136,141,74,127,128,118,148,117,89,144,113,85,102,132,101,124,135,110,140,123,146,138,108,75,142,83,
142,130,99,138,107,123,92,103,134,119,68,135,109,140,144,129,120,136,141,116,125,148,114,90,137,112,82,149,139,147,80,
135,102,138,113,142,117,70,122,145,105,81,128,111,133,143,96,104,127,94,132,84,131,106,126,79,124,146,100,118,72,
141,97,103,88,78,104,100,131,119,91,69,136,127,128,118,148,117,89,144,113,85,102,132,101,124,135,110,140,123,146,138,76,108,75,142,83,
133,95,121,143,115,122,145,
131,98,93,73,111,132,118,115,96,127,106,87,128,146,105,143,133,126,145,121,122,
134,130,131,113,124,102,147,92,117,110,146,132,91,86,137,141,116,135,108,149,103,144,125,119,97,138,101,142,123,148,140,136,88,
138,123,103,119,135,109,82,129,120,136,141,140,147,130,107,144,125,148,114,90,137,112,149,92,139,116,99,134,
119,91,75,136,127,128,118,148,89,100,144,85,102,131,113,132,124,135,110,140,123,117,146,101,138,108,142,83,
122,145,126,143,105,128,111,133,96,104,127,94,132,131,106,79,124,146,100,118,72,
111,93,115,126,133,143,122,145,121,98,95,
100,124,79,106,131,132,94,127,118,96,133,111,128,146,105,143,126,145,104,122,
132,118,115,127,146,106,128,105,87,133,111,126,143,121,122,145,96,
137,141,148,119,135,138,144,136,123,97,142,113,103,132,140,88,146,117,91,110,101,108,102,131,124,116,
148,136,127,128,118,100,89,85,102,113,132,124,135,110,140,123,117,101,138,131,108,142,146,
123,104,108,110,101,127,128,118,89,135,124,100,132,138,102,131,113,142,146,117,
93,115,126,133,143,122,145,121,98,95,
136,148,119,144,91,85,102,113,132,124,135,110,140,123,117,101,138,131,108,142,146,
106,131,132,146,118,96,133,111,128,105,126,127,104,143,122,145,
140,125,99,141,139,120,137,129,149,112,130,147,134,107,144,148,114,109,
143,126,94,146,145,132,106,124,118,131,128,133,104,127,100,
109,129,120,90,141,140,147,130,107,144,125,148,114,137,112,149,139,116,136,99,134,
148,136,85,102,113,132,124,135,110,140,123,117,101,138,131,108,142,146,
106,142,113,138,131,118,100,146,124,102,132,128,104,127,
113,132,124,101,110,140,117,138,131,108,142,135,123,146,102,
137,141,116,149,103,97,144,119,142,138,135,123,125,148,140,136,
122,133,126,143,111,145,121,
103,97,144,119,142,138,135,123,148,140,136,
135,102,124,113,146,132,138,131,142,117,
140,136,147,144,125,148,114,137,141,130,149,139,116,134,
144,138,135,123,146,110,142,119,148,117,140,136,
149,147,135,116,144,136,141,119,140,125,148,137,
122,133,121,143,115,126,145,98,
145,124,118,146,132,128,106,104,127,131,
121,143,145,115,
122,105,133,126,143,145,111,
144,142,138,135,123,119,148,140,136,
145,126,115,143,121,133,122,
107,139,120,149,129,130,112,141,147,134,137,144,148,109,
131,118,146,132,128,127,124,
110,117,138,108,142,135,146,
132,138,124,113,146,131,142,
144,135,123,119,148,140,136,
118,146,132,128,127,131,
133,143,145,126,
146,128,127,
139,149,129,130,141,147,134,137,144,148,109,
117,142,135,146,138,
144,148,137,134,141,130,129,149,139,147,
142,138,135,
133,143,145,126,
147,139,149,129,134,120,
146,142,138,
144,148,137,141,130,149,134,147,
143,121,
144,136,141,140,148,137,
146,142,138,
146,128,132,127,
148,140,136,
134,129,149,139,147,
143,
145,143,
135,
132,146,131,
148,144,141,137,
145,143,133,


147,149,139,
149,147,
146,
146,
145,143,
149,147,

140,










149,


Past links sets, 








2,
0,



3,
0,1,
0,1,
1,9,
5,6,7,
1,10,
4,2,12,
2,4,
10,13,
5,6,
13,
0,4,11,12,
3,18,
11,19,
9,11,
23,
4,8,
14,3,18,
14,15,16,18,
13,14,25,
14,25,
29,
9,24,26,
8,20,26,
4,7,8,
4,8,7,6,5,
34,
36,
1,21,28,
31,
12,27,16,15,14,
4,8,7,6,5,
2,17,
8,17,
12,27,16,15,14,
20,26,29,
15,24,19,27,16,
14,15,11,16,
21,32,
4,8,17,
15,35,20,27,16,
4,8,17,
2,24,43,
1,35,20,27,8,
30,33,31,51,
15,51,33,41,30,
39,48,
47,49,50,55,
42,11,33,13,30,
41,
49,8,43,53,
27,50,30,42,33,
12,20,44,17,39,38,37,
15,56,16,40,29,
23,42,57,
14,25,62,
4,64,61,47,43,
40,56,63,
35,40,59,
70,
49,48,53,66,
23,57,61,
32,55,19,69,
13,26,60,64,
35,37,59,44,40,38,
43,64,61,57,47,
72,
25,62,
36,56,60,63,
51,68,
51,55,69,
30,63,33,60,42,
49,75,78,83,
11,58,67,
59,73,
74,64,67,47,58,
76,51,20,75,35,
31,58,82,
2,24,74,58,69,78,67,
67,58,68,
49,71,77,66,53,
30,81,72,42,33,
77,16,71,56,54,65,
39,79,73,55,47,
86,43,88,
17,93,
33,80,82,
72,84,81,76,75,
58,76,85,74,67,
67,89,84,74,85,
86,43,68,88,
61,94,29,84,79,76,
59,60,96,
73,79,84,94,
58,9,99,
20,35,101,
16,107,
20,35,91,101,
6,96,71,87,37,
30,99,
58,102,
57,80,90,
46,98,73,95,52,
74,86,90,92,
89,91,63,108,
21,73,100,104,
55,97,103,92,91,
58,112,
14,87,45,115,
96,54,98,87,65,
76,103,97,91,85,
94,100,102,
86,80,90,92,
98,105,81,111,
106,118,
106,118,
31,109,120,
67,109,114,
66,104,124,
118,124,
18,65,126,
67,109,114,120,
63,89,123,108,110,92,
75,83,116,119,
27,50,116,125,114,109,
68,117,97,113,110,
57,90,129,
26,136,85,80,60,
47,64,116,125,114,109,
56,62,117,97,36,113,110,
121,42,122,133,
91,97,116,103,125,114,109,
52,133,122,95,94,
132,106,117,131,113,
11,134,129,130,92,
109,75,119,125,114,83,116,
86,147,
Future links sets, 
15,24,14,9,
56,41,14,15,16,18,
91,55,8,19,20,45,
30,25,13,
69,54,44,38,37,52,19,24,29,20,
44,38,22,17,
111,17,38,22,44,
44,38,37,17,
56,54,63,52,46,44,29,36,37,38,
35,107,27,16,
21,18,
86,24,147,26,27,61,50,
19,24,65,43,47,
61,23,76,21,32,
68,50,47,30,31,43,32,121,33,
66,50,53,31,43,58,47,49,
95,66,50,53,31,109,43,47,49,
45,46,52,98,65,54,
133,31,30,25,
75,49,26,
110,65,36,89,56,48,108,53,
118,51,41,

74,67,28,
91,49,55,35,
80,68,33,32,
140,35,36,76,48,
56,43,64,53,47,137,49,
41,
66,48,104,34,
84,112,57,58,94,61,64,
129,90,57,42,
75,51,
99,84,57,58,94,61,64,
39,
108,53,89,56,71,110,77,
142,81,40,
111,77,65,
77,65,
96,65,59,
77,70,71,66,
62,58,
143,94,61,64,84,67,
103,97,55,63,78,69,
77,65,
121,
115,
141,96,60,69,78,88,
73,59,
93,60,85,63,73,
137,64,60,
89,57,82,58,83,
145,115,
93,73,63,
122,95,
60,119,75,83,96,
142,66,81,70,95,
139,74,114,67,78,
120,107,92,86,113,91,88,101,90,
105,87,77,71,
140,76,81,84,105,
78,104,74,69,
142,80,68,
135,70,81,84,117,
141,69,76,78,88,
133,122,95,
131,93,73,
134,101,130,86,102,91,88,92,
138,103,92,82,
91,83,75,
72,
111,95,93,
100,94,79,
87,118,96,106,115,
116,88,101,91,102,
148,85,100,89,136,
104,89,100,123,101,
95,93,
91,85,
104,106,96,
140,125,114,99,
126,100,94,
99,90,
148,136,85,
106,104,102,100,
140,123,102,101,
97,149,116,103,125,
122,121,111,
103,97,
135,117,102,
125,116,139,114,
144,110,117,119,123,
116,119,147,125,135,
98,
145,106,124,104,
145,115,
122,111,105,
144,119,123,138,142,
126,122,115,
112,107,
124,118,
110,108,
124,113,
123,144,119,
131,118,
126,
146,128,127,
109,
135,117,
144,129,134,141,130,148,137,
142,138,135,
126,
120,
146,142,138,
144,134,148,137,130,141,
121,
136,141,148,137,144,
146,142,138,
128,132,127,
148,136,
134,129,
143,
145,143,
135,
132,131,
148,144,141,137,
133,


147,139,
147,
146,
146,
145,143,
147,

140,










149,


Coordinates,
0.0238443,6.35035,
0.0390902,7.33737,
0.0782814,3.50581,
0.197524,9.59358,
0.309722,3.61034,
0.666561,1.36749,
0.734021,1.42732,
0.741007,1.48454,
0.856484,2.91123,
0.970056,5.67611,
1.01862,8.27556,
1.25137,4.69034,
1.28952,4.23497,
1.35156,9.08256,
1.4039,6.81162,
1.44854,6.1119,
1.56636,5.92447,
1.7796,1.00754,
1.80123,7.53865,
1.90315,3.79641,
2.03856,3.3977,
2.08265,8.84326,
2.08469,0.114753,
2.19918,9.47846,
2.21207,4.20685,
2.23708,7.74679,
2.24379,3.73704,
2.24489,4.77585,
2.45163,9.61799,
2.52274,2.40169,
2.86952,6.92455,
2.95086,6.58384,
3.00054,7.61252,
3.00074,7.02002,
3.06172,2.07433,
3.10718,3.73331,
3.16842,3.00268,
3.2985,1.43163,
3.36045,1.24209,
3.36358,2.01043,
3.39419,2.80678,
3.40442,8.78762,
3.40818,6.16644,
3.42526,4.95433,
3.45281,1.25525,
3.46433,0.254988,
3.49867,0.415687,
3.5352,5.11572,
3.53935,2.44307,
3.59704,4.26136,
3.63171,5.41926,
3.67211,7.65109,
3.68473,0.487583,
3.95438,3.65537,
3.95945,0.543783,
3.99789,4.64322,
4.1482,3.31864,
4.42397,7.11075,
4.49552,7.78838,
4.52182,1.64706,
4.52956,4.57167,
4.54274,5.91946,
4.60112,9.33555,
4.61797,3.80504,
4.66563,5.67958,
4.9201,0.69018,
4.93874,2.62696,
4.99603,6.87547,
5.13926,9.01685,
5.15358,5.42901,
5.28652,3.17664,
5.37438,1.53599,
5.42455,3.04979,
5.45504,2.65076,
5.46674,6.36171,
5.49671,5.13557,
5.7063,4.74119,
5.71962,1.18898,
5.72462,5.8261,
5.76174,2.84281,
5.83744,9.89382,
5.85342,3.33059,
5.94324,8.81195,
5.97731,5.41727,
6.05524,4.13939,
6.25061,5.31045,
6.5148,7.06547,
6.56941,1.59986,
6.61561,6.51578,
6.71428,4.60902,
6.74759,8.53095,
6.78054,6.06095,
6.78656,7.44906,
6.7885,1.15524,
6.92356,3.23679,
7.02385,0.49821,
7.024,1.66822,
7.1745,6.57516,
7.24099,0.841092,
7.25993,9.60777,
7.26249,3.39652,
7.29566,5.35889,
7.34808,4.55665,
7.35038,6.83364,
7.39295,3.1196,
7.51587,1.63053,
7.54976,2.77726,
7.60963,9.43951,
7.62619,5.15114,
7.64392,9.41217,
7.65725,5.30797,
7.67294,1.37551,
7.68242,9.82021,
7.72041,4.65053,
7.77466,8.83664,
7.79372,0.356379,
7.88493,7.6642,
7.90475,4.94294,
7.91795,3.03656,
7.94452,6.41075,
7.98028,9.9151,
8.18776,0.186648,
8.26867,0.526424,
8.31393,5.87687,
8.35422,3.57435,
8.38125,8.10725,
8.41075,0.828231,
8.41552,2.74885,
8.52648,2.63361,
8.63434,9.91723,
8.6693,8.70417,
8.72067,3.33589,
8.75353,3.17509,
8.81657,0.568558,
8.85457,9.15527,
8.87774,5.3793,
8.8978,6.73333,
9.07313,8.27934,
9.13984,5.03878,
9.15339,9.97286,
9.23147,6.67564,
9.24272,8.03286,
9.28593,4.85631,
9.54439,0.166835,
9.72242,7.46602,
9.75149,0.434438,
9.76268,3.17244,
9.79195,9.10171,
9.81805,7.29802,
9.89629,9.06656,
