Storage option,sets
Size,100
Dimension,4
Shape,cylinder
Spacetime,BlackHole
Past sets, 


























13,


















15,












7,
8,
15,

4,

32,

14,






3,27,
6,7,8,39,

14,37,
9,10,
18,20,
43,
9,

16,
9,49,
9,
23,
13,37,
37,

2,19,36,
10,14,
15,
42,43,
37,
25,15,45,

10,14,
23,36,55,
22,

Future sets, 


89,
73,
62,

74,
74,58,
74,59,
84,83,80,77,
96,90,77,


86,26,
96,90,76,66,
91,60,94,45,
82,

78,
89,
78,

98,
97,85,

94,

73,




64,



97,89,
93,87,86,76,

74,


92,
92,79,

94,



83,





97,












































Past links sets, 


























13,


















15,












7,
8,
15,

4,

32,

14,






3,27,
6,7,8,39,

14,37,
9,10,
18,20,
43,
9,

16,
9,49,
9,
23,
13,37,
37,

2,19,36,
10,14,
15,
42,43,
37,
25,45,

10,14,
23,36,55,
22,

Future links sets, 


89,
73,
62,

74,
74,58,
74,59,
84,83,80,77,
96,90,77,


86,26,
96,90,76,66,
91,60,45,
82,

78,
89,
78,

98,
97,85,

94,

73,




64,



97,89,
93,87,86,76,

74,


92,
92,79,

94,



83,





97,












































Coordinates
-3.96836,0.797875,1.05412,3.22255
-3.75843,3.95021,1.01759,2.11811
-3.73761,1.93278,1.46005,4.65697
-3.72606,3.68342,1.2761,1.2399
-3.71677,2.54319,1.49744,1.87508
-3.68062,1.73521,2.38972,2.95603
-3.56945,3.4211,1.74739,0.244156
-3.55386,3.80706,2.27681,0.113372
-3.53159,3.4495,2.15951,0.294799
-3.50118,3.32461,0.911386,5.21008
-3.467,3.88268,1.28716,6.01542
-3.44015,2.7672,1.42923,3.8552
-3.43048,2.08579,1.08492,2.22512
-3.42208,2.36496,1.57207,6.25355
-3.41027,3.74973,1.44153,6.01958
-3.37368,3.92385,2.93325,5.05969
-3.27117,3.12294,2.18696,3.89073
-3.2516,0.880839,2.11699,2.79955
-3.2438,3.25655,2.43965,2.10938
-3.23009,2.6534,1.48132,4.49133
-3.2106,2.46054,2.68363,1.35906
-3.14393,1.20722,1.35243,6.18531
-3.08855,3.57368,2.0084,2.78591
-3.02839,2.44011,0.457028,2.03573
-2.99383,1.67798,0.734892,3.74599
-2.96232,3.05324,2.94635,4.66658
-2.89946,2.09665,1.53191,6.13653
-2.87888,3.74812,1.21793,1.48907
-2.86693,3.69481,2.89103,2.7634
-2.86479,3.98752,1.70576,0.659571
-2.86403,2.1416,0.996226,3.41947
-2.85388,3.83399,2.09903,2.12441
-2.8135,3.38639,1.75905,4.99948
-2.80081,2.96987,1.52802,1.4595
-2.69018,2.30546,1.88862,4.41639
-2.67343,3.22164,1.92203,1.55193
-2.66545,2.45553,0.653634,5.41689
-2.63105,2.66406,1.48142,5.82672
-2.59436,3.14325,2.05265,2.0543
-2.58106,3.7321,2.00597,0.295316
-2.53372,3.65532,2.70488,1.1471
-2.40159,2.57967,2.76524,0.339878
-2.39926,3.4022,1.67802,4.1042
-2.35398,3.96572,1.22561,4.0044
-2.33849,3.06898,1.91079,1.25887
-2.26014,3.90016,2.92167,4.14006
-2.11505,2.41334,1.28166,5.47813
-2.06467,2.33252,1.73421,3.49984
-2.05908,3.77658,1.74527,5.59851
-1.96121,3.64997,0.542159,5.44907
-1.95162,3.97487,0.652561,1.71358
-1.8882,2.34163,2.19489,5.1366
-1.87267,2.81946,1.5654,5.17367
-1.83774,3.92207,2.08267,6.01342
-1.77842,3.71523,0.717203,3.44683
-1.73899,1.78447,0.471488,3.43304
-1.68883,2.50573,1.90615,0.769864
-1.64362,2.92076,0.841393,2.48033
-1.60764,3.25226,2.50407,5.9739
-1.55683,2.76764,2.25504,0.396205
-1.5289,3.98245,2.74912,5.85633
-1.46472,3.86005,1.52586,5.65638
-1.46142,2.63545,1.25957,1.91236
-1.3862,2.72493,1.12285,0.441692
-1.36918,2.97225,1.9257,4.82857
-1.28873,2.51388,2.80529,2.81013
-1.26094,2.95695,1.59515,6.20167
-1.22591,2.80001,2.16312,3.44584
-1.14298,3.39589,2.24026,4.7023
-1.11686,2.78381,2.73064,1.59697
-1.10343,3.59958,1.97959,5.55442
-1.09048,3.94781,1.92634,5.89169
-1.07209,2.47525,1.94054,3.36902
-1.03706,3.89795,1.1461,1.3702
-1.03021,3.76231,1.94738,0.0718307
-1.01399,3.55936,0.205988,1.33445
-1.01346,2.50526,1.41277,5.83363
-0.818033,3.15487,0.80747,5.80809
-0.80428,1.85175,2.60671,2.01653
-0.792577,3.93642,1.20717,3.79452
-0.754341,2.87957,0.981151,5.08162
-0.749783,2.59016,0.49891,1.15802
-0.736458,2.74213,2.11366,3.96943
-0.715532,3.89262,0.656155,5.29358
-0.703746,3.21007,1.06839,5.18315
-0.637353,2.1154,0.558637,3.04982
-0.624063,2.12849,2.00154,6.04718
-0.599702,2.80167,1.52179,5.60653
-0.595547,2.71285,0.956305,1.66085
-0.538127,1.16748,0.660445,5.11917
-0.533085,3.74657,1.18325,0.078424
-0.466084,3.6828,2.42479,4.94195
-0.446443,3.29634,1.52765,3.98522
-0.341404,2.1807,1.95252,5.52613
-0.308149,3.20433,2.63005,4.78167
-0.258624,3.91132,0.382555,0.828741
-0.201781,3.45067,0.923518,6.107
-0.175257,1.42006,0.137288,2.92698
-0.142727,3.22836,1.40807,2.97251
-0.016264,3.95049,0.177709,3.38451
r_S,2
NHRVs_Open,1
NHRVs_Close,0
HRV0,23,85,97