Storage option,sets
Size,50
Dimension,2
Shape,cylinder
Spacetime,BlackHole
Past sets, 








7,



0,

1,

5,

1,0,12,



7,8,
12,0,1,18,
17,
6,

1,0,12,
2,
0,12,
17,21,


17,24,
21,17,24,
26,
1,27,12,0,29,
26,35,
26,

26,
35,26,37,
17,21,
26,39,


35,26,38,


47,
Future sets, 
18,23,36,27,29,12,
36,23,18,27,14,
28,


16,
25,
22,8,
22,



29,27,36,23,18,




42,30,33,34,24,
23,


42,34,30,


34,33,

43,40,38,37,41,46,35,
36,

36,





46,41,37,

41,
46,
43,







49,


Past links sets, 








7,



0,

1,

5,

1,12,



8,
18,
17,
6,

1,12,
2,
12,
17,21,


24,
21,24,
26,
27,29,
35,
26,

26,
37,
17,21,
26,39,


35,38,


47,
Future links sets, 
12,
18,27,14,
28,


16,
25,
8,
22,



29,27,18,




42,30,24,
23,


42,34,30,


34,33,

43,40,38,35,
36,

36,





46,37,

41,
46,
43,







49,


Coordinates
-5.97605,-0.999864
-5.97534,-0.91633
-5.9673,0.804081
-5.96681,-0.142885
-5.8975,-0.0145828
-5.87815,0.230033
-5.8525,-0.679957
-5.82889,0.518025
-5.77571,0.47712
-5.73034,-0.281277
-5.7267,-0.107642
-5.7168,-0.285919
-5.71313,-0.839291
-5.69718,-0.476505
-5.68974,-0.639403
-5.68407,0.134209
-5.66503,0.0360432
-5.52018,0.951155
-5.37189,-0.539465
-5.3624,0.0371804
-5.2979,0.69168
-5.29657,0.963022
-5.27125,7.76583e-05
-5.26333,-0.450988
-5.25182,0.777484
-5.21102,-0.140761
-5.08945,-0.935404
-5.08218,-0.470512
-4.95729,0.112164
-4.93991,-0.441195
-4.89997,0.655427
-4.85181,0.878394
-4.84027,0.865139
-4.82921,0.441607
-4.71109,0.39633
-4.70477,-0.667674
-4.67463,-0.176276
-4.67344,-0.641441
-4.54014,-0.679945
-4.40969,-0.649194
-4.37734,-0.615423
-4.28549,-0.302717
-4.27502,0.294967
-4.24675,-0.549093
-4.17503,-0.607814
-4.07658,0.58303
-4.05581,-0.255737
-4.05402,0.676698
-4.05016,-0.587926
-4.0053,0.648987
r_S,2
Lambda0,3,
Lambda1,4,
Lambda2,9,
Lambda3,10,
Lambda4,11,
Lambda5,13,
Lambda6,14,
Lambda7,15,
Lambda8,16,
Lambda9,19,
Lambda10,20,
Lambda11,22,
Lambda12,23,
Lambda13,25,
Lambda14,28,
Lambda15,30,
Lambda16,31,
Lambda17,32,
Lambda18,33,
Lambda19,34,
Lambda20,36,
Lambda21,40,
Lambda22,41,
Lambda23,42,
Lambda24,43,
Lambda25,44,
Lambda26,45,
Lambda27,46,
Lambda28,48,
Lambda29,49,