Storage option,sets
Size,50
Dimension,3
Shape,cylinder
Spacetime,BlackHole
Past sets, 





0,


0,1,

0,5,
0,1,
1,5,0,10,
5,1,0,11,
6,7,
10,12,11,1,5,0,13,
2,1,0,8,
8,13,0,5,1,11,12,10,15,
3,9,
15,10,12,11,1,5,0,13,8,17,
6,7,15,10,12,11,1,5,0,13,8,17,
7,17,8,13,0,5,1,11,12,10,2,15,19,
5,0,10,7,6,14,
1,14,6,7,10,0,5,22,
6,20,19,21,8,7,17,13,0,5,1,11,12,10,2,15,
9,11,5,8,13,0,1,2,3,16,
7,6,14,
3,9,19,15,2,10,12,11,1,5,0,13,8,17,16,
12,22,5,0,7,6,14,1,10,23,
7,6,14,
14,6,20,19,21,8,7,17,13,0,5,1,11,12,10,2,15,
6,7,21,16,17,8,27,1,3,9,19,15,2,10,12,11,5,0,13,
7,6,14,
7,6,14,
11,23,10,1,14,6,7,0,5,22,12,28,
14,6,7,29,
8,13,28,15,12,22,5,0,7,6,14,1,10,23,11,
13,26,11,23,10,1,14,6,7,0,34,5,22,12,28,
22,5,10,23,0,26,1,14,6,7,33,
26,29,33,7,32,6,14,35,
22,14,1,35,6,32,7,33,26,29,0,23,10,5,
22,24,15,2,10,12,11,17,14,30,1,6,19,20,7,21,8,13,0,5,
22,24,15,2,10,12,11,17,14,30,1,6,19,20,7,21,8,13,0,5,
5,35,14,6,32,7,33,29,0,26,39,
17,20,15,28,12,22,8,37,11,13,26,0,23,10,1,14,6,36,7,34,5,
15,10,25,12,9,11,5,8,13,0,1,2,3,16,17,
29,33,7,32,6,14,35,
10,39,26,0,29,33,7,32,6,14,35,5,43,
1,5,22,43,14,35,6,32,7,33,29,0,26,10,39,
12,38,5,39,10,40,14,1,22,35,6,32,7,33,26,0,29,23,
Future sets, 
11,16,8,15,41,12,36,48,19,45,27,42,13,25,17,43,31,5,34,28,24,37,10,23,47,21,40,38,22,30,49,20,44,
38,23,28,34,40,11,24,12,41,21,37,8,36,48,19,13,42,45,16,31,15,44,27,25,17,30,49,20,
24,41,30,21,25,45,27,31,42,16,
27,45,25,31,18,

43,25,31,13,42,27,45,19,48,36,17,41,12,28,24,37,10,23,47,21,34,40,38,22,30,49,20,44,15,
31,24,23,20,49,36,40,38,34,44,37,28,41,42,33,46,32,30,14,43,35,22,48,29,39,26,47,
31,21,24,23,20,49,36,40,38,34,44,37,28,41,42,33,46,32,30,14,43,35,22,48,29,39,26,47,
36,19,42,31,44,27,16,45,25,17,30,20,21,41,24,
27,45,25,31,18,
47,23,40,38,22,30,20,49,21,44,15,34,37,24,28,12,41,17,36,48,19,45,27,42,31,
34,30,20,21,37,24,25,17,41,44,15,36,19,45,27,13,42,31,
34,37,28,17,41,36,19,45,27,24,42,31,15,44,21,49,20,30,
37,25,17,41,36,19,45,27,24,42,31,15,44,21,20,30,
33,32,30,35,46,29,39,47,43,26,22,48,42,41,28,37,44,34,38,40,36,49,23,
36,19,45,27,24,42,41,31,44,21,20,30,17,
31,27,45,25,
20,21,44,31,30,41,42,24,27,45,19,

27,24,42,41,30,31,21,
44,30,41,42,24,
31,30,41,42,24,
48,42,41,28,37,44,34,38,40,36,49,23,
40,38,34,44,37,49,36,28,
42,41,
45,
40,43,48,47,39,49,38,44,37,
31,
36,37,44,34,
39,49,47,43,40,46,48,35,
42,41,

46,40,43,48,47,49,39,
46,40,43,48,47,39,49,38,
44,37,
46,40,43,48,47,49,39,
44,
44,
49,
49,47,48,43,
49,


48,47,






Past links sets, 





0,


0,1,

5,
0,1,
1,10,
5,11,
6,7,
12,13,
2,8,
8,15,
3,9,
17,
6,7,17,
2,7,19,
10,14,
1,22,
20,21,
9,13,3,16,
14,
9,3,16,19,
12,23,
14,
14,20,21,
6,21,27,
14,
14,
11,28,
29,
8,15,28,
13,26,34,
23,26,33,
26,32,33,35,
23,26,32,33,35,
22,24,30,
22,24,30,
5,39,
20,36,37,
17,25,
32,33,35,
10,43,
1,22,43,
12,38,39,40,
Future links sets, 
11,8,5,
48,23,12,11,8,
21,16,
27,25,18,

43,13,10,
31,20,14,
21,20,14,
36,17,16,
27,25,18,
47,22,12,
34,13,
49,28,15,
37,25,15,
33,32,30,29,26,22,
36,17,
27,25,
20,45,19,

27,21,
44,30,24,
31,30,24,
48,42,41,23,
40,38,28,
42,41,
45,
40,39,38,37,
31,
36,34,
35,
42,41,

46,40,39,
46,40,39,38,
37,
46,40,39,
44,
44,
49,
49,43,
49,


48,47,






Coordinates
-3.6804,2.89866,0.691993
-3.64999,2.79795,1.6802
-3.40768,2.20285,4.54333
-3.37618,1.71362,4.48233
-3.3522,0.443802,1.61532
-3.30039,2.96671,5.24767
-3.29461,3.58142,2.10074
-3.27595,3.51531,0.403026
-3.19411,2.49984,0.00988489
-3.17226,1.72855,4.43749
-3.13706,2.94292,2.01795
-3.07115,2.65897,4.32857
-2.96044,2.79959,5.2069
-2.91016,2.63858,0.78983
-2.83877,3.46178,4.11
-2.58323,2.57458,5.84995
-2.5265,1.84778,5.32938
-2.44262,2.53718,1.4722
-2.37215,0.981298,5.25161
-2.18121,2.31861,4.65538
-1.9255,2.41591,3.53374
-1.87378,2.15014,5.66583
-1.82713,3.1536,2.69827
-1.46698,3.21052,4.00909
-1.43601,2.01711,4.09173
-1.42306,1.1652,1.64818
-1.41577,3.47002,3.65713
-1.33617,1.48307,2.97437
-1.1069,3.00229,4.44313
-1.08696,3.92826,1.56931
-1.04577,2.13071,4.27066
-1.03397,1.38767,5.36967
-1.00597,3.80911,4.12463
-1.00289,3.60681,6.06371
-0.950665,2.99481,5.48042
-0.937923,3.91998,3.49204
-0.816984,2.82248,1.10775
-0.598095,2.92441,4.53231
-0.591073,3.38695,5.90447
-0.554737,3.6623,1.28346
-0.432745,3.42992,4.67186
-0.40256,1.83792,2.97159
-0.261518,1.98335,0.175734
-0.233553,3.64727,4.51794
-0.219995,2.5489,3.37256
-0.205864,0.320679,4.70986
-0.133924,3.86682,4.09474
-0.0746515,3.65375,6.24745
-0.0334799,3.58181,5.21696
-0.0177303,3.2636,0.444476
r_S,2
NHRVs_Open,0
NHRVs_Close,0
