Storage option,sets
Size,50
Dimension,2
Shape,cube
Spacetime,BlackHole
Past sets, 




1,

1,


1,4,
1,6,



0,2,
8,
4,1,9,

6,4,1,9,
8,
2,6,1,10,


8,

4,1,9,

9,1,4,25,
9,1,4,25,
10,9,1,4,6,18,
25,4,9,1,27,

28,27,1,9,25,4,30,
9,1,4,16,
17,26,
15,8,19,
26,
26,
16,9,1,4,6,18,
16,9,1,4,6,18,
26,17,34,
1,24,31,
4,1,9,24,31,
26,17,8,34,
6,18,25,16,4,1,9,33,
26,37,
26,37,
16,24,30,4,25,9,1,27,28,32,
25,28,6,32,16,30,4,27,1,9,33,
25,31,24,9,27,1,30,4,42,
Future sets, 
14,
41,6,47,18,44,25,30,20,49,28,4,33,48,38,9,42,16,29,27,32,10,39,
20,14,

49,30,28,33,48,42,16,29,27,32,39,9,38,25,44,18,47,

48,38,39,44,18,20,29,10,

43,23,19,35,15,
42,27,32,16,29,39,38,25,44,47,18,48,33,28,30,49,
29,20,




35,
47,39,38,44,48,33,
40,43,34,
44,39,38,29,
35,




47,49,42,41,
44,28,30,49,47,48,32,27,
45,46,37,36,40,43,34,
32,48,47,49,30,
47,48,32,

49,47,48,32,
49,42,41,
48,47,
48,44,
43,40,


46,45,




49,







Past links sets, 




1,

1,


4,
6,



0,2,
8,
9,

6,9,
8,
2,10,


8,

9,

25,
25,
10,18,
27,

28,30,
16,
17,26,
15,19,
26,
26,
16,18,
16,18,
34,
1,24,31,
9,24,31,
8,34,
18,25,33,
37,
37,
16,24,32,
6,32,33,
30,42,
Future links sets, 
14,
41,6,4,
20,14,

9,

48,18,10,

43,23,19,15,
25,18,42,16,
29,20,




35,
47,39,38,33,
34,
44,39,38,29,
35,




47,42,41,
44,28,27,
37,36,34,
30,
32,

49,32,
42,41,
48,47,
48,44,
43,40,


46,45,




49,







Coordinates
-3.99939,-1.13623
-3.88638,-1.87131
-3.76647,-1.10816
-3.74761,-0.234721
-3.40748,-1.8428
-3.31285,-0.341943
-3.30792,-1.3863
-3.28376,0.352112
-3.27863,1.58952
-3.18237,-1.74359
-3.03952,-1.1471
-2.94061,0.374015
-2.93394,0.10402
-2.38819,0.0585185
-2.36181,-0.247794
-2.3222,1.00668
-2.2619,-1.25232
-2.2275,1.68965
-2.16982,-1.05297
-2.10905,1.1999
-2.08877,-0.347008
-2.08613,0.164982
-2.05025,0.159172
-1.93733,1.2275
-1.89151,-1.90622
-1.8799,-1.50613
-1.8346,1.87991
-1.64887,-1.45277
-1.63987,-1.37217
-1.60662,-0.534294
-1.56588,-1.4386
-1.50061,-1.91833
-1.39148,-1.29326
-1.32401,-0.850396
-1.31675,1.49583
-1.19575,0.484886
-1.16404,1.69032
-1.15653,1.82368
-0.939848,-0.401212
-0.873231,-0.311341
-0.713615,1.13376
-0.604019,-1.67493
-0.523392,-1.40256
-0.438476,0.749758
-0.332655,-0.0104512
-0.278895,1.7674
-0.27245,1.66208
-0.212563,-0.271299
-0.185459,-0.175682
-0.0499988,-0.992642
r_S,2
NHRVs_Open,0
NHRVs_Close,0
