Storage option,sets
Size,75
Dimension,4
Shape,cylinder
Spacetime,BlackHole
Past sets, 




















3,















2,





5,



25,

18,










7,14,
17,
8,19,4,30,2,36,
0,
10,11,

2,4,8,37,
18,
15,

7,
2,4,3,20,39,

3,20,50,
1,34,41,
7,32,
Future sets, 
62,
73,
70,65,61,36,
70,72,20,
70,65,61,
42,

74,69,59,
65,61,

63,
63,


59,
67,

60,
66,48,
61,
72,70,




46,




61,

74,

73,

61,
65,

70,

73,








72,
























Past links sets, 




















3,















2,





5,



25,

18,










7,14,
17,
8,19,4,30,36,
0,
10,11,

2,4,8,37,
18,
15,

7,
2,4,20,39,

20,50,
1,34,41,
7,32,
Future links sets, 
62,
73,
70,65,36,
20,
70,65,61,
42,

74,69,59,
65,61,

63,
63,


59,
67,

60,
66,48,
61,
72,70,




46,




61,

74,

73,

61,
65,

70,

73,








72,
























Coordinates
-3.82986,3.78253,1.86877,2.37501
-3.79606,2.12065,2.01627,4.76381
-3.63553,3.95948,2.56812,0.447933
-3.63396,3.53957,2.32008,4.64881
-3.56226,3.93292,2.60241,0.391787
-3.54829,3.27134,2.79687,1.39856
-3.4996,3.34122,1.63948,5.81198
-3.35299,3.57748,1.15141,2.67147
-3.23445,3.93212,2.39245,0.242607
-3.2236,3.68218,1.20763,3.78392
-3.18733,3.45537,2.26384,1.60367
-3.18591,3.80771,2.08065,2.14609
-3.18533,3.09653,0.803621,0.802351
-3.10976,2.67845,1.04299,3.62067
-3.10971,3.78579,0.988937,3.29554
-3.03269,3.46671,0.751638,4.66063
-3.03149,2.39272,2.54438,5.18012
-3.01606,3.77224,1.17081,5.48
-2.99544,3.41839,0.132209,1.4675
-2.97362,3.38207,2.1853,0.767395
-2.90596,3.35495,2.41525,4.81902
-2.86786,3.78667,0.714044,1.15188
-2.75017,2.68561,0.962136,3.33463
-2.58116,2.355,1.80717,0.133919
-2.45466,3.29712,0.962289,4.63216
-2.41738,3.47798,2.77958,3.34455
-2.39231,1.84829,0.958057,3.3572
-2.35519,2.92963,0.485452,5.04893
-2.30799,3.4279,1.96857,4.30238
-2.30665,3.99557,2.32445,1.45815
-2.28865,3.39025,2.04133,0.678714
-2.27083,3.25406,0.553559,6.07344
-2.19579,3.97455,0.669354,2.60568
-2.10522,3.39207,1.73654,3.45984
-2.07145,2.90849,1.45279,5.606
-2.02388,2.42815,2.22904,1.62732
-2.0185,3.71933,2.4086,0.894215
-1.99138,3.72399,2.87476,6.1983
-1.99116,3.08108,1.75851,3.16358
-1.90066,3.66933,2.50062,5.22892
-1.86185,3.80647,1.35074,3.13465
-1.79195,2.81687,1.90685,4.85995
-1.71422,3.61176,2.69755,1.62204
-1.66343,3.76461,1.65262,2.75155
-1.63126,2.88972,2.51113,3.2955
-1.59773,2.06819,0.814641,1.7859
-1.56363,3.42717,2.85984,3.6589
-1.54248,3.95324,0.530339,1.33409
-1.52282,3.01723,0.123974,1.83506
-1.48442,2.07507,1.53558,4.12864
-1.4673,3.32763,1.96399,5.00924
-1.45465,2.8439,2.92639,4.92146
-1.39877,2.29583,1.21649,0.0909539
-1.37726,2.03761,2.89646,2.12552
-1.32717,2.95509,2.93784,3.01261
-1.07669,3.07472,1.09582,2.01615
-1.05579,3.49932,0.448928,0.476712
-0.917241,3.20499,1.10979,0.130512
-0.892003,2.56194,0.447785,0.775786
-0.789509,3.64191,1.14584,2.90723
-0.77102,3.37392,1.17026,5.45206
-0.753942,3.13061,2.14966,0.788204
-0.687392,3.93073,1.36426,2.21377
-0.651565,3.95921,2.15042,1.85922
-0.536487,3.75496,1.39731,0.611681
-0.495766,3.11667,2.56839,5.91129
-0.490606,2.69936,0.235547,3.62982
-0.378392,3.29405,0.459368,4.76382
-0.331877,1.60379,1.71287,0.932684
-0.315524,2.35574,1.35658,2.74957
-0.26129,2.97343,2.48984,5.31299
-0.219628,3.70861,2.35934,3.09011
-0.206772,3.03712,1.90211,4.97003
-0.0910341,1.79668,1.60453,5.28788
-0.0235622,3.30395,0.896762,2.41657
r_S,2
NHRVs_Open,0
NHRVs_Close,0
