Storage option,sets
Size,100
Dimension,2
Shape,cube
Spacetime,BlackHole
Past sets, 








0,



10,



2,

7,

0,9,


2,
2,
17,
7,18,
0,8,
1,3,4,
7,18,

17,
6,
7,11,
6,19,
17,25,
17,25,30,
6,13,19,
3,10,12,29,7,18,26,
10,28,3,12,1,4,
1,4,
31,37,17,6,13,19,
31,34,37,17,6,13,19,
1,22,
25,31,37,17,6,13,19,
7,11,
25,31,34,37,17,6,13,42,19,41,
6,
25,31,34,37,17,6,13,42,19,41,
7,4,1,12,3,10,28,39,
11,7,45,
31,35,17,36,25,30,
41,34,44,25,31,37,17,6,13,42,19,
10,28,3,1,4,
11,38,12,29,7,18,3,26,10,33,
19,6,32,
31,19,30,35,6,17,37,13,36,25,
3,10,1,12,29,7,18,4,26,
11,38,12,29,7,18,3,26,10,33,
52,41,34,44,31,25,37,46,17,35,6,48,19,13,42,
32,44,25,31,34,37,6,48,19,13,42,41,17,46,
10,26,18,33,7,3,29,12,38,11,54,
11,19,30,25,36,17,13,35,31,51,
19,6,32,47,
44,34,41,56,30,17,31,19,6,35,37,42,13,52,36,25,
13,34,55,19,6,32,
30,35,52,60,32,44,25,42,59,31,48,34,17,37,6,19,13,41,46,
34,63,19,47,6,55,32,
10,26,18,33,7,3,29,12,38,11,54,
32,6,47,19,63,
46,64,44,6,25,34,41,56,37,30,17,36,31,19,35,42,13,51,52,
25,31,34,37,17,6,48,19,32,13,42,41,
19,6,32,47,
32,36,30,59,25,42,52,35,41,34,17,44,31,48,37,46,6,56,19,13,
6,47,
41,13,17,37,34,31,6,42,19,32,55,25,48,
13,34,32,55,65,19,6,47,37,
36,30,35,52,6,37,32,44,25,48,42,66,19,59,60,13,31,34,17,41,46,56,
37,62,36,11,19,30,17,56,25,51,13,6,35,31,
46,51,64,44,6,25,34,41,56,37,30,17,36,31,19,35,42,13,11,52,62,
31,35,13,51,25,17,30,6,19,11,36,62,
11,30,25,36,17,13,35,31,51,
47,6,74,
73,32,36,59,13,30,25,48,42,19,52,6,35,41,34,64,17,44,31,37,46,56,
11,30,25,36,17,13,35,31,7,51,

47,6,74,
32,82,47,6,74,
65,55,34,67,69,6,32,13,47,19,63,
6,85,
73,32,36,59,60,13,30,25,48,42,52,6,35,41,34,17,44,31,37,46,56,19,66,
6,85,
7,31,35,13,36,51,25,17,30,11,84,
73,32,36,59,60,13,30,25,48,42,52,6,35,41,34,64,17,44,31,37,46,56,19,66,
56,41,46,17,34,31,60,13,42,25,44,32,66,37,52,6,35,59,30,36,19,48,77,
36,46,59,44,60,52,35,30,37,25,42,31,48,71,34,17,6,19,32,66,13,41,
74,6,47,32,
44,46,63,67,71,48,25,42,31,17,41,37,47,6,75,19,65,55,32,34,13,76,
67,63,69,76,13,34,32,55,65,19,6,47,37,
44,46,71,48,25,42,31,17,41,37,47,6,75,19,65,55,32,34,13,76,
Future sets, 
20,27,8,
57,43,40,53,49,28,39,
24,23,16,
54,57,68,58,53,38,49,61,28,39,
57,40,53,49,28,39,

91,89,80,86,74,82,47,41,44,56,78,73,34,93,63,71,72,66,95,77,55,97,88,94,65,99,76,75,69,98,60,83,87,67,96,37,90,32,42,64,52,79,59,70,46,48,
92,50,18,29,49,26,57,45,68,58,54,84,61,38,33,
27,
20,
53,58,54,39,61,38,49,68,57,12,
81,80,84,50,33,78,61,68,54,92,58,79,62,45,
57,49,38,61,68,54,58,39,
92,84,81,88,65,80,62,37,66,95,98,76,78,56,44,73,41,99,70,64,93,75,46,71,42,94,52,79,59,77,48,97,60,83,90,



42,41,25,99,62,71,75,60,97,52,44,81,35,48,95,66,56,93,79,78,80,70,46,83,92,84,51,94,77,64,90,73,36,59,31,
26,57,68,58,54,61,38,29,
72,69,63,80,62,55,41,44,56,78,67,98,76,88,59,42,71,65,94,64,34,93,75,46,52,99,70,79,77,48,97,60,83,66,95,37,73,90,


43,


71,75,60,97,52,99,44,35,81,48,95,66,56,79,78,80,70,46,93,92,62,84,51,94,77,64,90,73,59,83,36,
57,58,54,68,61,38,

53,49,39,
57,58,54,68,61,38,
95,73,90,36,83,64,77,94,51,84,62,92,81,93,70,80,78,79,56,66,
56,78,80,62,84,81,92,51,44,41,64,75,71,94,52,99,79,59,70,77,97,60,83,66,93,46,48,95,73,90,42,
96,87,83,60,98,75,76,99,65,88,67,90,97,55,93,77,95,72,94,71,66,63,69,73,
61,58,68,54,
67,98,76,88,42,65,64,75,71,94,52,99,79,59,70,77,97,60,83,66,93,46,48,95,73,90,
95,66,56,79,78,80,70,93,81,92,62,84,51,94,77,64,83,90,73,59,
95,73,90,83,64,77,94,51,84,62,92,81,93,70,80,78,79,56,
98,76,78,56,44,41,64,75,71,94,52,99,79,59,70,77,97,60,83,66,93,46,48,95,73,90,42,
61,58,68,54,
49,

64,52,71,75,99,48,79,59,93,94,77,97,60,66,46,83,95,73,90,70,
64,52,71,75,99,48,79,59,93,94,77,97,60,66,46,83,95,73,90,70,

99,52,79,59,93,83,66,94,77,97,60,95,73,90,70,64,
50,
99,97,79,59,94,66,77,95,73,90,70,93,83,60,
76,99,82,87,96,74,72,98,86,69,63,97,67,88,
75,97,99,59,71,94,66,77,95,73,90,93,83,60,


92,81,70,84,62,80,79,78,
79,59,83,94,66,77,95,73,90,70,93,64,

68,61,
75,67,88,65,99,76,97,98,
78,94,77,64,93,79,83,70,90,73,


83,66,95,94,77,73,90,93,
93,90,77,95,94,66,

80,79,78,
69,67,97,98,88,
93,83,79,70,
88,99,76,98,97,
95,77,94,90,93,
97,98,88,

98,88,

99,97,95,

90,93,83,
96,86,87,82,
99,97,
99,98,97,
94,




87,

92,
91,89,














Past links sets, 








0,



10,



2,

7,

0,9,


2,
2,
17,
18,
8,
1,3,4,
18,

17,
6,
7,11,
6,19,
25,
25,30,
6,13,19,
3,12,26,29,
12,28,
1,4,
31,37,
31,34,37,
1,22,
25,31,37,
7,11,
25,41,42,
6,
25,41,42,
7,39,
45,
35,31,36,
41,42,44,
10,28,
33,38,
19,32,
35,31,36,37,
3,29,4,26,1,12,
33,38,
35,46,48,52,
32,44,46,48,
54,
13,19,11,51,
19,32,47,
52,56,
13,34,55,
59,30,60,
34,55,63,
54,
63,
46,51,64,
32,48,
19,32,47,
32,56,59,
47,
48,55,
37,47,65,
56,66,
56,62,
46,62,64,
6,62,
13,11,51,
74,
64,73,
7,13,11,51,

74,
32,82,
65,67,69,
6,85,
66,73,
6,85,
84,
64,66,73,
77,
36,66,71,
32,74,
44,46,76,71,75,67,
67,69,76,
44,76,71,46,75,
Future links sets, 
20,8,
57,40,43,28,
24,23,16,
57,38,28,
57,40,28,

32,37,91,80,47,89,34,
84,18,33,45,49,
27,
20,
53,12,
33,45,84,62,81,
57,39,38,
84,62,65,37,81,



31,25,
29,26,
72,63,34,37,62,55,


43,


48,36,35,46,44,
57,38,

53,39,
57,38,
66,36,
56,41,51,42,44,
87,73,72,55,96,63,60,71,
58,54,
65,67,42,
59,56,51,
95,56,51,
76,41,56,42,44,
58,54,
49,

52,48,46,
52,48,46,

99,60,97,52,
50,
99,97,79,60,59,70,
76,74,72,63,
71,75,60,59,


84,81,70,62,
64,59,

68,61,
67,75,65,
77,78,73,64,


73,66,
66,

80,79,78,
69,67,
93,83,79,70,
88,76,
93,95,90,77,
97,98,88,

98,88,

99,97,95,

90,93,83,
96,86,82,
99,97,
99,98,97,
94,




87,

92,
91,89,














Coordinates,
0.0023121,0.445003,
0.00753984,0.874204,
0.025711,0.326471,
0.0269144,0.940241,
0.0694792,0.856398,
0.080488,0.0982019,
0.0904873,1.96314,
0.0989872,1.04088,
0.11731,0.339054,
0.14734,0.37142,
0.152961,0.920074,
0.18145,1.1166,
0.194487,0.904157,
0.210056,1.6559,
0.21176,0.407029,
0.230372,0.508318,
0.231265,0.162843,
0.233201,1.44335,
0.241814,0.942337,
0.252443,1.71002,
0.268498,0.258002,
0.288469,0.384726,
0.291294,0.504478,
0.293081,0.0935441,
0.321457,0.0558645,
0.328184,1.39335,
0.33625,0.859236,
0.346878,0.13437,
0.348305,0.665194,
0.358339,0.85515,
0.360476,1.26048,
0.408084,1.40915,
0.416248,1.81785,
0.431746,0.87825,
0.445041,1.65467,
0.554731,1.25947,
0.566357,1.20804,
0.601585,1.48311,
0.633075,0.655656,
0.657006,0.449301,
0.736629,0.203838,
0.7464,1.34545,
0.760901,1.34364,
0.780093,0.132438,
0.822509,1.26724,
0.842905,0.716264,
0.867704,1.26028,
0.874713,1.898,
0.883317,1.27672,
0.893014,0.264514,
0.90879,0.684204,
0.937577,0.908389,
0.946173,1.16404,
1.00529,0.0736094,
1.00739,0.442056,
1.04157,1.60052,
1.04161,1.0444,
1.09214,0.195155,
1.10265,0.313846,
1.15861,1.06633,
1.21859,1.09909,
1.22561,0.260519,
1.28328,0.690372,
1.28488,1.60113,
1.30814,0.81104,
1.31144,1.39577,
1.33803,0.988612,
1.35866,1.53356,
1.38703,0.083482,
1.44046,1.56215,
1.45884,0.683129,
1.48271,1.10585,
1.49205,1.58692,
1.54256,0.715605,
1.54754,1.8405,
1.55826,1.08483,
1.59863,1.20624,
1.62407,0.772897,
1.66302,0.423144,
1.67458,0.464791,
1.69219,0.384775,
1.70211,0.258899,
1.70939,1.78669,
1.73219,0.556943,
1.74574,0.182585,
1.7472,1.94804,
1.7712,1.79299,
1.80362,1.72853,
1.80461,1.26216,
1.80694,1.93575,
1.81143,0.5761,
1.81418,1.88237,
1.81575,0.117396,
1.83354,0.527551,
1.84068,0.646316,
1.85135,0.780207,
1.86594,1.61911,
1.97082,0.922893,
1.97431,1.07257,
1.99474,0.86327,
