Storage option,sets
Size,75
Dimension,2
Shape,cube
Spacetime,BlackHole
Past sets, 









7,
5,


1,
1,
5,10,
0,
4,
1,14,
4,
7,9,
4,
4,17,
5,
7,9,
0,
3,
3,4,
3,4,
9,12,7,20,
18,13,1,14,

13,14,1,18,22,17,4,21,
10,5,15,
9,12,7,20,
14,1,13,4,18,30,
13,14,1,18,22,17,4,21,
32,21,13,14,1,18,22,17,4,19,
1,13,9,29,12,20,7,24,
1,9,29,12,20,7,24,
19,28,3,4,27,
19,21,22,17,28,3,4,27,
1,34,20,9,24,7,12,29,
19,21,22,17,28,3,4,27,
7,29,20,9,24,13,12,1,38,
35,37,32,19,21,13,14,30,1,18,22,17,4,36,
12,31,
27,4,3,28,17,22,21,19,41,
9,7,12,31,
14,18,38,12,13,1,24,9,20,29,7,30,
14,1,27,4,3,28,17,22,21,19,18,
31,12,7,9,48,
20,51,9,46,12,7,31,48,
31,13,38,42,20,9,34,12,1,24,7,29,39,
20,9,7,45,35,1,18,37,32,19,36,21,4,13,30,14,22,17,24,
17,22,14,30,13,4,21,36,19,32,3,37,18,1,35,45,
21,17,22,4,14,18,35,1,38,49,12,29,13,30,24,7,9,20,
13,31,48,12,29,42,7,24,9,1,34,20,39,
35,37,3,32,19,21,13,14,30,1,18,22,17,4,36,
1,24,29,52,20,9,31,51,7,46,12,34,48,
24,29,52,20,9,31,51,7,46,12,34,48,
34,24,1,29,52,20,9,31,42,51,7,46,12,48,
17,34,4,35,39,14,18,1,38,49,12,29,13,30,24,9,20,7,44,
14,18,31,39,34,42,44,30,7,29,20,9,13,12,24,1,38,
19,32,35,21,4,17,22,14,18,1,38,49,12,29,13,30,24,7,9,20,36,
3,9,7,45,35,1,18,37,32,19,36,21,4,13,30,14,22,17,24,
14,18,30,53,31,13,42,20,9,34,12,29,38,1,24,39,7,44,
3,17,4,21,13,36,19,14,37,18,24,1,35,22,45,30,7,32,9,20,54,
14,18,30,53,31,13,42,20,9,34,12,29,38,1,24,39,7,44,
21,17,22,34,4,35,39,14,18,1,38,49,12,29,13,30,24,9,20,7,44,
35,36,19,4,17,22,21,32,14,18,1,38,49,12,29,13,30,24,7,9,20,37,
3,17,4,21,13,36,19,14,37,18,24,1,12,35,22,45,30,7,32,9,20,54,
42,1,60,24,7,29,9,46,12,52,20,31,48,51,34,59,
19,32,36,39,21,44,17,22,4,14,18,35,12,1,24,38,49,29,13,30,7,56,9,20,
1,60,24,7,29,9,46,12,52,20,31,48,51,34,59,
Future sets, 
25,16,
74,59,61,42,39,18,50,72,13,71,57,44,53,38,67,36,65,37,66,30,68,45,63,35,64,58,69,70,56,62,54,55,32,49,73,14,

71,67,65,58,55,26,27,50,28,40,41,47,43,
35,28,27,21,40,19,62,65,36,54,67,17,64,41,37,71,58,55,32,70,47,43,73,50,56,45,69,22,
23,33,15,10,

69,62,68,39,44,73,56,64,70,53,72,59,74,60,66,29,63,52,54,42,34,71,38,67,49,57,20,61,24,65,48,51,9,

51,48,65,24,20,49,67,38,71,42,54,52,34,63,29,60,74,59,61,72,57,53,70,64,56,73,44,39,68,62,66,69,
33,15,

71,51,48,52,46,34,29,60,74,59,61,38,72,49,42,57,53,70,64,56,73,39,62,44,66,69,63,68,
57,44,53,38,36,37,30,68,45,66,63,35,58,69,70,64,73,56,62,65,54,71,67,55,32,49,
49,32,55,67,71,54,62,56,73,70,69,58,64,35,63,45,68,30,66,37,65,36,50,18,
33,

62,65,36,54,67,64,41,37,71,58,55,32,70,47,43,73,50,56,69,45,22,
50,36,37,30,68,45,66,63,35,58,69,70,64,73,56,62,65,54,71,67,55,32,49,
73,50,43,64,41,37,47,70,58,45,67,65,54,71,55,40,
67,71,54,52,34,29,60,74,59,61,38,72,49,42,57,53,70,64,56,73,39,62,44,66,69,63,68,
69,56,50,43,47,32,58,45,71,73,37,41,70,67,54,36,65,55,64,
69,56,50,43,47,32,58,45,71,73,37,41,70,67,54,36,65,55,64,

65,60,74,59,67,71,54,61,72,42,57,38,53,70,64,56,73,39,44,66,49,69,62,63,68,


50,40,41,47,43,
50,40,41,47,43,
60,74,59,61,72,42,57,38,53,70,64,56,73,39,44,66,49,69,62,63,68,
68,66,63,35,69,70,64,58,73,56,62,45,65,54,71,67,55,49,
63,66,68,53,57,46,72,61,60,51,74,52,59,48,
73,37,70,58,45,67,65,54,71,55,64,

69,62,60,74,42,53,63,72,61,66,68,57,59,
70,69,64,58,73,56,62,45,65,54,71,67,55,
73,70,64,58,45,65,54,71,67,55,
70,58,45,65,54,71,67,55,
53,64,56,70,44,66,69,73,62,63,68,49,
69,63,73,62,53,66,68,57,

47,
63,72,61,53,66,68,57,

69,73,62,63,68,66,
65,54,71,67,55,
72,61,60,74,59,52,

57,59,52,74,60,61,72,51,
70,69,56,73,62,64,

72,61,60,74,59,52,
59,74,61,72,60,
68,66,
71,67,

73,


74,72,
74,72,














Past links sets, 









7,
5,


1,
1,
10,
0,
4,
14,
4,
9,
4,
17,
5,
9,
0,
3,
3,4,
3,4,
12,20,
13,18,

13,18,21,22,
15,
12,20,
4,30,
13,18,21,22,
19,32,
13,24,29,
1,24,29,
19,27,28,
19,28,27,22,21,
1,24,29,34,
19,28,27,22,21,
38,
35,36,37,
12,31,
41,
9,12,31,
30,38,
18,19,28,27,22,21,
48,
20,46,51,
31,38,39,42,
24,20,45,
3,45,
21,22,35,49,
39,42,13,48,
3,35,36,37,
52,1,34,29,24,
24,29,34,52,
42,52,
34,49,44,17,39,35,
30,44,39,42,31,
19,49,36,35,32,
3,24,45,
30,44,53,
3,54,
30,44,53,
21,34,49,22,44,39,35,
35,36,37,49,
3,12,54,
42,59,60,
19,32,56,36,44,39,
59,60,
Future links sets, 
25,16,
59,13,14,39,42,

67,65,58,26,71,27,28,55,
35,28,17,27,19,21,
23,10,

9,

48,24,20,
15,

71,29,34,46,48,
57,30,32,36,38,
18,
33,

62,22,
36,32,50,30,
64,50,37,73,40,41,43,
52,54,34,29,
56,50,69,36,41,32,43,
56,50,69,36,41,32,43,

59,60,38,39,65,54,42,


43,41,50,40,
43,41,50,40,
60,38,39,59,42,
68,35,49,63,66,
63,53,48,46,
73,64,37,

69,42,62,59,60,
70,64,45,56,69,58,62,
73,45,70,58,64,
58,70,45,
53,49,44,
69,53,63,57,73,62,

47,
53,63,57,72,61,

69,73,62,63,68,66,
65,55,54,
52,

57,51,
70,56,62,64,69,

52,
61,60,59,
68,66,
71,67,

73,


74,72,
74,72,














Coordinates,
0.0150797,0.742841,
0.0514219,2.68729,
0.197974,0.0538288,
0.234621,1.4928,
0.29468,1.89235,
0.305922,1.01664,
0.420111,0.656368,
0.42352,3.19727,
0.460744,0.180975,
0.462529,3.20104,
0.466403,0.929581,
0.504887,0.678108,
0.536995,3.41878,
0.576938,2.53449,
0.582588,2.18428,
0.586162,0.884112,
0.642915,0.138958,
0.6725,1.81678,
0.693756,2.13267,
0.696611,1.62208,
0.716679,3.12431,
0.720952,1.73541,
0.816167,1.74841,
0.832496,0.516004,
0.863492,2.8867,
0.890083,0.160976,
1.10946,0.846289,
1.13271,1.1522,
1.20317,1.0551,
1.26615,3.09508,
1.31401,2.08177,
1.5218,3.79601,
1.56019,1.56041,
1.64502,0.00462421,
1.68581,3.20225,
1.74943,1.78603,
1.76663,1.54579,
1.81758,1.38074,
1.87515,2.52095,
2.01058,2.77407,
2.01479,0.388974,
2.08315,0.483628,
2.08322,2.96543,
2.2053,0.517799,
2.31721,2.43718,
2.45122,1.11389,
2.56657,3.89608,
2.56977,0.111729,
2.61628,3.63149,
2.62289,1.84015,
2.67607,0.362899,
2.71732,3.63569,
2.88092,3.58597,
2.9841,2.52432,
3.11652,0.769453,
3.24815,0.365169,
3.32604,1.31131,
3.34915,2.91767,
3.40422,0.147219,
3.46439,3.30934,
3.49147,3.38438,
3.4944,3.08512,
3.5424,1.47326,
3.60724,1.84579,
3.60922,1.00896,
3.61388,0.187088,
3.62286,1.97722,
3.62835,0.325686,
3.66708,2.0888,
3.68135,1.33039,
3.7027,0.814057,
3.73189,0.268741,
3.94165,3.31181,
3.94863,0.898603,
3.98947,3.42004,
