Storage option,sets
Size,25
Dimension,2
Shape,cube
Spacetime,BlackHole
Past sets, 







0,
3,
1,
0,6,
0,6,
1,
2,
1,5,
1,9,
5,1,9,
0,2,
5,1,9,
1,12,
5,12,9,1,15,
7,10,6,0,11,
19,15,1,9,12,5,20,
19,15,1,9,12,18,5,20,
20,5,12,1,15,19,9,22,
Future sets, 
17,11,10,21,7,
14,19,12,15,24,23,20,16,18,22,9,
17,13,
8,

22,24,20,23,18,16,14,
11,21,10,
21,

18,16,20,23,24,22,15,
21,
21,
20,22,24,23,19,


22,24,23,20,


23,
23,24,22,
23,24,22,

24,


Past links sets, 







0,
3,
1,
0,6,
0,6,
1,
2,
1,5,
9,
5,9,
0,2,
5,9,
12,
5,12,15,
7,10,11,
19,20,
18,19,20,
22,
Future links sets, 
17,11,10,7,
14,12,9,
17,13,
8,

20,18,16,14,
11,10,
21,

18,16,15,
21,
21,
20,19,


20,


23,
23,22,
23,22,

24,


Coordinates,
0.105064,2.00839,
0.108326,3.85262,
0.251697,1.27261,
0.3938,0.669644,
0.567606,0.127812,
0.894768,2.88357,
0.927422,2.02711,
0.964666,1.52727,
1.08607,0.00348817,
1.16353,3.39502,
1.51579,1.66283,
1.55009,1.66092,
1.76848,3.76372,
1.85775,0.191828,
2.0604,2.41542,
2.17371,3.35282,
2.31362,2.58226,
2.31926,0.121423,
2.5076,2.90646,
2.52317,3.92855,
3.03361,3.30946,
3.56976,0.0236089,
3.57351,3.41758,
3.69585,2.85411,
3.86742,3.19202,
