Storage option,sets
Size,69
Dimension,3
Shape,cylinder
Spacetime,BlackHole
Past sets, 



0,

1,
2,0,3,


1,2,0,3,
0,3,
4,
0,3,
1,2,0,3,
4,8,
4,
4,11,


2,6,10,11,3,0,12,8,4,14,
0,2,1,5,7,
2,6,10,11,3,0,12,8,4,14,
5,1,2,0,7,20,
5,6,9,10,3,2,1,0,13,
1,7,
3,5,1,2,0,7,20,
14,4,12,0,16,3,11,10,19,6,2,8,21,
5,6,9,10,3,2,1,0,13,
7,1,24,
14,4,8,12,0,16,3,11,10,15,2,6,19,
9,1,13,21,8,2,6,19,10,11,3,16,0,12,4,14,
12,13,0,1,2,3,9,6,5,10,23,
9,1,21,8,2,6,19,10,11,3,0,13,12,4,14,
19,16,3,14,4,8,12,29,0,11,10,15,2,6,
26,14,4,12,0,9,30,1,13,21,8,2,6,19,10,11,3,16,
14,4,8,23,10,5,6,9,3,2,1,0,13,21,11,12,
7,
5,23,16,14,4,12,6,19,9,30,1,21,8,2,10,11,32,3,0,13,
19,16,3,14,4,8,12,29,0,11,10,15,2,6,
21,26,6,2,19,16,3,14,33,4,8,12,29,0,11,10,15,
10,0,12,8,14,2,15,11,4,3,16,
15,26,13,29,0,3,32,11,10,2,8,37,34,5,23,16,14,4,1,30,12,35,6,19,9,21,
7,20,27,12,11,21,13,9,14,1,4,8,23,10,5,35,6,3,31,2,0,
15,26,13,29,0,3,32,11,10,2,8,37,34,5,23,16,14,33,4,1,30,12,6,19,9,21,
15,26,13,29,0,3,32,11,10,2,8,37,34,5,23,16,14,33,4,1,30,12,6,19,9,21,
22,23,24,27,1,5,6,9,10,3,2,0,13,25,7,20,
7,20,27,19,12,11,21,13,9,14,1,4,8,23,10,5,35,6,32,3,31,2,0,
6,16,3,4,11,15,2,8,12,0,10,14,40,
27,15,26,13,29,0,3,32,11,10,31,2,8,37,34,5,23,16,14,4,1,30,12,35,6,19,9,21,
13,1,30,5,34,9,38,15,11,0,29,10,39,26,21,8,6,19,2,16,32,3,14,33,4,12,
14,4,8,11,21,22,20,7,25,5,12,13,0,1,27,31,2,3,9,6,10,23,
6,19,14,10,29,0,12,38,8,2,15,40,11,33,4,3,16,
7,15,27,26,13,0,3,32,11,10,31,2,8,37,34,5,23,16,14,4,1,30,12,35,6,19,9,21,
20,7,25,13,45,6,22,9,23,10,24,27,1,5,3,2,0,
4,8,12,20,7,25,13,45,6,22,9,23,10,24,27,1,5,3,31,2,0,
21,26,47,16,3,4,33,51,12,38,6,19,14,11,40,10,29,0,8,2,15,
27,31,38,39,35,8,37,10,11,32,3,29,0,13,26,2,15,44,34,5,23,16,14,43,33,4,1,30,12,41,6,19,9,21,
47,8,6,16,3,4,40,11,15,2,12,0,10,14,
38,15,11,0,29,10,39,26,21,8,6,19,2,16,3,14,33,4,12,
28,12,0,31,2,3,5,1,27,20,7,25,13,45,6,22,9,23,10,53,24,
15,2,8,0,29,10,40,11,14,16,3,21,47,55,26,4,33,51,12,38,6,19,
15,2,8,0,29,10,40,11,14,16,3,21,47,55,26,4,33,51,12,38,6,19,
22,25,42,20,46,29,48,31,2,10,11,32,3,27,15,7,0,13,26,52,23,8,37,34,5,16,14,4,1,30,12,35,6,19,9,21,
19,6,38,12,51,33,4,26,55,47,8,21,15,60,2,0,29,16,3,39,10,14,40,11,
24,26,30,16,13,42,5,12,25,7,20,22,21,50,8,37,4,14,11,0,1,27,31,2,3,32,9,6,35,10,23,46,19,
33,41,50,21,9,19,6,35,12,30,1,32,11,2,31,46,20,29,0,42,13,25,48,22,10,3,62,4,27,15,7,26,52,23,8,37,34,5,16,14,
57,11,40,14,10,39,61,3,16,29,0,2,60,15,63,19,6,38,12,51,33,4,26,55,47,8,21,
11,40,14,10,39,61,3,16,58,29,0,2,60,15,63,19,6,38,12,51,33,4,26,55,47,8,21,
27,31,35,41,43,23,37,44,32,8,21,10,39,29,0,58,26,11,40,15,38,9,19,6,2,16,3,14,33,4,12,51,49,13,1,30,5,34,
Future sets, 
22,20,48,19,46,43,51,37,66,41,68,9,39,65,6,44,45,57,31,47,56,27,53,30,67,38,34,63,33,49,10,40,13,42,12,25,54,62,3,61,32,58,29,55,26,60,64,35,50,21,23,52,59,
28,24,13,30,34,49,20,23,52,37,41,43,56,27,48,44,31,46,59,42,45,53,50,65,54,25,35,5,64,62,22,68,9,32,
40,22,25,20,13,62,33,49,63,34,67,38,58,29,55,26,61,32,60,64,50,21,42,35,23,52,54,59,30,53,27,56,47,31,57,45,44,6,65,39,9,68,41,66,37,51,43,46,19,48,
25,13,12,40,10,62,33,49,63,34,67,38,58,29,55,26,61,32,60,64,50,21,42,35,23,52,54,59,30,53,27,56,47,31,57,45,44,6,65,39,9,68,41,66,37,51,43,46,19,48,
54,15,14,30,51,37,66,41,68,39,65,52,56,38,67,40,11,57,46,58,29,19,48,32,61,21,50,42,35,64,63,34,33,62,49,44,47,55,26,16,60,43,
68,48,27,56,31,41,37,44,43,52,23,49,20,46,59,42,45,53,50,65,54,25,35,64,62,22,
57,47,27,59,54,31,45,53,23,35,42,50,21,44,52,65,39,68,41,66,37,51,43,56,30,46,19,48,64,60,32,61,26,55,29,58,38,67,34,63,49,33,62,
52,28,20,46,59,42,45,24,53,50,36,65,54,25,64,62,22,
54,62,33,49,63,34,67,38,58,29,39,68,65,52,50,21,42,35,64,44,57,47,40,14,43,41,66,37,51,56,30,46,19,48,60,32,61,26,55,
32,34,49,42,68,64,35,65,62,46,52,23,53,45,43,27,56,44,31,37,50,41,54,48,30,59,
47,57,40,27,59,54,31,45,53,23,35,42,50,21,44,52,65,39,68,41,66,37,51,43,56,30,46,19,48,64,60,32,61,26,55,29,58,38,67,34,63,49,33,62,
35,42,50,21,32,46,19,57,40,58,29,38,67,63,34,33,62,49,44,47,55,26,16,48,61,60,64,43,56,52,65,39,68,41,66,37,51,30,
47,57,40,59,54,31,35,42,50,21,44,52,65,39,68,41,66,37,51,43,56,30,46,19,48,64,60,32,61,26,55,29,58,38,67,34,63,49,33,62,
32,34,49,42,68,64,35,65,62,46,52,23,53,45,43,27,56,44,31,37,50,41,54,48,30,59,
47,57,40,35,42,50,21,44,52,65,39,68,41,66,37,51,43,56,30,46,19,48,64,60,32,61,26,55,29,58,38,67,34,63,49,33,62,
52,47,57,40,44,49,43,56,67,38,63,58,29,55,48,61,41,60,51,62,33,65,68,39,66,
47,44,62,33,49,63,34,67,38,58,29,55,26,48,61,60,64,43,56,52,65,39,68,41,66,37,51,30,40,57,


46,30,51,37,66,41,68,39,65,52,56,43,64,60,32,61,48,26,55,29,58,38,67,34,63,49,33,62,44,
42,45,54,46,59,53,50,65,25,64,62,22,
50,42,46,30,37,66,41,68,39,65,52,56,43,35,64,60,32,61,48,26,55,58,67,34,63,49,62,44,
62,64,65,50,53,59,54,45,
53,45,43,44,37,41,31,56,54,50,48,59,46,62,52,65,35,64,68,42,
64,53,45,59,54,28,
62,64,65,50,53,59,54,45,
64,60,61,55,58,67,63,34,49,62,48,44,43,56,52,65,39,68,41,66,
68,42,64,65,52,62,45,54,59,46,53,48,50,56,
59,
48,41,61,60,51,62,33,65,55,39,68,66,63,38,67,58,56,43,49,44,
64,37,41,68,65,52,56,43,44,48,62,49,34,
56,54,50,48,59,46,62,52,65,64,68,42,
46,41,68,65,52,56,43,44,48,49,62,64,37,
65,55,66,63,67,58,56,43,39,68,49,44,51,60,61,
49,62,48,44,43,56,52,65,68,41,
48,46,62,64,56,52,65,42,68,41,

64,62,48,44,43,56,52,65,68,41,
58,56,61,63,67,66,60,51,55,68,49,
66,63,67,58,56,68,49,
51,68,55,61,63,67,66,57,60,47,
68,65,56,
64,65,62,
68,56,
68,56,
54,59,53,
64,65,62,
57,60,66,67,63,61,55,
65,62,
68,
65,64,
60,66,67,63,61,68,55,
65,62,
59,

61,63,67,66,60,

66,
68,67,

66,67,63,
67,66,
65,
67,66,





Past links sets, 



0,

1,
2,3,


1,2,3,
3,
4,
3,
1,2,3,
4,8,
4,
11,


6,10,11,12,14,
0,2,5,7,
6,10,11,12,14,
20,
5,6,9,10,13,
1,7,
3,20,
16,19,21,
5,6,9,10,13,
24,
15,16,19,
9,13,16,19,21,
12,23,
9,13,19,21,
29,
26,30,
21,23,
7,
23,30,32,
29,
26,33,
10,12,14,2,15,16,
29,34,35,37,
20,27,31,35,
33,34,37,
33,34,37,
22,23,24,25,27,
20,27,31,32,35,
6,40,
27,29,31,34,35,37,
5,32,34,38,39,
21,22,25,27,31,
33,38,40,
7,15,27,31,34,35,37,
45,
4,8,31,45,
26,47,51,
27,38,39,41,43,31,44,
47,
38,39,
28,31,53,
55,
55,
25,42,46,22,48,52,
39,60,
26,42,46,24,37,50,
33,41,50,62,
57,61,63,
58,61,63,
27,41,43,31,44,49,51,58,
Future links sets, 
20,3,
24,13,9,5,
40,20,13,9,6,
13,25,12,10,9,6,
54,15,14,11,
27,49,23,20,
27,23,47,21,19,
52,36,24,20,
54,14,
32,30,27,23,
40,27,23,21,19,
21,19,16,
40,31,21,19,
32,30,27,23,
40,21,19,
52,40,29,
40,30,29,26,


32,30,29,26,
46,42,25,22,
50,35,32,30,26,
62,50,45,
45,37,35,31,
64,45,28,
62,50,45,
64,55,39,34,
56,52,50,48,46,45,68,42,
59,
48,41,38,33,
37,34,
56,54,52,50,48,59,46,68,42,
49,46,37,
51,44,43,65,39,
52,49,48,44,43,41,
52,48,46,42,41,

64,52,48,44,43,41,
58,56,51,49,
63,58,56,49,
51,47,
68,65,56,
64,62,
68,56,
68,56,
54,53,
64,62,
57,55,
62,
68,
65,64,
68,55,
62,
59,

61,60,

66,
68,67,

63,
67,66,
65,
67,66,





Coordinates
-3.95138,3.33863,0.00160254
-3.8503,2.87113,0.00067575
-3.84401,3.18338,0.00191472
-3.75763,3.30587,0.000825979
-3.49236,3.92483,0.00208212
-3.36615,2.59738,0.00109373
-3.35725,3.27049,6.65999e-05
-3.27993,2.17113,0.000603512
-3.27494,3.68092,0.000137497
-3.27396,2.83161,0.00198452
-3.23635,3.34144,0.00208564
-3.22806,3.77128,0.000741544
-3.13664,3.46102,0.0020066
-3.07613,2.88868,0.00213519
-3.07401,3.57561,0.00108193
-3.00881,3.97752,0.00207274
-2.98576,3.78706,0.000237544
-2.8989,1.20013,0.00196742
-2.87783,0.670404,0.00114264
-2.67263,3.35362,0.00123649
-2.60046,2.01752,0.00137556
-2.54318,3.15283,0.000569883
-2.50074,1.92266,0.00179755
-2.48214,2.65145,0.00202295
-2.46571,1.61546,0.00196831
-2.37637,1.92959,0.00121475
-2.34007,3.16785,0.000512329
-2.28404,2.45303,0.000876703
-2.27098,1.42507,0.000989614
-2.20845,3.43769,0.000492527
-2.11412,2.93238,0.000257236
-2.10765,2.47993,0.00181007
-2.07565,2.83449,0.000529193
-1.99714,3.44006,0.00172859
-1.97273,2.91343,0.000295193
-1.92968,2.58362,0.00023367
-1.90765,0.913012,0.0007143
-1.90751,2.72623,0.00144788
-1.84193,3.50867,0.000831306
-1.56421,3.18051,4.24039e-05
-1.37257,3.85206,0.00120494
-1.33903,2.63125,0.00178513
-1.27136,1.94482,0.00217021
-1.24807,2.73683,0.00132408
-1.24086,2.81638,0.000686249
-1.22751,1.41484,0.00107388
-1.21789,1.98516,0.00112078
-1.16985,3.84846,0.000353143
-1.13272,2.41643,0.00125481
-1.12418,2.93846,0.0018726
-1.10688,1.75582,0.000325585
-1.10412,3.68076,0.00126639
-1.05697,2.03606,0.00176384
-1.01027,1.27913,0.00191003
-0.818603,1.3048,1.763e-05
-0.812249,3.50924,0.00164472
-0.789095,2.46312,0.0020311
-0.781586,3.92271,0.00174441
-0.665764,3.14028,0.00163104
-0.64906,1.03733,0.000102081
-0.603524,3.43914,0.000752102
-0.58564,3.54785,0.00205034
-0.510405,1.79731,0.000101132
-0.450018,3.40333,0.00164632
-0.364085,1.28477,0.000373301
-0.226999,1.67118,0.00167875
-0.128532,3.47913,0.000356109
-0.126089,3.23034,0.000886433
-0.00952056,2.62711,0.00165791