Storage option,sets
Size,75
Dimension,2
Shape,cube
Spacetime,BlackHole
Past sets, 











0,
3,6,


0,3,6,

5,
0,3,
0,11,

7,
0,
3,11,0,19,



6,11,3,0,18,
11,0,19,
4,
3,22,19,0,11,28,
0,
4,
11,12,6,15,3,0,18,
12,6,3,0,15,
20,
20,
11,20,22,0,31,
7,24,

23,18,0,3,11,19,6,27,
23,18,3,27,6,19,0,11,28,
7,21,
20,39,
18,23,28,11,0,6,19,22,3,30,
22,11,0,19,6,27,3,18,23,28,41,
20,39,
18,23,28,11,0,6,19,22,3,30,
23,18,27,28,11,0,6,19,22,3,30,
0,31,35,20,36,
11,0,31,22,35,20,36,
11,0,31,22,35,20,36,
21,24,7,38,
23,28,19,3,30,31,0,22,20,11,37,
39,20,46,

24,
23,18,27,28,11,0,6,19,22,3,30,
24,7,38,
21,7,42,
35,36,0,39,20,43,
7,21,24,
43,20,35,31,39,0,36,49,
24,21,7,61,
21,24,7,38,
49,36,20,35,22,31,0,11,50,
23,28,19,3,30,31,0,35,22,20,11,37,

7,21,24,
51,37,50,11,31,22,35,20,36,49,39,0,65,
46,20,39,54,
52,55,56,58,7,24,21,38,64,
7,38,55,24,56,67,
54,60,0,39,31,22,35,46,20,43,49,36,62,
21,24,7,38,
Future sets, 
60,69,40,11,30,45,66,37,53,27,33,62,65,51,22,50,41,44,15,73,28,57,47,18,19,48,23,34,31,49,


30,53,66,23,34,33,12,41,47,18,15,44,57,45,48,40,27,
32,29,
17,
45,48,44,57,40,27,41,15,33,47,34,12,
42,68,72,59,52,58,71,61,74,63,38,64,21,



51,65,50,33,27,45,30,69,40,53,37,66,41,44,28,57,47,19,48,23,
34,33,


34,33,


47,33,41,45,48,44,57,40,27,
30,40,53,66,28,41,45,44,57,47,48,23,
54,70,46,43,35,53,51,50,66,37,60,73,69,62,49,65,36,
64,63,74,61,71,52,59,68,42,
30,69,53,48,47,57,73,44,66,37,50,45,65,51,
48,47,57,44,45,41,66,53,40,
68,63,56,52,71,58,72,61,74,64,38,


57,48,45,41,40,
45,41,44,57,47,48,53,66,30,

66,53,48,47,57,44,
51,73,65,62,49,53,66,69,50,37,



66,51,50,60,73,65,69,62,49,
51,50,60,73,65,69,62,49,
69,66,53,
74,72,64,58,71,52,
54,70,46,60,73,62,69,43,

45,
59,
62,73,60,


70,73,54,


69,65,73,62,
69,65,
69,
71,

73,70,
72,71,
72,71,

71,

73,
63,
73,

71,
69,

72,







Past links sets, 











0,
3,6,


0,3,6,

5,
0,3,
11,

7,
0,
3,19,



6,11,18,
19,
4,
3,22,28,
0,
4,
11,12,15,18,
12,15,
20,
20,
11,20,22,31,
7,24,

23,27,
23,27,28,
21,
20,39,
6,18,23,30,
22,41,
20,39,
6,18,23,30,
23,27,30,
31,35,36,
11,31,22,35,36,
11,31,22,35,36,
21,38,
23,30,37,
46,

24,
23,27,30,
38,
42,
0,35,36,43,
21,24,
43,49,
61,
21,38,
49,50,
23,30,35,37,

21,24,
37,51,39,65,
54,
52,55,56,58,64,
38,55,56,67,
22,54,60,62,
21,38,
Future links sets, 
60,22,31,18,15,11,


30,23,18,15,12,
32,29,
17,
47,44,27,15,12,
38,21,



51,50,37,33,27,19,
34,33,


34,33,


47,44,33,27,
28,23,
46,43,37,36,35,
64,74,61,52,68,42,
73,51,45,50,37,30,
48,47,57,44,41,66,53,40,
68,61,56,38,


57,48,41,40,
41,30,

66,53,48,47,57,44,
51,49,50,37,



66,60,51,50,49,
60,51,50,49,
69,66,53,
74,72,64,58,52,
46,69,43,

45,
59,
62,60,


54,


65,62,
65,
69,
71,

73,70,
72,71,
72,71,

71,

73,
63,
73,

71,
69,

72,







Coordinates
-3.96248,1.70566
-3.95829,0.294517
-3.8341,0.267219
-3.79732,1.42618
-3.74272,-1.05904
-3.71535,-0.733746
-3.70991,1.28069
-3.5585,-1.90174
-3.3913,0.459723
-3.38453,0.451797
-3.38264,0.637458
-3.37521,1.48581
-3.36146,1.02158
-3.3289,0.563384
-3.26957,0.6016
-3.25114,0.997817
-3.18005,-0.474274
-3.15157,-0.233714
-3.08881,1.15023
-2.98545,1.31753
-2.89357,1.93294
-2.89014,-1.73224
-2.88286,1.50653
-2.85664,1.20265
-2.83772,-1.96512
-2.81265,-0.9211
-2.81054,-0.814279
-2.79214,0.984251
-2.68857,1.2523
-2.58224,-0.392091
-2.47795,1.11186
-2.47351,1.47862
-2.45391,-0.113026
-2.43641,0.573972
-2.38855,0.198475
-2.17827,1.54686
-2.11701,1.6574
-2.04968,1.11108
-1.98036,-1.82497
-1.9615,1.92463
-1.9102,0.391416
-1.8438,0.42458
-1.78476,-0.706334
-1.61685,1.6795
-1.50185,0.4178
-1.497,0.126036
-1.48692,1.89988
-1.47699,0.411543
-1.43044,0.276052
-1.41303,1.27355
-1.35166,0.956733
-1.32807,0.932234
-1.29103,-1.43775
-1.27901,0.453245
-1.27553,1.83426
-1.26547,-1.95743
-1.25,-1.90504
-1.19449,0.0233954
-1.18741,-1.75083
-1.15735,-0.212824
-1.01504,1.31793
-0.971499,-0.689823
-0.960481,1.14198
-0.848606,-0.592233
-0.820348,-1.36042
-0.815376,0.739449
-0.732264,0.102511
-0.687758,-1.98924
-0.677539,-0.39031
-0.320471,0.290851
-0.273668,1.62121
-0.211917,-1.19827
-0.135791,-1.70655
-0.084828,0.644075
-0.0663484,-0.151744
r_S,2
NHRVs_Open,0
NHRVs_Close,0
