Storage option,sets
Size,250
Dimension,3
Shape,cylinder
Spacetime,BlackHole
Past sets, 




0,

0,4,
0,






12,

4,6,0,7,
0,

10,
1,

9,12,14,
12,14,


7,0,6,4,3,16,
9,14,12,23,
0,21,
9,
9,
12,14,
7,0,6,4,3,16,
6,7,0,4,17,
16,3,4,26,0,7,6,32,
8,
0,3,
11,15,1,20,

21,0,28,
23,22,9,27,14,12,31,
23,22,9,27,14,12,31,
32,6,7,0,26,17,4,3,16,34,
4,6,7,16,3,26,0,36,
2,13,1,20,
14,12,23,29,22,9,30,
11,25,38,
28,32,6,33,7,0,26,17,4,3,16,21,34,
2,12,24,
1,2,13,
21,34,4,17,26,0,33,7,6,32,16,3,42,

34,47,21,28,6,7,0,26,17,33,4,32,3,16,
16,3,17,4,32,6,7,33,28,21,0,39,
21,34,4,17,26,0,33,7,6,32,16,3,42,
20,1,13,15,2,44,
4,6,7,3,0,36,
24,29,31,12,40,14,27,9,22,23,2,41,
44,2,15,13,1,20,55,
11,37,20,1,13,15,2,44,
42,26,47,34,52,53,16,17,3,32,6,7,4,33,28,50,21,0,39,
9,42,26,47,34,52,53,16,17,3,32,6,7,4,33,28,50,21,0,39,
20,44,13,15,2,1,49,
4,6,7,17,45,14,27,12,23,22,9,30,39,29,0,21,28,
8,35,25,38,
55,44,2,15,13,1,37,11,20,59,
36,26,0,16,3,7,6,4,56,
34,36,26,0,16,3,7,32,6,17,43,4,56,
25,8,35,
30,54,60,39,0,21,50,28,33,4,36,7,9,42,16,26,52,47,34,53,17,61,3,32,6,
56,4,6,7,3,16,0,26,36,66,
30,54,60,39,0,21,50,28,33,4,36,7,9,42,16,26,52,47,34,53,17,61,3,32,6,
21,43,33,4,17,6,16,32,3,42,26,0,7,36,34,
43,42,54,50,21,34,17,26,0,4,33,36,7,6,16,32,3,
30,48,57,24,29,40,14,27,9,22,23,31,2,12,41,
8,1,15,38,25,37,11,20,46,
66,36,26,0,16,3,7,6,43,4,56,70,
36,0,16,3,7,6,4,56,
56,67,3,32,16,6,73,34,72,43,17,42,54,21,50,26,0,4,33,7,36,
40,2,31,24,57,28,21,0,29,39,63,33,4,17,30,6,16,45,7,14,27,41,12,23,22,9,
3,40,31,28,21,0,29,39,63,33,4,17,30,6,16,45,7,14,27,41,12,23,22,9,
9,56,39,28,53,52,47,60,3,32,16,6,73,34,72,43,17,42,54,21,50,26,0,4,33,7,36,
14,22,36,7,33,4,50,21,0,29,39,60,28,54,30,12,71,42,9,16,26,52,47,34,53,17,61,3,32,6,69,43,
13,1,15,38,25,37,11,20,46,
31,54,60,50,9,22,23,52,12,27,14,7,45,16,6,30,17,33,4,63,34,39,29,0,21,28,61,3,32,42,26,47,53,
34,70,77,0,26,16,32,3,36,7,6,4,56,43,76,66,
36,53,47,26,42,32,7,14,27,12,52,23,22,9,50,21,60,31,54,84,45,16,6,30,17,33,4,63,34,39,29,0,28,61,3,
13,21,41,12,45,74,48,9,22,30,57,2,31,24,29,40,14,27,23,
26,47,34,52,32,53,17,33,4,63,39,0,29,79,31,2,40,3,28,57,21,80,22,30,6,16,45,7,14,27,41,12,23,9,24,
39,28,53,52,47,60,66,36,7,33,4,0,26,50,21,54,78,56,17,67,16,42,3,32,6,73,34,43,72,
24,58,65,13,55,2,44,15,37,11,1,59,62,20,49,
24,58,65,13,55,2,44,15,37,11,1,59,62,20,49,
17,67,66,76,43,56,85,34,70,77,0,26,16,3,32,6,7,36,4,
13,41,12,74,48,9,22,1,30,57,2,31,24,29,40,14,27,23,
27,45,43,69,6,32,29,0,39,60,21,50,33,4,7,36,22,14,23,82,53,28,54,30,12,71,42,9,16,26,52,47,34,17,61,3,
45,43,69,6,32,29,0,39,60,21,50,33,4,7,36,22,73,14,23,82,53,28,54,30,12,71,42,9,16,26,52,47,34,17,61,3,
13,21,39,17,7,6,4,63,41,12,45,74,48,9,22,30,28,57,2,31,24,0,29,40,14,27,23,
42,24,9,23,12,41,27,14,34,33,63,4,17,53,32,3,47,0,39,52,26,29,88,30,79,31,2,40,28,57,21,80,22,6,16,45,7,
40,41,43,69,3,61,28,0,29,39,34,71,12,7,36,32,42,52,23,26,84,14,53,47,27,86,22,9,50,21,60,31,54,45,16,6,30,17,33,4,63,
15,11,46,35,8,38,64,25,68,
13,33,29,0,39,21,79,4,63,24,57,28,31,2,40,17,30,6,16,45,74,7,14,27,41,12,23,22,9,48,
69,70,61,71,9,81,72,4,33,36,60,30,89,47,7,66,53,28,0,52,39,26,50,21,54,78,56,17,67,16,42,3,32,6,73,34,43,
84,54,60,50,42,36,24,9,23,71,12,41,86,27,14,34,33,63,4,17,53,32,3,47,0,39,52,26,29,88,30,79,31,61,2,40,28,57,21,80,22,6,16,45,7,
40,43,69,3,61,28,0,29,39,34,71,12,7,36,32,42,52,82,23,26,84,14,53,47,27,86,22,9,50,21,60,31,54,45,16,6,30,17,33,4,63,
67,78,72,56,3,61,17,34,47,52,26,16,33,4,50,21,60,39,0,29,32,6,45,69,43,7,95,36,81,22,14,73,23,82,53,28,54,30,12,71,42,9,
21,42,33,4,36,7,6,32,3,16,66,17,43,67,76,56,85,92,34,70,77,0,26,
4,6,17,39,23,27,14,40,24,0,29,87,48,9,22,13,21,31,2,41,12,74,45,1,30,28,57,
17,67,66,76,43,56,85,34,70,77,0,26,16,3,32,6,7,36,4,
18,35,8,25,68,
42,33,4,36,7,6,32,3,16,66,17,43,67,76,56,85,92,34,70,77,0,26,
54,60,50,48,74,7,45,16,6,22,80,21,57,28,33,34,4,63,14,27,41,12,23,52,9,24,53,42,97,39,17,32,3,47,0,26,29,88,30,79,31,61,2,40,
67,72,56,84,31,86,27,94,3,61,17,34,47,52,26,16,33,63,4,50,21,60,39,0,29,32,6,45,69,43,7,95,36,81,22,14,73,23,82,53,28,54,30,12,71,42,9,
3,53,32,52,34,47,26,96,48,9,28,57,24,63,4,33,79,80,21,88,29,0,39,13,31,2,40,17,30,6,16,45,74,7,14,27,100,41,12,23,22,
29,43,34,73,6,32,3,16,67,60,33,4,72,42,101,81,52,71,9,61,70,89,30,69,36,47,7,66,53,28,0,39,26,50,21,54,78,56,76,17,
2,13,65,59,1,44,15,38,83,25,8,37,11,20,46,55,
69,7,45,16,6,22,80,21,57,28,40,2,61,31,79,30,88,29,41,9,23,52,36,42,12,71,60,54,84,26,24,53,50,43,102,86,27,14,34,33,63,4,17,32,3,47,0,98,39,
33,7,29,0,24,40,14,27,23,39,6,17,63,4,106,48,9,96,22,13,21,31,2,41,12,74,45,1,30,87,28,57,
17,66,76,43,56,85,34,70,77,0,26,16,3,32,6,7,36,4,
39,98,0,47,3,32,17,4,63,33,34,14,27,86,102,43,50,53,24,26,84,40,69,57,28,115,79,31,60,21,80,22,16,45,6,7,36,2,61,30,88,29,41,9,82,23,52,42,12,71,54,
14,27,9,22,23,41,12,48,90,49,20,62,91,65,13,24,37,40,11,58,55,31,2,15,44,1,59,
15,18,11,46,35,8,38,64,25,68,
70,27,94,9,42,71,12,89,30,54,28,53,82,23,73,14,22,81,47,34,61,3,32,16,17,45,104,56,72,43,67,26,52,78,33,4,50,21,60,39,0,29,6,69,66,7,36,95,
54,50,21,107,26,0,77,70,34,92,85,56,105,76,67,109,42,16,33,4,17,72,43,7,36,6,3,32,66,
72,56,94,41,63,4,33,17,30,6,16,45,54,31,60,21,50,42,34,98,39,0,29,28,61,3,32,69,40,43,73,14,71,12,103,7,95,36,52,23,82,53,26,84,47,86,27,81,22,9,
45,29,23,82,43,34,14,73,6,32,3,16,67,60,33,4,72,42,101,22,81,52,12,71,9,61,70,89,30,69,36,47,7,66,53,28,0,39,26,50,21,54,78,56,76,17,
28,47,52,54,32,3,6,36,66,7,43,72,4,16,42,50,109,67,17,76,105,56,33,92,34,70,77,0,85,26,107,78,21,73,
67,107,4,36,7,6,32,3,117,0,26,17,43,66,76,56,85,92,34,70,77,16,
94,27,17,76,56,78,113,54,21,50,26,39,0,28,53,66,7,47,95,36,69,43,72,14,73,34,82,23,52,16,104,45,121,3,32,61,29,6,124,67,9,60,30,89,33,4,101,42,81,22,71,12,70,
3,49,93,16,20,79,28,87,30,17,6,23,27,14,40,24,39,0,29,57,116,7,33,4,63,106,48,9,96,22,13,21,31,2,100,41,12,74,45,1,
77,17,76,56,78,21,50,85,26,39,0,28,53,92,33,4,67,9,32,3,61,6,60,14,73,34,43,72,16,29,54,113,101,42,12,71,22,81,52,70,89,30,69,36,47,7,66,
84,36,97,42,50,60,54,110,22,23,12,41,100,86,27,14,7,74,45,16,6,30,28,57,9,96,48,26,52,32,3,24,47,34,53,112,63,4,33,79,21,80,88,29,0,39,13,31,61,2,40,17,
38,25,46,90,49,20,62,91,65,13,24,37,11,58,55,2,15,44,1,59,
39,73,21,78,107,26,85,43,72,36,3,32,6,52,54,28,47,105,7,66,125,67,122,4,16,42,50,109,76,17,56,33,92,34,70,77,0,
97,74,48,110,54,71,12,42,52,23,82,9,41,29,88,30,61,2,36,7,6,45,16,22,80,21,60,34,63,4,33,17,32,3,47,40,69,98,39,14,0,118,31,27,86,57,28,115,43,102,50,79,53,24,26,84,
41,40,103,78,9,42,71,12,89,30,54,28,53,82,23,73,14,22,81,36,95,66,7,43,69,61,3,32,94,56,34,27,86,31,60,84,26,17,67,72,47,111,52,16,104,45,33,63,4,50,21,39,0,29,6,
94,103,97,74,48,110,54,71,12,42,52,23,82,9,41,29,88,30,61,2,36,7,6,45,16,22,80,21,60,34,63,4,33,17,32,3,47,40,69,98,39,73,14,0,118,31,27,86,57,28,115,43,102,50,79,53,24,26,84,
24,58,62,2,13,65,59,1,44,15,38,83,25,8,37,11,49,20,46,55,
69,61,71,9,81,60,53,39,30,89,73,21,78,107,26,85,43,72,36,3,32,6,52,54,28,47,105,7,66,125,67,122,4,16,42,50,109,76,17,56,33,92,34,70,77,0,
55,44,1,45,15,74,12,41,100,2,31,80,21,13,22,96,6,93,17,30,0,29,79,20,49,87,28,116,57,23,16,62,3,128,27,14,40,24,39,7,33,4,63,106,48,9,
66,89,80,57,2,32,3,61,28,29,88,0,39,98,69,42,50,21,60,31,54,6,72,56,33,4,63,17,30,123,94,45,104,16,41,34,40,43,102,73,14,71,12,103,7,95,36,52,111,23,82,53,26,84,47,86,27,81,22,9,67,78,24,79,
21,42,109,16,77,70,34,92,85,56,76,66,43,126,67,107,33,4,17,36,7,6,3,32,117,0,26,
82,23,45,66,7,47,95,36,69,30,89,52,81,22,71,12,42,101,113,54,29,16,28,56,21,50,0,39,85,26,78,76,17,77,70,129,53,34,92,33,4,67,9,32,3,61,124,6,60,43,72,14,73,
27,94,82,23,104,45,66,7,47,95,36,69,30,89,52,81,22,71,12,42,101,113,54,29,16,28,56,21,50,0,39,85,26,78,76,17,77,70,129,53,34,92,33,4,67,9,32,3,61,124,6,60,43,72,14,73,
87,13,112,96,34,21,80,22,7,36,60,2,61,30,88,29,6,133,74,97,42,71,12,16,45,48,9,54,41,100,110,52,23,82,63,4,33,17,32,130,3,47,40,69,98,39,14,0,118,31,27,86,57,28,115,43,102,50,79,53,24,26,84,
45,23,82,105,66,7,47,36,69,30,89,52,81,22,71,12,42,101,113,54,29,16,28,56,21,50,0,39,85,26,78,76,17,77,70,129,53,34,92,33,4,67,9,32,3,61,6,60,43,72,14,73,
58,49,62,0,59,31,2,57,30,1,22,9,48,45,12,41,13,93,24,29,28,87,40,11,14,27,23,21,65,55,44,74,15,37,20,
26,52,32,53,112,9,48,47,106,63,4,33,7,39,24,40,14,27,128,3,62,16,23,12,41,100,13,45,22,2,31,74,15,44,1,30,55,80,21,96,6,34,93,17,0,88,29,57,116,138,79,20,49,87,28,
29,20,49,12,41,62,91,23,48,22,9,27,14,65,13,24,37,40,11,58,55,90,31,2,15,44,119,1,59,57,
121,39,50,21,56,0,29,54,113,101,42,12,71,22,81,28,85,26,66,7,16,45,104,82,23,69,30,89,36,95,105,47,52,78,76,144,17,77,70,129,53,34,92,33,4,67,9,32,3,61,6,124,60,43,72,141,14,73,142,27,94,
61,69,9,81,60,53,30,89,117,0,77,70,34,92,33,56,17,76,32,3,36,43,72,107,78,21,85,26,39,73,132,16,6,52,54,28,47,105,7,66,125,126,67,122,4,42,50,109,
101,115,70,121,79,24,78,67,9,22,17,63,4,33,56,72,6,54,21,80,50,42,69,98,39,66,134,7,31,60,89,30,2,61,28,57,32,3,88,29,0,123,94,45,104,16,41,34,40,43,102,73,14,71,139,12,103,95,36,52,111,23,82,53,26,84,47,86,27,81,
2,13,59,1,44,15,38,83,25,35,64,11,20,46,75,37,8,
13,20,99,15,11,8,37,38,35,64,25,68,46,75,1,
63,109,94,27,142,89,30,69,82,23,104,45,16,7,66,28,81,22,121,3,85,26,56,39,50,148,21,127,0,29,71,12,42,101,54,113,36,95,105,47,52,78,76,144,17,77,70,129,53,34,92,33,4,67,9,32,61,6,124,60,43,72,141,14,73,
25,38,29,20,49,12,41,62,91,23,48,22,9,27,14,65,13,24,37,40,11,58,55,90,31,2,15,44,119,1,59,57,
82,29,0,77,129,70,34,92,33,56,17,76,109,50,101,42,16,4,122,67,60,39,53,21,14,132,73,22,81,52,12,71,9,61,3,32,89,30,69,137,78,107,26,85,43,72,36,125,66,7,6,113,54,28,47,105,
77,80,57,2,79,88,24,102,98,123,70,101,124,121,32,3,61,66,95,36,22,81,43,14,73,23,82,53,7,134,16,30,89,54,113,28,69,40,103,41,12,71,78,9,42,94,56,34,27,86,31,60,84,26,17,76,67,72,47,111,52,104,45,33,63,4,50,21,39,127,0,29,6,
90,114,55,75,46,11,37,8,20,49,136,58,24,91,62,2,13,65,59,1,15,44,25,83,38,
70,115,118,110,48,74,97,135,79,24,78,67,9,22,17,63,4,33,56,72,133,6,54,21,80,50,42,69,98,39,66,134,7,31,60,89,30,2,61,28,57,32,3,88,29,0,123,94,45,104,16,41,34,40,43,102,73,14,71,139,12,103,95,36,52,111,23,82,53,26,84,47,86,27,81,
23,73,132,14,60,67,126,122,4,16,101,42,21,50,109,22,81,39,77,129,70,53,82,56,17,76,29,0,34,92,33,52,12,71,9,61,3,32,89,30,69,137,78,107,26,85,43,72,36,125,66,7,6,113,54,155,28,47,105,117,
49,93,94,103,1,106,116,84,26,24,53,79,48,12,71,97,45,74,133,6,88,29,30,61,2,16,143,42,13,87,28,54,112,34,21,80,9,96,22,60,7,36,41,100,110,52,23,82,63,4,33,17,32,130,3,47,40,69,98,39,14,0,118,31,27,86,57,115,43,102,50,
31,132,122,125,107,137,73,14,141,72,43,60,124,50,109,39,21,148,89,30,3,121,28,66,7,94,81,22,23,82,63,4,56,85,153,26,27,142,9,69,104,45,16,127,0,29,71,12,42,101,54,113,36,95,105,47,52,78,76,144,17,77,70,129,53,34,92,33,67,32,61,6,
44,103,106,116,20,93,49,1,128,84,26,24,53,79,48,12,71,97,45,74,133,6,88,29,30,61,2,16,143,42,13,87,28,54,112,34,21,80,9,96,22,60,7,36,41,100,110,52,23,82,63,4,33,17,32,130,3,47,40,69,98,39,14,0,118,31,27,86,57,115,43,102,50,
45,117,105,0,29,76,144,17,56,82,23,53,70,129,77,149,22,81,109,50,21,42,101,73,132,14,60,16,67,126,39,122,4,34,92,33,52,12,71,9,61,3,159,32,89,30,69,137,78,107,26,85,43,72,36,125,66,7,6,113,54,155,28,47,
44,95,20,73,135,50,102,43,115,57,86,27,31,118,0,14,39,98,84,2,61,74,97,42,71,12,49,133,6,93,34,48,106,47,94,143,16,45,103,29,88,116,30,128,1,60,79,26,53,112,24,13,87,28,54,21,80,9,96,22,7,36,41,100,110,52,23,82,63,4,160,33,17,32,130,3,40,69,
38,21,87,28,93,45,30,57,0,59,145,27,9,22,48,91,62,41,12,23,49,20,58,29,147,2,14,65,13,24,37,40,11,55,31,90,74,15,44,119,1,
25,38,45,21,28,87,30,93,57,0,59,27,9,22,48,91,62,41,12,23,49,20,58,29,147,2,14,65,13,24,37,40,11,55,31,90,74,15,44,119,1,
76,113,121,124,101,77,81,27,86,47,84,26,53,82,150,23,111,52,36,95,103,12,139,71,69,54,72,56,115,33,4,63,6,133,74,17,135,80,21,22,42,40,9,67,70,24,118,127,0,50,79,110,97,48,78,98,39,66,7,134,16,158,31,60,89,30,2,61,28,57,32,3,88,156,29,123,94,45,104,41,34,43,102,73,14,
1,106,135,78,67,81,111,95,103,73,104,94,123,56,72,89,66,84,26,24,53,79,48,139,12,71,97,45,74,133,6,88,29,30,61,2,16,143,42,13,87,28,54,112,34,21,80,9,96,22,60,7,36,41,100,110,52,23,82,63,4,33,17,32,130,3,47,40,69,98,39,14,0,118,31,27,86,57,115,43,102,50,
95,104,142,27,63,94,121,124,31,47,28,155,54,113,6,60,73,141,14,132,101,42,148,21,50,109,81,22,149,77,129,70,16,45,117,153,26,85,127,0,29,105,76,144,17,56,53,82,23,67,126,39,122,4,161,34,92,33,52,12,71,9,61,3,159,32,89,30,69,137,78,107,43,72,163,36,125,66,7,
41,40,103,86,84,111,117,126,6,61,32,67,33,92,53,129,70,77,17,144,76,81,22,94,7,66,125,155,28,121,3,30,89,39,109,50,124,122,63,4,34,161,43,132,73,31,60,107,148,21,137,78,14,141,23,82,72,56,85,153,26,27,142,9,69,104,45,16,127,0,29,71,12,42,101,54,113,36,95,105,47,52,
75,40,48,12,41,23,38,9,25,44,15,59,65,131,13,2,62,91,83,24,58,136,49,20,8,37,11,46,114,55,31,90,1,119,14,27,22,
70,50,102,43,115,57,86,27,158,31,118,0,14,39,98,69,40,47,3,130,32,17,33,4,63,82,97,71,79,26,84,89,30,72,13,56,45,104,103,1,60,67,48,106,135,78,12,139,21,80,81,22,123,94,53,112,24,111,52,66,134,7,95,36,73,74,133,6,88,29,61,2,143,16,42,87,28,54,34,9,96,168,41,100,110,23,
58,59,37,65,61,86,110,54,60,50,42,97,13,100,41,45,16,12,27,14,40,39,7,146,87,28,26,23,52,130,3,62,32,24,53,112,47,106,9,48,63,4,33,22,2,31,74,15,44,128,1,30,55,80,21,96,6,34,93,17,0,88,29,57,116,11,138,79,20,49,84,36,
52,47,105,95,36,113,54,101,42,12,71,29,0,127,16,45,104,69,9,142,27,26,153,85,66,7,125,94,149,22,81,76,77,129,70,92,33,111,40,41,67,126,103,17,144,86,84,6,124,53,117,159,32,61,155,28,121,3,30,89,39,109,50,122,63,4,34,161,170,43,132,73,31,60,107,148,21,137,78,14,141,23,82,72,56,
140,126,73,132,14,60,67,122,4,16,101,42,21,50,109,81,39,77,129,70,53,82,56,17,76,29,0,34,92,33,52,12,71,9,61,3,32,89,30,69,137,78,107,26,85,43,72,36,125,66,7,6,113,54,155,28,47,105,22,149,117,
71,109,50,42,4,122,67,126,125,66,7,105,47,28,54,52,6,16,132,73,39,70,77,0,117,30,89,60,53,140,81,69,9,61,32,3,149,34,33,92,56,17,76,36,43,72,107,137,78,21,85,26,
56,58,72,11,138,55,15,62,146,162,69,40,3,130,32,17,33,160,4,63,82,23,52,110,100,41,36,7,22,96,74,12,71,42,61,2,84,98,39,97,0,118,31,164,135,95,14,73,43,102,49,20,79,50,44,103,86,27,57,116,115,133,6,93,34,48,106,47,94,143,16,45,29,88,30,128,1,60,26,53,112,24,13,87,28,54,21,80,9,
118,110,48,74,97,135,142,92,105,85,115,6,0,127,39,148,21,50,4,63,33,45,104,52,111,47,150,23,82,81,22,61,129,2,3,121,32,95,36,66,124,77,80,57,70,79,88,141,14,73,43,102,101,42,53,24,29,156,98,123,7,134,16,30,89,54,113,28,69,40,103,41,139,12,71,78,9,94,56,34,27,86,31,60,84,26,144,17,76,67,72,
121,101,116,93,49,150,23,110,100,41,168,96,9,34,54,28,87,42,16,143,2,61,29,88,6,133,74,73,36,95,7,134,66,52,82,63,4,160,33,17,135,32,47,106,40,69,98,39,97,70,50,102,43,3,130,71,14,57,115,56,86,27,158,31,118,0,79,26,84,89,30,72,13,172,45,104,103,1,60,67,48,78,12,139,21,80,81,22,123,94,53,112,24,111,
24,58,62,35,64,55,75,46,49,20,11,114,2,13,65,59,1,15,44,38,83,25,8,37,
96,13,100,105,92,85,142,141,14,73,102,43,34,41,104,45,94,123,29,156,88,3,32,57,28,61,129,2,30,89,60,31,158,16,134,7,54,113,69,71,103,36,95,111,52,82,53,23,150,121,124,72,101,42,77,12,139,80,21,81,22,56,115,27,86,76,17,135,47,84,26,33,4,63,6,133,74,167,40,9,67,70,24,118,127,0,50,79,110,97,48,78,98,39,66,
42,97,91,90,119,37,65,13,100,41,45,16,12,27,145,14,40,39,7,146,87,28,26,23,52,3,62,32,24,53,112,47,106,9,48,63,4,33,22,2,31,74,15,44,128,1,30,55,80,21,96,6,34,93,17,0,59,88,29,57,116,11,138,79,20,49,58,
63,94,27,142,124,95,104,121,23,45,117,149,22,34,127,0,29,76,144,17,56,70,129,77,81,140,109,50,148,21,175,82,53,39,126,67,73,141,14,132,60,101,42,122,4,16,92,33,52,12,71,9,61,3,159,32,89,30,69,137,78,107,26,85,43,72,163,36,125,66,7,6,113,54,155,28,47,105,
84,61,97,42,50,60,54,110,91,90,119,37,65,13,100,41,45,16,12,27,145,14,40,39,7,146,87,28,26,23,52,3,62,32,24,53,112,47,106,9,48,63,4,33,22,2,31,74,15,44,128,1,30,55,80,21,96,6,34,93,17,0,59,88,29,57,116,11,138,79,20,49,58,
71,109,50,42,4,122,67,126,125,66,7,105,47,28,54,52,6,16,132,73,39,70,77,0,117,30,89,60,53,140,81,69,9,61,32,3,149,34,33,92,56,17,76,36,43,72,107,78,21,85,26,
1,85,92,100,96,112,13,87,14,73,102,43,34,41,104,45,94,123,29,156,88,130,3,32,57,28,61,2,30,89,60,31,158,143,16,134,7,54,113,69,71,103,36,95,111,52,82,53,23,150,121,124,72,101,42,77,12,139,80,21,81,22,56,115,27,86,76,17,135,47,84,26,33,4,63,6,133,74,167,40,9,67,70,24,118,127,0,50,79,110,97,48,78,98,39,66,
82,30,89,117,176,0,77,70,129,73,132,14,16,52,54,113,28,60,7,125,66,109,50,6,122,4,71,12,42,101,39,126,67,47,105,53,140,81,69,9,61,32,3,22,149,34,33,92,56,17,76,36,43,72,107,137,78,21,85,26,29,
71,109,50,42,4,122,67,126,125,66,7,105,47,28,54,52,6,16,132,73,39,70,77,0,117,30,89,60,53,140,81,69,9,61,32,3,149,34,33,92,56,17,76,36,43,72,107,78,21,85,26,
112,107,125,109,178,66,39,98,78,48,97,110,79,50,0,127,118,24,70,67,9,40,167,74,133,6,63,4,33,153,26,84,47,135,144,17,76,86,27,115,56,22,81,148,21,61,28,57,32,3,121,88,29,156,45,104,41,100,123,94,142,96,2,129,13,72,105,34,92,85,82,150,23,102,43,73,141,14,30,89,60,31,158,16,134,7,181,54,113,69,71,103,36,95,111,52,53,124,101,42,77,12,139,80,
109,137,107,125,122,132,72,67,76,17,144,153,26,84,60,31,86,27,161,34,56,94,9,78,71,12,139,41,103,40,69,28,113,54,89,30,16,134,7,123,98,111,52,104,45,50,80,21,148,127,0,118,33,92,4,63,178,74,32,47,105,150,23,82,110,39,97,6,124,48,135,142,24,85,115,81,22,61,2,129,70,3,121,95,36,66,77,57,79,88,156,29,141,14,73,43,102,101,42,53,
29,26,85,21,78,137,107,72,43,36,76,17,56,92,33,34,149,3,32,61,9,69,22,81,140,53,105,47,67,126,39,101,42,12,71,4,122,6,50,109,66,125,7,60,28,113,54,52,16,14,132,73,70,77,0,176,117,89,30,
57,24,79,80,98,123,140,56,72,82,23,141,14,78,137,21,148,107,60,31,73,132,43,170,161,34,4,63,122,50,109,39,89,30,85,27,86,125,66,134,7,9,104,45,16,69,52,111,105,26,153,94,95,163,36,101,169,42,142,113,54,127,0,47,174,29,12,71,149,22,81,76,144,17,77,2,129,70,92,33,40,41,67,126,103,84,6,124,53,117,159,32,61,155,28,121,3,
97,74,48,110,118,115,123,98,102,24,88,79,57,80,52,47,105,95,36,113,54,101,42,139,12,71,156,29,0,127,16,45,104,69,9,142,27,26,153,85,66,134,7,125,94,22,81,76,77,2,129,70,92,33,111,40,41,67,126,103,17,144,86,84,6,124,53,117,159,32,61,155,28,121,3,30,89,39,109,50,122,63,4,34,161,170,43,132,73,31,60,107,148,21,137,78,14,141,150,23,82,72,56,
88,3,121,28,155,61,32,159,117,53,124,6,84,103,126,67,41,40,33,92,70,129,2,77,17,144,76,81,22,149,71,12,29,174,47,0,127,54,113,142,4,63,122,34,161,132,73,31,60,89,30,107,78,137,192,23,14,141,82,57,43,170,52,111,148,21,80,79,98,39,72,123,56,140,24,50,109,85,27,86,125,66,7,134,16,9,104,45,69,105,26,153,94,95,163,36,101,42,169,
59,65,9,80,21,54,28,87,13,24,112,53,26,60,1,128,30,88,29,45,16,143,94,47,106,48,34,93,6,133,115,116,57,7,36,95,41,100,110,52,23,82,63,4,32,62,0,118,20,79,56,58,17,135,162,44,103,3,130,12,71,72,55,146,42,15,74,160,33,69,138,11,40,22,96,61,2,84,98,39,97,31,37,164,14,73,43,102,49,177,50,86,27,
1,122,137,87,80,139,12,77,42,101,124,53,52,111,95,36,103,71,69,113,54,181,7,134,143,16,158,31,60,89,30,14,141,73,43,102,23,150,82,85,92,34,105,72,13,129,2,96,142,94,123,63,4,6,133,74,70,24,118,50,109,79,189,0,127,9,98,39,112,67,125,66,40,167,178,48,107,78,97,110,33,153,26,84,47,135,144,17,76,86,27,115,56,22,81,148,21,61,28,57,32,130,3,121,88,156,29,45,104,41,100,
60,50,61,38,165,58,49,147,20,79,138,11,116,57,29,52,23,26,28,146,87,40,14,145,27,62,3,91,32,7,65,6,39,97,16,45,90,31,119,12,41,100,37,96,13,42,24,53,112,47,106,9,48,63,4,33,22,2,74,15,44,1,128,30,182,55,80,21,34,93,17,0,59,88,
135,56,72,82,23,150,141,14,78,137,21,148,107,60,31,73,132,43,170,161,34,4,63,122,50,109,39,89,30,3,121,28,155,61,32,159,117,53,124,6,84,86,144,17,103,126,88,71,42,101,54,113,95,36,105,47,80,12,139,57,115,102,24,142,97,29,156,52,111,110,123,74,16,48,118,79,98,0,127,9,45,104,69,27,85,26,153,94,193,66,134,7,125,149,22,81,76,77,2,129,70,92,33,40,41,67,
185,30,53,140,81,69,9,188,61,32,3,22,149,33,92,34,29,26,85,107,78,137,56,21,72,43,191,14,132,73,17,76,36,47,105,67,126,39,101,42,12,71,4,122,6,50,109,66,125,7,60,28,113,54,52,16,70,77,0,176,117,89,
162,20,44,164,106,49,93,116,66,39,98,78,48,97,110,79,50,0,127,118,24,70,67,9,40,167,74,133,6,63,4,160,33,26,84,47,135,17,76,86,27,115,56,22,81,21,80,2,61,28,87,57,32,121,123,94,172,45,104,168,41,100,186,88,156,29,128,1,60,34,92,3,130,71,43,102,14,73,85,96,112,53,13,72,30,89,31,158,143,16,134,7,54,113,69,103,36,95,111,179,52,82,150,23,124,101,42,77,12,139,
124,95,23,45,175,185,129,82,30,53,140,81,69,9,188,61,159,32,3,22,149,33,92,34,29,26,85,107,78,137,56,21,72,43,191,141,14,132,73,144,17,76,163,36,47,105,67,126,39,101,42,12,71,4,122,6,50,109,66,125,7,187,60,155,28,113,54,52,16,70,77,0,176,117,89,
55,15,62,76,113,124,77,162,20,44,164,111,24,112,53,94,123,22,81,80,21,139,12,78,48,67,60,128,1,103,104,45,172,13,72,30,89,84,26,79,127,0,118,31,158,27,86,56,115,73,14,74,88,156,29,61,2,143,16,28,87,54,101,42,49,116,57,133,6,93,34,100,121,32,150,23,82,41,168,50,110,9,96,36,95,134,7,66,179,52,63,4,160,33,17,135,47,106,40,69,98,39,97,70,102,43,3,130,71,
102,169,42,101,36,163,95,94,153,26,105,69,45,104,9,16,134,7,66,125,86,27,85,109,50,24,140,56,123,72,39,98,79,80,21,148,111,52,170,43,57,82,81,76,77,61,2,129,70,33,92,40,41,194,67,126,103,84,121,3,17,144,155,28,159,32,6,124,88,156,29,117,53,22,149,31,71,12,174,47,0,127,54,113,142,4,63,122,34,161,132,73,60,89,30,107,78,137,192,23,14,141,
24,80,98,123,31,84,86,103,41,40,111,105,174,47,28,155,54,113,6,134,7,66,125,36,163,72,170,43,85,153,26,107,78,137,69,50,109,140,81,77,129,70,76,144,17,29,0,127,9,124,183,56,27,94,142,95,161,34,63,122,4,121,3,104,45,117,23,82,22,149,89,30,148,21,175,53,39,126,67,73,141,14,132,60,101,169,42,16,92,33,52,12,71,61,159,32,
86,84,111,31,175,45,23,121,104,95,124,142,27,94,63,29,153,26,85,4,122,6,50,109,66,125,7,155,28,113,54,52,12,71,70,129,82,30,89,117,176,127,0,77,60,187,69,73,132,141,14,16,169,42,101,39,126,67,47,105,53,140,81,9,61,159,32,3,22,149,161,34,33,92,183,56,144,17,76,163,36,43,72,107,137,78,148,21,
41,40,103,86,84,111,31,105,47,28,155,54,113,6,7,66,125,36,163,72,43,85,153,26,107,78,137,69,50,109,140,81,77,129,70,76,144,17,29,0,127,9,124,183,56,27,94,142,95,161,34,63,122,4,121,3,104,45,117,23,82,22,149,89,30,148,21,175,53,39,126,67,73,141,14,132,60,101,169,42,16,92,33,52,12,71,61,159,32,
40,103,86,84,111,31,176,105,47,28,155,54,113,6,7,66,125,36,163,72,43,85,153,26,107,78,137,69,50,109,140,81,77,129,70,76,144,17,29,0,127,9,124,183,56,27,94,142,95,161,34,63,122,4,121,3,104,45,117,23,82,22,149,89,30,148,21,175,53,39,126,67,73,141,14,132,60,101,169,42,16,92,33,52,12,71,61,159,32,
71,109,50,42,4,122,67,126,125,66,7,105,47,28,54,52,6,16,132,73,39,70,77,0,117,30,89,60,53,140,81,69,9,61,32,3,149,34,33,92,56,17,76,36,43,72,107,78,21,85,26,
121,104,142,27,94,63,89,117,176,127,0,77,70,16,52,54,113,28,155,60,187,7,125,66,107,26,85,29,34,92,33,149,22,81,140,3,32,159,61,188,129,9,201,45,124,6,95,163,36,175,30,69,185,67,126,23,82,53,78,137,183,56,148,21,72,43,191,141,14,132,73,144,17,76,47,105,39,101,42,12,71,4,122,50,109,
100,178,112,189,96,13,87,1,67,41,167,40,33,92,70,129,2,77,76,81,22,149,125,7,134,66,193,94,153,26,85,27,196,69,104,45,9,127,0,98,79,118,48,143,16,74,123,110,111,52,156,29,97,142,24,102,115,57,39,109,50,122,4,190,63,132,73,89,30,158,31,60,135,56,148,21,80,82,14,141,161,34,23,150,43,170,72,107,78,137,130,3,121,28,155,61,32,159,117,53,124,133,6,84,86,17,144,103,126,88,198,71,139,12,42,101,181,54,113,95,36,105,47,
58,105,138,146,85,92,186,71,130,3,43,102,70,97,39,98,69,167,40,106,47,135,17,33,160,4,63,52,179,66,7,134,95,36,96,9,110,50,168,41,82,23,150,32,121,100,34,93,6,133,57,116,49,42,101,54,87,28,60,67,1,128,21,12,139,80,81,22,123,94,112,53,202,84,16,143,124,78,20,79,24,111,62,76,55,113,162,44,103,142,15,74,48,77,164,104,172,45,13,72,30,89,26,127,0,118,31,158,27,86,56,115,200,73,141,14,88,29,156,61,129,2,
47,105,36,95,113,54,181,101,42,12,139,71,198,88,126,103,144,17,86,84,6,133,124,53,117,159,32,61,155,28,121,3,130,137,78,107,72,170,43,150,23,34,161,141,14,82,80,21,148,56,135,60,31,158,30,89,73,132,63,190,4,122,50,109,39,125,81,7,134,66,193,76,77,92,210,33,94,70,2,129,41,100,22,149,178,1,87,112,189,67,96,13,40,167,153,26,85,27,196,69,104,45,9,127,0,118,98,79,48,16,143,74,123,110,111,52,97,156,29,142,24,102,115,57,
117,126,106,186,132,100,168,41,104,45,29,156,88,121,3,130,32,57,155,28,61,21,148,81,22,56,115,27,86,76,17,144,135,47,84,26,153,33,110,97,78,107,48,178,167,40,66,125,67,112,39,98,9,127,0,189,79,109,50,118,143,16,113,103,134,7,54,181,122,190,63,4,36,95,1,60,111,52,53,137,69,196,124,87,80,139,12,71,77,31,158,42,101,89,30,73,14,141,82,43,102,23,150,85,92,161,34,105,72,13,70,129,2,96,142,24,94,123,6,133,74,
140,192,194,67,41,40,33,92,70,129,2,77,76,81,22,149,125,7,134,66,193,94,153,26,85,27,69,104,45,9,127,0,98,79,118,48,16,74,123,110,111,52,156,29,97,142,24,102,115,57,39,109,50,122,4,63,132,73,89,30,31,60,135,56,148,21,80,82,14,141,161,34,23,150,43,170,72,107,78,137,3,121,28,155,61,32,159,117,53,124,6,84,86,17,144,103,126,88,198,71,139,12,169,42,101,54,113,95,163,36,105,174,47,
104,94,27,142,89,117,176,0,77,70,16,52,54,113,28,155,60,187,7,125,66,107,26,85,29,34,92,33,149,22,81,140,3,32,159,61,188,129,9,201,45,124,6,95,163,36,175,30,69,185,67,126,23,82,53,78,137,56,21,199,72,43,191,141,14,132,73,144,17,76,47,105,39,101,42,12,71,4,122,50,109,
98,185,191,41,206,32,159,61,71,12,52,33,92,16,42,169,101,187,60,132,14,141,73,67,126,39,53,175,21,148,30,89,149,22,82,23,117,137,205,78,107,85,170,43,72,125,66,134,7,26,153,94,95,6,124,207,103,69,40,36,163,104,45,105,174,47,113,54,84,111,176,31,86,27,155,28,50,109,140,81,77,129,70,76,144,17,29,0,127,9,183,56,142,161,34,63,122,4,121,3,
185,176,14,60,89,30,117,0,77,70,73,132,191,16,52,54,113,28,109,50,6,122,4,71,12,42,101,39,126,67,125,66,7,47,105,53,140,208,81,149,22,69,9,188,61,32,3,34,33,92,56,17,76,36,43,72,107,78,137,21,85,26,29,
87,96,100,112,189,178,13,140,192,194,67,41,167,40,33,92,70,129,2,77,76,81,22,149,125,7,134,66,193,94,153,26,85,27,69,104,45,9,127,0,98,79,118,48,16,74,123,110,111,52,156,29,97,142,24,102,115,57,39,109,50,122,4,190,63,132,73,89,30,158,31,60,135,56,148,21,80,82,14,141,161,34,23,150,43,170,72,107,78,137,130,3,121,28,155,61,32,159,117,53,124,133,6,84,86,17,144,103,126,88,198,71,139,12,169,42,101,181,54,113,95,163,36,105,174,47,
59,65,85,92,146,138,11,58,71,130,3,43,102,70,97,39,98,69,167,40,106,47,135,17,33,160,4,63,52,179,66,7,134,95,36,96,9,110,177,50,168,41,82,23,150,32,121,100,34,93,6,133,57,116,49,42,101,54,87,28,60,67,1,128,21,12,139,80,81,22,123,94,112,53,202,84,16,143,124,78,20,79,24,111,62,76,55,113,162,44,103,15,74,48,77,37,164,104,172,45,13,72,30,89,26,127,0,118,31,158,27,86,56,115,73,14,88,29,156,61,2,
23,45,175,129,82,176,113,12,101,14,187,60,89,30,117,0,77,70,73,132,191,16,52,54,155,28,109,50,6,122,4,71,42,39,126,67,185,125,66,7,47,105,53,140,208,81,149,22,69,9,188,61,159,32,3,34,33,92,56,144,17,76,163,36,43,199,72,107,78,137,21,85,26,29,
26,85,21,137,78,107,72,43,36,76,17,56,92,33,34,3,32,61,9,69,81,140,53,105,47,7,66,125,185,67,126,39,101,42,71,4,122,6,50,109,149,208,28,54,52,16,132,73,188,70,77,0,176,117,30,89,60,
66,89,78,104,67,111,91,90,119,81,123,145,173,27,86,50,177,49,102,43,73,14,164,37,31,97,39,98,84,2,61,96,22,40,11,138,69,33,160,74,15,42,146,55,72,71,12,93,34,48,106,47,143,16,45,60,128,1,26,94,65,13,88,29,30,59,0,118,9,87,28,80,21,195,54,112,53,24,6,133,115,56,116,57,7,36,95,41,100,110,52,23,82,63,4,32,62,130,3,20,79,58,17,135,162,44,103,
66,78,104,67,111,81,123,173,145,119,90,91,27,86,50,177,49,102,43,73,14,164,37,31,97,39,98,84,2,61,96,22,40,11,138,69,33,160,74,15,42,146,55,72,71,12,93,34,48,106,47,143,16,45,60,128,1,26,94,65,13,88,29,30,59,0,118,9,87,28,80,21,195,54,112,53,24,6,133,115,56,116,184,57,7,36,95,41,100,110,52,23,82,63,4,32,62,130,3,20,79,58,17,135,162,44,103,
82,129,29,26,85,21,137,39,42,101,71,12,4,122,6,50,109,28,113,54,52,191,14,73,132,185,126,67,217,176,117,60,89,30,0,77,70,16,125,66,7,47,105,53,140,81,208,22,149,69,9,188,61,32,3,34,33,92,56,17,76,36,43,199,72,107,78,
103,44,162,135,17,58,79,20,3,130,62,32,4,63,82,23,52,110,100,41,36,7,184,57,116,56,115,133,6,24,53,112,54,195,21,80,28,87,9,118,0,59,30,29,88,13,65,94,26,98,39,97,14,73,43,102,27,86,145,173,55,95,222,104,45,164,37,96,66,31,90,89,49,78,91,67,111,50,177,119,60,81,22,123,84,2,61,40,11,138,69,1,128,33,160,42,74,15,146,72,71,12,93,34,48,106,47,143,16,
15,117,155,161,132,190,45,172,94,123,121,32,87,28,61,2,129,80,21,148,81,22,56,115,27,86,76,17,144,135,84,26,153,33,160,4,63,6,133,78,97,66,57,116,93,47,106,164,48,39,98,40,167,162,44,200,73,110,20,79,50,0,127,118,24,70,67,9,49,74,104,168,41,100,186,88,156,29,128,1,60,34,92,3,130,71,43,102,14,141,85,96,112,53,13,72,30,89,31,158,143,16,134,7,54,181,113,69,196,103,36,95,111,179,52,82,150,23,124,101,42,77,12,139,122,137,105,142,109,189,125,178,107,
140,163,169,158,31,60,56,89,30,148,21,132,73,14,141,34,161,82,23,150,43,170,72,107,78,137,3,130,121,28,155,71,198,12,139,181,54,113,84,42,101,159,32,105,47,174,36,95,212,85,80,53,88,117,126,103,144,17,86,135,133,6,124,61,63,190,4,122,50,109,39,125,81,7,134,66,193,76,77,92,210,33,94,70,2,129,41,100,22,149,178,1,87,112,189,67,96,13,40,167,153,26,27,196,69,104,45,9,127,0,118,98,79,48,16,143,74,123,110,111,52,97,156,29,142,24,102,115,57,186,
97,118,115,185,191,192,88,57,102,123,98,24,41,79,206,32,159,61,71,139,12,52,33,92,16,42,169,101,187,60,132,14,141,73,194,67,126,39,53,175,21,148,30,89,149,22,82,150,23,117,137,205,78,107,85,170,43,72,125,66,134,7,26,153,94,95,6,124,80,207,103,69,40,36,163,104,45,105,174,47,113,54,84,111,176,31,86,27,155,28,50,109,140,81,204,77,2,129,70,203,76,144,17,156,29,0,127,9,183,56,142,161,34,63,122,4,121,3,
201,192,88,57,102,123,24,3,121,4,122,63,34,161,142,56,183,9,127,0,156,29,17,144,203,76,70,2,129,204,77,81,140,109,50,28,155,27,86,31,176,111,84,54,113,47,174,105,45,104,163,36,40,175,39,98,126,194,67,185,73,132,191,14,141,82,23,53,16,92,33,101,169,42,41,188,61,79,206,159,32,60,187,69,71,12,52,21,148,30,216,89,80,207,149,22,117,137,78,205,107,85,170,43,72,125,66,134,7,26,153,94,95,6,124,103,
25,95,73,135,94,102,43,115,118,98,69,82,71,103,162,36,86,173,110,54,84,88,59,0,17,93,34,21,80,55,182,30,128,1,44,15,74,91,32,62,130,3,27,145,14,146,28,87,26,184,57,116,23,52,197,79,40,138,11,61,2,97,29,20,147,58,60,119,38,165,47,106,49,50,7,65,133,6,39,143,16,45,90,31,12,41,100,37,96,13,42,24,53,112,9,48,63,4,160,33,22,
82,129,29,12,113,191,14,66,125,7,53,140,69,9,32,3,33,92,34,26,85,137,78,21,107,199,72,43,17,76,56,36,47,105,221,185,67,126,39,101,42,71,4,122,6,50,109,22,149,81,208,28,54,52,16,132,73,61,188,70,77,0,176,117,30,89,60,217,
62,55,202,107,178,125,189,109,142,105,110,200,73,44,162,40,167,98,39,48,164,106,47,93,116,57,66,97,78,6,133,63,190,4,160,33,84,26,153,144,17,121,94,123,172,45,32,148,21,132,161,34,155,28,117,15,226,87,56,115,27,86,61,2,129,81,22,80,135,76,20,79,50,0,127,118,24,70,67,9,49,74,104,168,41,100,186,88,156,29,128,1,60,92,3,130,71,43,102,14,141,85,96,112,53,13,72,30,89,31,158,143,16,134,7,54,181,113,69,196,103,36,95,111,179,52,82,150,23,124,101,42,77,12,139,122,137,
123,201,3,121,4,122,63,34,161,142,56,183,9,127,0,29,17,144,76,70,129,77,81,140,109,50,28,155,27,86,31,176,111,84,54,113,47,174,105,45,104,163,36,40,175,39,98,126,67,185,73,132,191,14,141,209,82,23,53,16,92,33,101,169,42,41,188,61,206,159,32,60,187,69,71,12,52,21,148,30,216,89,80,207,149,22,117,137,78,205,107,85,170,43,199,72,125,66,134,7,26,153,94,95,6,124,103,
74,97,118,115,185,191,192,88,57,102,123,98,24,41,79,206,32,159,61,71,139,12,52,33,92,16,42,169,101,187,60,132,14,141,73,194,67,126,39,53,48,175,21,148,30,89,149,22,82,150,23,117,137,205,78,107,85,170,43,72,125,66,134,7,26,153,94,95,6,124,80,207,103,69,40,36,163,104,45,105,174,47,113,54,84,111,176,31,86,27,155,28,50,109,140,81,204,77,2,129,70,203,76,144,17,156,29,0,127,9,183,56,142,161,34,63,122,4,121,3,
40,103,31,111,84,86,63,121,109,50,122,4,71,12,169,42,101,39,105,47,76,17,144,73,132,14,141,191,43,72,199,148,21,33,92,161,34,107,66,125,7,69,155,28,54,113,104,45,117,176,29,127,0,52,94,16,85,153,26,27,142,201,77,187,60,89,30,215,70,129,149,22,208,81,140,3,32,159,188,61,9,124,6,95,163,36,175,185,67,126,23,209,82,53,205,78,137,183,56,
121,63,95,124,201,142,27,104,215,175,45,23,220,94,221,78,107,72,199,43,163,36,76,144,17,183,56,67,185,126,132,73,191,141,14,52,54,113,155,28,109,50,6,122,4,29,82,12,71,26,85,39,224,47,137,148,21,101,42,129,70,217,176,117,187,60,89,30,127,0,77,16,125,66,7,105,53,140,81,208,22,149,69,9,188,61,159,32,3,34,33,92,
201,3,121,4,122,63,34,161,142,56,183,9,127,0,29,156,17,144,76,203,70,129,2,77,204,81,140,109,50,28,155,27,86,31,176,111,84,54,113,47,174,105,45,104,163,36,40,69,103,207,80,124,6,95,94,153,26,7,134,66,125,16,92,33,52,71,139,12,41,188,61,159,32,88,206,79,101,228,42,169,97,123,118,102,170,43,24,98,39,185,126,191,132,73,192,115,57,48,175,187,60,14,141,82,150,23,67,194,53,21,148,30,216,89,149,22,117,137,78,205,107,85,72,
178,176,47,174,105,36,163,95,113,54,101,42,169,12,139,71,198,88,126,103,144,17,86,84,6,124,53,117,159,32,61,155,28,121,3,137,205,78,107,72,170,43,150,23,34,161,141,14,82,207,80,21,148,183,56,135,187,60,31,30,89,104,45,27,85,26,153,94,125,81,140,7,134,66,193,16,203,76,192,74,70,204,77,194,67,129,2,69,214,40,92,33,22,149,41,9,127,0,118,98,39,206,79,175,48,123,110,111,52,97,156,29,142,24,102,115,57,109,50,122,4,63,132,73,
115,103,124,6,95,94,153,26,7,134,66,125,199,72,43,170,85,107,205,78,137,117,22,149,207,80,89,216,30,148,21,52,139,12,71,69,187,60,32,159,206,79,61,188,41,42,169,101,33,92,16,53,23,209,82,141,14,191,132,73,185,70,2,129,67,194,76,203,17,144,88,29,156,0,127,9,142,201,24,102,229,111,183,56,123,192,57,175,122,63,4,3,121,161,34,27,86,204,77,81,140,109,50,28,155,31,176,84,54,113,174,47,105,45,104,163,36,40,39,98,126,
115,103,124,6,95,94,153,26,7,134,66,125,199,72,43,170,85,107,205,78,137,117,22,149,207,80,89,216,30,148,21,52,139,12,71,69,187,60,32,159,206,79,61,188,41,42,169,101,33,92,16,53,150,23,209,82,141,14,191,132,73,185,70,2,129,67,194,76,203,17,144,88,29,156,0,127,9,142,201,24,102,229,111,183,56,123,192,57,175,122,63,4,3,121,161,34,27,86,204,77,81,140,109,50,28,155,31,176,84,54,113,174,47,105,45,104,163,36,40,39,98,126,
148,144,153,107,178,125,189,109,181,137,122,196,129,141,54,116,57,133,6,93,34,32,150,23,82,100,41,168,50,177,110,9,96,36,95,134,7,66,179,52,130,3,71,58,138,11,49,167,40,121,146,59,186,65,85,69,43,102,101,42,219,92,160,33,70,97,98,39,106,47,135,17,63,4,87,28,60,67,1,128,21,12,139,80,81,22,123,94,112,53,202,84,211,16,143,124,78,20,79,24,111,62,76,55,113,162,44,103,15,142,74,48,77,37,164,104,172,45,13,72,30,89,26,127,0,118,31,158,27,86,56,115,73,200,14,88,29,156,61,2,105,
172,168,106,213,214,194,192,218,186,57,115,102,17,144,103,126,117,88,53,85,212,95,36,163,47,174,105,159,32,101,42,169,84,113,54,181,155,28,60,31,158,56,80,139,12,198,71,21,148,89,30,121,3,130,140,13,227,100,132,73,14,141,161,34,43,170,72,150,23,82,107,137,78,86,135,133,6,124,61,63,190,4,122,50,109,39,125,81,7,134,66,193,76,77,92,210,33,94,70,2,129,41,22,149,178,1,87,112,189,67,96,40,167,153,26,27,196,69,104,45,9,127,0,118,98,79,48,16,143,74,123,110,111,52,97,156,29,142,24,
187,181,158,13,96,100,73,132,63,190,4,122,50,109,57,115,102,24,142,29,156,97,52,111,110,123,48,175,79,206,39,98,118,0,127,9,41,149,22,33,92,40,167,214,69,2,129,67,194,77,204,70,74,192,76,203,16,193,66,134,7,140,81,125,94,153,26,85,27,45,104,89,30,31,60,135,56,183,148,21,80,207,82,14,141,161,34,23,150,43,170,72,107,78,137,3,121,28,155,61,32,159,117,53,124,6,133,84,86,17,144,103,126,88,198,71,139,12,169,42,101,54,113,95,163,36,105,174,47,176,178,189,112,
56,72,22,33,160,4,63,48,9,112,53,24,42,13,96,164,37,100,41,12,31,90,45,16,143,166,39,6,133,65,7,50,49,106,47,165,38,119,60,58,147,20,29,97,2,61,21,80,34,93,0,59,118,88,84,25,110,17,135,162,44,71,103,230,54,95,36,43,102,82,23,94,73,14,173,86,27,145,115,69,98,55,182,30,128,1,15,74,91,32,62,130,3,146,28,87,26,184,57,116,52,197,79,11,138,40,
203,204,206,175,183,176,207,214,57,115,102,24,142,29,156,97,52,111,110,123,48,79,98,118,0,127,9,45,104,69,27,85,26,153,94,67,194,96,13,140,70,129,2,189,41,100,218,112,178,149,22,87,74,192,76,16,193,66,134,7,167,40,33,92,77,81,125,39,109,50,122,4,190,63,132,73,89,30,158,31,60,135,56,148,21,80,82,14,141,161,34,23,150,43,170,72,107,78,137,130,3,121,28,155,61,32,159,117,53,124,133,6,84,86,17,144,103,126,88,198,71,139,12,169,42,101,181,54,113,95,163,36,105,174,47,
92,33,34,3,32,159,61,188,9,69,149,22,208,81,140,53,105,7,66,125,16,77,0,127,30,89,60,187,117,176,217,70,129,42,67,185,126,124,6,26,85,43,220,199,72,107,78,137,76,144,17,45,231,104,163,36,95,221,94,121,63,122,4,215,175,142,201,183,56,27,23,82,132,73,191,141,14,52,54,113,155,28,236,109,50,29,12,71,39,224,47,148,21,101,
186,203,175,183,204,143,196,1,210,212,214,57,115,102,24,142,29,156,97,52,111,110,123,48,79,98,118,0,127,9,45,104,69,27,85,26,153,94,67,194,96,13,140,70,129,2,189,41,100,218,112,178,149,22,87,74,192,76,16,193,66,134,7,167,40,33,92,77,81,125,39,109,50,122,4,190,63,132,73,89,30,158,31,60,135,56,148,21,80,82,14,141,161,34,23,150,43,170,72,107,78,137,130,3,121,28,155,61,32,159,117,53,124,133,6,84,86,17,144,103,126,88,198,71,139,12,169,42,101,181,54,113,95,163,36,105,174,47,
16,143,47,106,48,34,93,139,12,71,72,146,15,74,42,160,33,128,1,69,138,11,40,61,2,84,123,22,81,60,119,177,50,111,67,91,78,49,89,90,31,66,223,96,37,164,45,104,222,95,182,55,173,145,56,115,116,57,184,7,36,41,100,110,52,23,82,63,4,103,44,162,135,17,58,79,147,20,32,62,3,130,133,6,65,24,53,112,54,195,21,80,28,87,9,118,0,59,30,29,88,13,94,26,225,98,39,97,14,73,43,102,27,86,
118,97,239,126,98,39,40,36,163,104,45,105,47,174,54,84,176,31,155,28,50,109,140,81,77,204,86,27,34,161,121,3,4,63,122,175,57,192,123,56,183,111,229,102,24,201,142,9,127,0,156,29,88,144,17,203,76,194,67,129,2,70,185,73,132,191,216,89,30,207,80,148,21,149,22,117,137,78,205,107,85,199,72,43,170,52,6,124,115,103,16,134,7,66,125,94,26,153,113,240,95,139,12,71,69,187,60,32,159,41,206,79,61,188,228,101,42,169,33,92,53,150,23,209,82,141,14,
Future sets, 
36,39,145,165,166,28,17,7,170,43,217,158,178,237,110,181,54,240,113,104,231,122,249,214,155,192,220,189,248,121,226,167,202,173,143,16,66,193,134,172,210,218,128,246,138,206,79,70,197,53,204,77,159,32,86,213,115,242,212,85,153,26,94,221,61,188,84,211,95,222,163,233,106,174,47,247,129,234,107,89,216,235,176,117,244,69,196,219,92,103,230,161,34,191,132,150,203,76,144,239,112,229,102,201,142,4,208,81,149,194,67,185,126,215,88,205,78,225,98,137,148,207,80,195,162,135,146,190,63,72,199,140,139,198,71,130,33,160,177,50,118,245,236,109,116,243,232,105,56,183,127,101,228,42,169,96,223,224,97,6,133,179,52,238,111,227,100,168,164,241,123,182,156,73,200,186,184,125,82,209,141,60,187,175,124,
212,196,227,247,213,152,211,93,90,119,138,197,184,20,147,154,241,114,173,232,182,55,146,58,202,75,162,200,226,49,131,128,157,244,65,242,210,83,225,166,177,186,59,248,219,160,222,91,145,151,62,180,37,164,223,195,136,165,106,230,44,171,179,172,168,116,
79,229,102,203,97,156,194,88,240,150,139,249,228,49,93,130,160,128,213,243,116,115,242,196,247,167,135,158,179,238,143,172,234,133,74,239,112,106,87,214,210,173,232,146,202,192,65,157,244,222,164,96,223,131,190,162,226,44,171,230,200,165,136,195,151,225,166,48,147,57,184,58,145,189,62,180,219,248,211,55,182,114,241,154,177,90,119,178,138,197,198,193,237,110,181,168,91,218,227,100,59,186,118,245,212,
128,138,80,56,77,36,53,32,192,172,210,213,86,226,167,121,248,189,193,134,173,143,202,220,133,214,155,115,242,124,183,175,60,187,246,141,125,243,184,160,186,209,82,200,73,211,84,61,188,218,159,221,94,153,26,212,85,197,70,249,122,231,104,113,240,54,181,110,237,178,158,217,43,170,204,95,222,66,206,76,203,163,233,174,47,247,129,191,235,176,234,107,89,216,244,117,185,69,196,98,225,137,149,208,81,132,78,205,201,142,88,215,67,194,126,92,219,34,161,150,144,230,103,112,239,229,102,52,179,148,207,195,162,190,223,164,135,241,123,146,72,199,140,139,198,71,111,238,228,101,169,42,156,97,224,182,105,232,168,227,109,236,130,177,50,118,245,127,
229,239,112,103,230,144,150,161,34,219,92,126,194,67,215,88,142,201,205,78,132,81,208,149,137,225,98,196,69,185,117,244,216,89,107,234,176,235,191,129,247,47,174,233,163,203,76,222,95,84,211,188,61,94,221,153,26,212,85,102,148,207,80,195,162,135,146,190,63,72,199,140,139,198,71,130,33,160,177,50,118,245,236,109,116,243,232,105,56,183,127,101,228,42,169,96,223,224,97,106,6,133,179,52,238,111,227,100,168,164,241,123,182,156,73,200,186,184,125,82,209,141,60,187,175,124,242,115,213,86,32,159,77,204,53,197,70,79,206,138,246,128,218,210,172,134,193,66,16,143,173,202,167,226,121,248,189,220,192,155,214,249,122,231,104,113,240,54,181,110,237,178,158,217,43,170,

106,96,63,56,116,33,127,245,118,50,177,130,236,109,227,168,232,105,182,224,97,156,42,169,101,228,238,111,71,198,139,140,199,72,146,123,241,135,164,223,190,162,195,207,148,179,52,102,85,212,26,153,94,221,188,61,211,84,73,200,186,160,184,243,125,82,209,141,60,187,175,183,124,242,115,213,86,32,159,77,204,53,197,70,79,206,138,80,246,128,218,100,210,172,134,193,66,16,143,173,202,167,226,121,248,189,220,192,133,155,214,249,122,231,104,113,240,54,181,110,237,178,158,217,43,170,95,222,76,203,163,233,174,47,247,129,191,235,176,234,107,89,216,244,117,185,69,196,98,225,137,149,208,81,132,78,205,201,142,88,215,67,194,126,92,219,34,161,150,144,230,103,112,239,229,
96,63,56,116,33,127,245,118,50,177,130,236,109,227,168,232,105,182,224,97,156,42,169,101,228,238,111,71,198,139,140,199,72,146,123,241,135,164,223,190,162,195,207,148,179,52,102,85,212,26,153,94,221,188,61,211,84,73,200,186,160,184,243,125,82,209,141,60,187,175,183,124,242,115,213,86,32,159,77,204,53,197,70,79,206,138,80,246,128,218,100,210,172,134,193,66,16,143,173,202,167,226,121,248,189,220,192,133,155,214,249,122,231,104,113,240,54,181,110,237,178,158,217,43,170,95,222,76,203,163,233,174,47,247,129,191,235,176,234,107,89,216,244,117,185,69,196,98,225,137,149,208,81,132,78,205,201,142,88,215,67,194,126,92,219,34,161,150,144,230,103,112,239,229,
136,152,108,68,120,35,151,180,64,75,114,171,99,157,
81,61,149,208,185,188,69,176,137,101,221,71,30,113,29,27,153,161,236,183,209,169,94,142,148,127,141,104,124,144,163,226,235,119,246,178,134,193,223,96,216,198,139,80,207,232,173,243,116,174,115,242,222,95,196,186,204,86,213,231,187,247,129,224,97,217,175,155,82,191,190,63,249,199,22,181,240,205,201,74,133,192,79,206,138,197,227,100,168,41,218,159,177,171,200,170,40,167,93,220,211,84,123,241,182,195,130,189,248,121,160,219,162,128,244,229,102,184,57,234,154,147,88,215,228,237,110,150,156,194,135,203,245,118,212,210,145,146,87,214,165,233,106,166,98,225,239,112,103,230,172,45,143,202,238,111,179,158,164,
19,
99,120,157,244,114,173,37,182,241,154,147,184,197,119,90,131,75,152,65,83,225,166,177,59,248,219,222,91,145,151,180,46,223,195,136,165,230,171,
48,164,158,179,111,238,202,143,45,172,230,103,112,239,225,98,166,106,233,165,214,190,63,217,97,224,129,247,231,104,196,213,86,95,222,115,242,174,175,116,243,173,232,80,207,139,198,142,169,236,94,153,226,148,235,178,119,246,161,31,209,82,124,183,155,96,223,204,27,154,191,14,141,187,186,127,23,150,144,163,134,193,216,249,199,22,181,240,205,201,74,133,192,79,206,138,197,227,100,168,41,218,159,177,171,200,170,40,167,93,220,211,84,123,241,182,195,130,189,248,121,160,219,162,128,244,229,102,184,57,234,147,88,215,228,237,110,156,194,135,203,245,118,212,210,145,146,87,
152,130,112,181,93,243,116,242,168,100,227,143,172,173,232,146,87,202,65,157,244,222,164,96,223,131,162,226,49,44,171,230,200,165,106,136,195,151,225,166,147,184,58,145,189,62,180,219,160,248,211,55,182,114,241,154,213,177,90,119,138,197,179,128,210,83,91,218,212,245,59,186,247,196,
31,27,23,153,161,236,183,209,169,94,142,148,127,141,104,124,144,163,226,235,119,246,178,134,193,223,96,216,198,139,80,207,232,173,243,116,174,115,242,222,95,196,186,204,86,213,231,187,247,129,224,97,217,175,155,82,191,190,63,249,199,22,181,240,205,201,74,133,192,79,206,138,197,227,100,168,41,218,159,177,171,200,170,40,167,93,220,211,84,123,241,182,195,130,189,248,121,160,219,162,128,244,229,102,184,57,234,154,147,88,215,228,237,110,150,156,194,135,203,245,118,212,210,145,146,87,214,165,233,106,166,98,225,239,112,103,230,172,45,143,202,238,111,179,158,164,
226,120,99,58,146,202,157,244,232,55,114,173,37,182,241,154,147,184,138,197,119,90,131,75,211,152,65,83,225,166,177,59,248,219,222,91,145,151,62,180,223,195,136,165,230,171,
80,100,128,138,79,77,53,32,192,172,210,213,86,226,167,121,248,189,193,134,173,143,202,220,133,214,155,115,242,124,183,175,60,187,246,141,125,243,184,160,186,209,82,200,73,211,84,61,188,218,159,221,94,153,26,212,85,197,70,249,122,231,104,113,240,54,181,110,237,178,158,217,43,170,204,95,222,66,206,76,203,163,233,174,47,247,129,191,235,176,234,107,89,216,244,117,185,69,196,98,225,137,149,208,81,132,78,205,201,142,88,215,67,194,126,92,219,34,161,150,144,230,103,112,239,229,102,52,179,148,207,195,162,190,223,164,135,241,123,146,72,199,140,139,198,71,111,238,228,101,169,42,156,97,224,182,105,232,168,227,109,236,130,177,50,118,245,127,
117,106,107,92,126,67,96,63,42,190,249,170,229,102,222,95,206,233,204,158,217,129,191,137,235,176,205,234,244,185,69,196,216,89,98,225,208,200,73,186,183,124,242,115,111,238,52,179,61,188,247,88,215,224,97,156,146,211,84,239,112,184,243,116,125,80,207,128,218,159,100,227,54,181,140,138,79,109,236,50,177,195,175,72,199,33,160,78,122,148,103,230,132,53,105,232,223,164,135,182,123,241,150,168,198,71,139,197,240,113,47,174,169,228,101,130,219,221,94,162,163,104,231,212,153,142,201,203,144,209,82,141,246,187,60,155,214,133,161,220,202,143,127,245,118,173,194,134,193,189,248,121,167,226,86,213,210,172,192,178,110,237,149,81,
120,108,

128,146,202,58,200,226,162,44,157,244,55,232,114,173,37,182,241,154,147,184,138,197,119,90,131,75,211,152,65,83,225,166,177,59,248,219,222,91,145,151,62,180,164,223,195,136,165,230,171,
140,105,87,72,54,73,78,122,50,95,174,204,158,217,129,191,137,235,176,205,234,244,185,69,196,216,89,98,225,208,81,149,237,110,178,227,100,218,159,240,113,96,223,175,116,243,94,221,212,153,203,144,231,104,61,188,247,88,215,162,103,230,201,142,207,80,148,184,125,195,166,39,47,165,145,146,28,155,53,112,239,164,135,163,222,241,123,190,63,249,229,102,52,179,170,150,209,82,200,130,71,198,181,128,197,79,206,138,106,233,132,111,238,168,139,177,118,245,186,127,169,228,101,160,219,141,182,211,84,156,97,224,183,124,242,115,246,187,60,214,133,220,161,202,143,236,173,232,194,134,193,189,248,121,167,226,86,213,210,172,192,199,
217,199,191,129,231,155,175,159,187,224,82,86,95,63,205,133,74,201,192,197,138,79,206,168,41,227,100,249,190,240,181,218,186,247,196,222,242,115,116,243,213,173,232,207,80,204,216,96,223,174,193,134,139,198,178,119,246,235,177,171,200,170,40,167,93,220,211,84,123,241,182,195,130,189,248,121,160,219,162,128,244,229,102,184,57,234,154,147,88,215,228,237,110,150,97,156,194,135,203,245,118,212,210,145,146,87,214,165,233,106,166,98,225,239,112,103,230,172,45,143,202,238,111,179,158,164,226,163,144,124,104,141,127,148,142,94,169,209,183,236,161,153,
159,95,201,141,104,124,128,244,184,57,234,154,27,147,88,215,237,110,97,156,194,135,203,210,214,87,233,106,118,245,236,228,169,229,102,111,238,239,112,142,226,161,103,230,148,212,94,153,146,205,127,98,225,150,209,183,145,172,45,164,165,158,179,143,202,166,162,219,160,121,248,189,130,195,182,241,123,84,211,93,220,167,40,170,200,171,177,235,246,119,178,198,139,134,193,174,223,96,216,204,80,207,232,173,86,213,243,116,115,242,222,196,247,186,218,181,240,63,190,249,100,227,41,168,206,79,138,197,192,74,133,163,144,
204,180,136,157,131,90,79,192,229,102,203,97,156,194,88,240,150,139,249,228,96,223,93,211,182,241,195,177,130,189,248,219,160,239,112,171,230,225,166,48,165,106,146,214,87,145,186,118,245,91,218,178,119,212,154,213,193,147,100,227,168,198,190,210,181,237,110,74,133,234,172,143,202,238,179,158,164,135,167,226,138,197,247,196,222,115,242,57,184,116,243,173,232,244,128,200,162,
154,166,108,68,120,136,83,152,131,244,99,157,171,64,151,180,230,114,46,75,
70,66,76,43,222,95,206,174,233,204,158,217,129,191,137,235,176,234,244,185,69,196,216,89,98,225,208,81,149,237,110,178,181,54,122,249,240,113,197,94,221,212,85,153,231,104,163,159,218,61,188,247,84,211,82,209,200,73,132,78,205,201,142,88,215,117,67,194,126,92,219,34,161,150,107,203,144,47,230,103,112,239,229,102,52,179,170,148,207,195,162,190,223,164,135,241,123,146,72,199,140,139,198,71,111,238,228,101,169,42,156,97,224,182,105,232,168,227,109,236,130,177,50,118,245,127,186,160,184,243,125,141,246,187,60,175,183,124,242,115,155,214,133,220,202,143,173,134,193,189,248,121,167,226,86,213,210,172,192,
127,148,142,94,205,153,161,169,183,236,209,226,164,158,179,111,238,202,143,172,230,103,112,239,225,98,166,106,233,165,214,87,146,145,210,212,118,245,203,135,194,156,97,150,110,237,228,215,88,147,154,234,57,184,102,229,244,128,162,219,160,121,248,189,130,195,182,241,123,84,211,93,167,40,170,200,171,177,235,246,119,178,198,139,134,193,174,223,96,216,204,80,207,232,173,86,213,243,116,115,242,222,196,247,186,218,181,240,63,190,249,100,227,41,168,206,79,138,197,192,74,133,
166,165,145,52,125,47,200,142,148,207,195,103,230,164,223,135,123,241,150,190,249,170,229,102,222,209,82,239,112,53,146,215,88,247,188,61,163,104,231,144,203,201,153,212,94,221,162,243,116,184,96,175,113,240,159,218,100,227,130,71,198,181,63,128,197,79,206,138,106,233,132,39,111,238,168,80,139,177,118,245,186,127,169,228,101,160,219,141,182,211,84,156,97,224,183,124,242,115,246,187,60,155,214,133,220,161,202,143,236,173,232,194,134,193,179,189,248,121,167,226,86,213,210,172,192,199,178,110,237,149,81,208,225,98,89,216,196,69,185,244,234,205,176,235,137,191,129,217,158,204,174,95,
129,191,199,217,113,231,155,175,159,187,224,82,195,196,98,225,103,230,172,45,118,245,177,158,229,102,111,238,179,130,189,248,121,194,135,88,215,146,240,181,150,210,239,112,148,166,127,200,141,220,93,144,124,211,84,142,201,74,104,163,165,145,173,232,193,94,212,182,241,226,167,139,198,197,87,214,228,169,164,96,223,160,219,106,233,174,204,170,110,237,178,209,183,115,242,235,80,207,236,246,128,161,153,205,123,216,134,234,116,243,184,57,63,190,249,162,133,192,95,222,168,186,227,100,218,156,97,86,213,202,143,203,244,247,206,79,138,154,147,
93,74,71,221,101,231,155,175,187,224,82,159,113,129,199,217,191,137,176,195,196,69,98,225,103,230,172,45,118,245,177,158,229,102,111,238,179,130,189,248,121,194,135,88,215,146,240,181,150,210,239,112,148,166,127,200,141,220,144,124,211,84,142,201,104,163,165,145,173,232,193,94,212,182,241,226,167,139,198,197,87,214,228,169,164,96,223,160,219,106,233,174,204,170,110,237,178,209,183,115,242,235,80,207,236,246,128,161,153,205,123,216,134,234,116,243,184,63,190,249,162,133,192,95,222,168,186,227,100,218,156,97,86,213,202,143,203,244,247,206,79,138,188,185,208,149,
169,161,205,226,164,158,179,111,238,202,143,172,230,103,112,239,225,98,166,106,233,165,214,87,146,145,210,212,118,245,203,135,194,156,97,150,110,237,228,88,147,154,234,57,184,102,229,244,128,162,219,160,248,189,130,195,182,241,123,84,211,93,167,40,170,200,171,177,235,119,178,198,139,134,193,174,223,96,216,204,80,207,232,173,86,213,243,116,115,242,222,196,247,186,218,181,240,190,249,100,227,41,168,206,79,138,197,192,74,133,
53,222,95,206,174,233,204,158,217,129,191,137,235,176,234,244,185,69,196,216,89,98,225,208,81,149,237,110,178,181,54,122,249,240,113,197,94,221,212,85,153,231,104,163,159,218,61,188,247,84,211,82,209,200,73,132,78,205,201,142,88,215,117,67,194,126,92,219,34,161,150,107,203,144,47,230,103,112,239,229,102,52,179,170,148,207,195,162,190,223,164,135,241,123,146,72,199,140,139,198,71,111,238,228,101,169,42,156,97,224,182,105,232,168,227,109,236,130,177,50,118,245,127,186,160,184,243,125,141,246,187,60,175,183,124,242,115,155,214,133,220,202,143,173,134,193,189,248,121,167,226,86,213,210,172,192,
116,140,109,105,80,100,128,138,79,72,54,53,73,78,122,50,148,207,195,103,230,164,223,135,123,241,150,132,125,243,184,239,112,84,211,182,159,218,175,146,97,224,156,215,88,247,188,61,52,179,111,238,115,242,124,183,186,200,227,168,198,71,139,197,240,113,181,177,47,174,169,228,101,130,219,160,221,94,162,163,104,231,212,153,142,201,203,144,209,82,141,246,187,60,155,214,133,161,220,202,143,127,245,118,236,173,232,194,134,193,189,248,121,167,226,86,213,210,172,192,199,178,110,237,149,81,208,225,98,89,216,196,69,185,244,234,205,176,235,137,191,129,217,158,204,233,206,95,222,102,229,170,249,190,
117,85,107,92,126,67,52,112,146,88,47,142,148,207,195,103,230,164,223,135,123,241,150,190,170,229,102,205,78,132,73,200,84,211,188,61,247,218,159,82,209,163,104,231,144,203,201,153,212,94,221,162,197,240,113,122,249,181,54,72,199,140,139,198,71,111,238,228,101,169,42,215,156,97,224,182,105,232,168,227,109,236,130,177,50,118,245,127,186,219,160,184,243,125,141,246,187,60,175,183,124,242,115,155,214,133,161,220,202,143,173,194,134,193,179,189,248,121,167,226,86,213,239,210,172,192,178,110,237,149,81,208,225,98,89,216,196,69,185,244,234,176,235,137,191,129,217,158,204,233,174,206,95,222,
108,99,151,152,68,120,180,64,
130,173,86,102,71,69,66,70,77,56,162,143,133,230,164,135,123,228,101,169,122,249,190,67,194,126,185,226,167,202,76,203,144,105,232,158,89,216,176,198,139,227,168,98,225,243,204,201,118,245,175,234,107,94,221,214,155,103,156,215,174,233,115,242,231,104,219,92,160,43,170,247,188,129,149,208,81,140,213,95,222,163,211,172,113,240,181,159,218,246,187,142,217,132,191,205,78,196,137,223,125,200,73,141,229,199,72,237,178,109,236,207,148,206,220,161,235,224,183,124,209,82,150,179,111,238,186,127,241,212,85,153,210,239,121,248,189,192,134,193,244,117,195,177,
83,152,75,131,154,90,119,197,184,147,241,182,225,166,59,248,219,222,65,91,145,151,180,223,195,136,165,171,230,173,114,244,157,
166,197,154,120,165,136,83,152,131,244,99,157,171,64,151,180,230,114,46,75,
132,106,138,79,128,100,116,96,80,63,113,181,227,168,198,71,139,177,245,118,127,186,111,238,169,228,101,219,160,197,184,243,130,162,221,94,212,153,201,203,144,231,104,163,61,188,247,88,215,146,175,218,159,53,112,239,82,209,141,240,182,211,84,156,97,224,183,124,242,115,246,187,60,155,214,133,220,161,202,143,236,173,232,194,134,193,179,189,248,121,167,226,86,213,210,172,192,199,178,110,237,149,81,208,225,98,89,216,196,69,185,244,234,205,176,235,137,191,129,217,158,204,233,174,206,95,222,102,229,170,249,190,150,241,123,135,223,164,230,103,195,207,148,142,200,
171,119,134,170,174,235,123,216,204,207,80,96,223,93,211,182,241,195,177,130,189,248,219,160,162,200,128,244,232,173,213,243,116,242,115,222,196,247,186,218,181,240,193,178,190,249,100,227,168,198,139,206,79,138,197,192,74,133,229,102,184,57,234,154,147,88,228,237,110,150,97,156,194,135,203,245,118,212,210,145,146,87,214,165,233,106,166,98,225,239,112,103,230,172,143,202,238,179,158,164,167,226,
174,170,134,171,119,123,216,204,80,96,223,93,211,182,241,195,177,130,189,248,219,160,162,200,128,244,232,173,213,243,116,242,115,222,196,247,186,218,181,240,193,178,190,249,100,227,168,198,139,206,79,138,197,192,74,133,229,102,184,57,234,154,147,88,228,237,110,150,97,156,194,135,203,245,118,212,210,145,146,87,214,165,233,106,166,98,225,239,112,230,172,143,202,238,179,158,164,167,226,
140,109,105,182,97,72,54,113,181,227,168,198,71,139,177,245,118,127,186,111,238,169,228,101,219,160,197,130,162,221,94,212,153,156,215,201,203,144,231,104,163,209,82,159,218,247,122,249,240,211,84,61,188,73,200,132,78,205,184,243,125,50,224,141,246,187,60,175,183,124,242,115,155,214,133,161,220,202,143,236,173,232,194,134,193,179,189,248,121,167,226,86,213,239,210,172,192,199,178,110,237,149,81,208,225,98,89,216,196,69,185,244,234,176,235,137,191,129,217,158,204,233,174,206,95,222,102,229,170,190,150,241,123,135,223,164,230,103,195,207,148,142,
115,98,103,94,160,118,201,204,156,215,214,155,213,175,234,107,188,247,129,149,208,81,243,222,95,163,104,231,168,227,139,198,176,89,216,158,232,105,233,174,203,76,144,202,167,226,140,185,126,67,194,190,249,122,169,228,101,219,92,211,172,113,240,181,159,218,246,187,142,217,132,191,205,78,196,137,223,125,200,73,141,229,170,199,72,237,178,109,236,207,148,206,220,161,235,224,242,183,124,209,82,150,179,111,238,221,186,245,127,241,212,85,153,210,239,121,248,189,192,134,193,225,244,117,195,177,123,135,164,230,133,143,162,
226,200,162,151,166,225,195,136,147,184,58,145,164,223,165,244,157,131,222,91,65,202,146,232,173,55,114,171,230,62,180,219,248,211,182,241,154,59,177,90,119,138,197,
220,163,144,124,104,141,201,127,148,142,94,166,165,145,193,212,226,167,173,232,241,182,211,84,210,239,112,198,139,150,181,240,146,215,88,135,194,121,248,189,130,179,238,111,158,177,118,245,172,230,103,200,229,102,225,98,196,195,197,87,214,228,169,164,96,223,160,219,106,233,174,204,170,110,237,178,209,183,115,242,235,80,207,236,246,128,161,153,205,123,216,134,234,116,243,184,63,190,249,162,133,192,95,222,168,186,227,100,218,156,97,86,213,202,143,203,244,247,206,79,138,
120,136,83,99,151,152,131,157,171,180,114,75,
113,181,227,168,198,71,139,177,200,142,186,169,228,101,219,160,197,130,162,221,94,212,153,201,203,144,231,104,163,183,124,242,115,238,111,61,188,247,88,215,146,175,218,159,240,182,211,84,156,97,224,112,239,184,243,125,132,52,179,209,82,141,246,187,60,155,214,133,161,220,202,143,127,245,118,236,173,232,194,134,193,189,248,121,167,226,86,213,210,172,192,199,178,110,237,149,81,208,225,98,89,216,196,69,185,244,234,205,176,235,137,191,129,217,158,204,233,174,206,95,222,102,229,170,249,190,150,241,123,135,223,164,230,103,195,207,148,
154,171,147,119,198,190,178,193,237,110,181,168,218,227,100,186,245,212,210,145,146,214,87,165,106,166,225,112,230,74,133,234,172,143,202,238,179,158,164,135,167,226,138,197,247,196,222,242,184,116,243,213,173,232,244,128,200,162,160,219,248,189,130,177,195,241,182,211,93,223,96,
179,226,162,200,128,145,173,232,146,90,177,119,138,197,184,147,154,202,225,166,180,62,91,241,182,211,248,160,219,222,131,157,244,171,230,164,223,165,195,136,
122,125,78,132,73,61,240,218,159,247,209,82,141,224,187,60,246,175,155,214,133,220,161,211,84,115,242,124,183,163,104,231,144,203,201,143,202,215,156,153,94,221,212,162,130,243,184,197,160,101,228,219,111,238,169,186,127,245,118,236,173,232,194,134,193,179,189,248,121,167,226,86,213,239,210,172,192,199,178,110,237,149,81,208,225,98,89,216,196,69,185,244,234,205,176,235,137,191,188,129,217,158,204,233,174,206,95,222,102,229,170,249,190,150,241,123,135,223,164,230,103,195,207,148,142,200,177,139,71,198,168,227,181,113,

132,125,182,97,112,146,88,61,240,218,159,247,209,82,141,224,187,60,246,175,155,214,133,220,161,211,84,115,242,124,183,163,104,231,144,203,201,143,202,215,156,153,94,221,212,162,130,243,184,197,160,101,228,219,111,238,169,186,127,245,118,236,173,232,194,134,193,179,189,248,121,167,226,86,213,239,210,172,192,199,178,110,237,149,81,208,225,98,89,216,196,69,185,244,234,205,176,235,137,191,188,129,217,158,204,233,174,206,95,222,102,229,170,249,190,150,241,123,135,223,164,230,103,195,207,148,142,200,177,139,71,198,168,227,181,113,
182,97,112,146,88,61,240,218,159,247,209,82,141,224,187,60,246,175,155,214,133,220,161,211,84,115,242,124,183,163,104,231,144,203,201,143,202,215,156,153,94,221,212,162,130,243,184,197,160,101,228,219,111,238,169,186,127,245,118,236,173,232,194,134,193,179,189,248,121,167,226,86,213,239,210,172,192,199,178,110,237,149,81,208,225,98,89,216,196,69,185,244,234,205,176,235,137,191,188,129,217,158,204,233,174,206,95,222,102,229,170,249,190,150,241,123,135,223,164,230,103,195,207,148,142,200,177,139,71,198,168,227,181,113,
122,110,130,173,240,113,181,227,168,198,71,139,177,200,73,142,148,207,195,103,230,164,223,135,123,241,150,190,249,170,229,102,222,95,206,174,233,204,158,217,129,188,191,137,235,176,205,78,234,244,185,69,196,216,89,98,225,208,81,149,237,178,199,192,172,210,239,213,86,226,167,121,248,189,218,159,247,141,209,82,224,187,246,175,155,214,163,133,162,220,161,211,84,124,183,115,242,104,231,144,203,201,143,202,179,238,111,193,134,194,232,236,118,245,127,186,101,228,169,219,160,153,221,94,212,156,215,243,132,125,184,
202,146,65,222,131,157,244,165,223,91,145,58,232,114,173,180,219,248,211,182,241,154,177,90,119,138,197,230,171,184,147,136,195,225,166,
195,177,123,153,211,243,125,167,226,190,249,122,240,113,181,174,233,191,132,78,205,246,77,204,175,234,107,149,81,208,207,148,217,158,179,209,150,239,121,248,215,245,186,129,70,198,228,101,169,199,140,104,231,172,141,200,170,229,161,220,137,196,224,214,155,185,126,213,176,244,117,235,206,66,193,134,222,163,144,223,225,111,238,241,85,212,139,168,227,203,76,67,194,247,188,89,216,201,142,127,156,105,232,192,221,187,159,218,189,202,242,183,124,109,236,178,237,210,92,219,
154,147,228,249,139,150,240,88,194,156,97,203,102,229,192,79,198,190,178,193,237,110,181,168,218,227,100,186,118,245,212,210,145,146,214,87,165,106,166,225,239,112,230,74,133,234,172,143,202,238,179,158,164,135,167,226,138,197,247,196,222,115,242,184,116,243,213,173,232,244,128,200,162,160,219,248,189,130,177,195,241,182,211,93,223,96,
180,173,145,91,136,165,223,230,244,157,131,222,219,248,211,182,241,154,177,90,119,197,171,184,147,225,195,166,
166,195,225,147,184,171,197,119,90,154,241,182,248,219,222,65,91,173,145,151,180,223,136,165,230,114,244,157,131,
197,130,173,184,243,215,156,212,94,221,153,160,219,169,228,101,186,127,245,118,236,232,194,134,193,111,238,179,202,143,201,203,144,231,104,242,115,183,124,84,211,161,220,162,133,163,214,155,175,246,187,224,82,209,141,247,159,218,189,248,121,167,226,86,213,239,210,172,192,199,178,110,237,149,81,208,225,98,89,216,196,69,185,244,234,205,176,235,137,191,188,129,217,158,204,233,174,206,95,222,102,229,170,249,190,150,241,123,135,223,164,230,103,195,207,148,142,200,177,139,71,198,168,227,181,113,240,
197,130,173,184,243,215,156,212,94,221,153,160,219,169,228,101,186,127,245,118,236,232,194,134,193,111,238,179,202,143,201,203,144,231,104,242,115,183,124,84,211,161,220,162,133,163,214,155,175,246,187,224,82,209,141,247,159,218,189,248,121,167,226,86,213,239,210,172,192,199,178,110,237,149,208,225,98,216,196,69,185,244,234,205,176,235,137,191,188,129,217,158,204,233,174,206,95,222,102,229,170,249,190,150,241,123,135,223,164,230,103,195,207,148,142,200,177,139,71,198,168,227,181,113,240,
202,180,166,225,147,184,138,197,119,90,177,154,241,182,211,248,219,222,131,157,244,171,230,223,165,195,136,91,146,232,173,145,
209,236,246,183,169,161,153,123,216,235,205,134,174,170,204,233,207,80,160,219,96,223,164,110,237,228,178,214,116,243,184,190,249,162,133,222,234,168,186,227,100,218,156,97,86,213,242,115,202,143,192,203,244,128,247,206,79,138,197,195,196,98,225,102,229,200,103,230,172,245,118,177,158,111,238,179,130,189,248,194,135,88,146,240,181,150,139,198,112,239,210,84,211,182,241,232,173,167,226,212,193,
180,120,152,151,99,
173,145,180,91,136,165,223,114,230,244,157,131,222,219,248,182,241,154,90,119,197,171,184,147,225,195,166,
223,134,139,168,222,225,238,144,203,76,85,212,163,206,117,176,235,126,185,224,214,155,213,193,241,137,196,161,220,247,188,89,216,201,142,127,156,105,232,192,221,187,159,218,189,202,242,183,124,227,194,109,236,178,237,210,92,219,229,170,200,141,172,231,140,199,169,101,228,198,70,129,186,245,215,248,121,239,150,209,179,158,217,148,207,208,149,107,234,175,204,246,205,132,191,233,174,181,113,240,122,249,190,226,167,125,243,211,153,
140,126,226,167,144,203,105,232,174,233,190,122,249,228,101,169,240,113,181,159,218,246,187,194,202,92,219,211,158,216,89,176,198,139,227,168,231,104,172,185,243,208,149,129,247,188,107,234,175,213,155,214,163,222,215,156,204,201,142,217,132,191,205,78,196,137,223,125,200,141,229,170,199,237,178,109,236,207,148,206,220,161,235,224,242,183,124,209,150,179,111,238,221,186,245,127,241,212,153,210,239,121,248,189,192,134,193,225,
120,108,152,99,
188,185,208,149,176,137,191,217,199,129,233,174,204,192,172,216,158,210,239,213,237,178,205,234,226,167,98,225,206,235,222,95,229,170,249,190,150,241,123,135,223,164,230,103,195,244,207,148,142,200,177,139,198,168,227,181,113,240,121,248,189,218,159,247,141,209,82,224,187,246,175,155,214,163,133,162,220,161,211,124,183,115,242,104,231,144,203,201,143,202,196,179,238,111,193,134,194,232,236,118,245,127,186,101,228,169,219,160,153,221,94,212,156,215,243,
172,158,121,150,179,129,198,245,186,215,200,141,229,170,169,101,228,140,199,219,92,210,178,237,194,227,109,236,148,207,208,149,107,234,204,217,246,205,175,231,209,132,191,233,174,239,181,122,249,190,240,113,226,167,125,243,211,153,124,183,242,202,189,218,159,187,221,192,232,105,156,127,142,201,216,188,247,220,161,196,137,241,193,213,155,214,224,185,126,235,176,117,206,163,212,85,76,203,144,238,
208,188,185,176,137,191,217,199,129,233,174,204,192,172,216,158,210,239,213,237,178,205,234,226,167,98,225,206,235,222,95,102,229,170,249,190,150,241,123,135,223,164,230,103,195,244,207,148,142,200,177,139,198,168,227,181,113,240,121,248,189,218,159,247,141,209,82,224,187,246,175,155,214,163,133,162,220,161,211,124,183,115,242,104,231,144,203,201,143,202,196,179,238,111,193,134,194,232,236,118,245,127,186,101,228,169,219,160,153,221,94,212,156,215,243,
244,195,177,123,226,167,144,203,232,174,233,190,122,249,228,101,169,240,113,181,159,218,246,187,194,202,219,211,158,216,89,176,198,139,227,168,231,104,172,185,243,81,208,149,129,247,188,234,175,213,155,214,163,222,215,156,204,201,142,217,132,191,205,78,196,137,223,125,200,141,229,170,199,237,178,236,207,148,206,220,161,235,224,242,183,124,209,150,179,111,238,221,186,245,127,241,212,153,210,239,121,248,189,192,134,193,225,
135,164,244,177,195,230,123,226,167,144,203,232,174,233,190,249,228,101,169,240,113,181,159,218,246,187,194,202,219,211,158,216,89,176,198,139,227,168,231,104,172,185,243,81,208,149,129,247,188,234,175,213,155,214,163,95,222,215,156,204,201,142,217,132,191,205,78,196,137,223,125,200,141,229,170,199,237,178,236,207,148,206,220,161,235,224,242,183,124,209,150,179,111,238,221,186,245,127,241,212,153,210,239,121,248,189,192,134,193,225,
234,167,238,133,158,135,197,138,226,168,202,143,172,230,112,166,225,164,165,106,146,145,210,212,186,245,218,227,100,247,196,222,242,184,213,179,243,116,173,232,244,128,200,162,160,219,248,189,130,177,195,241,182,211,93,223,96,87,214,181,110,193,178,190,198,
180,171,157,152,151,
124,167,156,127,202,187,189,159,218,232,105,243,125,226,153,211,113,240,122,249,181,239,192,221,174,233,132,191,190,142,216,188,247,220,161,196,137,183,242,241,193,213,155,214,224,185,126,235,176,117,206,163,212,85,203,144,201,238,209,231,175,205,246,217,204,234,107,149,208,207,148,236,109,227,194,237,178,210,92,219,199,140,228,169,170,229,141,200,215,186,245,198,129,
202,167,156,187,189,159,218,232,105,243,125,226,153,211,240,122,249,181,239,192,221,174,233,132,191,190,142,216,188,247,220,161,196,137,183,242,241,193,213,155,214,224,185,126,235,176,117,206,163,212,85,203,144,201,238,209,231,175,205,246,217,204,234,107,149,208,207,148,236,109,227,194,237,178,210,92,219,199,140,228,169,170,229,141,200,215,186,245,198,129,
132,125,223,236,229,170,178,237,191,207,148,206,217,142,201,204,156,215,163,199,200,141,214,155,205,175,234,213,220,161,235,224,242,183,124,209,150,179,221,186,245,127,238,241,212,153,210,239,121,248,189,192,134,193,196,137,225,222,188,247,129,149,208,243,185,172,104,231,168,227,139,198,176,89,216,158,211,219,202,194,187,246,218,159,181,113,240,169,101,228,249,190,233,174,232,203,144,167,226,
192,138,128,229,102,203,195,196,225,200,230,172,247,218,143,202,97,156,115,242,213,100,227,168,244,186,234,245,118,177,158,238,179,130,189,248,194,135,88,146,240,181,150,139,198,112,239,210,211,182,241,232,173,167,226,212,197,193,222,133,162,249,190,184,243,214,178,228,237,110,164,223,219,160,
233,204,192,138,229,102,203,195,196,225,200,230,172,247,218,143,202,97,156,115,242,213,227,168,244,186,234,245,118,177,158,238,179,130,189,248,194,135,88,146,240,181,150,139,198,112,239,210,211,182,241,232,173,167,226,212,197,193,222,133,162,249,190,184,243,214,178,228,237,110,164,223,219,160,
188,185,208,149,176,137,123,121,248,134,172,158,139,168,222,225,223,239,210,192,243,153,212,196,193,241,111,238,216,245,186,127,211,219,202,194,187,246,218,159,189,247,129,181,169,249,190,198,227,233,174,232,203,144,167,226,228,101,104,231,240,113,221,179,150,209,124,183,242,224,235,161,220,213,234,175,205,155,214,141,200,199,163,215,156,204,201,142,217,206,148,207,191,237,178,170,229,236,
224,187,159,175,155,220,163,144,124,133,143,162,231,104,141,201,189,248,121,247,218,211,240,181,227,168,198,139,196,238,111,179,202,193,134,194,203,232,118,245,127,186,228,169,219,160,161,183,242,153,94,212,156,215,243,214,246,236,177,200,142,148,207,244,195,103,230,164,223,135,123,241,209,150,190,249,170,229,95,222,235,206,225,167,226,234,205,178,237,213,239,210,158,216,172,192,204,174,233,
151,136,157,171,180,114,
184,143,202,232,218,247,189,248,160,219,118,245,177,234,228,237,178,192,133,162,179,238,111,170,150,226,167,186,210,239,181,240,242,115,174,233,213,86,204,173,134,193,130,205,196,200,235,206,207,103,230,172,195,158,216,98,225,229,102,203,139,198,223,164,194,135,222,243,156,214,241,123,212,168,227,211,244,190,249,
117,201,238,209,163,231,217,204,175,107,234,205,206,176,235,185,224,214,155,213,193,241,242,183,137,196,246,220,161,149,208,207,148,236,109,227,194,203,144,237,178,210,92,219,199,140,228,169,170,229,141,200,215,186,245,126,198,129,247,188,216,142,190,191,132,233,174,221,192,239,181,249,122,240,211,153,212,226,125,243,105,232,218,159,189,187,
173,130,205,134,170,174,206,207,235,204,196,200,213,240,181,239,210,186,167,226,233,242,115,150,179,111,238,103,230,172,195,158,216,225,98,102,229,203,139,198,223,164,194,135,193,222,243,156,214,241,123,212,168,227,211,244,190,249,162,133,192,178,237,228,234,177,245,118,219,160,248,189,247,218,232,202,143,
218,145,212,245,186,247,196,210,213,184,146,222,165,106,166,225,230,172,143,202,227,168,226,138,197,242,164,223,179,116,173,232,244,128,200,162,160,219,248,177,195,241,182,211,
194,146,240,112,239,150,139,156,210,181,189,248,130,238,179,158,118,245,186,244,227,168,213,115,242,97,234,143,202,211,182,241,232,173,167,226,212,177,197,135,193,222,133,162,198,249,190,184,243,214,178,228,237,110,164,223,219,160,218,247,172,230,200,225,196,195,203,102,229,
225,222,188,185,208,149,168,139,176,137,158,172,134,248,121,239,210,192,243,153,212,196,193,241,238,216,245,186,127,211,219,202,194,187,246,218,159,189,247,129,181,169,249,190,198,227,233,174,232,203,144,167,226,228,101,231,240,113,221,179,150,209,124,183,242,224,235,161,220,213,234,175,205,155,214,141,200,199,163,215,156,204,201,142,217,206,148,207,191,237,178,170,229,236,
131,182,154,119,197,171,184,222,248,147,225,166,157,244,230,223,165,
131,182,154,119,197,171,184,222,248,147,225,166,157,244,230,223,165,
219,200,186,142,141,129,126,140,245,216,170,229,203,194,237,228,169,227,109,236,207,215,161,220,198,199,208,149,190,191,132,233,174,221,192,144,210,239,181,249,122,240,211,153,212,148,226,178,125,243,105,232,218,159,189,247,188,187,246,196,137,183,242,241,193,213,155,214,224,185,235,176,206,205,234,175,204,217,231,163,209,238,201,
179,160,222,164,230,225,138,173,202,197,226,165,223,244,128,145,232,200,162,219,248,241,177,166,195,182,211,146,184,
160,215,142,177,164,244,195,230,135,123,169,209,148,236,246,127,153,183,161,214,243,156,228,200,186,245,232,219,190,249,241,212,170,229,223,222,235,206,225,167,226,234,205,207,178,237,150,242,213,239,210,158,216,172,192,204,174,233,203,194,134,193,202,179,111,238,196,139,198,168,227,181,240,211,218,247,121,248,189,
230,195,177,244,164,201,141,123,205,234,218,189,247,204,206,181,240,169,228,249,235,239,248,121,210,243,214,156,215,183,242,241,212,153,179,111,238,104,222,223,225,192,134,193,168,227,139,198,172,158,216,142,200,161,226,167,213,196,174,233,203,232,245,186,127,211,219,202,194,246,236,148,207,229,170,150,209,178,237,190,
181,128,116,232,173,202,143,241,182,212,177,226,168,227,211,162,218,247,160,219,172,146,210,243,184,242,213,138,197,223,164,222,230,112,200,225,196,195,189,248,130,179,245,186,244,
234,197,232,173,202,143,182,241,212,177,226,167,168,227,211,244,186,245,179,238,130,248,189,181,210,242,213,158,135,193,222,133,162,198,249,190,184,243,214,237,178,228,110,164,223,219,160,218,247,172,230,200,225,196,195,
216,139,156,229,203,223,164,193,135,194,222,214,243,195,172,230,238,179,233,167,226,158,186,181,240,210,239,150,241,123,212,168,227,211,244,190,249,162,133,192,198,178,237,228,234,177,245,118,219,160,248,189,247,218,232,202,143,115,242,213,200,225,196,204,
152,
181,128,232,173,202,143,241,182,212,177,226,168,227,211,162,218,247,160,219,172,146,210,243,184,242,213,138,197,223,164,222,230,112,200,225,196,195,189,248,130,179,245,186,244,
221,179,150,124,224,231,235,161,242,183,213,226,167,203,174,233,232,227,198,190,249,169,228,181,129,247,189,218,159,234,175,205,155,214,141,200,199,163,215,156,204,201,142,217,206,148,207,144,191,220,240,113,237,178,209,170,229,236,246,187,194,202,219,211,127,186,245,216,238,241,193,196,212,153,243,192,210,239,
203,229,156,196,225,200,213,242,143,202,232,218,247,189,248,160,219,118,177,234,228,237,178,139,198,133,162,249,190,244,211,227,168,212,241,150,239,210,240,181,186,245,158,226,167,115,179,238,230,172,195,243,214,222,135,193,164,223,
235,207,206,174,170,162,160,238,179,219,190,249,241,123,212,242,213,226,167,194,135,223,164,196,225,193,134,222,233,204,178,237,192,203,229,243,214,156,150,202,228,210,239,158,172,139,198,168,227,181,240,211,218,247,189,248,234,200,245,186,232,216,230,195,244,177,
223,225,222,215,142,168,139,158,172,134,216,200,238,179,193,153,212,156,214,243,192,210,239,248,121,235,241,183,242,161,226,167,213,196,174,233,203,232,198,227,245,186,127,211,219,202,194,246,236,148,207,229,170,150,209,178,237,190,249,228,169,240,181,206,204,247,189,218,234,205,
211,181,153,148,178,144,189,125,226,232,247,188,159,218,233,174,190,191,132,149,208,192,221,239,210,199,198,249,122,240,187,246,196,137,183,242,241,193,213,155,214,224,185,243,212,235,176,206,205,234,175,204,217,231,163,209,238,201,220,161,215,207,236,227,169,228,237,194,203,229,170,216,245,
172,242,226,168,202,230,197,138,225,223,164,222,179,116,173,232,244,128,200,162,160,219,248,177,195,241,182,211,146,184,213,
140,126,189,125,226,232,247,188,159,218,233,174,190,191,132,149,208,192,221,239,210,199,198,249,122,240,187,246,196,137,183,242,241,193,213,155,214,224,185,243,212,235,176,206,205,234,175,204,217,231,163,209,238,201,220,161,215,207,236,227,169,228,237,194,203,229,170,216,245,

153,140,189,125,226,232,247,188,159,218,233,174,190,191,132,149,208,192,221,239,210,199,198,249,122,240,187,246,196,137,183,242,241,193,213,155,214,224,185,243,212,235,176,206,205,234,175,204,217,231,163,209,238,201,220,161,215,207,236,227,169,228,237,194,203,229,170,216,245,
193,178,190,198,214,135,158,184,243,181,133,164,223,219,160,172,230,210,162,242,213,200,225,196,222,218,247,195,189,248,130,238,179,245,186,244,211,227,168,167,226,177,212,241,143,202,173,232,
223,225,222,207,206,235,205,178,237,226,167,213,242,212,241,249,190,219,232,245,186,200,150,234,228,156,243,214,239,210,158,216,172,192,204,174,233,170,229,203,194,134,193,202,179,238,196,139,198,168,227,181,240,211,218,247,248,189,
197,243,184,146,164,223,219,160,172,230,210,162,242,213,200,225,196,222,218,247,195,189,248,130,179,245,186,244,211,227,168,226,177,212,182,241,143,202,173,232,
217,199,191,163,175,159,148,144,220,142,201,215,141,155,205,234,218,189,247,129,204,206,181,240,169,228,249,190,237,178,209,170,229,207,236,246,187,194,202,219,211,127,186,245,156,216,200,238,241,193,196,212,153,214,243,192,210,239,198,227,232,233,174,203,167,226,213,183,242,161,235,231,224,
180,171,157,
239,150,241,212,226,167,168,227,211,244,186,245,179,238,230,172,195,210,240,181,243,158,222,135,193,214,164,223,190,249,162,133,198,178,237,228,234,177,118,219,160,248,189,247,218,232,202,143,242,213,200,225,196,
179,160,222,164,230,225,138,173,202,197,226,223,244,128,232,200,162,219,248,241,177,195,182,211,146,184,
232,226,204,233,174,175,234,201,240,215,205,229,170,239,247,188,218,159,192,231,140,199,227,237,208,149,203,194,214,216,245,209,238,221,163,210,212,224,198,193,213,185,126,183,242,243,206,235,176,236,207,187,246,217,169,228,191,249,220,
234,228,193,237,178,249,190,198,214,135,164,223,219,160,248,189,232,202,143,162,133,242,213,200,225,196,247,218,222,158,243,181,210,195,172,230,238,179,245,186,244,211,227,168,167,226,177,212,241,
222,147,225,248,197,171,184,166,244,230,223,165,154,182,

235,161,242,183,213,226,167,203,174,233,232,227,198,239,210,192,243,214,153,212,196,193,241,179,238,200,216,156,245,186,127,211,219,202,194,246,236,148,207,229,170,150,209,178,237,190,249,228,169,240,181,206,204,247,189,218,234,205,
196,241,137,193,213,187,246,224,185,243,214,155,198,199,210,239,221,192,208,149,132,191,190,249,242,183,174,233,212,235,176,206,205,234,175,204,217,231,163,209,238,201,220,161,215,207,236,240,227,169,228,237,194,203,229,170,216,245,218,159,188,247,232,226,
233,223,225,222,204,194,192,203,229,156,178,237,226,167,213,242,212,241,249,190,219,214,243,196,238,179,150,193,202,228,210,239,158,172,139,198,168,227,181,240,211,218,247,189,248,234,200,245,186,232,
142,205,234,218,189,247,204,206,181,240,169,228,249,190,237,178,209,170,229,207,148,236,246,194,202,219,211,127,186,245,156,215,216,200,141,238,241,193,196,212,153,214,243,192,210,239,198,227,232,233,174,203,167,226,213,183,242,161,235,201,
189,196,241,137,193,213,187,246,224,185,243,214,155,198,199,210,239,221,192,208,149,132,191,190,249,242,183,174,233,212,235,176,206,205,234,175,204,217,231,163,209,238,201,220,161,215,207,236,240,227,169,228,237,194,203,229,170,216,245,218,159,188,247,232,226,
213,193,163,198,212,210,224,221,238,209,216,245,243,206,235,176,236,207,246,187,183,242,169,228,191,249,220,217,185,214,194,203,149,208,237,227,199,140,231,192,159,218,188,247,239,170,229,205,215,240,201,234,175,174,233,204,
209,236,246,202,219,200,211,156,216,229,170,194,178,237,249,190,228,169,181,240,207,206,204,247,189,218,234,205,238,241,186,245,193,196,212,153,214,243,192,210,239,198,227,232,233,174,203,167,226,213,183,242,161,235,
200,232,162,219,248,241,177,195,182,211,146,184,223,226,197,202,173,138,225,244,230,164,222,
231,224,187,194,245,216,229,170,236,178,237,214,155,243,192,210,239,198,227,141,211,215,201,142,235,183,242,161,220,226,213,232,174,233,203,144,246,190,249,209,238,207,148,206,228,169,181,240,204,247,189,218,159,234,175,205,241,153,212,193,196,163,
218,222,247,225,196,200,213,242,162,210,195,172,230,179,245,186,244,211,227,168,226,177,212,241,143,202,173,232,248,160,219,223,164,
171,
190,174,233,235,176,206,205,234,175,204,242,183,149,208,192,221,239,210,212,199,198,214,155,243,185,224,246,187,217,191,231,163,209,238,201,220,161,249,215,207,236,240,227,169,228,237,194,203,229,170,216,245,218,159,188,247,232,226,213,193,
218,181,243,158,222,247,225,196,200,213,242,162,210,195,172,230,179,245,186,244,211,227,168,167,226,177,212,241,143,202,232,189,248,160,219,223,164,
233,216,204,194,192,172,158,203,239,229,156,228,193,202,179,238,196,243,214,210,198,227,181,240,211,218,247,189,234,150,200,186,245,232,219,190,249,241,212,242,213,167,226,237,178,
230,214,198,190,178,195,225,158,232,219,212,241,242,213,200,172,202,238,179,211,245,186,244,226,167,196,243,181,210,168,227,247,218,248,189,223,164,222,177,
171,157,
241,196,217,199,191,231,224,221,240,236,207,215,190,249,161,220,201,238,209,163,192,243,174,233,198,239,237,203,232,170,229,216,245,247,213,214,155,226,194,228,169,227,204,205,175,234,176,235,206,242,183,212,187,246,218,159,193,210,
182,211,195,146,184,223,197,173,225,244,230,222,177,241,248,219,
239,172,158,228,193,202,179,238,196,243,214,210,198,168,227,181,240,211,218,247,248,189,234,150,200,186,245,232,219,190,249,241,212,242,213,167,226,237,178,
227,208,214,218,203,194,192,185,217,199,191,231,239,229,237,249,220,188,247,205,228,215,240,201,234,175,233,204,242,183,187,246,207,236,176,235,206,243,245,216,209,238,221,224,
211,215,201,235,161,242,183,213,226,203,174,233,232,227,198,239,210,192,243,214,237,178,236,170,229,216,245,194,246,190,249,209,238,207,148,206,228,169,181,240,204,247,189,218,234,205,241,153,212,193,196,
215,211,235,161,242,183,213,226,203,174,233,232,227,198,239,210,192,243,214,237,178,236,170,229,216,245,194,246,190,249,209,238,207,148,206,228,169,181,240,204,247,189,218,234,205,241,153,212,193,196,
210,227,242,213,162,200,195,223,196,225,247,160,172,230,179,186,244,211,168,226,177,212,241,202,232,248,219,164,222,
201,215,163,235,220,161,242,183,213,226,203,174,233,232,227,198,239,210,192,243,214,237,178,236,170,229,216,245,194,246,190,249,209,238,207,148,206,228,169,240,204,247,189,218,234,205,241,153,212,193,196,
225,222,248,182,223,184,197,244,230,165,
184,173,225,244,230,223,197,222,177,241,248,219,195,211,182,
248,197,166,244,230,165,
209,236,246,216,229,170,194,178,237,249,190,228,169,240,207,206,204,247,189,218,234,205,238,241,245,193,196,212,153,214,243,192,210,239,198,227,232,233,174,203,226,213,183,242,161,235,
208,210,212,198,185,217,199,191,231,224,221,187,246,183,242,175,234,205,206,176,235,204,174,233,243,214,239,192,163,209,238,201,220,249,215,207,236,240,227,169,228,237,194,203,229,216,245,218,188,247,
234,189,218,247,227,198,210,240,181,243,214,196,211,200,186,245,232,219,249,190,241,212,242,213,167,226,237,178,238,179,202,193,228,


196,241,189,193,212,234,205,247,218,238,245,204,214,243,192,210,239,198,227,232,233,174,203,226,213,242,161,235,206,207,240,169,228,190,249,237,194,170,229,216,

232,226,213,247,245,216,170,229,203,194,237,228,169,227,204,205,175,234,235,206,242,183,212,246,218,159,193,210,239,198,233,174,243,214,192,163,209,238,201,220,249,215,207,236,240,
228,229,239,189,218,247,227,198,210,240,181,243,214,196,211,200,186,245,232,203,219,249,190,241,212,242,213,167,226,237,178,238,193,202,234,

179,202,172,226,213,242,212,241,219,232,245,200,211,186,167,196,243,181,210,227,247,218,189,
198,212,210,193,246,183,242,234,205,206,235,204,174,233,243,214,239,192,163,209,238,201,220,249,215,207,236,240,227,169,228,237,194,203,229,216,245,218,247,
230,179,211,226,177,244,241,202,232,164,222,219,248,225,223,195,200,
213,226,232,198,210,192,239,243,214,204,174,233,235,206,207,240,227,228,169,190,249,237,194,242,203,170,229,216,245,238,218,247,205,234,212,193,
244,230,177,241,202,232,222,219,248,225,223,195,200,226,211,
220,215,201,209,192,239,243,214,204,233,235,206,207,236,240,227,228,169,249,237,194,203,229,216,245,238,218,247,205,234,242,183,246,
244,177,241,202,232,222,219,248,225,223,195,200,226,211,
230,244,197,
244,
219,200,211,186,232,245,196,243,181,210,227,189,218,247,241,212,242,213,226,
179,202,241,219,232,213,226,200,242,211,172,
227,207,206,235,233,204,243,214,240,239,192,228,249,237,194,242,203,229,216,245,238,218,247,205,234,
212,193,234,247,218,238,245,216,229,242,203,174,210,239,198,227,240,194,233,204,214,243,192,228,249,237,

242,200,226,232,219,241,202,211,179,
244,230,223,225,248,222,
227,233,204,243,214,240,239,192,228,249,237,194,242,203,229,216,245,238,218,247,234,
215,201,205,234,228,220,249,237,229,240,239,247,183,246,207,236,235,206,233,204,243,245,216,209,238,
221,224,231,205,234,209,238,235,191,249,220,239,243,245,187,216,229,199,228,215,201,240,237,217,246,233,207,236,
241,219,222,248,225,223,195,
238,190,196,243,210,227,189,218,247,241,212,242,213,226,245,232,
211,202,241,219,232,226,200,

196,243,210,227,189,218,247,241,212,242,213,226,245,232,
248,230,244,197,
246,236,207,206,235,233,204,243,216,245,209,238,247,239,240,229,237,249,228,234,205,
244,230,225,248,223,
234,221,216,209,229,237,228,199,240,201,239,231,224,235,236,233,249,220,217,246,215,
247,227,242,211,241,232,213,226,200,
243,216,228,201,240,237,229,215,246,233,239,236,220,249,235,238,209,234,205,
221,209,229,237,199,240,201,239,231,224,235,236,233,249,220,217,246,215,
243,218,210,227,242,247,212,213,226,245,232,241,196,
243,232,245,218,226,213,212,247,242,227,210,
234,216,209,229,237,228,199,240,201,239,231,224,235,236,233,249,220,217,246,215,
228,249,237,194,242,203,229,245,238,218,247,234,239,240,214,243,
210,227,214,242,247,212,238,245,243,218,198,
242,203,229,245,238,218,247,234,239,240,243,214,237,249,228,
223,225,248,222,
241,232,226,213,212,247,242,227,210,
244,230,
218,243,245,238,212,247,242,214,227,210,
240,239,231,224,235,249,236,233,220,246,215,
232,226,241,211,
237,229,215,246,233,239,236,249,240,235,209,
232,219,241,211,
245,243,238,247,234,239,240,229,237,249,228,
245,243,238,247,234,239,240,229,237,249,228,
238,235,234,228,240,249,239,233,237,229,216,
245,243,238,234,228,240,249,239,233,237,229,216,
245,243,238,234,228,240,249,239,233,237,229,216,
235,221,224,220,246,236,231,217,
240,249,239,235,233,
227,242,247,212,
241,
247,242,227,
242,
247,245,243,242,238,
246,236,235,
237,233,239,249,240,229,
231,236,246,224,
247,245,242,
241,
246,236,
236,246,231,
248,225,
248,
246,236,
248,
232,
242,
249,237,
240,249,239,
244,
246,




246,


249,
249,









Past links sets, 




0,

4,
0,






12,

6,7,
0,

10,
1,

9,14,
14,


3,16,
9,23,
0,21,
9,
9,
14,
3,16,
6,7,17,
26,32,
8,
0,3,
11,15,20,

28,
22,27,31,
22,27,31,
17,34,
26,36,
2,13,20,
22,23,29,30,
11,25,38,
28,33,34,
2,12,24,
1,2,13,
21,33,42,

47,
32,33,39,
21,33,42,
15,44,
6,7,36,
24,29,40,2,41,
55,
37,44,
50,52,53,
9,50,52,53,
15,44,49,
7,17,27,39,6,45,
35,25,38,
55,59,
26,56,
34,17,43,56,
25,35,
30,36,54,60,61,
66,
30,36,54,60,61,
21,33,42,43,
43,50,54,
30,48,57,
8,37,46,
43,70,
16,56,
67,72,73,
16,33,57,63,
3,16,33,40,41,63,
9,56,72,60,73,
22,29,43,69,71,
13,37,46,
31,54,60,61,63,
34,76,77,
36,84,
13,21,45,74,
52,53,79,80,
60,66,78,
24,58,62,65,
24,58,62,65,
67,85,
1,13,74,
27,45,82,
45,73,82,
13,63,74,
42,88,
40,41,43,69,71,86,
15,46,64,68,
13,74,79,
69,70,71,81,89,
71,86,88,
40,82,86,
78,81,95,
21,33,42,92,
1,6,17,39,87,
67,85,
18,68,
33,42,92,
54,60,61,74,97,
67,86,81,94,95,
88,96,100,
29,76,101,
8,65,83,
98,102,
33,96,106,
17,85,
82,115,
40,41,48,90,91,
15,18,46,64,68,
70,89,94,104,
50,54,72,105,107,109,
81,94,95,98,103,
45,76,82,101,
52,78,105,107,109,
92,107,117,
113,121,124,
3,20,49,93,100,116,
92,22,113,
110,86,112,
46,90,91,
39,122,125,
110,118,
41,89,103,104,111,
73,94,103,110,118,
8,24,58,62,65,83,
69,71,81,89,122,125,
55,62,80,128,
89,102,104,111,123,
21,109,126,
95,124,129,
94,104,124,129,
87,130,133,
45,82,105,129,
58,62,65,87,28,93,
112,138,
57,119,
121,141,142,144,
69,81,89,126,132,
101,115,121,134,139,
59,64,75,83,
13,75,99,
63,127,109,148,
25,38,57,119,
82,129,132,137,
77,102,123,127,134,
90,91,75,114,136,
133,134,70,135,139,
23,126,155,
49,93,94,103,116,143,
31,132,137,153,
44,103,128,143,
144,149,159,
128,44,135,95,160,
38,145,147,
25,38,87,28,93,147,
150,156,158,
106,135,139,143,
161,163,
41,111,126,103,155,161,
75,114,119,131,136,
158,168,
58,65,130,146,
149,159,170,
140,149,155,
137,140,149,
11,56,72,146,58,162,164,
135,148,150,156,
150,160,172,
24,58,64,62,75,114,
96,100,105,142,141,167,
97,119,145,146,
63,127,148,163,175,
84,110,119,145,146,
140,71,149,
1,92,143,167,
82,129,176,
140,71,149,
112,125,153,178,181,
161,178,
22,113,176,
79,80,123,134,140,169,174,
110,150,156,159,118,170,
88,192,
65,177,
1,143,137,189,
60,61,165,182,
135,149,193,
185,188,191,
162,164,179,186,
141,163,185,187,175,188,191,
55,156,162,164,62,179,
156,194,
24,80,123,134,169,174,183,
111,169,183,187,
41,103,111,169,183,
103,169,111,176,183,
140,71,149,
183,201,
190,196,198,
58,105,141,142,146,200,202,
210,
126,155,168,186,190,196,
194,198,
142,199,201,
98,134,174,185,191,205,206,207,
185,188,191,208,
87,130,189,190,194,198,
65,92,167,177,202,
163,175,187,199,208,
101,176,185,188,208,
89,111,123,119,145,173,104,195,
66,111,123,173,184,104,195,
129,82,199,217,
184,222,
15,117,155,190,196,200,
140,169,174,186,212,
97,118,150,185,203,191,204,205,206,207,
201,204,203,216,
25,135,162,95,160,173,184,197,
129,82,199,217,221,
202,226,
80,123,199,209,216,
97,118,150,185,203,74,191,204,205,206,207,
103,205,208,209,215,
183,215,220,221,224,
48,201,216,228,
203,178,204,205,206,207,214,
115,139,199,209,229,
150,199,209,229,
196,211,219,
172,213,218,214,227,
187,189,190,203,204,206,207,214,
56,72,164,166,230,
203,204,206,207,214,218,
231,236,
203,204,186,212,214,218,
139,182,223,147,225,
228,239,240,
Future links sets, 
36,28,7,17,4,
196,186,106,93,49,20,
49,48,57,44,
128,80,36,32,26,
6,

106,63,56,33,16,
63,56,33,16,
136,114,75,35,
30,81,29,27,61,22,
19,
177,46,37,
48,14,
93,152,100,87,49,96,83,44,
31,23,22,
226,99,62,120,55,37,
80,79,77,32,26,
117,106,67,63,42,33,
120,108,

44,128,37,
140,105,87,72,50,54,28,
191,129,82,45,41,40,
159,45,27,
180,136,91,90,57,204,48,
230,166,154,68,64,46,
66,43,34,
94,63,41,40,
166,145,47,39,
113,82,57,45,
74,69,71,45,
161,84,41,40,
53,34,
116,109,72,80,54,105,79,53,50,47,
85,67,47,42,
68,64,
86,71,69,56,43,
83,75,59,
166,165,154,64,46,
132,106,63,53,
103,98,119,80,57,
206,170,134,98,119,80,57,
109,105,97,72,54,50,
82,76,73,98,72,67,
164,162,62,59,55,
144,124,95,94,87,63,
131,120,99,83,75,
52,
237,119,74,
160,128,62,
122,61,73,60,

88,61,125,60,
88,61,60,
122,73,110,84,71,69,
202,138,65,58,
244,177,81,77,67,66,
154,147,79,74,
211,180,177,173,145,136,91,90,
151,65,
197,89,81,110,84,71,69,
197,110,84,71,69,
202,180,145,138,136,91,90,
153,96,84,80,183,79,
180,120,151,99,
219,173,145,136,114,195,91,90,
223,89,70,
111,107,92,78,
120,108,99,
149,101,137,98,82,
158,121,101,76,
208,188,185,102,101,137,98,82,
244,177,122,81,78,
135,95,81,78,
234,110,96,93,100,87,
180,171,157,152,151,
113,124,85,
156,85,
125,104,89,
100,192,88,
233,204,138,192,88,
149,123,137,111,104,101,
231,187,124,144,118,155,103,95,224,94,
151,136,114,
184,86,
117,107,92,
130,103,102,111,98,
218,166,143,145,106,
194,112,102,97,
222,149,139,137,134,121,101,
157,131,119,
157,131,119,
219,186,129,126,109,105,
166,160,145,128,
142,135,123,160,121,111,
230,164,141,123,111,104,
181,116,112,
228,234,182,110,
216,123,115,
152,
181,128,112,
221,150,124,113,
156,139,115,
207,206,235,170,135,160,134,162,123,
223,222,142,139,134,121,
211,181,144,125,122,
168,116,
126,125,122,

153,140,125,122,
193,184,135,133,130,
223,207,206,205,222,170,139,134,
189,146,130,
191,129,127,
180,171,157,
239,150,118,
160,128,
226,126,
234,228,193,135,133,
222,182,184,171,154,147,

150,148,127,
137,132,
233,223,222,192,156,204,139,
142,141,127,
189,137,132,
213,170,159,149,140,
183,156,153,
162,164,138,
231,224,187,144,155,142,141,
218,173,143,
171,
161,155,149,
158,143,
216,204,192,158,156,150,
198,230,178,168,164,158,
171,157,
196,176,161,155,
146,
248,239,168,158,150,
208,192,185,176,227,188,175,
211,201,181,148,
215,211,181,148,
196,168,162,186,160,
163,148,
222,184,182,165,
211,184,182,177,173,
248,166,165,
183,178,153,
208,198,185,188,175,174,176,163,
240,234,228,179,178,193,167,


189,161,

226,213,175,170,159,
203,202,178,193,167,

172,167,
193,174,163,
230,179,164,
190,170,169,
230,202,200,177,
220,201,183,169,
244,202,200,177,
197,
244,
219,186,181,
213,172,
227,207,206,204,205,192,
193,174,

242,179,
230,223,222,
227,216,204,192,
220,201,183,
221,207,191,187,
219,195,
238,190,189,
202,200,

189,
248,197,
236,209,207,206,205,204,
230,225,223,
228,234,221,217,216,201,199,
247,227,213,200,
243,220,205,201,
221,217,201,199,
243,218,196,
243,218,226,213,210,
234,228,217,216,201,199,
194,
198,
218,214,203,
223,222,
241,226,213,210,
230,
218,214,210,
240,239,231,224,233,220,215,
226,211,
237,229,215,209,
232,219,211,
245,243,238,247,234,229,228,
245,243,238,247,234,229,228,
238,235,234,228,216,
245,243,238,234,228,216,
245,243,238,234,228,216,
235,221,220,217,
240,239,235,233,
212,
241,
247,227,
242,
247,245,243,242,238,
236,235,
237,233,229,
231,224,
247,245,242,
241,
236,
236,231,
225,
248,
236,
248,
232,
242,
249,237,
240,239,
244,
246,




246,


249,
249,









Coordinates
-3.99763,3.78863,4.88854
-3.87797,2.26438,0.0316002
-3.86411,2.61813,0.9427
-3.85336,3.90654,3.90244
-3.84825,3.74169,0.218529
-3.84072,0.84824,1.70264
-3.83038,3.72956,1.16008
-3.82709,3.75622,5.92887
-3.81701,1.52002,0.392153
-3.81391,3.17304,0.0662513
-3.78601,1.00912,4.94287
-3.77947,1.98032,5.55352
-3.76287,3.04338,3.92446
-3.74379,2.36506,3.15704
-3.73785,3.03995,0.40474
-3.72748,2.06238,1.04586
-3.69307,3.68087,2.77544
-3.68474,3.57366,1.7801
-3.68299,1.16292,1.89122
-3.66087,0.931472,3.24509
-3.65905,2.1091,4.48493
-3.6535,3.40795,0.773889
-3.64711,3.04163,1.80029
-3.62759,2.97756,2.09491
-3.60283,2.66619,3.3049
-3.58394,1.62245,2.81531
-3.58383,3.70198,2.1393
-3.54984,2.92989,5.77257
-3.54628,3.36059,0.180841
-3.54437,3.10748,4.35287
-3.54195,3.21203,2.71742
-3.52948,2.86425,5.71131
-3.52405,3.63317,0.0466531
-3.52258,3.48286,0.662627
-3.50309,3.63745,1.02691
-3.50308,1.3699,2.25922
-3.49677,3.86827,1.08203
-3.49596,1.94692,0.388601
-3.48604,1.63502,2.57249
-3.42648,3.31168,4.46227
-3.38483,2.82265,1.76487
-3.34077,2.77473,1.57907
-3.32884,3.53648,2.85048
-3.3032,3.74656,6.27835
-3.30223,2.09757,0.0164987
-3.29774,3.03112,5.67699
-3.28143,1.54791,3.27579
-3.27106,3.42226,4.28889
-3.25677,2.54107,5.44698
-3.24596,2.16009,2.81518
-3.24496,3.4732,0.591495
-3.24419,0.0739298,2.68858
-3.2433,3.41023,0.3714
-3.22938,3.33913,0.600166
-3.21567,3.50721,2.94093
-3.20311,2.03523,2.00387
-3.19128,3.92198,2.24343
-3.14012,2.72145,0.621538
-3.11943,1.99915,6.10349
-3.11373,1.91967,4.55813
-3.08756,3.3664,1.08826
-3.08601,3.33732,4.21984
-3.07292,2.04362,3.43051
-3.05902,3.01148,3.03952
-3.05478,1.20828,1.45743
-3.03023,1.89957,2.24563
-3.02009,3.868,4.06084
-2.93334,3.71788,6.26141
-2.91729,0.988521,1.29299
-2.91274,3.33989,2.49309
-2.90888,3.90211,1.4448
-2.90582,3.32264,6.24382
-2.89023,3.60424,1.66512
-2.88577,3.53766,3.25943
-2.86922,2.55102,5.94108
-2.80962,1.26173,3.9057
-2.79041,3.87268,4.26022
-2.76293,3.96986,0.636471
-2.74604,3.57535,3.2691
-2.74366,2.76793,5.08137
-2.72405,2.81724,2.04267
-2.68546,3.44825,6.26647
-2.68338,3.22471,5.80439
-2.65614,1.39324,2.63265
-2.6523,2.99629,2.38569
-2.62326,3.89771,5.3532
-2.61867,3.00048,2.38844
-2.60667,2.38639,3.79011
-2.60245,2.77227,0.0695663
-2.57411,3.49143,1.90735
-2.55674,1.72766,5.26474
-2.53273,1.74694,5.2737
-2.51852,3.80746,0.423563
-2.50993,2.19583,0.334668
-2.50493,3.13656,5.45874
-2.50281,3.17131,4.89543
-2.50259,2.46177,5.66432
-2.4842,2.70281,3.23109
-2.44077,2.89804,4.21336
-2.43715,0.797836,5.67581
-2.42492,2.47322,5.85153
-2.38351,3.39271,2.66121
-2.3809,2.79926,2.19473
-2.36303,2.96688,2.7879
-2.34601,3.18328,2.55379
-2.34121,3.76701,5.75278
-2.32685,2.25281,6.13492
-2.3167,3.87769,1.25557
-2.30189,0.378145,4.51525
-2.29491,3.83031,2.80116
-2.29116,2.59066,0.42008
-2.27792,3.06432,3.15116
-2.27264,2.45084,5.52971
-2.26857,3.40522,2.53971
-2.26176,1.13926,6.13447
-2.25407,2.77461,0.121132
-2.23819,2.21698,4.8296
-2.23574,3.98062,4.51218
-2.20954,2.75356,0.641591
-2.19881,1.65381,6.02791
-2.19813,0.549141,1.85367
-2.19688,3.20122,5.27301
-2.1709,3.76037,0.196256
-2.15898,2.93937,5.34204
-2.15103,3.26167,1.81145
-2.12547,3.68903,1.60939
-2.11553,3.91484,1.67655
-2.08311,3.22475,5.48746
-2.05497,2.14024,3.488
-2.04257,3.3902,0.953402
-2.04072,2.45092,3.62703
-2.02771,1.27484,5.08136
-2.01736,3.67351,2.0536
-2.01503,2.56667,1.18076
-1.99713,2.98413,4.51715
-1.96597,2.62696,6.12066
-1.93995,1.05847,2.56507
-1.92736,3.5299,4.56302
-1.92299,2.02235,0.561426
-1.9215,2.85545,3.33428
-1.88852,3.91991,2.61195
-1.88545,3.30972,2.42276
-1.87543,3.27969,0.268004
-1.86347,2.43526,5.85752
-1.85424,3.35618,0.465759
-1.84301,1.69703,2.89476
-1.80438,1.99894,0.999253
-1.79792,1.44696,4.49215
-1.78395,3.29914,0.918297
-1.76764,3.63106,2.06639
-1.76048,2.83871,5.49531
-1.74593,0.563874,4.74733
-1.73577,0.417359,2.81343
-1.72116,3.25898,2.68495
-1.70649,1.29723,5.84888
-1.69927,3.43883,4.78955
-1.67014,2.92227,1.08359
-1.62764,0.873666,0.127284
-1.6176,2.61198,4.11281
-1.59795,3.44202,2.25762
-1.56777,2.20179,5.55686
-1.56377,3.25296,3.00174
-1.51488,2.13434,1.08738
-1.50407,3.44096,3.81164
-1.45553,2.14507,4.13939
-1.44309,1.328,0.640886
-1.43579,1.28951,1.03616
-1.37295,2.63795,1.80707
-1.32878,2.30973,1.44024
-1.32518,3.3055,4.93194
-1.30946,3.1438,4.76003
-1.30344,0.777109,2.07401
-1.28513,2.2886,2.73615
-1.24796,1.65953,0.417192
-1.23967,3.15018,2.10401
-1.19787,3.56064,0.378704
-1.18753,3.73419,1.95125
-1.17445,1.92735,2.22685
-1.16261,2.69368,1.77858
-1.14264,2.22271,0.546976
-1.14027,0.254895,1.61082
-1.13937,2.58311,2.05539
-1.11893,1.34018,0.272258
-1.08146,3.4735,4.42436
-1.07996,1.43936,2.84475
-1.07974,3.80344,1.12813
-1.06176,2.40427,1.49494
-1.03796,3.64611,2.48807
-1.02212,3.82997,2.93735
-1.01737,2.59197,2.26963
-1.01374,2.70407,5.69221
-1.00342,3.70537,2.43148
-0.997278,3.08762,5.0566
-0.94083,2.78794,4.61213
-0.932088,3.08365,4.28358
-0.910459,1.67279,0.735922
-0.902191,2.51107,4.74632
-0.880781,1.17092,1.06436
-0.870864,2.75398,4.21927
-0.786862,3.75802,0.554712
-0.78561,2.1314,5.58156
-0.778218,3.59492,2.95719
-0.777246,2.03936,3.17043
-0.773415,3.10128,0.160173
-0.749169,3.17648,2.58415
-0.743765,3.40216,4.69781
-0.73373,3.27972,2.23413
-0.72433,3.31267,6.05027
-0.695722,3.95172,4.56565
-0.617694,3.57272,5.84727
-0.588655,2.48544,2.34974
-0.562868,1.98869,4.86637
-0.560283,2.46012,6.0767
-0.552024,2.36454,5.60898
-0.539353,2.80399,5.4207
-0.519802,3.63968,3.09901
-0.514949,3.30622,5.91254
-0.470708,3.86302,2.11238
-0.442113,2.61795,3.79971
-0.428873,1.76678,1.49061
-0.427564,3.73815,0.785619
-0.424999,3.96403,3.79846
-0.40261,1.32739,5.60944
-0.384828,1.28764,1.63211
-0.378707,3.84696,1.34432
-0.349163,1.28206,1.47056
-0.339252,2.11059,0.522889
-0.317227,2.4045,6.11824
-0.315454,3.07965,4.73729
-0.305492,3.20436,4.34841
-0.30454,0.982171,4.82533
-0.274007,3.88411,3.82929
-0.248722,2.03993,3.60694
-0.221706,3.33522,5.19407
-0.199499,2.96279,3.60205
-0.191198,3.45881,4.60426
-0.176169,3.7281,5.4749
-0.156983,3.03649,6.16536
-0.148013,2.84614,3.96494
-0.134073,3.16436,2.56749
-0.134067,3.15198,5.48567
-0.0964286,1.71813,3.55837
-0.0795519,2.37062,3.50432
-0.073725,2.70811,3.09425
-0.0691381,0.810195,2.30806
-0.0579876,2.66285,3.33916
-0.0329613,3.75023,2.169
-0.00963457,2.47584,1.66059
-0.00621776,0.97311,2.57257
-0.00374358,3.07112,5.03765
r_S,2
NHRVs_Open,0
NHRVs_Close,0
