Storage option,sets
Size,50
Dimension,3
Shape,cylinder
Spacetime,BlackHole
Past sets, 























12,

0,14,


27,


11,17,
16,
1,



4,15,24,
15,

0,
20,
7,16,


3,16,
21,
7,3,16,
36,

Future sets, 
40,25,
33,

47,45,
37,


47,42,



31,
23,

25,
38,37,
47,42,45,32,
31,


41,
46,


37,


28,








48,













Past links sets, 























12,

0,14,


27,


11,17,
16,
1,



4,15,24,
15,

0,
20,
7,16,


3,16,
21,
7,3,16,
36,

Future links sets, 
40,25,
33,

47,45,
37,


47,42,



31,
23,

25,
38,37,
47,42,45,32,
31,


41,
46,


37,


28,








48,













Coordinates
-3.98974,1.86428,4.85455
-3.91821,3.26691,5.567
-3.71494,3.19467,0.597982
-3.71173,3.74235,2.76387
-3.53223,3.16745,1.74343
-3.47942,0.749452,5.85858
-3.46673,1.10785,1.39744
-3.4251,3.36975,2.51379
-3.36415,0.433539,3.90781
-3.26068,1.59249,6.07935
-3.24471,0.338737,3.97807
-3.10996,2.42408,3.55774
-3.07132,3.30324,3.99272
-3.01029,1.46851,1.16195
-2.84424,1.71316,5.0037
-2.62489,3.08908,1.9039
-2.61898,2.98161,2.82943
-2.37441,2.96602,3.468
-2.31759,0.910112,0.480618
-2.31149,3.49333,5.76386
-2.30923,2.86533,4.19834
-2.22814,3.53115,4.81463
-2.2227,1.54345,5.53777
-2.19607,3.34371,3.87332
-2.15709,3.12855,1.74544
-2.02739,1.13606,4.80297
-1.95986,1.11583,5.30782
-1.90207,2.37513,5.77994
-1.63332,2.29492,5.75665
-1.59276,2.73934,6.11217
-1.5684,2.42936,5.71166
-1.53012,2.40436,3.30106
-1.50703,2.17677,2.58801
-1.48281,3.63503,5.44626
-1.44312,3.371,3.15047
-1.16901,2.47699,0.0555723
-0.945906,3.77376,0.966094
-0.592743,3.46994,1.72421
-0.591454,2.80004,1.7523
-0.434296,1.18389,2.16687
-0.397935,1.31973,4.27449
-0.354917,1.80564,3.65152
-0.340326,2.46264,2.33615
-0.332951,3.56644,1.97497
-0.223357,1.28548,1.9733
-0.150488,2.61674,2.55184
-0.140557,3.49802,4.59532
-0.110531,2.43954,2.35541
-0.0165693,3.45128,0.81145
-0.0106992,3.9899,4.18184
r_S,2
NLambdas_Sized_1,1
Lambda0,5,
Lambda1,6,
Lambda2,8,
Lambda3,9,
Lambda4,10,
Lambda5,13,
Lambda6,18,
Lambda7,22,
Lambda8,25,
Lambda9,26,
Lambda10,39,
Lambda11,40,
Lambda12,41,20
Lambda13,44,