Storage option,sets
Size,150
Dimension,2
Shape,cube
Spacetime,BlackHole
Past sets, 





2,

0,






1,

6,




4,
4,


12,
10,
0,7,
10,1,14,
10,
4,21,
2,5,

4,21,
1,18,
2,5,
3,13,


3,
2,5,
19,24,

1,18,
3,13,
19,2,5,31,
21,30,4,33,
21,4,30,
5,2,35,
13,3,36,

5,24,19,2,41,
3,0,7,

2,5,31,
5,24,19,2,41,
0,7,
31,5,2,54,
24,19,41,
10,28,34,18,14,1,43,
21,4,22,26,14,1,28,10,29,
19,22,24,33,46,30,4,21,47,

1,14,22,26,10,29,21,4,33,
43,1,14,18,34,28,10,59,
26,10,28,18,14,1,34,
10,34,18,14,1,43,
19,54,2,5,31,57,
10,28,34,18,14,1,43,

40,31,5,2,54,
38,
22,10,29,4,30,21,33,46,
33,30,4,21,29,10,26,22,14,1,63,
53,
7,0,56,
50,
28,33,30,4,21,29,10,26,22,14,1,63,
1,14,22,26,10,29,21,30,4,33,
0,
50,62,
18,1,43,50,
34,18,14,1,43,50,
53,
50,62,
35,40,31,5,2,54,
53,69,

10,34,18,14,1,43,50,
53,62,50,80,
51,41,2,45,19,24,31,5,55,
50,43,18,34,10,1,14,66,
50,43,1,14,18,34,10,88,
76,50,43,1,18,81,
59,64,43,66,1,14,18,34,28,10,68,

18,28,33,4,60,21,29,10,26,22,14,1,63,
62,81,18,1,43,50,76,93,
38,
18,43,84,80,62,1,53,76,50,89,
18,29,10,28,1,14,26,22,4,34,21,60,
10,47,21,4,30,46,33,24,19,22,61,
34,62,81,18,14,1,43,50,76,93,
47,21,4,30,46,33,24,19,22,61,
18,60,73,63,78,26,14,22,10,29,21,1,30,4,33,77,28,
30,4,21,47,5,55,2,41,24,19,58,
26,10,28,34,18,14,1,66,43,64,59,68,94,
28,66,50,14,43,82,18,92,34,59,1,88,91,10,68,
30,4,21,47,5,55,2,41,24,19,58,
18,28,33,4,60,21,29,10,26,22,14,1,63,

69,53,86,
74,62,50,80,53,83,
4,65,26,10,28,18,34,64,14,43,1,59,29,22,

24,45,19,41,67,54,2,40,57,5,31,70,
51,41,2,45,19,24,31,5,55,
87,
29,61,22,19,24,33,46,30,4,21,47,10,101,
4,22,29,21,34,1,14,18,28,10,26,65,
87,110,
41,61,22,19,24,33,46,30,4,21,47,103,
87,110,
26,29,10,47,21,1,30,46,4,33,101,72,24,19,22,61,
120,110,87,122,
53,87,69,95,
40,24,51,57,31,5,45,19,41,2,54,67,
65,100,22,18,29,10,28,1,14,26,33,4,63,34,21,60,
55,5,31,24,58,19,45,2,41,51,90,
93,81,97,89,99,74,62,50,80,53,1,112,83,76,18,43,84,
95,69,87,53,86,125,
87,86,53,95,69,111,
117,122,87,110,120,124,
60,64,119,28,4,22,29,21,34,59,1,43,14,18,68,10,113,26,65,
66,22,29,4,65,113,26,68,10,28,18,34,64,43,14,1,59,
111,69,95,125,86,87,53,131,
62,74,83,86,53,95,69,111,
84,80,89,64,93,81,102,97,68,10,62,91,107,28,66,50,14,43,53,82,76,18,92,34,1,59,88,
114,110,87,122,
114,124,120,110,87,122,117,132,
111,125,86,53,87,69,95,130,
29,65,94,64,26,106,68,10,4,91,107,28,66,50,14,43,82,18,92,34,1,59,88,
89,80,84,99,64,93,81,102,97,68,10,62,91,107,28,66,50,14,43,53,82,76,18,92,34,1,59,88,
69,95,110,87,117,
131,53,87,86,125,95,69,111,135,
96,100,77,78,73,46,104,34,63,18,28,33,4,60,21,29,10,26,109,22,14,30,1,
96,60,21,34,63,127,10,65,26,100,109,22,18,29,28,30,1,14,33,4,
100,65,26,113,10,68,18,133,29,60,21,34,64,119,28,4,14,43,22,59,1,
64,119,60,21,34,63,127,10,65,26,100,22,18,29,28,59,1,43,14,33,4,
110,111,125,86,53,87,69,95,117,130,
Future sets, 
79,27,52,56,75,7,
97,81,129,99,93,34,66,63,123,64,142,113,148,96,109,100,59,107,137,78,94,65,91,43,102,92,73,14,127,68,145,146,28,104,133,82,141,77,106,134,88,147,60,119,
45,35,126,115,57,128,70,5,31,105,40,108,55,51,90,116,48,85,67,54,
44,52,39,49,36,
141,113,134,22,118,108,21,61,47,33,96,109,127,100,73,63,121,148,30,146,78,77,103,133,104,105,46,145,72,101,123,147,119,60,
105,108,55,51,40,48,31,85,67,54,90,116,70,128,57,115,126,35,45,
16,
75,56,52,27,


101,92,91,66,72,142,145,88,29,147,73,64,123,65,94,141,134,100,113,26,107,104,133,118,59,109,60,119,148,96,63,106,77,146,28,127,68,78,137,

25,
44,49,36,
102,92,91,65,94,78,137,59,100,109,96,107,127,68,145,146,28,104,133,82,141,77,106,134,88,147,60,119,148,113,142,64,63,73,66,



109,104,96,97,81,129,59,146,91,127,68,66,92,93,34,100,145,137,107,65,94,133,82,141,106,134,88,147,119,148,113,142,64,102,43,99,
67,101,123,118,103,45,105,121,108,55,115,41,128,126,61,90,58,116,51,

100,127,109,96,33,73,47,105,119,148,61,108,63,121,30,146,78,77,103,133,104,46,145,72,101,123,147,60,118,
134,113,78,73,77,72,101,123,103,127,118,60,147,63,121,100,145,104,133,146,109,119,61,148,96,

101,123,118,103,105,121,108,55,115,41,128,126,61,90,58,116,51,

78,113,134,141,123,65,73,127,60,147,100,145,104,133,146,109,119,148,96,63,106,77,

68,96,109,145,100,127,146,59,137,107,65,94,104,133,141,77,106,134,60,147,119,148,113,142,64,
141,134,113,78,123,72,73,127,118,60,147,100,145,104,133,146,109,119,148,96,63,77,
146,78,77,104,46,145,72,101,123,118,103,121,108,61,105,47,73,
57,70,85,67,54,90,116,128,115,126,45,

78,73,77,96,109,104,46,145,72,101,127,123,118,103,121,63,146,61,148,
102,145,100,92,82,68,91,66,127,88,146,59,137,107,65,94,133,141,106,134,147,119,148,113,142,64,
85,48,
49,

98,71,

126,85,115,70,
58,105,121,108,55,115,128,126,90,116,51,

99,92,82,102,129,81,97,68,91,66,88,59,137,107,94,133,141,106,134,147,148,113,142,93,64,

126,115,128,116,90,
145,72,101,123,118,103,121,61,
101,123,105,118,103,108,121,61,


91,92,88,107,76,102,89,99,141,112,97,137,84,142,129,93,80,81,82,
126,128,116,90,

125,99,142,137,89,74,136,149,129,112,83,135,130,131,86,144,140,111,
85,67,126,115,70,57,
108,105,128,116,90,
75,
115,126,67,
128,108,105,
107,94,133,141,106,113,134,147,137,148,142,64,
104,127,147,100,145,133,146,109,148,96,
121,103,118,123,101,
136,97,84,102,89,137,129,142,99,112,80,
127,146,148,109,96,77,104,145,73,
148,142,137,147,134,113,106,141,133,94,
141,127,148,119,146,133,147,134,113,
134,106,94,107,142,141,137,91,
126,115,
134,147,137,142,106,141,133,107,94,
111,140,149,136,135,144,131,143,130,125,86,
115,

123,
145,104,
136,129,112,

99,97,137,142,129,102,93,
145,104,
145,104,

112,99,142,129,137,89,
97,137,142,129,102,93,
137,141,142,107,
136,129,112,
137,129,142,99,

130,131,144,135,136,149,140,111,
131,130,117,143,139,132,149,120,124,122,135,138,125,144,140,
107,142,141,137,92,
137,129,142,99,
128,
137,141,142,107,
137,141,142,107,
102,129,142,137,97,
141,106,
143,130,136,149,140,135,131,144,125,
146,145,
137,142,129,

142,129,
147,145,146,148,127,
123,118,
142,137,
121,
145,

141,
142,141,137,

146,145,
149,143,138,122,124,139,132,120,
140,149,136,135,144,131,
129,
134,147,133,
139,138,


149,143,139,132,

148,147,133,
132,139,124,

138,132,139,124,

139,132,
144,135,140,149,130,

148,146,


149,140,
144,135,
139,
147,

144,














Past links sets, 





2,

0,






1,

6,




4,
4,


12,
10,
7,
10,14,
10,
21,
5,

21,
1,18,
5,
3,13,


3,
5,
19,24,

1,18,
3,13,
19,31,
30,33,
30,
35,
36,

5,41,
3,7,

31,
5,41,
7,
54,
41,
28,34,43,
21,22,26,28,29,
19,22,24,46,47,

14,22,26,29,33,
59,
26,28,34,
10,14,34,43,
19,57,
28,34,43,

40,54,
38,
22,29,46,
30,63,
53,
56,
50,
28,30,63,
14,22,26,29,30,33,
0,
50,62,
43,50,
14,34,43,50,
53,
50,62,
35,40,54,
53,69,

10,14,34,43,50,
53,80,
45,51,55,
50,66,
88,
76,81,
64,66,68,

18,60,63,
62,93,
38,
43,84,76,89,
34,60,
10,61,
14,34,62,93,
61,
18,60,73,77,78,
47,55,58,
26,94,
59,68,82,91,92,
47,55,58,
18,60,63,

86,
74,80,83,
22,29,64,65,

45,41,67,70,
45,51,55,
87,
29,101,
21,22,29,65,
87,110,
41,103,
87,110,
1,26,72,101,
120,122,
53,87,69,95,
40,45,51,67,
63,65,100,
58,90,
97,99,112,
86,125,
87,95,111,
117,124,
60,68,113,119,
66,68,113,
125,131,
62,74,83,95,111,
64,84,97,89,102,107,
114,122,
114,132,
111,130,
4,65,106,29,107,
64,97,99,102,107,
69,95,110,117,
135,
46,100,104,96,109,
30,96,109,127,
100,133,
64,119,127,
110,111,117,130,
Future links sets, 
79,7,
123,43,34,14,
5,
44,52,39,36,
141,22,21,
55,51,40,35,31,
16,
56,52,27,


101,88,66,29,28,26,

25,
44,36,
88,82,78,66,102,63,28,



104,109,96,43,34,
61,45,67,41,

119,60,33,30,
119,78,72,63,113,61,60,

61,41,

123,106,78,65,63,60,

77,68,65,60,59,
119,118,113,78,72,141,63,60,
146,78,77,73,47,46,
54,45,

78,63,46,
102,100,88,82,68,66,65,59,
85,48,
49,

98,71,

126,85,70,
121,115,58,55,51,

99,88,82,81,68,66,59,

126,115,116,90,
145,72,61,
108,105,61,


91,88,84,82,81,80,76,
126,116,90,

89,125,86,83,74,
85,70,57,
108,105,116,90,
75,
67,
128,108,105,
107,64,
133,104,100,109,96,
103,101,
102,136,97,84,80,
127,109,96,77,73,
148,142,137,113,94,
141,127,119,113,
134,94,91,
126,115,
134,133,107,94,
143,125,86,
115,

123,
104,
136,112,

99,93,
104,
104,

112,89,
93,
107,
136,112,
137,99,

130,111,
131,125,122,120,117,
92,
137,99,
128,
107,
107,
102,97,
106,
143,136,131,125,
146,145,
137,142,129,

142,129,
147,145,127,
123,118,
142,137,
121,
145,

141,
142,141,137,

146,145,
149,143,122,120,
140,149,136,131,
129,
134,133,
139,138,


149,143,132,

148,133,
124,

138,124,

132,
135,130,

148,146,


149,140,
135,
139,
147,

144,














Coordinates
0.00313159,0.461536
0.00338033,0.977684
0.00587833,0.661654
0.018729,0.39596
0.0263349,0.837134
0.0277306,0.644103
0.0394782,0.143859
0.0454191,0.428224
0.0465971,0.221022
0.0498255,0.0699324
0.0508092,0.905451
0.0521217,0.255696
0.0577734,0.232699
0.0712332,0.330334
0.0721162,0.922743
0.0806275,0.0623657
0.0869493,0.0988017
0.0968918,0.158538
0.0970561,0.948191
0.0991041,0.668247
0.10775,0.00608009
0.111774,0.756498
0.121076,0.788018
0.121791,0.0445275
0.129794,0.65401
0.166899,0.131771
0.174353,0.803702
0.181557,0.311258
0.181804,0.833402
0.199231,0.76726
0.20361,0.67657
0.207353,0.526873
0.210684,0.0020817
0.212733,0.688575
0.217619,0.879334
0.227304,0.450003
0.228612,0.194847
0.232235,0.108334
0.238587,0.357305
0.243564,0.21433
0.244976,0.455696
0.2571,0.53097
0.275151,0.0921376
0.289392,0.863192
0.322688,0.117503
0.324992,0.453449
0.326393,0.582174
0.332649,0.547971
0.332879,0.345922
0.336239,0.0922035
0.360272,0.873592
0.372299,0.426597
0.377207,0.104909
0.388817,0.949651
0.391677,0.366803
0.396841,0.428554
0.422967,0.140504
0.427599,0.336418
0.434671,0.420173
0.438773,0.715753
0.439038,0.586117
0.439793,0.479928
0.451312,0.867635
0.453765,0.5575
0.460742,0.697937
0.471503,0.651725
0.479676,0.71231
0.482638,0.293999
0.488922,0.693152
0.506155,0.935589
0.507375,0.256344
0.510117,0.0935553
0.522883,0.444967
0.527453,0.485137
0.530256,0.836448
0.534281,0.0346794
0.535702,0.775326
0.536785,0.481848
0.539698,0.468943
0.540365,0.0416523
0.541894,0.796317
0.552196,0.746229
0.552655,0.701955
0.555367,0.827149
0.567263,0.769704
0.57338,0.188289
0.576502,0.8771
0.577657,0.999594
0.579166,0.666047
0.57952,0.766944
0.587053,0.260526
0.589025,0.648227
0.593734,0.65872
0.596707,0.721601
0.605781,0.605478
0.621803,0.899304
0.623638,0.440808
0.628332,0.70494
0.643891,0.00731369
0.651488,0.704482
0.65211,0.451494
0.657049,0.30395
0.66835,0.654236
0.676016,0.259875
0.676916,0.379086
0.67771,0.214097
0.68537,0.53753
0.687682,0.582705
0.696097,0.193824
0.696963,0.397662
0.700228,0.960583
0.707526,0.810741
0.712173,0.713167
0.718314,0.46195
0.719983,0.979898
0.72189,0.0734059
0.725627,0.118575
0.730437,0.917153
0.732742,0.234575
0.739565,0.412083
0.760028,0.922755
0.760299,0.181747
0.768619,0.920511
0.778785,0.204882
0.785557,0.909036
0.808625,0.781727
0.81722,0.00487479
0.820429,0.319208
0.82269,0.0338191
0.832769,0.601055
0.85736,0.755432
0.87241,0.71066
0.876856,0.820376
0.888331,0.294266
0.895772,0.307807
0.897617,0.694622
0.904843,0.628558
0.916626,0.432807
0.920462,0.861751
0.927263,0.776402
0.927861,0.69136
0.932871,0.341042
0.937636,0.424231
0.948825,0.726438
0.950475,0.651847
0.955651,0.148264
0.972306,0.171775
0.973121,0.216091
0.974132,0.192376
0.99404,0.678481