Storage option,sets
Size,500
Dimension,2
Shape,cylinder
Spacetime,BlackHole
Past sets, 














8,
0,





20,






9,
0,


2,


26,

2,
3,7,

11,
25,
11,
4,
11,40,
8,14,17,
8,14,17,



3,7,13,
7,3,38,
8,14,


3,7,38,51,
40,11,44,
19,25,
6,9,0,15,

8,14,
6,15,13,0,29,
40,11,44,
4,
19,
11,
30,33,36,


11,
13,51,38,7,3,55,
13,51,38,7,3,55,
2,37,



8,17,30,33,

7,
30,36,
40,11,42,


11,65,
34,
67,
19,
30,36,
11,22,
5,6,0,9,15,28,
11,20,21,22,
54,
11,20,21,22,


47,

65,22,11,88,

15,0,13,7,29,3,50,
15,0,13,7,29,3,50,
38,0,13,7,29,3,50,
42,44,11,40,56,
48,
51,38,7,3,55,
42,56,44,40,62,11,65,
2,32,
20,22,14,21,8,60,

36,
36,33,30,17,8,76,
94,
70,55,3,7,38,51,13,71,
33,36,30,66,79,
98,

54,48,74,
34,84,
22,21,20,11,90,
90,22,21,20,11,92,
20,21,88,11,22,65,97,
52,60,8,21,14,22,20,107,
79,82,30,87,36,109,
70,55,3,7,38,51,13,104,
93,
70,55,3,7,38,51,13,104,
99,15,100,50,3,29,7,13,0,38,101,
6,9,61,50,3,29,7,13,0,15,99,
48,103,
115,

60,8,21,14,22,20,107,
68,54,91,
37,2,72,
79,66,30,36,33,87,113,
41,25,19,57,
14,76,8,17,30,46,33,36,45,110,
0,5,6,9,28,
34,
25,19,57,
28,15,9,0,58,6,5,89,
7,3,29,0,13,15,58,6,9,61,
78,3,94,7,111,
54,74,48,103,
15,70,71,50,55,3,29,7,13,0,51,38,101,
91,74,48,54,116,
3,38,7,78,
93,82,108,
2,37,
3,38,51,7,78,
62,80,69,56,40,44,42,11,102,
55,3,7,38,51,78,104,
29,28,15,9,13,0,58,6,5,89,
22,97,65,11,88,62,83,44,56,42,40,105,

113,87,33,36,66,79,17,30,134,
83,118,92,90,119,97,65,22,11,88,21,20,120,
68,67,85,
67,85,115,129,
22,45,17,20,46,52,14,21,8,60,
55,101,38,51,7,0,29,3,50,15,70,99,13,100,71,
60,8,21,14,52,46,20,17,45,22,159,
32,44,69,42,11,40,2,80,
48,103,94,7,111,
3,29,0,13,28,15,58,6,9,61,
80,65,102,11,62,44,56,42,40,105,
54,94,103,74,48,128,
68,85,67,54,91,
116,103,48,74,54,91,143,
61,9,6,58,15,13,0,29,3,7,141,
127,6,38,9,50,61,3,7,100,13,29,0,15,99,
5,6,25,9,28,
29,28,15,9,13,0,58,6,5,89,
50,71,123,104,13,51,38,7,3,55,70,112,125,
112,101,144,15,70,50,55,3,7,100,71,13,29,0,51,38,
48,111,7,94,3,78,142,
93,130,
151,55,3,146,94,7,125,38,51,78,104,13,149,70,
38,51,0,29,174,70,112,101,144,15,50,55,3,7,100,71,13,
50,29,0,112,70,55,3,125,38,51,104,7,123,13,71,101,
15,28,9,6,5,0,137,
48,78,111,7,142,51,38,55,94,146,3,149,
68,129,115,85,67,158,
93,124,130,
154,
0,5,6,9,28,
38,142,78,3,94,7,111,48,175,
52,36,33,46,30,17,8,76,66,14,110,45,136,
8,14,120,65,83,118,92,90,119,97,22,156,11,88,21,20,
45,131,14,60,8,21,22,17,46,20,107,92,121,52,11,
48,74,91,132,54,67,85,68,167,
85,68,116,48,74,91,67,132,54,145,
154,
93,130,154,
30,33,60,8,21,52,46,17,161,45,22,14,159,20,107,
68,103,116,48,74,143,91,132,54,145,
55,51,101,126,99,15,170,127,6,38,9,50,61,3,7,71,100,13,29,0,
112,104,101,144,15,70,50,55,3,123,7,100,71,13,29,0,51,38,
29,89,5,6,58,0,9,15,28,140,

0,29,78,173,50,104,71,13,51,125,38,123,7,3,55,70,112,

48,74,157,91,132,54,67,85,68,115,167,
129,157,91,54,67,85,68,115,167,
121,60,8,21,131,52,107,20,46,17,161,45,22,14,159,
8,42,56,44,62,120,65,83,118,92,90,119,97,22,40,156,11,88,21,20,
20,45,36,33,30,46,17,8,60,21,76,14,110,52,
70,13,104,151,51,125,38,48,78,111,142,55,123,181,7,94,146,177,3,149,
21,20,136,45,52,110,14,76,66,8,60,30,17,46,33,36,
154,130,93,176,
50,111,112,70,149,151,55,177,3,146,123,94,7,125,38,51,78,104,71,13,
145,54,132,67,91,103,116,68,85,74,48,191,
50,111,112,70,149,151,55,177,3,146,123,94,7,125,38,51,78,104,71,13,

104,126,13,71,100,7,3,178,38,51,55,0,29,174,99,70,112,101,144,160,15,50,

79,87,36,109,124,130,93,30,108,82,147,
67,85,115,129,
157,129,91,158,54,67,85,68,115,167,
108,130,124,93,183,
190,167,115,68,67,54,132,91,157,74,48,85,202,
13,71,104,78,51,38,125,212,50,111,112,151,70,149,142,55,177,3,146,7,123,94,
201,
167,145,54,132,67,91,103,116,68,85,74,48,191,
45,17,46,131,14,118,60,8,21,22,20,107,92,121,52,119,90,11,
147,82,108,30,93,130,124,109,36,87,79,216,
3,78,111,168,116,48,103,74,54,91,143,166,128,163,94,7,
3,177,146,94,7,181,123,149,207,51,70,71,13,104,78,151,38,125,48,111,142,55,
211,191,223,54,67,167,91,145,116,68,85,132,103,74,48,
213,
85,68,103,116,48,74,143,91,67,132,54,145,
20,21,88,97,8,188,14,60,118,92,120,65,11,156,83,90,119,22,
87,79,136,45,52,110,14,76,66,8,30,17,46,33,36,113,
149,186,38,51,78,3,142,55,181,94,7,111,48,146,175,
183,93,176,124,130,82,147,108,154,219,
176,192,130,184,93,154,193,
168,195,48,68,230,85,143,91,67,74,103,132,54,116,145,
124,176,93,130,193,154,183,209,
213,
159,14,22,204,121,60,8,21,131,52,107,20,17,46,161,45,
157,54,158,67,85,115,129,68,91,182,
87,79,113,136,187,36,33,30,46,17,76,8,66,14,52,110,45,
157,158,67,85,115,129,68,182,
67,195,85,143,91,68,168,48,103,74,132,54,116,145,128,
68,7,94,163,128,3,78,91,143,111,226,168,145,116,48,103,74,54,166,
183,93,176,124,130,82,147,108,154,219,

3,177,146,94,7,181,123,149,207,51,70,71,13,104,78,151,38,125,48,111,142,55,


184,154,192,
159,14,22,204,121,60,8,21,131,52,107,20,17,46,161,45,
179,125,38,51,174,0,29,197,15,112,104,101,144,70,50,55,3,123,7,13,71,100,
158,129,203,220,167,202,115,68,67,54,91,157,190,132,74,48,85,
199,201,222,
201,222,
17,88,131,14,118,60,8,21,22,20,107,92,121,52,119,90,11,
6,197,50,15,160,144,101,112,70,99,214,104,174,29,0,126,71,13,100,178,123,7,3,55,38,51,
14,110,109,155,113,87,33,36,8,66,108,79,17,30,76,134,147,82,122,93,
109,82,122,110,45,155,113,87,33,36,8,66,108,79,14,46,17,30,136,134,76,
201,213,

222,201,199,254,
60,21,79,113,20,136,187,36,33,30,46,17,76,8,66,14,52,110,45,
182,68,129,115,85,54,67,158,157,242,
11,45,161,46,17,239,159,14,131,22,204,121,60,8,21,52,107,20,
219,79,108,82,30,130,124,147,176,93,183,109,36,87,
193,154,93,184,130,192,176,235,
108,209,183,154,193,130,184,93,176,124,237,
78,179,125,38,51,0,29,197,15,112,104,101,173,144,70,50,55,3,123,7,13,71,100,
109,82,122,52,110,45,155,113,87,33,36,8,66,79,14,46,17,30,136,134,76,

215,192,154,184,250,
245,219,193,154,183,209,93,124,130,82,234,176,147,108,237,
229,213,238,
115,129,254,199,201,222,262,
199,254,222,255,213,201,260,
218,85,48,74,132,190,253,67,54,158,129,191,220,145,116,203,167,115,202,68,91,157,
246,
163,166,143,91,54,128,186,38,142,168,116,74,103,78,3,94,7,111,48,175,
222,201,199,254,129,115,262,275,

219,192,268,108,235,183,154,193,130,184,209,93,176,124,237,
215,246,
167,264,91,115,85,54,67,129,158,157,68,242,182,240,
261,

60,45,110,52,14,241,33,232,87,113,21,79,20,136,187,36,30,46,17,134,76,66,8,
93,122,82,147,134,76,30,17,14,110,109,155,258,113,87,33,36,124,66,8,79,108,
215,246,

14,110,109,155,113,87,33,36,8,124,66,108,79,17,30,76,134,147,82,122,93,
229,213,238,248,
261,
132,74,48,203,167,157,67,54,85,202,115,158,129,242,68,91,182,240,218,
154,192,215,246,
111,94,191,128,145,116,243,48,67,54,166,195,236,91,230,143,85,68,168,74,132,103,
76,134,136,30,17,46,14,79,270,36,109,122,82,52,110,45,155,113,87,33,66,8,
281,
115,129,262,260,201,213,255,222,254,199,276,
182,218,85,48,74,132,190,253,67,54,158,129,191,220,145,116,203,167,115,202,68,91,157,
91,264,182,115,85,199,54,67,129,158,157,68,242,217,
76,134,136,30,17,46,14,79,108,259,155,109,122,82,110,45,113,87,33,36,8,66,
213,248,249,
208,45,110,52,14,66,8,76,263,60,21,79,113,33,20,136,187,36,30,46,17,
68,199,129,115,85,158,67,217,201,222,
30,36,109,184,237,108,273,130,245,219,193,154,183,209,93,124,147,234,176,82,
276,238,199,254,222,255,213,201,262,129,115,260,299,
142,175,166,54,132,74,103,48,116,145,68,3,94,7,163,111,244,128,78,91,143,226,168,
213,254,280,222,85,201,199,129,115,262,67,255,275,217,
68,182,199,201,129,115,85,158,67,217,
278,246,215,283,
199,217,182,68,129,115,85,67,158,157,242,
142,166,54,132,74,103,48,116,145,68,3,94,7,163,111,244,128,78,91,143,226,168,
271,

278,246,285,261,215,293,
217,255,67,275,262,115,129,199,201,222,85,254,280,
109,82,93,122,110,45,155,113,87,33,36,8,66,108,79,14,46,17,30,136,134,76,
78,67,111,163,128,7,94,85,143,91,68,168,48,103,74,132,54,116,145,195,166,
248,249,286,290,
190,132,74,48,203,167,157,67,54,85,202,115,158,129,242,68,91,182,240,218,
248,249,
293,215,261,285,246,278,316,
209,235,130,250,93,184,193,154,192,176,267,215,272,
249,281,286,290,
130,235,250,93,184,193,154,192,176,215,272,
281,298,
218,240,182,85,48,74,132,190,253,67,54,158,129,220,203,167,115,202,242,68,91,157,
223,211,157,91,68,202,115,167,203,116,145,218,85,48,220,191,67,228,54,103,277,74,132,190,253,158,129,
87,82,176,234,147,124,93,209,30,79,108,36,109,184,266,237,273,130,216,245,306,219,193,183,154,
223,211,157,91,68,202,115,167,203,116,145,218,85,48,220,191,67,228,54,103,277,74,132,190,253,158,129,
261,271,
298,281,327,
67,195,166,54,132,74,103,48,116,145,68,3,94,7,163,111,244,128,78,91,143,226,168,
33,87,36,225,109,30,266,237,79,108,273,130,216,245,219,193,154,183,122,209,93,124,147,234,176,82,
272,215,176,192,154,193,184,93,250,130,235,326,
217,218,240,182,284,167,115,264,91,85,199,54,67,158,129,157,68,242,
82,245,273,237,124,147,234,176,219,193,192,36,268,282,108,235,154,183,130,184,209,93,
130,250,93,184,193,154,192,176,215,246,272,
124,176,215,193,184,130,235,267,93,209,154,183,192,250,

111,7,94,128,145,116,243,48,67,54,166,195,236,91,230,143,85,68,168,74,132,103,
182,262,305,68,199,115,201,85,254,129,158,67,275,217,280,222,
45,93,122,82,147,134,76,30,46,17,14,110,109,155,258,113,87,33,36,124,66,8,79,108,
76,134,17,33,113,155,147,82,30,122,93,130,8,66,124,225,109,36,87,108,79,216,

229,292,249,274,248,213,238,303,
218,182,240,85,48,74,132,190,253,67,54,158,129,191,220,145,116,203,167,115,202,68,91,157,
285,271,261,293,332,
45,136,93,122,82,147,134,76,30,46,17,14,110,109,155,258,113,87,33,36,66,8,79,108,
254,262,310,115,68,182,199,305,201,85,129,158,67,217,222,
264,321,157,294,91,68,242,202,115,167,203,220,218,253,240,182,85,48,328,67,54,129,158,74,132,190,
286,290,315,249,327,298,281,333,
110,216,79,108,87,36,109,225,124,66,8,33,76,134,17,147,82,30,345,113,155,122,93,130,
82,245,237,124,234,147,176,219,193,192,268,282,108,235,154,183,130,184,267,209,93,
184,261,289,154,295,192,283,215,278,246,311,
129,202,115,167,223,220,191,211,157,128,145,116,243,48,67,228,54,195,236,91,230,143,85,68,168,190,74,132,103,
130,184,250,289,272,246,215,283,192,154,295,
213,298,248,322,290,320,281,249,286,325,
176,295,154,193,283,215,272,289,192,250,184,93,246,130,
326,235,339,93,184,193,154,336,250,192,176,215,130,246,272,
129,158,253,190,132,74,277,103,54,228,67,191,220,48,85,223,211,329,68,157,91,202,115,167,145,203,116,218,
315,
93,122,82,147,134,76,17,30,291,109,130,14,110,155,258,113,87,33,36,66,124,8,79,108,
261,271,314,
87,109,30,267,93,209,184,130,183,154,235,79,108,282,273,82,245,306,219,338,193,237,124,234,147,176,192,268,36,
262,292,201,229,255,213,238,199,248,222,274,276,254,260,


314,271,261,332,
134,17,33,113,155,183,147,82,30,122,93,130,66,124,225,109,36,87,108,79,216,
17,113,33,134,216,245,87,36,266,219,154,183,79,108,82,30,130,66,124,147,176,122,93,225,109,

341,
261,271,314,
368,
272,356,278,184,261,289,154,295,250,192,283,215,246,311,285,
223,157,91,202,115,167,203,116,145,220,191,68,300,211,182,218,85,48,67,228,54,103,277,74,132,190,253,158,129,
261,271,314,346,
310,255,309,222,280,217,275,343,182,262,67,276,305,213,68,199,260,115,317,201,85,254,158,129,

182,116,145,167,115,202,91,157,331,68,329,211,223,203,85,48,220,67,228,54,103,218,277,74,191,132,190,253,158,129,
293,285,356,278,184,261,289,154,295,250,192,283,215,246,311,316,
176,93,193,261,278,215,358,184,289,272,130,246,311,283,250,192,154,295,

275,67,299,307,115,260,254,276,262,292,201,229,255,213,238,199,248,280,367,222,129,274,
314,278,316,215,332,293,261,246,285,271,349,
341,374,
316,285,293,356,278,271,184,261,289,154,323,295,250,192,283,215,246,311,
289,283,316,278,311,246,285,323,271,261,215,293,332,
248,229,217,275,67,299,307,255,276,238,199,254,280,222,213,85,201,262,274,129,115,260,
229,238,276,307,213,255,299,67,217,275,262,260,115,158,129,199,309,280,222,317,201,85,254,
33,113,87,36,225,109,30,266,237,79,108,273,130,216,245,219,193,154,183,122,209,93,66,124,147,234,176,82,
260,303,238,213,222,248,274,249,201,292,255,229,347,
182,229,238,305,276,307,68,213,255,299,67,217,275,262,260,115,158,129,199,309,280,222,317,201,85,254,
323,278,316,215,332,293,261,246,314,285,387,271,349,370,
260,303,238,213,222,248,274,249,201,292,255,229,347,
293,316,285,311,130,246,272,356,278,184,377,261,289,154,295,250,192,283,215,
273,93,209,267,184,130,183,154,235,82,245,219,193,237,124,147,176,234,250,192,355,268,108,282,
82,268,219,272,237,324,250,192,108,282,340,184,124,147,234,176,215,193,130,235,93,267,209,154,183,

369,368,376,

274,129,222,367,280,248,199,238,213,255,275,262,386,67,299,249,307,229,260,115,254,276,292,201,
316,285,293,356,278,271,184,261,289,154,323,295,250,192,283,215,246,311,
48,74,132,203,301,242,68,157,129,158,67,337,217,218,240,182,91,284,167,115,264,85,199,54,
343,254,85,201,317,222,280,309,199,129,158,115,260,262,395,182,229,307,255,238,305,276,213,68,299,67,275,217,
369,341,374,368,376,
254,85,201,317,222,280,309,199,129,158,115,260,262,395,182,229,307,255,238,305,276,213,68,299,67,275,217,
184,271,289,323,154,293,215,261,285,246,311,278,316,283,192,295,
369,341,374,368,376,
113,33,134,193,216,245,87,36,266,219,154,183,79,108,82,30,130,66,124,234,147,176,122,209,93,225,109,
74,132,203,301,242,68,157,129,158,67,337,217,218,240,182,91,284,312,167,115,264,201,85,199,54,
286,290,327,281,333,315,298,363,
254,85,201,317,222,280,309,199,274,129,158,262,229,307,255,238,392,276,68,213,67,299,115,260,275,217,
341,346,271,261,314,379,

229,359,320,281,213,298,248,322,290,274,303,249,286,238,325,292,
222,255,201,281,260,347,229,320,292,249,248,213,238,274,303,290,322,286,
74,132,203,301,242,68,157,129,158,67,337,217,218,240,182,91,284,312,167,115,264,201,85,199,54,
295,192,283,316,293,215,184,271,410,323,154,289,261,285,246,311,278,
373,381,
381,373,422,
286,290,327,281,333,315,298,363,373,
332,390,295,192,283,316,293,215,184,271,410,323,154,289,261,285,246,311,278,
385,
332,379,314,365,261,375,271,346,341,416,
218,284,264,91,167,312,240,182,54,199,217,115,201,85,67,129,158,301,157,68,242,
385,
388,376,368,374,341,408,369,411,
373,363,298,315,327,290,286,333,281,424,
229,238,307,310,255,309,222,280,217,275,343,182,262,299,67,276,305,213,68,199,260,115,317,201,85,254,158,129,
271,314,346,341,374,
403,

281,315,363,373,381,
336,183,154,209,267,93,235,130,193,215,176,234,147,124,400,82,326,268,219,272,324,237,192,250,108,282,340,184,
341,401,368,369,376,402,403,
215,246,379,261,278,365,271,349,375,346,370,332,293,314,285,316,
298,359,286,322,290,325,238,303,274,419,222,248,255,281,229,320,201,292,260,347,249,213,
383,356,278,311,246,285,261,421,295,250,192,283,316,293,389,215,184,271,410,323,154,405,289,
248,322,320,333,281,298,315,290,325,286,327,249,353,
272,383,356,278,311,246,285,377,261,421,295,250,192,283,316,293,389,215,184,271,410,323,154,405,289,
346,411,369,408,341,374,368,376,388,430,
272,383,356,295,250,192,283,316,293,389,215,184,271,410,323,154,405,289,377,261,285,246,311,278,
315,363,385,422,373,381,423,
320,363,353,249,298,327,315,286,325,290,281,333,322,248,
411,369,408,341,374,368,402,376,388,430,
286,327,281,333,315,298,363,373,381,
292,276,254,115,260,229,307,249,299,67,386,85,201,404,248,274,129,222,367,280,199,238,213,255,217,275,262,
327,422,381,373,298,363,315,333,281,423,436,
248,320,333,281,290,325,286,327,249,353,315,298,363,
124,289,283,324,295,272,246,130,361,326,235,339,267,209,93,184,193,183,154,336,192,250,176,360,215,
314,271,388,376,368,374,341,369,346,411,

254,290,199,286,320,322,397,347,260,238,213,222,248,303,274,394,249,201,292,255,229,
303,274,129,222,367,280,248,199,238,213,255,275,262,386,67,299,249,307,229,347,260,115,254,276,292,201,
245,183,154,209,267,93,235,130,193,215,176,234,147,124,400,82,355,268,219,272,324,237,192,250,108,282,340,184,
303,213,359,353,442,325,248,322,320,333,281,286,315,290,298,327,249,
414,424,281,333,286,381,290,315,298,363,373,327,431,
249,327,298,290,459,303,213,359,320,333,281,353,442,325,315,286,248,322,
124,339,235,361,324,295,154,192,250,283,311,326,384,176,360,215,267,209,93,358,184,193,261,336,278,289,272,246,130,
388,402,376,368,374,341,408,369,411,
374,403,402,376,408,369,368,401,341,438,
349,356,421,278,311,246,314,285,261,289,154,425,295,293,215,332,390,192,283,316,184,271,410,323,
292,276,254,115,260,229,307,249,299,67,386,85,201,404,248,274,129,309,222,367,280,199,238,213,255,217,391,275,262,
424,281,333,381,290,363,431,460,286,315,373,414,298,327,
403,402,376,369,368,401,341,438,

315,363,422,373,381,423,385,426,
314,349,283,192,250,295,261,377,421,278,356,383,285,246,311,316,293,215,184,389,271,410,441,323,405,289,425,332,154,390,272,
401,403,434,435,
349,356,421,278,311,246,314,285,261,405,289,154,425,295,293,389,215,332,390,250,192,283,316,184,271,410,323,
401,368,369,376,402,403,
124,261,311,289,283,324,295,272,246,130,361,326,235,339,267,209,93,358,184,193,183,154,278,336,192,250,176,360,215,
374,411,403,402,376,408,369,368,388,401,341,438,
293,427,349,332,379,285,314,365,261,375,346,271,416,341,370,
199,286,322,290,325,238,303,274,419,222,248,255,397,281,229,320,201,292,260,347,394,249,213,
290,424,451,422,381,327,298,363,286,373,315,281,423,436,333,449,
327,298,359,418,286,322,290,325,238,303,274,419,222,248,255,281,229,320,201,292,260,347,249,213,
349,390,332,396,295,192,370,283,316,293,215,387,184,271,410,323,154,289,261,314,285,246,311,365,278,
455,
246,293,427,349,332,379,285,314,365,261,375,346,271,416,341,370,
249,353,422,436,467,363,424,281,449,333,381,290,431,460,286,315,373,327,298,414,
455,482,

154,192,346,375,311,289,283,370,349,396,323,365,278,316,215,390,332,293,261,246,285,314,271,387,
325,249,353,424,281,333,381,290,363,431,460,286,315,373,414,298,327,
401,368,376,402,403,369,434,435,
176,93,332,358,130,184,445,215,271,389,293,316,283,192,250,295,356,443,383,410,441,323,272,154,405,289,377,261,285,246,193,311,398,278,421,
427,316,285,314,293,439,215,332,246,379,261,365,278,416,271,349,375,346,341,370,

455,
398,443,445,272,390,154,383,356,278,421,377,261,295,192,250,283,349,314,285,471,246,311,316,293,215,184,389,271,410,441,323,405,289,130,425,332,
332,365,379,261,454,376,314,388,368,374,341,369,375,433,346,411,271,416,
314,349,358,398,332,184,445,215,271,389,293,316,283,192,250,295,356,443,383,410,441,323,390,272,154,405,289,377,261,285,246,311,278,421,130,425,
381,424,363,248,320,333,281,290,325,452,249,353,373,431,286,315,414,327,298,

469,
Future sets, 
58,174,29,99,101,160,15,252,185,126,100,269,178,144,180,197,164,152,179,61,89,172,169,140,214,127,198,257,170,137,196,141,200,

72,133,148,37,106,162,32,
334,226,164,175,308,313,142,100,99,269,151,210,123,181,144,173,55,50,227,221,125,212,38,104,197,178,149,207,244,126,146,196,169,51,170,257,112,127,186,279,141,200,179,71,233,174,252,214,177,101,160,70,247,
63,43,
171,137,140,185,198,172,152,180,89,
171,180,137,58,164,152,61,89,172,169,198,140,185,127,257,141,170,196,
342,175,308,334,313,226,142,319,100,99,269,151,210,123,181,144,173,55,50,227,221,125,212,38,163,104,197,178,149,207,244,126,146,78,196,169,51,170,257,112,127,186,279,141,200,179,71,233,174,252,214,177,101,160,70,247,
205,354,345,52,288,46,304,159,263,204,350,232,291,302,187,364,161,45,251,76,194,107,136,256,60,231,188,14,258,110,287,131,189,265,206,224,344,318,259,297,208,239,121,270,241,
196,170,141,28,171,164,137,127,185,172,152,180,89,58,140,198,169,

42,102,189,44,162,150,92,62,120,153,205,118,56,80,105,40,69,65,231,156,97,188,83,265,88,256,90,119,165,224,

172,152,71,125,207,112,123,99,247,70,178,196,144,173,101,160,212,221,227,50,214,127,170,257,200,141,126,100,210,269,197,252,174,179,61,177,164,169,
258,188,131,107,231,60,256,194,136,251,364,187,161,45,189,265,206,224,344,318,259,297,208,239,121,270,241,287,302,291,232,350,204,263,159,304,46,288,52,
180,144,178,269,252,197,100,126,160,99,174,58,164,152,61,89,172,169,198,140,214,127,257,141,170,196,

256,155,288,354,258,372,136,251,364,187,161,45,189,265,206,224,344,318,259,239,297,208,270,241,110,287,345,302,291,232,350,204,263,159,304,46,371,194,76,

86,64,139,135,57,
189,131,92,121,208,118,205,263,256,107,194,188,159,304,224,21,287,161,239,251,265,120,204,206,90,119,156,231,
287,161,251,239,120,265,204,206,90,119,156,231,304,159,188,224,194,107,256,263,205,118,208,121,92,131,189,
161,251,239,194,107,131,189,121,92,204,88,231,153,256,265,120,224,156,159,188,97,90,119,205,118,


139,57,135,171,41,
35,

171,164,137,140,185,198,172,152,180,89,
200,172,152,179,144,101,178,269,174,252,197,61,126,100,164,99,198,169,196,141,170,257,160,127,214,
306,87,330,335,122,225,266,366,79,206,297,288,155,263,216,393,344,259,318,364,187,208,304,350,291,232,241,270,412,354,66,302,134,194,371,76,136,372,258,345,113,110,287,

162,106,
335,206,297,288,155,263,393,344,259,318,364,187,208,304,350,291,232,241,270,412,354,66,302,134,194,371,76,136,372,258,345,113,110,287,
138,117,84,

338,206,306,87,330,335,122,225,266,366,297,288,155,263,216,393,344,259,318,364,187,208,304,350,291,232,371,241,270,412,354,66,302,134,136,372,258,109,345,113,110,287,79,
148,133,72,
279,186,170,146,126,197,104,196,51,125,212,178,149,207,200,179,71,174,233,252,214,177,257,112,101,160,247,70,221,227,55,173,144,181,123,210,151,269,

80,56,205,153,62,105,150,165,102,162,44,
135,
205,153,105,102,150,162,165,80,

162,102,165,150,105,62,153,205,56,
344,224,206,189,161,265,251,204,187,194,136,318,259,239,297,232,208,270,241,287,302,350,263,159,304,
344,224,206,189,161,265,251,204,187,194,136,318,259,239,297,232,208,270,241,287,302,350,263,159,304,
95,
406,294,253,328,321,207,247,181,186,233,145,191,277,300,202,143,348,230,334,243,211,329,382,228,236,223,103,357,163,190,308,220,279,378,319,352,175,116,227,168,226,342,331,128,362,244,296,313,195,166,

221,212,210,200,179,173,144,101,178,99,160,196,214,127,170,257,126,100,269,197,252,174,
149,179,200,178,207,212,125,71,196,104,174,233,252,214,177,257,112,160,70,247,221,227,55,173,144,181,123,269,151,210,197,
232,206,270,241,287,263,208,121,251,224,297,239,265,161,187,159,304,256,204,189,194,

334,211,329,228,223,296,313,195,253,331,321,203,191,132,220,279,308,190,277,218,143,202,145,406,348,230,166,284,168,342,226,167,428,337,240,301,91,294,116,352,243,420,236,413,319,378,300,362,244,264,382,357,328,
233,151,104,196,71,212,125,269,178,207,200,174,252,214,70,177,257,112,160,247,221,227,173,144,181,123,210,197,179,
205,153,105,150,165,102,
139,135,
164,152,169,141,172,198,140,

287,263,231,206,224,304,159,107,194,131,189,204,256,265,239,161,251,208,121,
164,169,141,170,196,127,
150,205,153,165,105,


165,105,120,153,205,231,156,97,188,83,
208,187,318,344,364,393,259,288,350,263,155,297,304,291,232,371,241,270,412,354,302,134,372,258,345,113,287,
386,334,342,450,343,312,253,380,321,457,203,220,395,218,404,277,240,211,242,300,352,243,420,407,85,466,348,378,319,362,230,357,406,382,391,264,284,157,331,337,301,428,310,413,236,329,202,328,158,217,415,392,409,351,305,432,294,167,228,223,191,182,309,296,190,317,
415,305,351,409,432,167,310,428,337,240,343,284,242,301,407,230,348,202,342,243,420,406,294,352,236,413,319,378,182,300,244,362,264,382,357,328,395,218,277,190,308,220,132,191,380,203,321,331,312,253,195,313,296,223,228,329,211,157,334,
162,150,
177,160,247,227,144,173,221,123,210,197,179,112,257,214,252,174,200,207,178,269,125,212,
227,196,247,160,144,173,221,210,197,179,112,257,214,252,174,200,178,269,212,
133,

406,294,253,328,321,166,202,143,223,228,296,331,357,244,362,382,300,277,352,116,145,378,319,413,236,220,279,190,308,348,230,420,243,334,191,226,168,342,313,195,329,211,

304,263,350,302,345,287,258,241,270,208,110,344,136,318,354,291,187,364,206,297,232,288,259,

319,269,151,177,212,200,142,149,207,210,181,226,313,334,247,244,186,227,221,308,279,233,175,146,
366,266,225,287,113,345,258,372,134,302,354,412,122,270,241,371,304,297,155,263,232,291,350,288,364,335,344,259,318,393,216,330,
165,162,150,

234,437,355,225,306,270,288,259,318,344,147,297,302,273,354,412,122,371,399,458,400,372,364,335,350,291,258,345,266,338,366,245,393,216,330,
188,156,231,205,153,
117,
319,243,348,407,466,357,230,203,321,406,382,362,420,352,300,211,242,378,277,218,395,220,343,240,380,253,312,284,157,331,337,301,428,310,413,236,329,202,328,158,217,415,392,409,351,305,432,294,167,228,223,191,182,309,296,190,317,264,391,450,342,

266,232,225,330,216,155,366,134,287,345,258,291,335,364,393,372,371,122,412,354,302,297,350,344,318,259,288,241,270,
256,120,231,205,153,156,188,97,
152,172,198,140,
119,156,205,231,188,224,256,118,
301,240,168,428,337,284,226,167,145,230,348,202,342,243,420,406,294,352,236,413,319,378,300,244,362,382,357,328,218,277,190,308,279,220,132,191,203,321,331,253,195,313,296,223,228,329,211,334,
189,156,205,231,188,224,256,119,
318,193,361,336,326,267,339,258,324,147,345,400,282,458,399,340,371,219,364,306,245,393,216,490,372,225,288,350,291,384,266,462,344,235,176,412,354,360,124,183,273,338,437,234,209,268,237,355,335,453,366,475,330,
177,166,163,279,308,221,175,233,186,244,227,111,319,296,212,142,207,181,210,342,226,313,334,247,


156,153,205,231,188,120,
114,
160,170,196,214,127,257,126,
197,252,174,160,170,196,214,257,269,178,126,
160,174,252,197,144,196,214,179,257,178,269,126,
165,150,
223,228,378,362,382,329,211,236,230,143,243,334,357,163,308,279,319,168,226,313,342,331,128,244,296,195,166,
214,151,177,173,227,221,247,207,123,210,197,257,179,252,200,269,125,212,
165,153,

194,131,189,204,256,265,239,224,251,121,
268,302,318,259,219,372,245,258,345,338,273,366,288,344,266,330,147,291,350,437,234,282,400,371,364,306,335,216,393,354,412,458,399,225,355,
366,266,225,330,216,345,258,291,306,335,364,393,372,371,122,412,354,302,297,350,344,318,259,288,270,
354,291,344,364,206,187,136,318,288,259,297,232,208,270,241,258,287,302,350,263,304,
296,212,319,142,207,210,181,342,226,313,334,247,244,186,227,233,175,221,308,279,163,
221,210,197,179,257,214,252,174,200,178,269,212,173,
304,232,291,241,270,354,412,302,134,372,371,287,345,258,297,155,263,350,288,259,393,364,344,318,

220,202,413,310,428,312,253,337,301,242,294,352,321,380,203,382,264,158,217,415,392,305,331,182,300,240,299,317,404,309,386,357,328,275,450,391,362,420,280,457,307,129,218,395,277,284,343,406,348,466,407,378,432,351,409,329,
329,300,277,382,362,331,244,357,378,228,223,296,236,279,308,230,243,334,191,226,168,313,342,195,211,145,319,348,

256,224,188,231,205,156,
256,224,188,231,205,156,
188,231,205,156,
224,239,265,251,256,204,189,
372,371,412,354,297,350,344,318,259,288,302,270,393,364,335,291,258,345,
227,221,247,207,210,197,257,179,252,200,269,212,173,
462,344,364,291,288,225,372,266,245,219,306,216,393,412,354,183,273,338,437,234,268,237,355,335,453,366,475,330,371,340,399,458,282,400,345,
179,207,247,221,227,210,177,252,200,269,212,173,
257,214,196,
196,170,
226,243,308,334,313,357,279,319,342,244,296,166,
357,307,404,457,280,386,275,450,391,309,317,218,395,277,284,343,406,466,348,407,328,432,378,351,409,329,362,420,299,240,300,182,331,305,392,415,217,158,264,382,203,380,321,352,294,242,301,337,253,312,428,310,413,
494,364,358,225,354,345,193,371,219,245,361,336,324,234,496,437,235,412,176,338,273,183,360,366,398,339,372,490,266,384,237,355,330,475,462,268,209,326,267,399,458,340,282,400,216,393,453,335,306,
224,239,265,251,256,204,189,
406,357,328,382,362,352,413,236,294,300,319,378,277,308,190,220,191,321,331,253,313,195,296,223,228,329,211,334,420,243,342,202,348,230,

372,287,345,258,155,350,371,297,364,344,318,259,288,302,412,354,270,291,

318,270,350,259,297,232,208,241,287,302,263,304,187,
180,


198,
169,
313,221,247,186,207,181,233,308,227,279,175,
230,195,319,357,236,296,244,243,334,279,308,168,342,313,226,
197,269,178,257,214,252,174,
308,230,236,313,342,243,334,195,211,191,319,348,296,223,228,378,357,244,331,362,382,277,300,329,
233,181,207,247,221,227,210,212,177,
291,266,288,344,273,338,366,245,216,372,330,258,345,458,400,371,364,306,335,393,354,412,399,225,355,350,437,234,

233,181,207,247,221,227,210,212,177,

207,247,221,227,210,212,177,


235,471,412,184,458,340,282,399,272,475,421,473,355,237,481,372,245,410,306,267,384,443,338,465,441,339,398,356,496,437,425,366,326,453,462,335,383,324,405,268,445,336,209,358,490,330,389,250,377,494,192,360,487,295,193,400,273,393,361,234,
371,297,364,350,344,318,259,288,302,354,270,291,258,345,
205,231,188,
264,301,284,240,337,312,428,218,413,253,331,202,321,220,277,378,242,329,300,352,294,420,362,382,406,203,348,357,328,
415,392,305,362,331,329,240,409,351,378,432,264,382,380,321,352,294,182,300,301,242,337,253,312,310,428,420,413,328,407,348,406,343,284,277,395,218,
194,204,251,265,239,161,
257,214,
239,265,251,204,194,

319,279,244,313,334,308,226,


342,319,279,296,244,313,334,308,226,
284,228,223,337,428,218,413,202,253,331,321,220,190,277,378,329,300,294,352,420,362,382,406,203,348,328,357,
319,342,279,357,236,296,244,313,243,334,308,226,

196,


269,200,
252,214,257,178,
308,233,279,186,
360,339,384,266,490,372,366,273,338,437,234,324,330,475,462,209,268,237,355,267,326,282,400,393,453,335,306,340,458,399,412,235,336,361,245,
212,210,227,221,247,207,
257,214,
269,252,

227,247,233,207,
382,343,432,310,407,378,409,351,380,264,301,240,321,352,294,300,242,395,337,312,428,420,413,328,348,406,284,
399,412,393,335,306,219,245,340,282,237,266,372,273,338,437,234,268,355,453,366,475,330,371,458,400,
421,481,410,465,356,306,441,339,398,384,443,473,355,475,272,462,326,267,338,282,400,340,399,458,361,336,471,235,496,437,425,366,453,250,383,324,405,268,445,358,490,360,330,389,377,494,

279,233,
304,263,287,241,
231,

321,220,277,378,329,300,352,362,382,348,328,357,331,253,
348,296,223,228,300,378,357,331,362,382,277,329,211,
487,356,465,410,481,421,295,441,339,398,384,443,473,355,475,272,462,326,267,338,282,400,340,399,458,361,336,471,235,496,437,425,366,453,250,383,324,405,445,358,490,360,389,377,494,
490,268,384,475,330,462,326,267,338,282,400,340,399,458,361,336,412,235,437,366,324,355,237,273,360,306,393,453,335,339,

319,334,243,296,342,357,236,

269,257,252,

337,312,305,406,413,275,420,367,309,407,466,395,317,404,456,254,280,457,310,428,307,276,392,391,450,432,343,299,386,415,262,380,351,409,478,301,

420,413,428,310,260,480,440,255,432,409,351,317,404,395,466,407,275,367,309,222,478,419,305,392,391,450,397,456,254,280,457,307,276,394,343,299,386,415,262,380,
321,220,277,378,329,300,294,352,362,382,348,328,357,331,253,
413,253,331,406,348,328,382,420,362,378,300,329,277,352,294,321,
251,265,239,


247,227,
304,
412,462,475,330,340,282,324,237,437,338,273,453,366,268,355,458,400,393,335,306,399,

329,382,362,331,357,378,228,
221,
309,459,461,380,299,404,359,418,391,450,395,409,276,394,307,432,457,303,480,386,229,347,260,440,292,407,466,392,274,478,419,367,456,397,415,238,
257,
387,396,439,491,316,295,289,487,465,481,425,473,421,410,389,453,445,358,462,475,390,272,490,360,356,377,494,311,336,340,458,400,361,471,443,384,326,398,339,437,496,283,323,441,324,383,405,
330,335,345,371,354,393,372,412,225,
317,310,415,466,309,301,312,428,391,420,407,413,406,432,450,392,305,380,409,351,337,395,343,
428,348,406,413,277,378,329,300,331,420,362,382,352,294,321,328,337,
282,266,372,245,273,338,234,437,355,366,330,400,458,306,335,393,412,399,
277,329,378,300,352,362,382,328,348,357,331,253,

305,478,419,275,367,309,407,466,395,317,404,397,456,254,280,457,307,394,276,392,391,450,343,299,386,415,262,380,351,409,432,255,440,480,
329,382,362,331,357,378,228,

412,372,393,354,371,345,335,
308,334,313,244,

378,357,331,362,382,329,
432,407,409,395,392,450,394,478,391,404,456,418,457,480,415,386,347,440,292,466,274,419,367,397,
296,342,357,236,

287,

437,355,306,366,330,400,335,458,393,412,399,338,273,
336,361,338,267,462,475,399,326,355,282,340,400,458,437,366,453,324,
357,342,296,
437,338,273,366,268,355,458,400,306,393,335,399,282,330,
395,409,407,432,392,450,307,394,478,391,404,456,418,457,480,415,386,347,440,292,466,274,419,367,397,
265,
321,352,294,337,428,420,348,413,328,406,284,
287,
321,312,294,284,328,406,413,428,337,301,352,420,264,
357,342,296,
313,334,308,
372,355,306,366,330,335,458,393,412,399,338,273,
483,361,295,289,360,358,453,283,441,323,383,462,491,425,481,396,278,390,377,494,465,487,387,445,421,473,410,439,475,389,311,339,398,471,356,384,443,490,316,496,405,

322,359,497,442,320,459,461,450,452,394,391,478,447,418,457,386,347,440,292,466,480,303,419,367,397,456,404,
450,466,404,325,322,359,497,442,320,488,459,452,394,461,478,456,484,397,303,419,480,353,440,447,418,457,347,
405,453,445,358,462,475,272,490,360,389,377,494,336,400,361,471,443,384,326,398,339,437,496,324,383,441,473,340,458,399,


348,328,382,362,331,352,300,378,329,277,
456,317,404,395,466,309,280,367,391,275,407,262,457,307,276,392,450,432,343,299,386,415,380,351,409,
440,480,419,397,456,432,407,450,392,276,309,367,394,307,457,466,317,404,478,391,299,386,415,395,380,409,


364,350,344,288,
302,
440,480,419,397,456,432,407,450,392,276,367,394,307,457,466,404,478,391,299,386,415,395,380,409,
475,416,379,356,370,427,332,293,365,483,425,396,383,323,441,384,443,387,445,471,477,390,495,377,389,462,285,405,491,398,349,465,494,481,487,496,375,316,490,421,473,410,439,
307,432,457,392,450,343,299,386,415,351,380,409,275,391,367,280,309,466,407,395,404,317,
304,
352,301,337,428,420,413,406,284,

412,393,372,335,330,
399,355,366,340,400,458,437,453,462,475,324,
338,366,355,458,400,437,399,282,

297,
421,410,405,441,445,443,477,332,390,481,370,487,387,416,465,494,349,471,473,496,454,396,365,483,425,495,379,439,427,433,314,491,375,490,389,
398,494,443,377,360,490,324,475,462,445,358,453,336,437,458,400,361,471,384,326,339,496,
399,393,338,335,330,366,306,
418,415,386,347,457,440,466,480,419,367,397,456,404,391,478,394,450,
386,415,380,409,391,280,309,466,407,395,404,317,343,450,392,457,432,
367,307,457,466,404,391,299,386,415,395,380,409,407,432,392,450,
378,331,362,382,329,
387,396,487,494,465,377,390,481,425,473,421,462,491,410,439,475,389,311,398,471,445,356,384,443,490,316,496,405,383,323,441,

391,309,466,407,395,404,317,343,450,392,457,432,409,380,415,386,
436,419,325,484,478,449,333,451,480,461,442,479,467,414,327,298,359,424,459,488,460,431,447,418,452,497,353,440,
437,400,399,458,355,366,338,
453,441,383,405,496,490,443,356,358,445,471,384,398,311,360,389,475,410,462,421,473,425,481,390,377,465,494,487,
406,413,420,428,337,
377,477,390,471,445,387,443,441,383,389,483,425,396,405,491,398,349,465,494,481,487,496,316,490,421,473,410,439,323,
479,424,431,460,467,414,484,325,359,320,456,442,452,449,478,497,419,447,418,480,353,440,488,459,461,


421,410,425,481,487,390,453,462,475,473,360,389,377,494,465,384,471,358,445,356,443,490,496,405,398,383,441,
479,424,431,460,467,414,484,325,359,320,456,442,452,478,497,419,447,418,480,353,440,488,459,461,
364,
418,386,347,457,440,466,480,419,367,397,456,404,478,394,450,
477,390,471,445,387,443,441,383,389,483,425,396,405,491,398,349,465,494,481,487,496,316,490,421,473,410,439,323,
352,
421,481,425,410,453,462,475,473,360,389,377,494,465,384,471,358,445,356,443,490,496,405,398,383,441,


359,459,488,460,431,418,447,452,497,440,353,424,467,327,414,479,442,461,480,451,333,449,484,
386,457,392,466,404,391,415,395,409,407,432,450,307,
378,
428,420,413,406,

461,459,394,478,456,397,419,480,440,418,457,347,

409,351,380,432,407,395,343,
366,330,
432,407,409,395,415,391,404,466,450,392,457,386,

466,407,409,395,415,392,432,380,
432,380,351,
475,421,410,425,481,487,390,462,473,389,377,494,465,384,471,445,356,443,490,496,405,398,383,441,
428,420,413,

496,473,471,494,465,387,416,487,370,365,481,477,454,396,483,495,379,439,427,433,491,375,
446,451,431,460,424,436,467,353,470,449,484,497,452,447,488,459,461,442,479,363,414,
491,398,465,494,487,496,490,481,421,473,439,323,410,405,396,425,389,383,441,443,387,445,471,390,
407,409,395,415,392,432,380,


456,447,442,452,478,497,419,418,480,440,459,461,359,
352,
456,447,442,478,419,418,480,440,459,461,359,
421,410,405,396,425,389,441,473,443,445,471,390,481,490,496,487,494,465,
475,462,453,437,458,400,
488,497,478,452,447,442,418,480,440,459,461,359,
361,475,462,437,453,336,
424,467,414,442,461,480,451,333,449,479,353,484,497,452,447,431,460,488,459,
352,
382,362,

382,
495,490,427,370,387,496,390,477,473,471,425,483,396,487,481,349,494,465,491,439,
451,449,479,353,484,497,452,447,431,460,488,459,461,442,414,467,424,


437,453,462,475,361,
420,413,406,
366,
453,462,475,361,
437,458,400,
468,438,427,416,374,491,433,464,430,408,495,477,448,444,483,454,411,463,476,388,

407,432,380,

354,
487,454,433,416,495,477,491,439,427,444,483,379,
457,440,480,419,397,456,478,394,

496,483,477,473,471,396,487,494,481,465,491,439,387,



488,484,497,452,447,459,461,442,

458,399,
377,465,494,471,445,443,490,496,405,398,383,441,389,473,

496,490,475,462,384,
461,459,440,480,418,
475,462,453,
475,462,453,

470,452,449,414,479,467,497,484,488,436,447,424,460,431,451,446,

495,487,481,477,483,439,491,427,

404,466,450,457,386,
430,444,454,474,448,468,402,489,376,463,476,411,464,438,408,495,
454,474,448,468,402,489,463,476,411,464,438,495,408,444,430,
483,477,491,439,481,487,396,


449,436,484,497,446,422,451,479,470,423,488,424,431,460,467,
433,464,408,430,495,448,444,454,411,463,476,388,
495,487,477,483,439,491,427,
454,474,448,468,402,489,463,476,411,464,438,495,408,444,430,
471,445,443,490,494,496,398,

427,439,491,483,477,495,416,

467,460,488,449,436,423,470,479,451,446,497,484,422,

443,445,471,494,490,496,441,
462,
446,429,470,426,
457,450,466,404,
481,487,396,
476,463,454,444,448,495,430,
473,443,445,471,494,490,496,441,
487,465,471,481,494,473,496,425,
466,
415,

478,456,
409,407,
487,481,
478,456,
496,494,490,

458,437,
474,472,468,489,476,464,438,
474,448,468,489,463,476,464,438,
474,468,464,438,472,476,489,434,
466,450,
473,443,445,471,494,490,496,441,


464,476,463,444,448,430,

441,496,425,490,481,494,445,471,443,465,473,421,
476,463,454,444,448,495,430,


467,497,484,488,460,

495,477,483,491,427,

480,
480,478,440,

473,465,443,471,494,490,496,441,
484,446,451,479,470,423,
470,479,451,446,
479,460,488,484,497,467,431,
496,473,494,471,465,
470,
491,483,477,


448,444,
467,497,484,488,460,

495,
489,472,
489,472,
484,479,451,

476,468,464,
491,

496,490,494,471,
461,459,
496,494,490,

496,494,490,



484,479,

479,
497,

495,
493,485,482,



461,
488,484,467,






484,

499,

494,










485,

















Past links sets, 














8,
0,





20,






9,
0,


2,


26,

2,
3,7,

11,
25,
11,
4,
40,
14,17,
14,17,



3,7,13,
38,
14,


51,
44,
19,25,
6,9,15,

14,
6,13,15,29,
44,
4,
19,
11,
30,33,36,


11,
13,55,
13,55,
37,



8,17,30,33,

7,
30,36,
40,42,


65,
34,
67,
19,
30,36,
11,22,
5,6,15,28,
11,21,22,
54,
11,21,22,


47,

65,88,

15,29,50,
15,29,50,
29,38,50,
42,56,
48,
55,
42,56,62,65,
32,
22,21,60,

36,
36,76,
94,
70,71,
66,79,
98,

54,48,74,
84,
90,
90,92,
21,97,
52,107,
79,82,87,109,
70,104,
93,
70,104,
99,100,101,
9,61,99,
103,
115,

107,
68,91,
72,
87,113,
41,57,
46,45,110,
0,5,6,28,
34,
57,
58,89,
3,7,58,61,
3,78,111,
54,74,103,
15,70,71,101,
91,116,
38,78,
93,82,108,
37,
51,78,
62,69,80,102,
78,104,
13,29,58,89,
83,97,105,

17,134,
83,118,119,120,
68,85,
85,129,
22,45,46,52,21,60,
70,71,99,100,101,
159,
32,44,69,80,
103,7,111,
3,28,58,61,
80,102,105,
54,74,94,128,
68,85,91,
116,91,143,
141,
38,100,127,
5,6,25,28,
13,29,58,89,
50,123,112,125,
100,112,144,
48,142,
93,130,
94,146,149,125,151,
174,
101,123,112,125,
15,137,
48,142,55,146,149,
68,158,
124,130,
154,
0,5,6,28,
38,175,
52,66,136,
14,156,
45,46,121,92,131,
48,74,132,167,
85,132,145,
154,
93,130,154,
30,33,107,161,
143,132,145,
71,126,170,
100,112,123,144,
29,140,

29,78,173,

48,74,132,157,115,167,
129,157,167,
121,131,161,
8,42,56,62,156,
46,52,21,60,45,110,
123,177,181,
52,21,60,66,136,
154,176,
50,111,123,112,177,
103,191,
50,111,123,112,177,

104,160,126,178,

79,87,109,124,130,147,
85,129,
157,158,167,
108,183,
190,202,
142,212,
201,
103,167,191,
45,46,119,121,118,131,
216,
3,78,163,166,168,
71,207,
211,223,
213,
85,143,132,145,
60,188,
52,87,113,136,
181,186,
147,176,154,219,
176,184,192,193,
168,195,230,
193,183,209,
213,
204,
157,91,182,
87,113,187,
157,182,
85,128,168,195,
68,145,226,
147,176,154,219,

71,207,


184,192,
204,
174,179,197,
158,203,220,
199,222,
222,
88,119,17,121,118,131,
197,6,214,
14,110,122,147,155,
108,122,136,155,
201,213,

254,
21,60,113,187,
54,242,
11,239,
79,87,109,147,176,219,
235,
108,184,237,
78,173,179,197,
52,122,136,155,

215,250,
234,237,245,
229,238,
129,262,
254,255,260,
191,218,253,
246,
163,166,168,186,
275,

219,235,268,
215,246,
167,240,264,
261,

21,60,134,232,241,
124,258,
215,246,

14,110,122,124,147,155,
229,238,248,
261,
202,218,240,203,242,
192,215,246,
111,166,236,191,243,
270,
281,
129,262,276,
182,191,218,253,
91,217,199,264,
259,
213,248,249,
208,263,
68,158,199,217,222,
30,109,184,273,
238,299,
132,175,244,
213,217,255,280,
182,199,201,217,
278,283,
199,217,242,
132,142,244,
271,

278,285,215,293,
217,255,280,
93,108,122,136,155,
85,163,166,168,78,195,
248,249,286,290,
202,218,240,190,203,242,
248,249,
316,
209,267,272,
249,281,286,290,
235,272,
298,
218,242,240,253,
228,277,
216,266,306,
228,277,
261,271,
327,
67,195,244,
33,122,225,266,273,
326,
199,217,218,284,
36,273,282,
176,193,246,272,
183,209,250,215,267,

7,111,166,236,243,
182,280,305,
45,46,124,258,
76,122,155,225,

274,292,303,
191,218,240,253,
285,293,332,
136,258,
262,305,310,
264,294,321,328,
249,286,290,315,333,
110,345,
234,245,267,282,
184,261,289,295,311,
129,220,228,236,243,
130,272,283,289,295,
213,298,320,322,325,
176,193,272,283,289,295,
336,339,
329,
315,
130,258,291,
261,314,
79,87,267,306,338,
262,274,276,292,


314,332,
122,155,183,225,
122,17,134,225,245,266,

341,
261,314,
368,
272,285,356,
228,277,300,
261,314,346,
276,309,310,317,343,

182,329,331,
250,316,356,
193,261,311,176,358,

67,280,307,367,
314,316,349,
374,
250,271,323,356,
289,311,323,332,
217,248,274,280,307,
158,229,307,309,317,
113,122,225,266,273,
255,260,347,
182,305,229,307,309,317,
323,370,387,
255,260,347,
316,130,377,
250,273,355,
234,282,324,340,

369,376,

249,386,
250,271,323,356,
48,74,203,132,301,337,
343,395,
369,374,376,
395,
184,289,295,311,271,323,
369,374,376,
122,209,134,225,234,193,245,266,
74,201,203,132,301,312,337,
286,290,333,363,
68,274,392,
341,379,

274,292,303,359,
260,255,281,320,322,347,
74,201,203,132,301,312,337,
410,
373,381,
422,
286,290,333,363,373,
390,410,
385,
332,365,375,416,
201,218,284,301,312,
385,
388,408,411,
424,
229,307,309,310,317,343,
314,346,374,
403,

281,363,373,381,
336,400,
341,401,402,403,
316,365,370,349,375,379,
359,419,
383,389,405,421,
320,322,325,353,
377,383,389,405,421,
346,430,
377,383,389,405,410,
363,385,423,
320,322,325,353,363,
402,430,
286,333,363,373,381,
217,404,
333,423,436,
320,325,353,363,
183,324,360,361,
314,388,346,411,

320,322,394,254,397,
347,386,
355,400,
303,359,442,
381,414,431,
459,
324,360,361,124,384,
388,402,408,411,
408,438,
314,349,356,421,425,
309,391,404,
460,
438,

363,423,426,
314,349,377,425,441,
401,434,435,
349,389,314,405,421,425,
401,402,403,
183,261,311,324,358,360,361,
388,408,411,438,
370,349,427,
325,199,394,397,419,
424,449,451,
327,418,419,
365,390,396,410,
455,
246,370,349,427,
353,422,436,449,467,
482,

192,346,365,375,390,396,
325,353,460,
401,402,434,435,
193,176,332,358,398,441,443,445,
427,439,

455,
398,443,445,471,
332,365,375,416,433,454,
314,349,358,398,425,441,443,445,
381,414,431,452,

469,
Future links sets, 
137,185,29,15,

37,32,
226,164,141,50,142,38,
63,43,
185,171,137,89,
257,185,171,137,89,61,58,
342,163,78,141,50,38,
205,76,14,
127,58,28,

265,90,88,69,65,42,92,40,

172,71,70,152,61,50,
291,258,60,52,46,188,45,
144,99,180,89,100,61,58,

372,256,155,76,46,45,

86,64,57,
21,
208,206,263,159,120,107,287,92,90,
159,107,92,90,88,


57,171,41,
35,

185,171,164,137,89,
200,198,172,101,99,152,100,61,
306,194,87,76,79,66,

162,106,
335,194,76,66,
138,84,

338,110,109,87,79,66,
148,72,
186,170,146,101,51,

80,44,
135,
205,105,102,80,

162,62,56,
206,189,224,159,344,136,
206,189,224,159,344,136,
95,
406,202,190,175,181,116,103,

210,212,173,101,100,99,
149,55,
270,208,232,206,187,159,121,

264,166,116,143,91,
181,104,71,70,
205,105,102,
139,135,
172,164,152,141,140,

287,231,208,206,263,159,107,
164,141,127,
205,150,105,


105,97,83,
208,187,113,
386,334,85,
415,305,244,182,167,157,132,
162,150,
160,144,123,125,112,
247,227,160,196,144,112,
133,

420,406,202,190,413,166,143,116,

345,110,

319,269,226,200,151,149,146,142,
366,266,216,122,113,
165,162,150,

147,122,
156,153,
117,
319,243,230,217,191,167,158,157,

366,266,241,232,216,134,122,
256,97,
172,152,140,
119,118,
240,168,167,301,145,132,
189,119,
318,193,147,176,124,
177,166,111,


153,120,
114,
160,127,126,
197,174,170,160,126,
179,160,144,126,
165,150,
223,211,163,143,128,
151,125,214,123,
165,153,

194,131,121,
318,268,259,219,147,
306,266,216,122,
354,291,258,206,136,
296,342,212,210,163,142,
210,197,179,174,212,173,
393,263,241,232,134,

202,129,
168,145,

256,224,156,
256,224,156,
156,
224,256,204,189,
412,393,372,371,345,318,291,335,270,259,258,
207,210,197,179,212,173,
462,344,291,288,216,183,
179,177,173,
214,196,
170,
243,166,
357,299,217,203,275,158,
364,398,216,193,183,358,176,
224,256,204,189,
420,413,406,313,202,195,308,230,191,190,

412,372,287,155,

318,270,350,259,232,208,187,
180,


198,
169,
313,221,181,175,
230,195,168,
197,174,
244,195,230,191,
181,177,
291,266,258,245,234,216,

181,177,

177,


234,209,245,193,192,184,
371,345,318,291,270,259,258,
205,188,
240,218,242,203,202,
392,305,253,218,182,
161,
214,
204,194,

319,279,226,


342,319,296,279,226,
284,223,218,202,203,190,
319,279,243,236,226,

196,


269,200,
252,178,
308,186,
384,490,360,266,245,234,339,235,209,
212,210,207,
214,
269,252,

233,207,
395,382,343,310,300,242,240,
475,371,340,237,453,219,
356,410,306,268,250,235,

279,233,
263,241,
231,

321,220,
300,348,296,277,223,211,
487,295,250,235,
384,490,412,360,237,339,235,

319,334,243,236,

269,257,252,

478,337,312,310,305,301,254,

428,420,413,310,260,222,
321,294,220,
420,413,406,321,294,253,
251,239,


247,227,
304,
412,340,324,237,

228,
221,
309,260,303,238,359,229,
257,
340,316,295,289,283,272,
330,225,
450,391,337,317,312,310,309,305,301,
348,428,337,328,321,300,294,277,
282,266,245,234,
357,253,

305,255,254,
228,

412,393,372,371,345,335,
244,

378,357,331,329,
432,395,392,292,274,
236,

287,

412,400,355,273,
326,282,267,
357,342,296,
273,268,
307,292,274,
265,
348,328,321,294,284,
287,
328,321,312,294,264,
357,342,296,
313,334,308,
412,372,355,273,
483,339,295,289,283,278,

391,322,320,303,292,
404,353,325,322,320,303,
399,383,405,340,389,272,


348,328,300,277,
456,276,262,
397,394,317,309,419,276,


364,350,344,288,
302,
397,394,419,276,
379,375,365,356,475,384,332,293,285,
367,351,299,275,
304,
352,301,284,

412,393,372,335,330,
355,366,340,324,
282,

297,
389,410,332,405,314,
377,360,358,339,326,324,
399,393,338,335,306,
418,415,391,367,347,
280,
380,367,299,
378,331,329,
316,311,

391,386,343,317,309,
436,419,325,298,
400,355,338,
360,358,311,
428,337,
377,349,316,
449,414,353,325,424,320,


390,360,410,358,356,
414,353,325,424,320,
364,
418,367,347,
349,316,
352,
360,410,358,356,


359,327,
307,
378,
428,420,413,406,

459,418,347,

351,395,343,
366,330,
432,395,392,391,386,

466,395,392,432,380,
432,380,351,
390,475,410,384,356,
428,420,413,

473,471,454,433,465,387,496,379,375,370,365,
363,353,
398,439,387,383,323,
395,392,432,380,


456,452,447,442,419,359,
352,
456,447,442,419,359,
410,405,396,390,389,
475,462,453,400,
488,478,452,447,442,359,
336,
480,333,
352,
382,362,

382,
495,490,390,370,427,349,
451,449,424,414,353,


437,361,
420,413,406,
366,
361,
400,
438,416,374,

407,432,380,

354,
487,454,433,444,379,
457,419,397,394,

496,483,477,473,471,465,439,387,



488,484,452,447,442,

458,399,
465,405,389,383,377,

496,490,475,384,
459,440,418,
475,462,453,
475,462,453,

470,452,447,446,449,436,424,414,

495,487,481,439,427,

386,
376,
411,408,402,
483,477,439,396,


449,436,424,422,
433,411,408,388,
495,487,439,427,
411,408,402,
471,445,443,398,

439,416,

497,460,449,436,422,

445,443,441,
462,
446,429,426,
457,404,
396,
476,463,454,430,
473,445,443,441,
487,481,425,
466,
415,

478,456,
409,407,
487,481,
478,456,
496,494,490,

458,437,
489,474,472,438,
489,463,474,448,438,
474,438,434,
466,450,
473,445,443,441,


464,476,463,430,

481,445,425,421,
476,463,454,430,


497,460,

495,427,

480,
480,478,440,

473,465,443,441,
484,423,
470,451,446,
479,431,
496,473,471,465,
470,
491,483,477,


448,444,
497,460,

495,
489,472,
489,472,
484,451,

476,468,464,
491,

496,490,471,
459,
496,494,490,

496,494,490,



484,479,

479,
497,

495,
493,482,



461,
488,467,






484,

499,

494,










485,

















Coordinates
-5.99746,-0.732199
-5.99088,-0.271439
-5.98901,0.603006
-5.9828,-0.832443
-5.97831,-0.392401
-5.97364,-0.611104
-5.97106,-0.681977
-5.96987,-0.836748
-5.96616,0.902834
-5.96568,-0.659383
-5.96058,-0.122932
-5.95693,0.719001
-5.94837,-0.0883824
-5.92623,-0.739239
-5.92074,0.879168
-5.91809,-0.67849
-5.91503,-0.251424
-5.89964,0.907646
-5.89764,0.226714
-5.88555,-0.451885
-5.88442,0.76719
-5.88105,0.764477
-5.87742,0.731482
-5.87306,-0.0700542
-5.87304,0.0239363
-5.86786,-0.470455
-5.86495,0.407326
-5.8636,-0.0936529
-5.86012,-0.55464
-5.85977,-0.664138
-5.84683,0.95618
-5.84478,-0.20045
-5.84166,0.514672
-5.82729,0.929786
-5.82444,-0.34279
-5.82339,0.369566
-5.81711,0.953532
-5.81611,0.432721
-5.81608,-0.724978
-5.81414,0.19033
-5.81082,0.583586
-5.81057,-0.418888
-5.79565,0.564653
-5.78337,-0.218672
-5.78192,0.567331
-5.78096,0.799476
-5.77925,0.80234
-5.77631,0.166607
-5.76907,-0.875215
-5.76248,-0.156964
-5.75753,-0.637557
-5.75118,-0.680798
-5.73921,0.744626
-5.72667,0.020768
-5.72543,-0.902255
-5.72043,-0.651991
-5.71954,0.525049
-5.71628,-0.320357
-5.71504,-0.501212
-5.71164,0.178227
-5.71133,0.688138
-5.6982,-0.531333
-5.69581,0.51677
-5.69174,-0.107551
-5.6859,-0.25331
-5.68386,0.521946
-5.68263,0.86194
-5.67824,-0.970884
-5.67268,-0.928973
-5.6688,0.431074
-5.66735,-0.610173
-5.66668,-0.59987
-5.66456,0.286636
-5.66365,0.107205
-5.66294,-0.838848
-5.66077,-0.0691339
-5.65197,0.772545
-5.64605,0.0663617
-5.64583,-0.683594
-5.64576,0.874388
-5.64493,0.429982
-5.64279,-0.0351852
-5.63882,0.919887
-5.6376,0.491253
-5.63679,-0.184385
-5.62945,-0.947736
-5.62803,-0.208389
-5.62431,0.868288
-5.62409,0.492043
-5.62326,-0.400765
-5.61705,0.513301
-5.61683,-0.85223
-5.61572,0.535465
-5.6148,0.99927
-5.6065,-0.692833
-5.60638,0.00870098
-5.60499,0.13819
-5.60123,0.471254
-5.60089,0.0560315
-5.60075,-0.485153
-5.59927,-0.496792
-5.59813,-0.515305
-5.59158,0.397369
-5.59002,-0.749854
-5.58909,-0.573782
-5.58505,0.423902
-5.58487,0.298052
-5.5838,0.576776
-5.58355,0.912857
-5.58235,0.857327
-5.58119,0.737543
-5.58002,-0.670882
-5.56951,-0.536059
-5.56846,0.799132
-5.56498,0.0207082
-5.54988,-0.936866
-5.54907,-0.751332
-5.54581,-0.0993792
-5.53285,0.451598
-5.52745,0.451308
-5.52737,0.42313
-5.5203,0.528291
-5.51749,0.807857
-5.50879,-0.519664
-5.5026,0.908235
-5.49836,-0.515262
-5.49415,-0.413487
-5.49261,-0.382107
-5.49224,-0.662277
-5.48834,-0.912661
-5.48595,0.960036
-5.4846,0.481542
-5.48393,-0.762895
-5.47637,0.124241
-5.4759,0.738955
-5.47211,-0.0886342
-5.47177,0.637998
-5.47062,-0.217522
-5.46738,-0.00440585
-5.46684,-0.0738265
-5.46088,-0.250904
-5.45758,-0.32621
-5.45542,-0.558258
-5.45471,-0.652049
-5.45441,-0.41414
-5.45367,-0.704925
-5.45009,-0.529601
-5.44509,0.841926
-5.43144,0.100349
-5.42866,-0.499197
-5.42732,0.25679
-5.42066,-0.474385
-5.41424,-0.227798
-5.4112,0.289492
-5.40687,0.992037
-5.39794,0.668622
-5.39616,0.331013
-5.39223,-0.777744
-5.39199,-0.82767
-5.39068,0.46655
-5.38918,-0.346105
-5.38571,0.463241
-5.38456,0.17061
-5.38195,-0.545132
-5.38052,-0.231743
-5.37625,0.2283
-5.3674,-0.561924
-5.35455,-0.730361
-5.3535,-0.590734
-5.34784,-0.217571
-5.34373,-0.260613
-5.33931,-0.0560438
-5.33374,-0.166414
-5.32237,-0.350097
-5.32074,-0.303492
-5.31933,-0.474671
-5.30776,0.884393
-5.30508,-0.393087
-5.29666,-0.281037
-5.28685,-0.306411
-5.2808,-0.0454442
-5.27837,-0.393067
-5.27555,-0.758093
-5.26519,0.803722
-5.26431,0.913116
-5.26135,-0.00290066
-5.25877,-0.416704
-5.25845,0.457946
-5.25076,0.216272
-5.24909,0.284661
-5.24663,-0.632008
-5.24596,-0.595842
-5.24429,0.920381
-5.24305,0.85921
-5.23726,0.347933
-5.23272,-0.522744
-5.22232,-0.162116
-5.21985,-0.231144
-5.21636,-0.0227294
-5.21342,-0.838001
-5.21336,-0.262809
-5.20936,-0.8709
-5.20448,-0.617188
-5.20178,-0.631274
-5.19764,0.275938
-5.1971,0.141775
-5.19244,0.358447
-5.18591,-0.300839
-5.18265,0.364038
-5.18102,0.787785
-5.1794,-0.271101
-5.17161,-0.52799
-5.16749,-0.26662
-5.16022,-0.928021
-5.15617,-0.160266
-5.15464,0.959127
-5.15245,0.650176
-5.14884,-0.752602
-5.14863,-0.614326
-5.14241,0.715691
-5.13942,-0.556191
-5.1375,-0.243058
-5.12885,-0.832919
-5.12807,-0.504075
-5.12035,0.147893
-5.1179,0.61935
-5.10667,-0.357475
-5.10003,-0.219808
-5.09541,-0.474563
-5.09388,-0.892178
-5.09217,-0.436682
-5.08979,0.0731986
-5.08975,0.346686
-5.08776,-0.24587
-5.0865,0.679635
-5.08486,0.767332
-5.07706,-0.425829
-5.07658,0.704263
-5.0764,-0.862546
-5.07477,0.16733
-5.07093,-0.589563
-5.05783,0.307164
-5.05302,-0.608276
-5.05219,-0.393948
-5.05168,-0.31672
-5.05089,0.640661
-5.05014,0.929699
-5.04713,-0.187432
-5.03722,-0.931134
-5.03547,-0.955707
-5.03529,0.812761
-5.03248,0.131552
-5.03079,-0.0575835
-5.02946,-0.49152
-5.02898,-0.74977
-5.02827,-0.789332
-5.02555,0.0379854
-5.02283,-0.0360308
-5.02093,0.419324
-5.01937,0.349128
-5.01382,-0.788913
-4.99919,0.966389
-4.99434,-0.717265
-4.98697,0.223103
-4.98348,-0.558727
-4.98293,0.0810083
-4.9784,0.560843
-4.97308,0.696032
-4.97001,0.641789
-4.96865,-0.00867302
-4.96563,0.270303
-4.95789,0.994737
-4.94519,0.756246
-4.92359,0.565534
-4.92334,-0.776899
-4.91429,-0.657504
-4.90924,-0.684576
-4.90713,-0.375868
-4.90353,0.867762
-4.88782,-0.130108
-4.88774,-0.641196
-4.88707,-0.95065
-4.8723,0.575487
-4.86713,0.804359
-4.86443,-0.46547
-4.86379,0.871426
-4.86359,-0.918375
-4.86004,0.126679
-4.85963,0.287076
-4.85634,0.789327
-4.8539,-0.903337
-4.85295,0.310227
-4.85102,-0.75016
-4.84999,0.872022
-4.84679,-0.404156
-4.84547,0.746448
-4.84462,-0.198534
-4.84345,0.166708
-4.83945,-0.924411
-4.83662,-0.619291
-4.82857,-0.324887
-4.82212,-0.450252
-4.81887,0.188873
-4.81541,-0.782463
-4.81329,0.0549514
-4.81143,-0.523602
-4.80691,0.464433
-4.80334,-0.600422
-4.80182,-0.0841168
-4.79976,-0.570155
-4.79922,-0.502225
-4.7992,0.76629
-4.79569,-0.456605
-4.79418,-0.0807943
-4.79251,0.93233
-4.7861,-0.93711
-4.78583,0.81397
-4.77951,-0.546844
-4.77803,0.16542
-4.77291,-0.109571
-4.76892,-0.825224
-4.76787,-0.324998
-4.76421,-0.778672
-4.76077,0.794439
-4.75807,0.573949
-4.75411,-0.832849
-4.75265,0.603411
-4.75095,-0.882267
-4.74434,-0.301008
-4.74209,-0.212934
-4.74127,0.403753
-4.72326,-0.201368
-4.72074,0.840219
-4.72016,-0.868938
-4.71069,-0.0256177
-4.70833,0.356927
-4.70655,0.567273
-4.70552,-0.331933
-4.70392,0.415455
-4.70181,0.585992
-4.70124,0.505761
-4.68537,0.995515
-4.67919,-0.0289038
-4.67547,-0.429343
-4.66935,0.0937083
-4.66719,0.176669
-4.65723,0.89543
-4.65362,-0.621376
-4.65174,-0.191419
-4.6456,0.77541
-4.64409,0.0472444
-4.63833,-0.364798
-4.63517,-0.216217
-4.6273,-0.792301
-4.62654,0.13694
-4.62383,0.387062
-4.62379,0.624321
-4.61295,-0.0406982
-4.6108,0.570537
-4.60849,-0.694526
-4.60208,0.539734
-4.59321,0.493956
-4.59007,-0.0663039
-4.5884,-0.861394
-4.58777,0.0664525
-4.58641,0.787561
-4.58575,0.309813
-4.5825,-0.487336
-4.58193,0.99433
-4.58015,0.985783
-4.57821,0.763513
-4.57024,0.119968
-4.56804,0.158094
-4.55906,-0.873617
-4.55222,0.93658
-4.53383,0.76564
-4.53377,0.97657
-4.53265,0.546756
-4.53251,-0.0441223
-4.52643,0.771756
-4.52535,-0.306299
-4.52338,-0.876817
-4.51976,-0.00407805
-4.51418,0.545997
-4.51052,0.494404
-4.50663,-0.946262
-4.49988,-0.407404
-4.49685,0.678109
-4.49472,0.892709
-4.49327,0.535586
-4.49034,0.613419
-4.4892,-0.383834
-4.47212,-0.32417
-4.47166,0.118697
-4.46996,-0.463639
-4.46851,-0.292677
-4.45909,0.652385
-4.45163,-0.454328
-4.44908,0.479314
-4.44501,0.247949
-4.44247,0.283048
-4.43697,0.994586
-4.43485,0.93417
-4.43162,0.999168
-4.42663,-0.355697
-4.42295,0.494354
-4.42261,-0.0767611
-4.42092,-0.24514
-4.41849,0.872169
-4.4181,-0.249141
-4.41239,0.513202
-4.41127,0.861393
-4.40789,0.0282737
-4.39672,-0.0608077
-4.38472,-0.687251
-4.37717,-0.237873
-4.37376,0.692659
-4.36955,-0.960407
-4.36875,-0.472859
-4.36823,-0.436833
-4.36561,-0.0279075
-4.36311,0.479415
-4.35997,-0.779376
-4.34462,-0.770084
-4.34145,-0.673187
-4.34013,0.465372
-4.34011,-0.807139
-4.32981,0.648878
-4.3257,-0.0270491
-4.32538,-0.852395
-4.3233,0.778476
-4.31985,-0.658418
-4.31794,-0.141569
-4.28685,0.675194
-4.28595,0.945968
-4.28153,0.950664
-4.28119,-0.698085
-4.27145,0.143245
-4.26835,0.837229
-4.26706,0.558405
-4.26579,-0.355568
-4.2572,0.375343
-4.25082,-0.515687
-4.24572,0.362906
-4.24331,0.716247
-4.24217,0.348055
-4.23991,-0.680332
-4.22908,-0.502941
-4.21852,0.727005
-4.2123,-0.628159
-4.20604,-0.172614
-4.19986,-0.630501
-4.19853,-0.495116
-4.19842,0.155222
-4.19568,0.646892
-4.19528,-0.983133
-4.19337,-0.250482
-4.18361,-0.170253
-4.18309,0.0282679
-4.18007,-0.447554
-4.17888,-0.580206
-4.17515,-0.443225
-4.17066,0.164907
-4.16984,0.719038
-4.16935,0.759278
-4.16714,0.341607
-4.16445,-0.115163
-4.16254,-0.57043
-4.16184,0.79006
-4.16073,0.939828
-4.15938,-0.651506
-4.15576,0.299458
-4.15572,0.887486
-4.15246,0.314385
-4.15233,0.799263
-4.1436,0.122053
-4.14237,0.712347
-4.13773,0.516402
-4.11808,-0.201399
-4.1112,-0.548756
-4.10513,-0.240653
-4.10321,0.309578
-4.09317,-0.930227
-4.08852,0.465296
-4.08721,-0.508201
-4.08386,-0.921928
-4.08156,0.967775
-4.07853,0.317438
-4.07011,-0.477018
-4.06941,0.784035
-4.06757,0.189624
-4.06201,0.434831
-4.06001,0.91976
-4.05295,-0.848389
-4.05123,0.196136
-4.04877,0.501966
-4.04092,0.183326
-4.02341,-0.379171
-4.00355,-0.960996
-4.00275,0.858082
r_S,2
Lambda0,1,
Lambda1,10,
Lambda2,12,
Lambda3,16,
Lambda4,18,
Lambda5,23,
Lambda6,24,
Lambda7,27,
Lambda8,31,
Lambda9,35,
Lambda10,39,
Lambda11,43,
Lambda12,49,
Lambda13,53,
Lambda14,59,
Lambda15,63,
Lambda16,64,
Lambda17,73,
Lambda18,75,
Lambda19,77,
Lambda20,81,
Lambda21,86,
Lambda22,95,
Lambda23,96,
Lambda24,106,
Lambda25,114,
Lambda26,117,
Lambda27,133,
Lambda28,135,
Lambda29,138,
Lambda30,139,
Lambda31,148,
Lambda32,150,
Lambda33,152,
Lambda34,153,
Lambda35,162,
Lambda36,164,
Lambda37,165,
Lambda38,169,
Lambda39,171,
Lambda40,172,
Lambda41,180,
Lambda42,185,
Lambda43,189,
Lambda44,194,
Lambda45,196,
Lambda46,198,
Lambda47,200,
Lambda48,205,
Lambda49,206,
Lambda50,210,
Lambda51,221,
Lambda52,224,
Lambda53,227,
Lambda54,231,
Lambda55,233,
Lambda56,247,
Lambda57,251,
Lambda58,252,
Lambda59,256,
Lambda60,257,
Lambda61,265,
Lambda62,269,
Lambda63,279,
Lambda64,287,
Lambda65,288,
Lambda66,296,
Lambda67,297,
Lambda68,302,
Lambda69,304,
Lambda70,308,
Lambda71,313,
Lambda72,318,
Lambda73,319,
Lambda74,330,
Lambda75,334,
Lambda76,335,
Lambda77,342,
Lambda78,344,
Lambda79,348,
Lambda80,350,
Lambda81,351,
Lambda82,352,
Lambda83,354,
Lambda84,357,
Lambda85,362,
Lambda86,364,
Lambda87,366,
Lambda88,371,
Lambda89,372,
Lambda90,378,
Lambda91,380,
Lambda92,382,
Lambda93,393,
Lambda94,399,
Lambda95,406,
Lambda96,407,
Lambda97,409,
Lambda98,412,
Lambda99,413,
Lambda100,415,
Lambda101,417,
Lambda102,420,
Lambda103,428,
Lambda104,429,
Lambda105,432,
Lambda106,437,
Lambda107,440,
Lambda108,444,
Lambda109,446,
Lambda110,447,
Lambda111,448,
Lambda112,450,
Lambda113,453,
Lambda114,456,
Lambda115,457,
Lambda116,458,
Lambda117,461,
Lambda118,462,
Lambda119,463,
Lambda120,464,
Lambda121,465,
Lambda122,466,
Lambda123,468,
Lambda124,470,
Lambda125,472,
Lambda126,473,
Lambda127,474,
Lambda128,475,
Lambda129,476,
Lambda130,477,
Lambda131,478,
Lambda132,479,
Lambda133,480,
Lambda134,481,
Lambda135,483,
Lambda136,484,
Lambda137,485,
Lambda138,486,
Lambda139,487,
Lambda140,488,
Lambda141,489,
Lambda142,490,
Lambda143,491,
Lambda144,492,
Lambda145,493,
Lambda146,494,
Lambda147,495,
Lambda148,496,
Lambda149,497,
Lambda150,498,Lambda151,499,
