Storage option,sets
Size,25
Dimension,2
Shape,cube
Spacetime,BlackHole
Past sets, 


1,
0,


4,
4,


0,1,2,
0,1,2,
0,1,2,
5,
3,2,1,0,10,
6,4,7,
2,1,0,10,
4,
10,0,2,3,1,14,
1,0,3,
0,3,
1,2,0,3,
3,0,2,1,21,
3,0,20,
1,2,0,3,
Future sets, 
12,14,18,19,20,10,23,21,22,11,24,16,3,
19,10,16,18,14,11,24,12,21,22,2,
22,21,12,24,11,14,18,16,10,
24,22,21,23,20,19,18,14,
17,7,15,6,
13,
15,
15,


16,18,14,



18,





23,
22,



Past links sets, 


1,
0,


4,
4,


0,2,
0,2,
0,2,
5,
3,10,
6,7,
10,
4,
14,
1,3,
3,
2,3,
21,
20,
2,3,
Future links sets, 
12,11,10,3,
19,2,
21,12,24,11,10,
24,21,20,19,14,
17,7,6,
13,
15,
15,


16,14,



18,





23,
22,



Coordinates
-2.40686,2.4713
-2.25903,2.09813
-2.01332,1.88921
-1.99456,2.35541
-1.83481,0.907543
-1.77848,1.34957
-1.76038,0.841556
-1.72288,0.80247
-1.66878,0.135168
-1.1676,0.0845867
-1.13095,1.43266
-1.07831,1.32341
-1.07137,1.30121
-1.06415,0.861656
-0.999334,1.39962
-0.99753,0.281293
-0.98203,1.32813
-0.78981,0.352432
-0.541555,1.28102
-0.429625,1.94496
-0.412256,2.37114
-0.315474,1.65509
-0.223515,1.63526
-0.21704,2.32002
-0.0530349,1.21774
r_S,2
Lambda0,8,
Lambda1,9,
Lambda2,11,
Lambda3,12,
Lambda4,13,
Lambda5,15,
Lambda6,16,
Lambda7,17,
Lambda8,18,
Lambda9,19,
Lambda10,22,
Lambda11,24,