Storage option,sets
Size,75
Dimension,2
Shape,cube
Spacetime,BlackHole
Past sets, 





0,



0,5,
0,
6,
0,5,



2,7,8,
14,
3,7,
14,
1,4,13,
1,2,4,
7,3,8,

3,9,10,6,12,5,0,11,
2,16,22,7,3,8,
3,9,10,6,12,5,0,11,
6,7,3,18,
1,3,16,2,7,8,
14,17,20,1,4,2,13,
5,9,6,3,18,7,0,11,
14,17,20,1,4,2,13,
17,14,19,20,1,4,13,
4,8,7,2,16,3,1,28,
14,15,23,
1,4,16,2,7,8,
14,15,23,
4,22,28,1,3,16,25,2,7,8,
11,22,16,2,27,6,7,3,1,18,8,25,
22,28,3,35,2,1,4,16,7,8,33,
18,22,28,2,1,3,16,25,7,4,33,37,8,
4,6,18,22,28,1,3,16,25,2,7,8,
15,23,
19,36,14,15,34,23,
19,21,8,31,20,14,17,1,4,2,13,29,
6,35,18,1,22,28,39,2,40,3,37,16,33,25,8,7,4,
3,13,35,2,1,4,16,7,8,21,
15,29,2,32,17,14,19,20,31,1,4,13,
4,1,20,19,17,23,34,15,14,13,36,32,
15,21,29,2,32,17,14,19,20,31,1,4,13,
28,46,7,3,16,13,35,2,1,33,4,8,21,
7,16,8,31,20,14,17,1,4,2,13,21,
42,23,34,15,14,36,19,43,
22,16,33,28,46,7,3,50,13,35,1,4,21,8,2,39,
3,13,20,35,2,1,4,16,7,8,21,
52,19,42,23,34,15,14,36,43,17,
13,1,20,31,14,17,19,2,29,4,21,32,15,49,
13,1,20,31,14,17,19,2,29,4,21,32,15,49,
17,4,1,19,13,36,14,15,34,23,43,20,
11,21,27,41,7,6,25,35,16,18,37,1,39,22,3,28,2,40,33,8,45,4,
22,39,46,28,54,2,3,16,13,20,7,35,1,33,4,8,50,21,
8,13,1,57,20,31,14,17,2,29,4,21,32,15,49,19,56,
23,
23,62,
29,2,31,48,14,4,1,20,19,36,17,34,23,15,32,13,43,
2,32,48,42,58,17,34,4,55,1,19,36,13,14,52,15,23,43,20,
2,29,32,58,17,34,4,1,19,36,13,14,48,15,23,43,20,
13,50,46,59,1,11,40,21,27,41,7,6,35,25,16,45,18,37,8,39,22,3,28,2,33,4,53,
15,63,23,62,42,
5,9,38,13,46,0,59,1,11,40,21,50,27,41,7,6,35,25,16,45,18,37,8,39,22,3,28,2,33,4,
8,47,36,34,23,48,13,1,57,20,31,14,17,2,29,4,21,32,15,49,19,56,
13,9,5,30,0,59,1,11,40,21,27,41,7,6,35,25,16,45,18,37,8,39,22,3,28,2,33,4,38,
42,58,17,34,4,55,1,19,36,13,14,52,15,23,43,20,
44,70,8,47,36,34,23,48,19,13,1,57,20,49,31,14,17,29,4,21,32,2,61,15,56,
1,4,55,42,13,19,52,23,36,34,15,14,43,17,
Future sets, 
5,71,12,30,69,24,9,26,10,
74,38,73,21,44,60,47,70,57,56,61,32,64,29,58,51,48,65,31,54,49,72,66,20,67,71,59,53,46,69,50,28,41,33,37,39,45,40,35,
65,31,47,66,64,29,73,49,44,57,56,61,70,16,39,51,28,46,69,54,35,53,60,37,50,33,41,40,38,71,25,67,21,45,59,
54,46,50,33,22,59,30,38,67,69,40,27,71,45,41,18,53,24,39,60,37,25,26,28,
74,41,37,35,40,45,39,33,50,69,46,53,59,71,67,20,66,72,49,54,31,65,48,51,58,29,64,32,61,56,57,70,47,60,44,21,73,
12,30,69,24,9,26,71,
45,41,11,67,69,24,59,26,38,71,27,30,
27,30,16,39,51,28,46,22,69,54,35,53,60,37,50,33,41,18,40,38,71,25,67,45,59,
70,61,73,44,16,39,51,28,46,54,35,53,60,37,50,33,41,40,38,71,25,67,45,69,22,59,
69,24,26,71,30,
26,24,
67,69,24,59,26,38,71,30,
26,24,
74,71,50,69,53,67,20,66,72,49,54,31,65,48,51,58,29,64,32,61,56,57,70,47,60,44,73,46,
36,34,43,52,72,49,74,51,55,32,65,48,58,29,17,64,61,56,57,70,47,31,19,66,44,73,
61,56,57,49,47,68,42,34,70,36,73,65,48,64,43,66,55,72,52,74,58,
51,46,54,35,53,60,39,50,33,41,40,38,71,25,67,45,59,37,69,28,
72,74,55,65,48,51,58,29,64,32,61,56,57,70,31,49,66,44,73,47,
41,45,40,30,27,69,67,38,59,71,
55,74,58,52,72,43,32,61,48,56,57,70,44,73,47,64,65,66,49,
72,54,65,48,51,58,29,64,32,61,56,57,70,60,31,49,66,44,73,47,
71,59,54,51,70,61,56,57,53,44,67,60,49,46,69,73,50,
53,39,69,60,37,59,45,67,25,71,38,40,41,
63,62,68,42,34,70,36,73,65,48,64,43,66,55,72,52,74,58,

37,59,45,67,71,38,69,40,41,

67,38,71,69,59,
41,33,59,50,37,39,60,71,45,67,53,40,69,
64,61,56,57,49,70,66,44,73,47,
71,
64,61,56,57,49,70,44,51,73,47,
61,56,57,48,73,70,47,64,65,66,49,
50,39,60,71,45,67,59,53,69,40,
70,73,65,64,43,66,55,52,74,58,72,48,
54,50,39,60,71,45,67,59,53,69,46,
70,73,65,64,43,66,55,52,74,58,72,48,
45,59,67,71,69,40,
71,69,
60,45,59,67,53,71,69,
69,71,67,59,45,
67,71,69,59,
68,55,74,65,72,52,
64,66,52,65,58,74,72,55,
73,
67,71,69,59,
53,67,60,69,50,
73,70,
73,64,65,70,66,
57,56,61,70,73,
69,60,67,53,

72,74,65,55,
67,
60,
74,72,65,
70,73,61,
70,73,61,
72,66,65,
71,69,67,

73,
68,63,
68,






73,




Past links sets, 





0,



5,
0,
6,
5,



2,7,8,
14,
3,7,
14,
1,4,13,
1,2,4,
7,3,8,

3,12,11,10,9,
16,22,
3,12,11,10,9,
6,18,
3,1,16,
2,17,20,
9,11,18,
2,17,20,
17,19,20,
4,28,
14,15,23,
4,1,16,
14,15,23,
4,25,28,
1,11,25,27,
22,33,35,
18,33,37,
4,18,25,28,6,
15,23,
19,34,36,
31,21,29,8,19,
6,39,40,
3,13,21,35,
15,29,31,32,
32,34,36,
15,31,32,21,29,
33,46,
16,21,31,
42,43,
39,50,
3,21,20,35,
17,52,
49,
49,
17,20,43,
11,45,41,21,27,
50,39,54,
8,56,57,
23,
62,
29,31,43,48,
2,55,48,58,
29,48,58,
53,59,
42,63,
38,50,9,59,
8,57,47,56,48,
30,13,38,59,
55,58,
44,61,70,
1,4,13,55,
Future links sets, 
10,5,
74,38,20,35,21,28,
16,65,21,31,29,
54,28,18,22,46,24,26,
74,41,37,20,35,21,33,
12,9,
45,27,41,11,
22,18,16,
70,16,61,22,44,
30,26,69,24,
26,24,
24,59,26,30,38,
26,24,
74,71,46,20,
36,34,19,17,
49,34,42,36,47,
51,28,35,25,
58,29,31,32,55,
41,40,30,27,
44,43,32,
58,29,31,54,32,
59,54,44,49,46,51,
39,25,
62,42,36,34,

41,38,37,

59,38,
41,37,33,
66,44,49,64,47,
71,
64,44,49,47,51,
49,48,47,
50,40,39,
48,43,
46,54,39,
48,43,
40,
71,69,
53,60,45,
45,
59,
68,52,
64,58,52,
73,
59,
50,
70,
66,70,65,64,
57,56,
69,60,53,

55,
67,
60,
74,72,65,
70,61,
70,61,
72,66,65,
71,69,67,

73,
63,
68,






73,




Coordinates,
0.00476886,0.416937,
0.0156563,1.58095,
0.0395049,1.46962,
0.0619443,0.790877,
0.133312,1.5889,
0.148201,0.407713,
0.194011,0.600109,
0.250275,0.933126,
0.257905,1.14392,
0.270313,0.38063,
0.289708,0.171297,
0.35592,0.448977,
0.41653,0.203724,
0.447416,1.63755,
0.573905,1.77956,
0.633685,1.94448,
0.6597,0.920225,
0.67209,1.68215,
0.672716,0.612345,
0.678838,1.72687,
0.685052,1.53459,
0.692867,1.31388,
0.799578,0.707041,
0.829639,1.97926,
0.884794,0.00781804,
0.899104,0.680884,
0.905911,0.146804,
0.908548,0.490325,
0.923594,0.726342,
0.98402,1.40477,
0.987748,0.313272,
0.999205,1.35731,
1.03072,1.52193,
1.0573,0.719408,
1.08491,1.73386,
1.09335,0.79189,
1.14126,1.75071,
1.15235,0.621437,
1.16749,0.439835,
1.18865,0.699734,
1.21105,0.600148,
1.25012,0.504548,
1.30296,1.84629,
1.32312,1.7053,
1.34286,1.07488,
1.38471,0.590173,
1.4048,0.734422,
1.4349,1.34952,
1.45199,1.47008,
1.4525,1.19546,
1.45913,0.70787,
1.47859,0.904364,
1.50317,1.6831,
1.50995,0.681637,
1.53145,0.736947,
1.53648,1.66279,
1.55493,1.14492,
1.55874,1.17068,
1.57699,1.52878,
1.58359,0.448757,
1.59606,0.690563,
1.65373,1.09101,
1.67084,1.96361,
1.67625,1.95839,
1.74413,1.35611,
1.76331,1.4482,
1.77091,1.3577,
1.77555,0.442415,
1.81463,1.82797,
1.83068,0.360245,
1.84854,1.09934,
1.85719,0.28078,
1.90888,1.52524,
1.9503,1.02785,
1.95254,1.54408,
