Storage option,sets
Size,100
Dimension,2
Shape,cube
Spacetime,BlackHole
Past sets, 





0,

4,
1,0,5,
0,


5,0,1,8,
0,5,
2,

2,3,
4,
4,7,
1,6,10,
0,
4,7,17,
1,6,10,
10,6,1,19,
4,7,17,
1,10,5,0,6,
6,4,17,
5,0,9,
10,6,1,19,
4,6,
9,10,8,13,0,5,1,12,

29,4,6,17,
2,11,4,18,7,17,
9,8,13,0,5,1,12,
7,32,4,29,6,17,26,
8,1,12,13,27,5,0,9,
15,31,
11,21,24,4,18,7,6,17,
6,12,1,5,0,13,10,9,8,30,
31,15,37,
22,26,19,1,10,32,4,29,23,6,17,28,
15,31,
8,1,12,36,13,27,5,0,9,20,
30,8,9,10,5,1,12,6,13,0,39,
33,11,2,4,18,7,17,16,3,14,
19,6,30,8,9,10,13,23,0,5,1,12,25,
0,15,31,
8,12,22,28,17,0,6,23,29,4,32,10,1,19,25,5,
6,10,34,1,12,9,8,30,13,0,5,
27,10,34,1,12,9,8,30,13,0,5,
15,8,1,12,36,13,27,5,0,9,20,
28,12,19,6,23,30,13,8,25,46,9,10,0,5,39,1,
20,10,30,8,1,12,34,36,13,27,5,0,9,
37,31,15,40,
15,10,43,8,30,1,27,12,36,13,0,34,5,9,20,
9,13,35,26,7,48,29,10,8,12,22,28,17,41,0,19,6,25,23,4,32,1,5,
27,44,25,23,19,46,49,39,10,6,8,12,9,1,30,13,0,34,5,
17,22,28,4,29,12,19,6,23,30,13,8,25,46,9,10,0,5,39,1,
31,15,37,
20,9,5,27,12,8,31,15,0,1,47,13,36,
20,9,5,27,12,8,31,15,0,1,47,13,36,
14,22,2,10,33,3,26,32,38,11,21,1,24,35,4,18,7,29,6,17,
32,44,58,12,17,22,28,4,29,6,5,52,19,23,46,0,30,13,8,25,9,10,39,1,
21,5,1,32,4,23,25,17,28,22,41,12,8,10,0,29,19,48,7,26,6,35,13,9,56,
43,51,12,15,8,1,27,36,13,0,34,5,9,20,
22,28,34,27,44,25,23,46,0,19,49,39,57,10,6,8,12,9,1,30,13,52,5,
61,27,20,9,60,42,5,12,8,31,15,0,1,47,13,36,
43,61,27,20,9,5,12,8,31,15,0,51,1,47,13,36,
22,50,28,36,20,34,27,44,25,23,46,0,19,49,39,57,10,8,12,9,1,30,6,53,13,52,5,
2,8,12,0,5,25,35,7,18,24,21,11,22,26,19,10,32,41,4,1,38,29,23,6,17,28,
25,39,44,51,53,55,15,10,27,6,43,9,8,30,50,13,1,49,12,36,0,34,5,20,
26,29,35,6,24,21,7,11,2,33,4,17,18,45,16,32,3,14,38,
24,30,6,35,21,64,5,1,32,4,23,25,17,46,28,22,41,12,8,10,0,29,19,48,7,26,13,9,56,
41,48,7,26,35,5,32,44,58,29,0,12,17,46,22,28,63,4,6,52,23,19,30,1,13,8,25,9,10,39,56,
41,48,7,26,35,5,32,44,58,29,0,12,17,46,22,28,63,4,6,52,23,19,30,1,13,8,25,9,10,39,56,
7,34,26,41,5,32,44,58,29,0,12,17,46,22,28,63,4,6,52,23,19,48,30,1,13,8,25,9,10,39,
40,54,37,31,15,42,
14,33,12,41,2,8,0,29,5,25,35,6,7,18,24,21,70,11,22,26,19,48,10,32,4,1,38,23,17,28,
28,17,23,38,1,32,10,19,26,22,48,11,21,24,18,7,6,35,25,5,29,0,8,2,12,70,33,14,4,41,78,
1,15,31,54,20,47,13,40,37,0,8,27,42,5,9,
40,54,31,59,15,37,
20,36,26,41,48,50,29,17,58,32,66,8,22,28,57,34,5,4,63,27,44,25,23,52,46,0,19,49,39,10,6,12,9,1,30,13,
11,18,39,58,24,30,73,6,35,4,21,64,5,1,32,23,25,56,17,48,46,28,22,41,10,12,8,0,29,19,7,26,13,9,
18,64,21,24,73,75,1,41,4,48,7,44,26,63,35,5,32,58,29,0,74,12,17,46,9,22,28,6,52,23,19,56,30,13,8,25,10,39,
18,11,38,39,58,24,30,73,6,35,4,21,64,5,1,32,23,25,56,17,48,46,28,22,41,10,12,8,0,29,19,7,26,13,9,
17,4,29,43,15,55,66,22,50,28,57,36,20,49,34,5,27,44,25,23,52,46,0,19,39,69,10,8,12,9,1,30,6,53,13,
40,37,15,59,77,54,31,42,
4,43,15,55,66,22,50,28,57,36,20,49,34,5,27,44,25,23,52,46,0,19,39,69,10,8,12,9,1,30,6,53,13,
13,9,5,28,17,23,38,1,32,10,19,56,26,22,48,11,21,24,18,7,6,35,25,29,79,0,8,2,12,70,33,14,4,41,78,
4,43,15,55,66,22,50,28,57,36,20,49,34,5,27,44,25,23,52,46,0,19,39,69,10,8,12,9,1,30,6,53,13,
51,43,15,55,66,22,50,28,57,36,20,49,34,5,27,44,25,23,52,46,0,19,39,69,10,8,12,9,1,30,6,53,13,
9,20,0,47,40,37,15,59,77,54,31,42,
42,31,54,40,37,15,59,81,
13,16,45,3,5,28,17,23,38,1,32,10,19,26,22,48,11,21,24,18,7,6,35,25,62,29,79,0,8,2,12,70,33,14,4,41,78,
11,27,49,34,18,64,23,21,24,73,32,75,84,1,41,0,4,48,7,44,26,63,22,35,76,5,46,58,17,29,74,12,9,28,6,52,19,56,30,13,8,25,10,39,
38,34,76,11,18,64,23,21,24,73,32,75,84,1,41,83,0,4,48,7,44,26,63,22,35,5,46,58,17,29,74,12,9,28,6,52,19,56,30,13,8,25,10,39,
60,36,12,61,80,1,15,31,54,20,47,13,40,37,0,8,27,42,5,9,
12,59,80,1,15,31,54,20,47,13,77,40,37,0,8,27,42,5,9,
21,53,30,1,8,10,69,39,19,0,9,88,46,23,25,44,27,5,34,86,7,12,49,36,20,57,28,13,50,22,66,55,52,15,6,43,4,17,29,82,26,41,48,58,32,63,76,75,35,56,74,
Future sets, 
47,20,92,5,64,27,86,25,84,13,8,67,61,12,71,65,98,39,70,56,89,30,36,95,78,94,79,48,68,9,43,96,51,60,34,97,44,83,55,53,50,49,73,52,85,75,82,63,90,46,99,66,57,88,76,74,58,69,91,80,
25,62,22,28,41,23,19,8,61,12,65,98,70,56,64,89,36,78,94,79,48,68,67,43,96,51,60,34,97,44,30,83,55,86,53,84,50,49,73,39,52,85,75,82,63,71,90,46,99,95,66,57,88,76,74,58,69,91,80,
70,14,33,79,89,78,45,94,72,62,16,
62,16,72,94,45,
90,26,82,41,63,48,58,86,94,76,7,74,45,56,18,85,75,95,88,21,79,78,38,29,96,72,35,64,89,17,84,33,62,70,32,99,83,73,24,
27,25,13,8,61,12,65,98,70,56,64,89,36,78,94,79,48,68,67,43,96,51,60,34,97,44,30,83,55,86,53,84,50,49,73,39,52,85,75,82,63,71,90,46,99,95,66,57,88,76,74,58,69,91,80,
49,44,39,38,32,29,72,35,26,71,25,62,19,56,23,46,83,74,85,48,84,96,22,73,70,75,89,52,95,58,79,94,57,78,41,99,76,82,64,88,69,86,90,91,63,66,28,
76,74,56,75,85,94,95,21,78,38,72,35,89,84,33,70,62,99,45,79,96,83,18,64,73,24,
12,65,98,70,56,64,89,36,78,94,79,48,68,67,43,96,51,60,61,34,97,44,30,83,55,86,53,84,50,49,73,39,52,85,75,82,63,71,90,46,99,95,66,57,88,76,74,58,69,91,80,
92,64,89,56,50,55,99,30,88,91,97,68,43,67,71,98,39,69,60,90,61,53,82,65,36,95,86,27,57,51,80,66,49,73,83,52,85,44,63,84,75,46,96,76,74,58,34,
44,39,49,50,53,55,30,71,25,62,19,56,23,46,83,74,85,48,84,96,22,73,70,75,89,52,95,58,79,94,57,78,41,99,76,82,64,88,69,86,90,91,63,66,28,
83,70,96,33,79,89,78,45,94,95,72,85,62,38,
98,70,56,64,89,78,94,79,48,68,67,43,51,60,61,36,65,34,97,30,55,86,53,84,50,49,73,39,83,52,85,44,75,82,63,71,90,46,96,95,66,57,88,76,74,58,99,69,91,
94,98,80,64,89,56,68,67,43,51,60,61,36,65,34,97,30,55,86,53,84,50,49,73,39,83,52,85,44,75,82,63,71,90,46,96,95,66,57,88,76,74,58,99,69,91,
79,89,78,45,94,72,62,
88,86,90,77,87,97,68,54,93,80,51,81,92,99,40,98,59,37,42,71,67,47,60,61,91,65,55,
72,94,45,
86,58,45,33,48,63,32,74,41,75,56,35,82,76,94,72,24,62,21,85,79,38,70,89,96,73,95,84,64,83,99,78,26,
83,70,96,33,79,89,78,45,94,95,72,85,62,84,38,
23,46,83,74,85,48,84,96,73,70,75,89,52,95,58,56,79,94,57,78,41,99,76,82,64,88,69,86,90,91,63,66,28,
82,98,80,61,60,92,69,97,51,43,86,71,67,90,68,91,65,88,53,99,55,
99,83,64,84,38,73,96,78,89,79,85,62,95,72,94,70,
69,86,90,91,66,62,63,58,88,41,64,82,76,99,78,94,79,56,48,95,89,75,70,73,96,84,83,85,74,
46,74,85,83,84,96,73,70,75,89,95,48,56,79,94,78,99,52,76,82,64,41,88,57,69,86,90,91,63,58,66,
83,84,38,73,96,78,89,79,85,62,95,72,94,70,
71,70,56,64,89,78,94,79,46,69,73,96,83,85,57,75,86,63,88,90,91,74,58,48,95,84,82,52,99,76,66,
76,82,35,72,95,78,79,56,94,62,85,89,75,70,99,73,96,64,41,84,83,74,
95,80,66,57,36,82,61,60,69,98,51,86,71,67,43,90,68,91,65,88,53,99,55,97,50,
58,66,63,86,91,90,69,88,41,64,82,76,52,99,78,94,79,56,48,95,89,75,70,73,96,84,83,85,74,
86,32,63,76,82,64,72,48,95,78,79,56,85,35,94,62,89,75,70,99,41,73,96,84,83,74,58,
55,53,50,49,73,39,83,52,85,44,82,63,71,90,84,75,46,96,95,66,57,86,76,74,58,99,88,69,91,
61,60,47,67,42,37,59,98,40,92,81,80,93,54,68,97,87,77,
63,76,82,35,72,48,95,78,79,56,94,62,85,89,75,70,99,73,96,64,41,84,83,74,
79,89,78,45,94,72,62,
96,76,65,55,50,49,88,69,53,82,90,95,66,99,57,86,91,71,
72,78,79,94,62,95,89,75,70,99,73,64,84,96,83,56,85,74,
82,61,60,69,97,51,43,86,71,67,90,68,91,65,88,53,99,55,
59,40,92,81,80,97,93,98,87,77,54,
96,85,78,89,79,62,72,94,70,
83,52,85,44,82,63,71,90,84,75,96,95,57,76,74,66,58,99,88,69,91,86,
92,81,77,80,97,93,98,87,54,
82,76,78,94,79,95,89,75,70,99,73,64,84,96,83,56,85,74,
93,97,80,92,87,98,67,77,
65,86,71,68,90,91,88,99,55,
71,84,75,96,95,74,57,90,66,76,99,88,91,69,82,86,63,
94,72,
73,83,85,57,52,69,86,88,90,91,74,63,96,58,95,84,75,82,99,76,66,
92,98,80,68,60,97,67,61,
82,79,94,78,76,95,89,75,99,73,64,84,96,83,56,85,74,
95,57,90,66,99,88,91,69,82,71,86,
90,91,69,86,82,99,71,88,
91,71,68,65,
69,88,90,91,86,63,74,96,95,84,75,82,76,99,66,
90,91,69,86,99,71,88,
93,97,80,77,81,92,87,98,
91,90,71,86,99,88,
89,75,99,64,84,95,73,96,85,74,83,
66,99,88,91,69,90,82,86,
85,63,74,96,95,84,75,82,76,99,83,
93,98,87,81,92,
97,67,
68,97,67,
94,
76,74,95,96,75,82,99,84,
84,95,96,85,83,73,

91,90,82,86,99,88,


91,86,99,88,90,
79,94,89,78,


83,85,96,95,84,
95,96,99,84,
95,96,99,84,
99,96,95,
98,92,87,
89,94,79,
94,89,
98,97,
93,
99,
96,
96,95,

99,

99,











Past links sets, 





0,

4,
1,5,
0,


8,
5,
2,

2,3,
4,
7,
1,6,10,
0,
7,17,
1,6,10,
19,
7,17,
1,6,5,10,
6,17,
5,9,
19,
4,6,
9,10,12,13,

17,29,
11,2,17,18,
9,12,13,
26,7,32,
13,12,27,
15,31,
6,24,21,11,18,
6,30,
37,
22,32,28,23,26,
15,31,
20,36,
39,
14,16,33,
23,25,30,
0,15,31,
22,32,28,12,23,25,
6,30,34,
27,30,34,
15,20,36,
28,39,46,
20,30,34,36,
40,
15,30,34,43,
9,48,41,13,35,
27,46,44,49,
22,46,29,17,39,28,
37,
20,36,47,
20,36,47,
3,14,38,35,33,22,
44,32,52,58,
21,56,
34,43,51,
22,52,57,
42,60,61,
43,51,61,
22,57,52,53,50,
12,41,38,2,35,25,
25,49,44,55,50,53,51,
38,35,45,
46,24,64,
56,63,
56,63,
7,48,63,41,34,
42,54,
14,33,48,70,
78,
8,13,54,47,20,42,27,
54,59,
20,36,66,41,63,48,50,
11,18,58,73,
18,73,74,75,
38,58,73,
17,69,29,66,55,
59,77,
55,66,4,69,
56,79,
55,66,4,69,
55,51,66,69,
77,47,59,9,20,
42,81,
13,45,62,79,
11,84,76,49,27,
76,38,83,84,
61,60,80,
59,12,77,80,
74,88,75,86,21,76,82,
Future links sets, 
47,9,20,5,
25,22,19,8,
70,33,16,14,
62,16,
90,17,7,29,88,
27,25,13,8,
39,49,38,29,19,22,25,26,
18,76,21,24,35,
80,12,
92,27,30,34,56,
30,25,22,19,
95,83,38,33,
98,30,34,36,70,48,
94,30,80,36,34,56,
78,62,45,
55,37,42,47,51,
45,
86,58,33,26,24,21,32,
84,83,38,33,
28,23,
92,80,61,43,53,51,82,60,
99,64,38,
66,41,48,69,58,62,
48,46,41,
73,38,
70,48,71,46,
41,35,
95,50,36,80,57,
52,58,48,41,
86,58,32,
55,53,49,46,39,50,
47,42,37,
63,48,41,35,
78,62,45,
76,65,49,50,55,53,
70,72,62,56,
61,43,53,51,82,60,
59,40,
62,72,70,96,85,
58,52,44,
54,
82,70,76,56,
93,80,77,67,
68,65,55,
71,63,57,
94,72,
73,58,57,52,
92,61,80,60,
82,78,76,56,
95,71,57,
82,71,69,
91,71,68,65,
69,66,63,
71,69,
81,80,77,
91,71,86,88,90,
75,89,74,64,
69,66,
85,83,63,
98,92,87,81,
97,67,
68,97,67,
94,
82,76,75,74,
73,

91,82,86,88,90,


90,88,91,86,
78,


85,84,83,
99,84,
99,84,
99,96,95,
98,92,87,
79,
94,89,
98,97,
93,
99,
96,
96,95,

99,

99,











Coordinates,
0.00476886,1.72687,
0.0156563,1.54408,
0.0395049,0.313272,
0.0619443,0.171297,
0.133312,0.736947,
0.148201,1.5889,
0.194011,1.09934,
0.250275,0.635328,
0.257905,1.53284,
0.270313,1.65587,
0.28078,1.27007,
0.289708,0.442415,
0.35592,1.47008,
0.360245,1.54936,
0.407713,0.273498,
0.41653,1.97876,
0.439835,0.105285,
0.447416,0.707041,
0.573905,0.448977,
0.633685,0.990866,
0.6597,1.66279,
0.67209,0.590173,
0.672716,0.904364,
0.678838,0.971262,
0.685052,0.504548,
0.692867,1.07178,
0.699734,0.667179,
0.70787,1.55768,
0.719408,0.921804,
0.734422,0.71487,
0.790877,1.22238,
0.799578,1.99457,
0.829639,0.681637,
0.884794,0.286326,
0.899104,1.31388,
0.905911,0.621437,
0.908548,1.41309,
0.920225,1.96404,
0.923594,0.38063,
0.98402,1.0858,
0.987748,1.95839,
0.999205,0.663728,
1.02785,1.83105,
1.03072,1.34952,
1.0573,1.07488,
1.08491,0.0868876,
1.09335,0.948239,
1.14126,1.6831,
1.15235,0.679304,
1.16749,1.09101,
1.17068,1.13522,
1.18865,1.35611,
1.19546,0.914335,
1.21105,1.14392,
1.25012,1.94448,
1.30296,1.14492,
1.32312,0.612345,
1.34286,0.933126,
1.38471,0.690563,
1.4048,1.96361,
1.4349,1.40477,
1.45199,1.38491,
1.4525,0.146804,
1.45913,0.680884,
1.46962,0.525391,
1.47859,1.30316,
1.50317,0.79189,
1.50995,1.35731,
1.52193,1.31503,
1.52878,0.827878,
1.53145,0.296908,
1.53459,1.06209,
1.53648,0.00781804,
1.55493,0.490325,
1.55874,0.600109,
1.57699,0.600148,
1.58095,0.634488,
1.58359,1.76239,
1.59606,0.248417,
1.65373,0.203724,
1.67084,1.52524,
1.67625,1.91872,
1.68215,0.647357,
1.7053,0.402085,
1.74413,0.448757,
1.75071,0.326107,
1.76331,0.701162,
1.77091,1.73386,
1.77555,0.722069,
1.77956,0.201509,
1.81463,0.726342,
1.82797,0.761008,
1.83068,1.63755,
1.84629,1.76733,
1.84854,0.0712758,
1.85719,0.416937,
1.90888,0.333644,
1.9503,1.3577,
1.95254,1.4482,
1.97926,0.555451,
