Storage option,sets
Size,100
Dimension,2
Shape,cube
Spacetime,BlackHole
Past sets, 







3,


3,
6,



12,
13,
5,
9,


2,

13,16,
14,
22,

1,
16,13,23,

7,3,10,
20,
3,5,17,

9,13,16,
23,13,16,28,
17,5,3,32,
3,12,15,

9,18,
2,14,24,
9,18,
14,20,
19,
19,
19,
7,3,10,12,15,
13,16,
14,


19,45,
5,7,3,10,
15,12,10,3,7,46,
16,13,47,
44,19,45,

19,16,13,47,
19,43,
7,10,22,15,25,12,3,37,
13,39,18,9,41,
50,56,
43,45,19,44,55,

39,18,9,41,
18,34,28,16,13,23,9,35,
45,19,51,
47,13,16,45,19,57,
18,9,22,29,12,25,38,
49,56,
50,
19,43,49,
51,55,44,19,45,43,62,
50,70,

5,30,46,7,3,10,12,15,53,
43,51,45,19,44,55,
28,23,9,35,16,13,47,
7,22,15,25,12,29,3,37,
63,
50,
23,57,19,45,16,13,47,28,54,67,

60,41,9,18,13,39,64,

47,13,55,16,44,57,51,19,45,66,
44,49,43,45,19,58,
74,
35,9,23,16,28,34,18,13,65,
29,12,25,38,18,22,9,41,
18,28,23,9,35,16,13,34,47,
15,18,9,22,29,12,25,38,
47,13,62,66,16,55,57,44,19,45,51,43,76,
49,62,43,58,45,19,44,55,51,72,
34,16,23,13,39,18,35,9,28,41,
63,74,
18,28,23,9,35,16,13,34,47,

49,56,61,70,50,73,
50,63,79,
Future sets, 

27,
40,21,
37,32,30,36,10,75,53,52,78,46,59,7,

52,32,75,36,17,
11,
78,52,53,59,46,75,30,

77,34,18,96,83,88,41,89,60,90,64,39,68,91,94,65,
52,53,59,46,75,30,

68,89,37,78,91,59,46,75,53,15,
60,85,47,34,92,16,83,54,88,81,23,35,67,96,28,57,90,77,94,65,
48,42,40,24,
53,75,46,59,91,78,37,
54,88,35,67,96,23,81,90,77,94,65,57,28,92,34,47,85,
36,32,
88,89,41,60,96,83,90,64,68,94,91,65,39,
51,67,66,81,76,43,72,85,92,62,57,86,93,71,58,45,44,55,
42,31,

59,68,78,91,89,25,
35,96,94,81,90,77,88,65,28,
40,
89,91,78,68,59,


65,88,77,90,81,94,96,35,
89,91,78,68,
75,

36,

96,94,90,88,65,
96,94,90,77,88,65,

78,59,
91,89,68,
94,64,83,60,

94,89,64,83,60,

76,72,92,62,86,93,71,58,
86,62,92,93,72,85,76,55,
86,62,81,55,66,92,85,72,67,93,76,51,
75,53,
90,77,85,92,96,57,81,67,54,

98,93,86,71,69,
80,99,73,70,98,61,
76,93,72,85,92,66,

75,
81,
76,85,72,93,92,62,
69,98,61,
92,85,81,67,
93,86,

83,
98,
92,93,72,
95,99,79,
83,
88,
92,85,
81,


98,73,

93,
98,
95,87,

92,


99,




















Past links sets, 







3,


3,
6,



12,
13,
5,
9,


2,

16,
14,
22,

1,
23,

7,10,
20,
3,17,

9,16,
28,
32,
3,15,

18,
2,24,
18,
14,20,
19,
19,
19,
7,10,15,
16,
14,


45,
5,7,10,
46,
47,
44,45,

19,47,
43,
7,10,25,37,
13,39,41,
50,56,
43,55,

39,41,
18,34,35,
51,
45,57,
18,29,12,25,38,
49,56,
50,
43,49,
51,62,
70,

5,30,53,
43,51,55,
9,35,47,
7,25,29,37,
63,
50,
28,54,67,

60,64,

55,57,66,
44,49,45,58,
74,
65,
29,12,25,38,41,
18,35,34,47,
15,18,29,25,38,
57,62,66,76,
49,58,72,
34,35,39,41,
63,74,
18,35,34,47,

49,61,73,
50,79,
Future links sets, 

27,
40,21,
37,32,10,7,

75,52,17,
11,
78,52,59,46,30,

77,34,18,
52,59,46,30,

89,68,15,
60,16,
48,42,24,
91,46,37,
47,34,23,
32,
96,90,68,41,91,65,39,
45,57,44,43,
42,31,

25,
28,
40,
89,91,78,68,59,


81,35,
89,91,78,68,
75,

36,

96,94,90,65,
96,94,90,77,65,

78,59,
91,89,68,
94,64,60,

94,89,64,60,

76,62,71,58,
86,55,
86,67,55,51,
53,
90,77,96,57,54,

98,93,86,71,69,
99,80,70,61,
76,72,66,

75,
81,
85,76,62,
69,61,
92,85,67,
93,86,

83,
98,
92,72,
95,79,
83,
88,
92,85,
81,


73,

93,
98,
95,87,

92,


99,




















Coordinates
0.0133344,0.202804
0.0248773,0.381724
0.0401309,0.403569
0.0456722,0.604881
0.0589201,0.0214839
0.0708998,0.535776
0.0744985,0.223703
0.074771,0.584162
0.0863675,0.0918061
0.0947523,0.769843
0.120362,0.535768
0.141335,0.168476
0.141472,0.579001
0.144569,0.812297
0.183218,0.335343
0.190848,0.538172
0.1947,0.788166
0.198445,0.412416
0.229821,0.660051
0.236123,0.915516
0.236983,0.311891
0.244706,0.229157
0.264967,0.518795
0.293048,0.716001
0.321577,0.199472
0.332666,0.475957
0.333577,0.263852
0.344075,0.0913015
0.348626,0.662785
0.352817,0.471302
0.359109,0.35299
0.362141,0.20546
0.366978,0.284217
0.369494,0.0111054
0.371116,0.614728
0.375209,0.64342
0.378114,0.274671
0.386634,0.395916
0.409308,0.439773
0.415608,0.512837
0.41686,0.10723
0.41761,0.499606
0.428071,0.129541
0.434173,0.837977
0.441859,0.795261
0.448897,0.740622
0.455683,0.301023
0.476132,0.650914
0.49457,0.0477108
0.498608,0.8281
0.50858,0.92374
0.510276,0.702361
0.530133,0.174688
0.53326,0.230307
0.552086,0.588153
0.576357,0.672183
0.577659,0.828448
0.596785,0.579868
0.597414,0.725736
0.634634,0.17549
0.63806,0.333099
0.647474,0.792996
0.653759,0.631606
0.656955,0.971431
0.666911,0.288252
0.667211,0.38459
0.67858,0.552408
0.687864,0.51253
0.688677,0.213878
0.690981,0.731403
0.691372,0.823526
0.694361,0.707417
0.72138,0.58427
0.731186,0.789879
0.736532,0.999298
0.73896,0.0322704
0.740088,0.544787
0.742198,0.396937
0.750347,0.0833793
0.791628,0.842216
0.811208,0.788207
0.817717,0.386866
0.831997,0.983444
0.837386,0.134931
0.840864,0.972083
0.843071,0.425064
0.85208,0.532516
0.855526,0.926505
0.877251,0.225764
0.889539,0.0377695
0.892676,0.245511
0.895215,0.00444304
0.896131,0.391095
0.900013,0.456207
0.911004,0.13338
0.92972,0.850585
0.958619,0.175266
0.970533,0.940746
0.974049,0.595978
0.980402,0.721645