Storage option,sets
Size,100
Dimension,2
Shape,cube
Spacetime,BlackHole
Past sets, 





0,

4,
0,5,
0,


1,5,0,8,
0,5,




4,7,
1,10,
0,
17,
1,6,10,
10,1,19,
17,
1,0,5,10,
6,
0,9,
10,6,1,19,
6,
9,8,13,0,5,1,12,

6,
4,17,
9,8,13,0,5,1,12,
29,6,32,
8,5,27,0,9,13,
15,31,
17,6,21,
10,12,1,5,0,13,9,8,30,
31,15,37,
22,28,10,1,19,6,23,
15,31,
1,8,5,27,0,9,20,36,13,12,
12,1,5,0,13,9,8,30,
17,4,33,
10,12,1,5,0,13,9,8,30,
15,31,
12,22,5,0,28,10,23,6,1,19,8,25,
34,1,12,9,8,30,13,0,5,
34,1,12,9,8,13,0,5,27,
1,15,13,20,9,0,27,5,8,36,
30,8,9,13,0,5,1,12,10,39,
20,12,1,8,5,27,0,9,36,13,34,
37,31,15,40,
15,43,1,27,8,34,5,0,13,9,20,36,12,
9,12,13,22,5,0,28,10,23,6,1,19,8,25,
27,10,39,44,49,5,34,1,12,9,8,30,13,0,
25,39,13,10,12,1,5,46,0,9,8,30,
15,31,
0,47,5,27,15,20,9,31,
0,47,5,27,15,20,9,31,
1,22,26,35,29,6,10,32,
25,44,52,13,0,8,9,5,30,1,12,39,10,46,
25,8,19,1,6,23,10,28,0,13,12,9,5,22,56,
15,13,20,9,0,27,5,8,36,
13,30,8,9,12,1,0,34,49,5,39,44,10,27,57,
13,42,0,47,5,27,60,61,15,20,9,31,
0,47,5,27,61,15,20,9,8,31,13,
36,20,57,27,10,44,39,5,34,0,1,49,12,9,8,30,50,13,53,
8,12,41,19,22,5,28,6,10,1,0,23,25,
55,15,43,9,1,27,8,34,0,51,5,13,20,36,12,
26,35,29,6,32,
25,19,6,13,10,12,1,28,5,23,46,0,9,8,30,
63,12,25,8,44,10,52,1,13,30,0,46,9,5,39,58,
39,5,9,0,30,13,1,52,10,44,8,25,46,12,63,
25,44,52,13,0,8,9,34,5,30,1,12,39,10,46,
40,54,37,31,15,42,
48,12,22,5,0,28,10,23,6,1,19,8,25,41,
48,12,22,5,0,28,10,23,6,1,19,8,25,41,
0,42,40,47,20,54,37,31,15,
40,54,37,59,15,31,
25,36,52,66,50,13,30,8,46,9,49,12,1,0,34,5,39,44,10,27,20,57,
23,19,6,58,25,8,39,5,13,30,10,12,1,0,46,9,28,
19,23,58,39,5,74,0,30,13,75,1,52,10,44,8,25,9,46,12,63,
39,58,22,64,73,5,25,8,56,19,6,23,13,30,10,12,1,28,0,46,9,
43,15,69,0,36,13,20,34,27,50,57,10,44,39,5,1,49,12,9,55,8,30,53,
42,31,59,15,37,54,40,77,
53,36,43,15,20,57,27,10,44,39,5,34,0,1,49,12,9,8,30,50,13,55,
22,5,9,12,13,0,28,10,23,6,1,56,19,8,25,48,
53,36,43,15,20,57,27,10,44,39,5,34,0,1,49,12,9,8,30,50,13,55,
10,39,44,30,51,55,15,43,9,1,27,8,34,0,5,50,13,20,36,53,49,12,
42,31,59,15,37,54,40,77,
42,31,54,40,15,59,37,81,
13,48,12,22,5,0,28,10,23,6,1,19,8,25,41,
19,27,58,63,25,8,44,10,52,75,1,13,30,74,0,34,5,76,39,49,12,9,46,
34,84,19,23,0,46,58,12,39,74,30,76,13,75,5,52,1,10,44,8,25,9,63,
9,27,80,47,0,42,20,40,31,54,37,15,
59,80,47,0,42,20,40,77,31,54,37,15,
66,88,1,30,53,36,43,15,44,20,49,57,86,27,69,10,39,5,34,0,12,9,8,50,13,55,
Future sets, 
80,98,20,27,97,9,5,58,61,8,60,25,78,67,13,66,55,68,51,65,12,70,64,56,99,46,52,79,36,89,83,30,94,48,95,91,44,43,96,90,86,39,50,53,49,71,73,88,75,85,57,84,76,82,74,63,34,69,
51,25,62,22,41,28,23,12,55,70,64,56,99,78,79,94,48,91,43,86,50,53,96,71,89,46,30,73,88,44,75,85,83,57,95,52,66,84,76,82,39,74,49,63,34,90,69,58,19,


45,33,18,7,
61,60,25,67,13,8,55,68,51,65,12,70,64,56,99,52,78,79,36,83,94,48,95,91,44,43,90,86,39,50,53,96,49,71,89,46,30,73,88,75,85,57,66,84,76,82,74,63,34,69,58,
38,32,29,73,83,28,72,26,22,48,35,64,85,56,89,94,62,79,78,41,70,
18,
68,51,65,12,55,70,64,56,99,78,79,36,94,48,91,43,86,50,53,96,71,89,46,30,73,88,44,75,85,83,57,95,52,66,84,76,82,39,74,49,63,34,90,69,58,
64,56,34,58,44,39,63,96,49,74,52,76,84,75,83,85,46,73,66,68,97,61,90,67,60,57,27,86,95,36,65,82,53,99,69,43,71,91,55,88,89,30,51,50,
46,69,66,88,90,86,99,52,57,91,39,63,74,58,75,76,82,78,41,79,96,48,89,28,85,70,94,56,73,64,23,83,84,95,19,22,62,25,

70,64,56,78,79,94,48,43,50,53,55,71,89,30,88,73,44,46,75,85,83,57,86,95,66,84,76,52,99,82,74,49,96,63,34,39,90,91,69,58,
94,68,67,64,56,51,65,43,50,53,55,71,89,30,88,73,44,46,75,85,83,57,86,36,95,66,84,76,52,99,82,74,49,96,63,34,39,90,91,69,58,

65,98,92,42,71,81,77,97,68,87,80,51,93,54,37,67,47,60,61,90,91,55,86,40,99,88,59,

45,21,38,33,24,

95,23,84,83,64,73,56,89,85,48,94,96,79,28,41,78,70,
82,98,80,61,60,69,43,86,71,67,90,68,91,65,88,53,99,55,97,51,
38,
64,85,56,89,41,48,94,62,79,78,70,
84,83,64,85,73,56,89,41,48,94,96,79,78,70,

82,76,73,70,75,56,78,79,96,89,94,48,85,64,95,58,83,84,74,63,
72,62,
95,68,61,67,97,60,66,57,36,82,65,99,69,86,43,71,53,90,91,55,88,51,50,
83,64,85,73,56,89,41,48,94,79,78,70,
62,72,35,
73,46,85,83,57,75,95,84,76,52,99,82,74,49,96,63,39,86,90,91,44,88,66,69,58,
59,61,60,47,67,37,54,93,80,87,68,97,77,81,42,92,98,40,
62,72,35,
45,
96,76,71,55,49,88,53,82,69,91,99,95,66,90,86,57,50,
72,62,
82,69,43,86,71,90,91,65,88,53,99,55,51,
54,87,98,93,97,80,77,81,92,40,

91,85,83,57,75,95,84,76,52,99,82,74,96,63,86,90,88,66,69,58,
92,81,77,80,97,93,98,87,54,
94,79,78,70,
93,97,80,92,87,98,67,77,
86,71,90,91,88,99,55,
91,96,74,95,84,75,57,90,88,66,76,99,69,82,86,63,

82,76,75,58,83,84,95,85,74,73,96,63,
97,98,80,68,60,67,61,
94,89,79,78,
95,82,91,69,99,66,88,86,90,57,
90,91,69,88,99,86,82,
91,71,
82,76,63,84,75,96,95,74,
90,91,69,86,99,88,
93,97,80,77,81,92,87,98,
91,90,71,86,99,88,
85,89,64,
90,86,88,66,99,69,82,
83,84,95,85,74,96,
93,98,87,81,92,
67,
68,67,

75,84,95,74,96,
85,

99,82,


99,86,



85,
95,96,84,
95,96,84,
96,95,
98,92,87,


98,97,
93,


96,

99,

99,











Past links sets, 





0,

4,
5,
0,


1,8,
5,




7,
1,10,
0,
17,
1,6,10,
19,
17,
1,5,10,
6,
9,
6,19,
6,
9,12,13,

6,
4,17,
9,12,13,
29,32,
8,13,27,
15,31,
6,21,
10,30,
37,
22,23,28,
15,31,
12,20,36,
30,
33,
10,30,
15,31,
28,12,23,25,22,
30,34,
27,34,
15,20,1,36,
39,
20,34,36,
40,
15,34,43,
9,13,28,12,23,25,22,
27,39,44,49,
25,39,46,
15,31,
5,20,27,47,
5,20,27,47,
22,26,35,
25,44,46,52,
56,
15,20,36,
57,
13,42,60,61,
8,13,61,
50,53,57,
12,25,41,
51,55,
26,35,
25,23,28,46,
58,63,
63,
25,52,46,44,34,
42,54,
41,48,
41,48,
20,42,47,54,
54,59,
20,25,36,66,46,52,50,
23,28,58,
23,74,75,
64,58,73,
55,69,
59,77,
53,50,55,57,
48,56,
53,50,55,57,
49,44,55,39,50,53,51,
59,77,
42,81,
41,13,48,
76,75,19,74,27,49,
76,84,
27,80,
59,77,80,
66,86,88,
Future links sets, 
9,20,5,
51,12,22,19,25,


33,7,
61,8,13,25,60,
38,32,22,26,28,29,
18,
68,36,12,
56,34,30,27,
46,19,39,22,25,

30,56,34,43,70,48,
94,68,30,36,67,34,56,

65,55,59,37,42,47,51,

33,24,21,

95,28,23,
80,61,65,43,53,51,82,60,
38,
62,48,56,41,
83,41,56,48,84,73,

82,76,73,70,48,58,63,56,
72,62,
97,95,36,61,50,60,57,
83,41,56,48,73,
35,
46,49,44,39,
59,47,42,37,
35,
45,
76,49,50,55,53,
72,62,
82,53,51,43,65,
40,

91,58,57,52,
54,
94,79,78,70,
93,80,77,67,
55,
91,76,63,57,

82,58,63,73,76,
61,80,60,
94,89,79,78,
95,91,57,
91,69,82,88,90,
91,71,
82,76,63,
91,90,88,69,
81,80,77,
91,71,86,88,90,
89,64,
90,88,69,66,
85,83,74,
98,92,87,81,
67,
68,67,

75,74,
85,

99,82,


86,



85,
95,84,
95,84,
96,95,
98,92,87,


98,97,
93,


96,

99,

99,











Coordinates,
0.00476886,1.72687,
0.0156563,1.54408,
0.0395049,0.313272,
0.0619443,0.171297,
0.133312,0.736947,
0.148201,1.5889,
0.194011,1.09934,
0.250275,0.635328,
0.257905,1.53284,
0.270313,1.65587,
0.28078,1.27007,
0.289708,0.442415,
0.35592,1.47008,
0.360245,1.54936,
0.407713,0.273498,
0.41653,1.97876,
0.439835,0.105285,
0.447416,0.707041,
0.573905,0.448977,
0.633685,0.990866,
0.6597,1.66279,
0.67209,0.590173,
0.672716,0.904364,
0.678838,0.971262,
0.685052,0.504548,
0.692867,1.07178,
0.699734,0.667179,
0.70787,1.55768,
0.719408,0.921804,
0.734422,0.71487,
0.790877,1.22238,
0.799578,1.99457,
0.829639,0.681637,
0.884794,0.286326,
0.899104,1.31388,
0.905911,0.621437,
0.908548,1.41309,
0.920225,1.96404,
0.923594,0.38063,
0.98402,1.0858,
0.987748,1.95839,
0.999205,0.663728,
1.02785,1.83105,
1.03072,1.34952,
1.0573,1.07488,
1.08491,0.0868876,
1.09335,0.948239,
1.14126,1.6831,
1.15235,0.679304,
1.16749,1.09101,
1.17068,1.13522,
1.18865,1.35611,
1.19546,0.914335,
1.21105,1.14392,
1.25012,1.94448,
1.30296,1.14492,
1.32312,0.612345,
1.34286,0.933126,
1.38471,0.690563,
1.4048,1.96361,
1.4349,1.40477,
1.45199,1.38491,
1.4525,0.146804,
1.45913,0.680884,
1.46962,0.525391,
1.47859,1.30316,
1.50317,0.79189,
1.50995,1.35731,
1.52193,1.31503,
1.52878,0.827878,
1.53145,0.296908,
1.53459,1.06209,
1.53648,0.00781804,
1.55493,0.490325,
1.55874,0.600109,
1.57699,0.600148,
1.58095,0.634488,
1.58359,1.76239,
1.59606,0.248417,
1.65373,0.203724,
1.67084,1.52524,
1.67625,1.91872,
1.68215,0.647357,
1.7053,0.402085,
1.74413,0.448757,
1.75071,0.326107,
1.76331,0.701162,
1.77091,1.73386,
1.77555,0.722069,
1.77956,0.201509,
1.81463,0.726342,
1.82797,0.761008,
1.83068,1.63755,
1.84629,1.76733,
1.84854,0.0712758,
1.85719,0.416937,
1.90888,0.333644,
1.9503,1.3577,
1.95254,1.4482,
1.97926,0.555451,
