Storage option,sets
Size,150
Dimension,2
Shape,cube
Spacetime,BlackHole
Past sets, 






0,

4,




10,
2,
2,




2,3,


18,

2,3,
2,3,
3,2,20,
3,14,2,15,
22,
12,
2,3,

20,2,3,27,
2,3,
12,
18,
14,2,15,
19,
14,25,3,2,26,
15,2,14,37,
27,3,2,20,33,
20,2,3,27,
25,31,27,2,33,20,3,42,
2,3,21,
2,
18,23,
18,22,29,
18,22,


42,3,20,33,41,2,27,31,25,43,
2,3,21,
12,16,17,
17,
20,31,15,2,3,25,14,26,39,
32,12,35,
12,30,
16,17,
18,
15,28,2,3,25,14,26,39,
27,20,33,3,2,21,34,
16,12,30,
39,26,14,25,28,2,15,31,20,3,55,
15,2,14,37,
26,43,31,27,2,41,33,20,3,42,25,51,
16,12,17,30,
3,37,28,2,15,14,40,
35,12,32,56,
16,12,17,30,
20,44,34,21,3,2,52,
35,12,32,30,56,
16,12,17,30,
34,21,2,3,33,20,27,61,
28,27,41,3,42,20,33,15,31,2,25,51,43,14,55,26,39,
32,12,35,49,50,
17,16,12,53,
27,20,33,44,34,21,3,2,52,
57,62,12,16,30,17,69,
44,34,21,2,3,33,20,27,61,
44,21,3,2,52,
20,27,44,34,21,3,2,52,
3,21,
30,17,16,12,53,
27,41,33,42,63,39,43,14,25,51,28,15,2,31,20,3,26,55,
57,62,69,30,17,12,16,72,
50,35,12,32,49,75,
3,21,
3,21,
44,52,34,21,2,3,33,20,27,61,
30,17,16,12,53,
32,49,50,
39,26,55,14,43,74,28,41,15,27,3,42,20,33,2,31,25,51,
56,50,35,12,32,49,75,
57,62,66,69,30,17,12,16,72,
56,75,49,32,12,35,50,86,
32,49,50,
20,52,3,34,21,44,2,80,
21,3,88,
88,3,21,98,
77,52,2,21,34,70,44,27,33,20,3,81,
15,21,34,39,65,26,14,43,27,31,2,41,33,20,3,42,25,51,
15,21,34,39,65,26,14,43,27,31,2,41,33,20,3,42,25,51,
86,50,35,12,32,49,75,56,95,
61,77,52,2,21,34,70,44,27,33,20,3,81,
2,52,21,3,82,
61,52,2,3,21,34,44,33,20,27,77,
98,3,88,21,99,
51,25,42,41,44,73,34,21,33,20,27,3,61,65,26,14,43,2,31,
32,49,50,
87,98,3,88,21,99,
43,25,41,42,51,52,34,44,73,31,89,2,33,20,27,21,79,3,61,
42,41,70,81,52,61,3,79,21,34,73,44,33,20,27,106,77,2,89,
51,25,42,41,43,27,34,79,21,44,73,31,2,33,20,3,61,65,26,
21,3,87,
49,

68,86,75,49,32,12,35,50,30,56,93,
44,87,82,52,80,2,105,99,21,88,98,3,107,
12,35,91,50,49,32,96,109,
49,50,57,16,68,56,30,12,35,32,71,
56,12,35,86,91,50,75,49,32,96,
32,49,50,
91,86,35,12,56,95,50,75,49,32,96,
77,52,80,2,21,34,70,44,27,33,20,3,81,
87,21,3,88,
68,86,75,49,71,32,12,35,50,30,56,93,
68,93,95,56,75,49,32,35,50,86,12,103,
87,3,21,88,114,
32,49,50,115,
103,12,86,50,35,32,56,95,93,68,49,75,127,
100,104,81,52,77,2,21,34,70,44,27,33,20,61,3,

127,130,103,12,86,50,32,56,95,35,93,68,49,75,
126,68,86,75,49,71,32,12,50,117,30,56,35,93,
114,88,21,3,87,128,
70,33,97,20,3,52,81,34,21,44,2,80,82,27,77,
34,97,20,107,105,44,87,82,110,52,80,118,2,70,99,21,88,98,3,
27,82,80,2,70,44,21,34,3,52,20,97,
115,50,49,32,116,129,
91,115,50,49,32,96,109,122,
34,107,105,44,87,82,110,52,80,118,2,99,21,88,98,3,
114,88,21,3,87,128,
91,96,109,122,115,50,49,32,129,
49,116,
91,96,127,130,103,12,86,50,32,56,95,35,93,68,49,75,
122,129,116,32,49,50,115,139,
34,97,20,107,105,44,87,82,52,80,118,2,70,99,21,88,98,3,
91,96,49,75,133,68,127,130,103,12,86,50,32,56,95,35,93,
44,80,82,125,21,99,87,3,107,88,114,98,105,2,110,52,
Future sets, 
6,

105,80,118,44,141,34,149,31,26,112,41,100,106,77,136,65,124,45,104,89,61,27,60,147,131,37,63,33,92,25,84,55,113,15,74,67,28,108,137,40,73,14,42,101,102,43,64,39,97,79,138,20,70,52,111,51,81,
98,107,99,88,124,65,104,74,61,42,101,33,92,27,81,138,79,51,110,111,52,108,137,97,89,20,147,43,102,70,63,73,131,84,25,55,114,113,136,77,106,100,41,112,39,60,26,28,87,67,31,149,34,141,82,44,118,80,105,125,142,135,128,
8,





13,

76,53,68,127,66,95,120,72,85,56,123,83,57,90,119,78,117,148,30,69,130,71,126,94,35,93,62,121,103,134,75,133,86,145,

108,28,67,40,74,55,84,92,63,37,102,60,64,39,101,
101,55,64,60,102,37,63,84,74,40,92,67,28,
69,78,72,85,120,94,62,58,76,83,90,66,53,
78,72,85,69,94,58,54,76,83,90,66,53,
48,47,59,46,36,23,
38,
97,137,147,70,63,55,73,131,102,43,113,84,111,51,81,27,108,138,79,92,33,101,42,61,74,89,104,124,65,136,77,106,100,41,112,
102,101,98,107,99,110,128,114,135,142,125,87,80,88,147,118,89,113,124,149,97,81,111,52,70,44,131,73,82,141,112,104,108,137,138,79,100,136,77,106,105,61,
48,47,29,
46,

51,111,39,65,60,102,74,63,92,84,113,55,101,43,108,
108,55,92,113,74,84,63,102,60,101,65,39,
81,138,51,111,84,113,92,101,43,102,131,73,108,79,33,124,42,100,61,74,136,89,104,65,77,106,41,112,
92,74,67,84,63,60,
47,
117,90,57,83,94,85,72,78,120,62,66,69,134,71,126,
55,51,111,84,92,101,63,102,74,113,65,108,43,
139,109,96,140,86,129,71,146,117,130,95,143,56,121,134,103,123,75,133,91,120,145,122,93,119,148,127,68,126,
100,124,136,89,104,77,106,61,41,112,65,74,79,108,73,131,102,43,101,92,113,84,111,51,
101,97,81,100,138,124,136,61,113,77,106,104,137,79,108,89,147,111,141,112,102,131,73,70,
86,71,117,130,95,56,121,134,103,123,75,133,120,145,93,119,148,127,68,126,

64,67,40,

101,60,102,63,84,74,92,55,
67,
112,65,113,74,108,102,101,92,84,111,51,
112,51,111,84,92,101,102,74,113,65,108,43,
65,113,74,108,102,101,92,84,111,51,
81,97,149,111,113,70,89,118,147,136,124,80,138,141,112,104,131,108,137,79,100,77,106,




129,139,109,96,140,143,120,91,95,134,127,122,93,145,144,115,86,126,103,146,117,130,119,148,75,133,123,121,
139,129,109,96,140,143,120,91,95,134,127,122,93,145,86,126,103,146,117,130,119,148,75,133,123,121,
111,84,92,101,102,108,74,113,65,
105,111,81,97,149,70,89,118,147,136,137,124,141,112,104,131,100,77,106,138,80,
90,83,76,

92,74,84,63,
121,103,123,133,120,145,93,148,127,68,126,134,95,130,117,71,
120,94,85,78,



106,104,89,131,79,108,111,113,112,73,
94,85,78,
84,

113,108,102,101,
94,

145,148,127,126,133,120,134,130,117,
94,85,78,
147,136,137,124,138,112,104,131,100,
134,126,120,
94,85,
113,112,111,108,
92,
93,86,126,103,117,130,145,148,133,127,123,121,134,95,

136,124,112,106,104,131,100,

113,112,111,
141,118,124,137,138,147,149,136,97,
136,124,112,104,131,100,
138,147,141,137,136,149,118,105,



126,103,117,130,145,148,133,127,123,121,134,95,
125,147,118,142,135,114,137,128,141,149,110,
135,142,125,99,118,147,128,141,110,149,107,137,98,
112,111,

148,143,140,123,121,145,119,

145,148,133,127,126,134,130,117,

123,127,133,148,145,130,103,
148,143,140,123,121,145,119,
147,138,137,136,
107,149,110,137,141,147,118,99,
118,147,141,137,110,149,107,
131,


130,145,148,133,127,
131,
149,137,141,147,118,
112,
149,137,141,147,118,

143,140,119,
149,141,137,



149,135,142,128,
140,139,146,143,129,
144,146,139,
134,
147,141,137,



146,143,140,


149,
134,
133,148,145,130,
142,135,
143,146,139,
145,148,133,


148,





146,










Past links sets, 






0,

4,




10,
2,
2,




2,3,


18,

2,3,
2,3,
20,
3,14,15,
22,
12,
2,3,

27,
2,3,
12,
18,
14,15,
19,
14,25,26,
37,
33,
27,
25,31,33,42,
2,3,21,
2,
23,
18,29,
18,22,


41,43,
2,3,21,
12,16,17,
17,
15,20,31,39,
32,35,
30,
16,17,
18,
28,39,
33,21,34,
16,30,
28,55,
37,
26,51,
16,17,30,
28,40,
56,
16,17,30,
20,34,44,52,
30,56,
16,17,30,
61,
28,51,55,
32,35,49,50,
53,
33,34,44,52,
57,62,69,
44,61,
44,52,
27,34,44,52,
3,21,
30,53,
51,63,
57,62,69,72,
75,
3,21,
3,21,
44,52,61,
30,53,
32,49,50,
74,
56,75,
57,62,66,69,72,
56,86,
32,49,50,
20,34,80,
88,
98,
70,77,81,
15,21,34,39,65,
15,21,34,39,65,
95,
61,70,77,81,
52,82,
61,77,
99,
14,44,65,73,
32,49,50,
87,99,
51,73,79,89,
70,73,79,42,81,89,41,106,
65,73,79,
87,
49,

30,68,86,93,
80,87,105,107,
35,91,96,109,
49,50,57,16,68,71,
56,86,91,96,
32,49,50,
91,95,96,
70,77,80,81,
87,88,
68,71,86,93,
68,93,103,
88,114,
32,50,115,
127,
100,104,

130,
117,126,
128,
70,77,81,82,97,
70,97,110,118,
27,70,82,97,
116,129,
91,115,96,109,122,
34,110,118,
128,
91,96,109,122,129,
49,116,
96,91,130,
122,139,
70,97,118,
91,96,133,
80,105,107,110,114,125,
Future links sets, 
6,

45,34,44,31,52,26,25,20,15,14,
88,87,82,34,44,31,28,52,26,25,20,
8,





13,

53,35,30,

108,39,37,28,
101,55,102,37,28,
120,72,69,62,58,66,53,
72,69,58,54,66,53,
59,48,47,36,23,
38,
97,70,55,27,
102,101,88,82,87,61,52,44,
48,29,
46,

43,39,
65,39,
138,81,42,33,
74,67,63,60,
47,
117,90,72,71,69,66,62,83,57,
55,43,
129,122,109,96,91,75,56,
77,61,43,41,
141,102,101,97,81,77,70,61,
119,75,56,

64,40,

102,101,60,55,
67,
112,51,
112,43,
51,
108,89,81,80,79,77,70,




144,120,115,122,109,96,91,75,
129,120,122,109,96,91,75,
111,84,74,65,
105,89,81,80,77,70,
90,83,76,

74,63,
121,95,93,71,68,
120,94,85,78,



106,104,89,79,73,
94,85,78,
84,

113,108,102,101,
94,

127,126,120,117,
94,85,78,
147,136,137,124,138,112,104,100,
126,120,
94,85,
113,112,111,108,
92,
93,86,

136,124,106,104,100,

113,112,111,
124,118,149,97,
136,124,112,104,100,
138,136,105,



126,117,121,95,
125,118,114,110,
128,125,98,
112,111,

148,143,140,123,121,145,119,

127,126,117,

123,103,
148,143,140,123,121,145,119,
147,138,137,136,
99,
110,107,
131,


127,
131,
149,118,
112,
149,118,

143,140,119,
149,141,137,



149,128,
140,129,
144,139,
134,
147,141,137,



146,143,140,


149,
134,
130,
142,135,
143,139,
145,133,


148,





146,










Coordinates
-3.98713,-0.792064
-3.95504,-0.14822
-3.9486,-1.72887
-3.9422,-1.96183
-3.8973,-0.303971
-3.85622,-0.5442
-3.77848,-0.586989
-3.72787,-0.31772
-3.62363,-0.0763314
-3.58223,-0.217912
-3.44061,0.498955
-3.43494,0.3263
-3.41541,1.66221
-3.35983,0.429906
-3.33816,-1.17985
-3.32779,-1.15452
-3.3257,1.30839
-3.32403,1.26025
-3.29322,0.808279
-3.21722,0.536006
-3.19267,-1.52684
-3.14919,-1.95914
-3.08385,0.567981
-3.04731,0.629382
-3.03303,0.338193
-2.97734,-1.18456
-2.96423,-1.1281
-2.9382,-1.41065
-2.84871,-0.942174
-2.84351,0.33569
-2.82358,1.30649
-2.82201,-1.14645
-2.81878,1.78391
-2.8138,-1.31291
-2.72558,-1.51034
-2.68642,1.58147
-2.67209,0.423688
-2.65603,-0.614076
-2.63888,0.0155027
-2.62558,-0.939019
-2.60686,-0.582274
-2.5873,-1.09536
-2.58693,-1.08145
-2.56945,-1.06872
-2.5556,-1.55733
-2.52253,-0.322441
-2.52092,0.242652
-2.51468,0.0451854
-2.50818,0.0679694
-2.46222,1.88404
-2.45205,1.81145
-2.43766,-1.00663
-2.43691,-1.57581
-2.39427,0.715051
-2.38636,0.3563
-2.3852,-0.759218
-2.30805,1.39096
-2.26889,1.04961
-2.26664,0.457905
-2.21176,0.118747
-2.20403,-0.517966
-2.18155,-1.05639
-2.16712,0.941714
-2.15685,-0.58487
-2.06082,-0.0276377
-1.99707,-0.774245
-1.97572,0.600133
-1.96428,-0.102742
-1.95032,1.2087
-1.93252,0.704884
-1.9311,-1.30413
-1.91507,1.02435
-1.87093,0.598832
-1.86943,-0.849195
-1.84277,-0.465908
-1.8346,1.40214
-1.82751,0.213402
-1.78508,-1.01789
-1.70895,0.536983
-1.67907,-0.768984
-1.67185,-1.42853
-1.66532,-1.03561
-1.66185,-1.53025
-1.64668,0.140636
-1.63379,-0.204192
-1.61502,0.415577
-1.57065,1.31569
-1.55738,-1.92388
-1.55088,-1.83186
-1.53778,-0.711913
-1.46618,0.0506648
-1.42116,1.50983
-1.39009,-0.0729307
-1.38396,1.07368
-1.37936,0.164321
-1.37927,1.17235
-1.375,1.45877
-1.3478,-1.16993
-1.33939,-1.62682
-1.3329,-1.62377
-1.33259,-0.765452
-1.32835,-0.18581
-1.25892,-0.0984978
-1.24838,1.05892
-1.23133,-0.627289
-1.19138,-1.37985
-1.14581,-0.504005
-1.11696,-1.48253
-1.11144,-0.138239
-1.086,1.51187
-1.03935,-1.57573
-1.03376,-0.263319
-0.91765,-0.304277
-0.900716,-0.0276443
-0.882326,-1.8203
-0.849774,1.72657
-0.842728,1.96997
-0.831412,0.609494
-0.783692,-1.18496
-0.745354,1.26224
-0.687822,0.254099
-0.680268,0.978787
-0.666973,1.52685
-0.66134,0.936972
-0.626171,-0.425694
-0.625343,-1.54475
-0.619285,0.378153
-0.612142,0.626817
-0.602863,-1.70577
-0.574977,1.57724
-0.555497,0.588997
-0.515071,-0.031709
-0.479596,-1.99355
-0.387737,0.437792
-0.298604,0.0867914
-0.281305,-1.50255
-0.263885,-0.26378
-0.224279,-0.774123
-0.217934,-0.38797
-0.217489,1.53079
-0.213339,1.14745
-0.171048,-0.866529
-0.158818,-1.51404
-0.099631,1.16892
-0.0713401,1.71919
-0.0469504,0.23194
-0.0404038,1.37963
-0.0344191,-0.50466
-0.0310082,0.142012
-0.00620592,-0.975361
r_S,2
NHRVs_Open,0
NHRVs_Close,0
