Storage option,sets
Size,75
Dimension,2
Shape,cube
Spacetime,BlackHole
Past sets, 










0,
6,
5,



2,8,
14,
7,
14,
13,
1,2,4,
8,

3,6,11,
8,2,16,
3,
7,
8,2,1,16,
1,4,20,13,17,14,
7,18,
1,4,20,13,17,14,
13,17,14,19,
1,16,2,8,4,
14,15,23,
1,2,4,8,
15,23,
1,16,2,8,4,
1,7,22,25,8,2,16,
4,2,8,1,35,
4,2,16,8,1,33,
4,16,2,1,8,28,
15,23,
14,36,15,23,34,
19,2,21,31,20,1,4,13,17,14,29,
16,39,4,2,8,1,35,
8,21,1,13,2,4,
1,4,15,32,13,20,17,14,19,
13,17,19,14,36,15,23,34,
29,20,4,1,15,32,13,17,31,14,19,
4,1,21,8,2,13,46,
2,31,20,1,4,13,17,14,21,
42,43,36,15,14,23,34,
46,13,2,8,21,1,4,50,
20,21,1,13,2,4,
34,23,15,14,36,43,42,52,
29,49,20,4,17,1,14,15,32,19,13,2,31,
29,20,4,1,15,32,13,17,31,14,19,
43,19,36,15,14,23,17,34,
45,1,16,39,4,2,35,8,21,
4,2,13,1,20,21,54,
56,57,2,31,29,49,20,4,17,1,14,15,32,19,13,
23,
23,62,
32,48,15,17,19,14,13,36,23,34,20,43,
52,58,13,36,14,43,42,19,15,23,34,17,55,
32,58,13,36,14,20,43,19,15,48,23,34,17,
50,4,1,21,8,2,13,46,53,
15,62,23,63,
50,4,1,21,8,2,13,46,35,
29,31,20,32,4,48,15,17,19,14,13,36,1,47,23,34,
13,45,1,16,39,4,2,35,8,21,
17,55,34,23,15,14,36,43,52,42,19,
2,49,32,13,70,29,48,31,20,1,4,23,56,15,34,17,36,19,57,14,47,
17,55,34,23,15,14,36,43,52,42,19,
Future sets, 
10,
47,38,37,45,39,35,40,33,51,50,21,69,59,46,54,67,44,73,53,71,60,31,28,57,41,70,29,56,61,49,
61,56,39,35,60,51,46,73,44,53,16,45,71,59,33,37,69,40,54,25,67,38,28,41,50,21,
26,24,
51,50,21,69,40,59,46,54,67,44,73,53,71,60,31,29,70,41,57,56,61,49,33,35,39,45,37,47,
12,
24,11,
27,30,38,18,
50,53,46,39,35,16,45,71,59,33,37,69,40,25,67,38,28,41,22,


24,

71,65,48,50,67,53,46,69,32,54,49,64,47,60,51,66,29,73,56,70,20,57,61,44,31,
52,55,43,34,65,58,48,17,64,19,66,32,74,51,29,73,47,70,57,56,61,44,72,49,31,
68,57,56,61,49,47,42,34,70,36,73,65,48,64,43,66,55,72,52,74,58,
45,59,37,40,33,25,71,38,28,41,
65,58,48,64,66,32,74,51,29,73,47,70,57,56,61,44,72,49,31,
30,
74,65,58,48,44,32,66,64,57,56,61,73,47,70,72,49,
66,64,60,51,29,73,47,70,57,56,61,44,49,54,31,
71,53,44,67,46,69,50,51,54,60,59,
38,
63,68,62,42,34,70,36,73,65,48,64,43,66,55,72,52,74,58,

38,


41,
70,57,56,61,73,44,49,

70,57,56,61,51,73,44,49,
66,64,57,56,61,47,73,70,49,
40,
70,73,65,64,43,66,55,52,74,58,72,48,
69,39,59,71,45,
70,73,65,64,43,66,55,52,74,58,72,48,


59,71,45,


55,74,65,72,52,
64,66,52,65,58,74,72,55,

71,59,
53,67,69,50,
73,70,
73,70,66,64,
73,61,56,
69,67,53,

72,74,65,55,
67,
60,
74,72,65,
73,61,
73,61,
66,65,



68,63,
68,






73,




Past links sets, 










0,
6,
5,



2,8,
14,
7,
14,
13,
1,2,4,
8,

3,11,
16,
3,
7,
1,16,
1,4,17,20,
18,
1,4,17,20,
13,17,19,
4,1,16,
14,15,23,
1,2,4,8,
15,23,
4,1,16,
1,7,22,25,
35,
33,
4,28,
15,23,
34,36,
19,29,21,31,
16,39,
8,13,21,
1,32,20,15,4,
13,36,34,19,17,
15,29,31,32,
46,
21,31,
42,43,
50,
20,21,
52,
2,49,
15,29,31,32,
17,19,43,
21,45,
54,
56,57,
23,
62,
20,32,43,48,
55,13,58,
20,32,48,58,
53,
15,63,
35,50,
29,31,47,48,
13,21,45,
17,19,55,
56,57,70,
17,19,55,
Future links sets, 
10,
47,38,37,35,33,21,31,28,29,
35,56,21,16,
26,24,
47,41,37,35,21,31,29,33,
12,
11,
27,38,18,
35,22,46,16,


24,

71,20,65,32,46,48,
34,19,17,
68,57,49,34,42,36,47,
45,25,28,33,37,
74,72,58,29,31,32,48,
30,
74,72,32,44,48,58,
66,29,54,64,31,47,
71,59,44,54,46,51,
38,
62,42,36,34,

38,


41,
70,57,49,44,

70,44,49,51,57,
66,47,57,49,64,
40,
48,43,
69,39,
48,43,


45,


52,
64,58,52,

71,59,
50,
70,
70,66,64,
56,
69,53,

55,
67,
60,
74,72,65,
73,61,
73,61,
66,65,



63,
68,






73,




Coordinates,
0.00476886,0.416937,
0.0156563,1.58095,
0.0395049,1.46962,
0.0619443,0.790877,
0.133312,1.5889,
0.148201,0.407713,
0.194011,0.600109,
0.250275,0.933126,
0.257905,1.14392,
0.270313,0.38063,
0.289708,0.171297,
0.35592,0.448977,
0.41653,0.203724,
0.447416,1.63755,
0.573905,1.77956,
0.633685,1.94448,
0.6597,0.920225,
0.67209,1.68215,
0.672716,0.612345,
0.678838,1.72687,
0.685052,1.53459,
0.692867,1.31388,
0.799578,0.707041,
0.829639,1.97926,
0.884794,0.00781804,
0.899104,0.680884,
0.905911,0.146804,
0.908548,0.490325,
0.923594,0.726342,
0.98402,1.40477,
0.987748,0.313272,
0.999205,1.35731,
1.03072,1.52193,
1.0573,0.719408,
1.08491,1.73386,
1.09335,0.79189,
1.14126,1.75071,
1.15235,0.621437,
1.16749,0.439835,
1.18865,0.699734,
1.21105,0.600148,
1.25012,0.504548,
1.30296,1.84629,
1.32312,1.7053,
1.34286,1.07488,
1.38471,0.590173,
1.4048,0.734422,
1.4349,1.34952,
1.45199,1.47008,
1.4525,1.19546,
1.45913,0.70787,
1.47859,0.904364,
1.50317,1.6831,
1.50995,0.681637,
1.53145,0.736947,
1.53648,1.66279,
1.55493,1.14492,
1.55874,1.17068,
1.57699,1.52878,
1.58359,0.448757,
1.59606,0.690563,
1.65373,1.09101,
1.67084,1.96361,
1.67625,1.95839,
1.74413,1.35611,
1.76331,1.4482,
1.77091,1.3577,
1.77555,0.442415,
1.81463,1.82797,
1.83068,0.360245,
1.84854,1.09934,
1.85719,0.28078,
1.90888,1.52524,
1.9503,1.02785,
1.95254,1.54408,
