Storage option,sets
Size,300
Dimension,3
Shape,cylinder
Spacetime,BlackHole
Past sets, 









2,






7,





2,9,











2,9,
1,23,
1,
0,2,3,
11,

0,
3,5,

10,27,

18,

7,
0,3,2,9,


0,2,9,

33,11,38,
3,5,7,2,9,
6,8,20,39,
11,

11,19,
2,17,
14,46,
10,24,26,27,
10,26,
1,11,30,18,19,45,

9,17,2,28,44,
11,19,

10,27,
9,17,2,28,44,
6,8,0,40,
40,22,9,2,0,51,
8,
17,34,3,37,40,22,9,2,0,51,
17,28,44,

14,46,
0,39,20,8,32,6,55,
14,46,
30,38,11,19,58,
17,34,3,37,44,22,9,28,2,0,51,
17,34,3,37,40,22,9,28,2,0,51,
17,34,3,37,40,22,9,28,2,0,51,
24,25,27,31,39,20,8,32,6,29,55,
0,9,22,44,17,28,2,59,
33,38,30,56,11,19,58,
31,43,14,27,24,61,26,10,62,
31,39,20,8,32,6,55,
9,17,2,15,28,42,44,52,
7,17,22,9,34,3,28,2,0,37,5,44,
14,46,49,50,57,
18,15,28,42,52,
9,44,17,28,2,59,
15,42,18,19,45,
8,3,37,51,0,2,9,22,40,6,71,
10,14,67,
6,8,39,
31,29,55,6,32,8,20,39,0,77,
19,38,33,53,11,30,56,
42,52,44,15,2,28,69,17,9,74,
42,52,44,15,28,17,74,
11,45,19,18,42,15,93,
60,46,14,76,
11,15,18,19,45,
3,84,0,65,9,44,17,69,28,2,59,22,51,34,
59,65,73,44,82,17,34,3,81,37,69,40,9,28,2,0,80,22,51,
60,64,46,14,76,
15,28,42,18,45,52,
6,0,39,8,72,
33,38,64,1,30,85,56,11,19,58,79,66,53,18,
33,18,45,58,19,11,38,56,30,1,66,79,
38,30,1,11,63,58,45,19,18,42,15,93,
10,20,27,39,8,32,6,31,96,
14,67,10,75,
2,3,55,40,70,20,72,8,39,0,32,6,108,
30,38,18,45,58,19,11,66,
32,3,39,72,20,37,8,71,6,40,9,2,0,22,51,70,55,
69,17,2,28,15,18,44,91,52,42,9,74,100,
9,72,20,70,6,0,39,40,55,32,3,8,37,2,
49,57,46,14,60,33,19,58,38,64,53,50,79,66,98,11,1,30,85,56,
66,19,58,45,18,38,30,11,115,
60,67,46,14,78,
48,70,84,71,6,51,22,80,0,2,28,9,105,59,94,65,5,34,15,73,44,82,17,40,69,3,81,8,37,
30,56,38,64,58,19,11,66,
37,74,52,42,99,92,34,0,7,65,3,84,9,51,22,15,44,104,17,40,69,28,2,88,59,
39,8,6,96,
24,27,10,43,20,55,0,39,8,32,6,31,96,
11,15,18,19,
67,46,14,78,
17,28,15,18,44,52,42,74,100,
30,66,58,45,19,18,15,11,103,
0,3,22,34,7,65,59,88,91,19,93,9,69,107,28,2,47,18,15,44,52,42,100,45,74,17,99,
6,8,75,27,67,14,43,10,68,39,26,32,31,24,20,
18,15,28,42,52,
59,17,2,28,15,44,52,42,9,74,100,
37,99,74,81,52,71,42,100,92,34,0,65,3,84,9,51,22,15,44,104,17,40,69,28,2,88,59,
3,6,40,9,2,39,0,51,8,72,
56,78,11,76,14,46,38,64,60,106,
24,31,2,27,9,96,70,6,3,32,37,8,10,39,29,0,77,20,55,40,72,43,
51,22,71,77,108,27,114,31,2,118,40,96,9,72,20,70,6,29,0,10,39,55,32,3,37,8,
6,31,8,95,62,43,14,27,67,20,78,26,75,46,39,10,68,32,61,24,
3,37,42,52,34,92,9,51,22,74,15,44,17,40,69,28,2,59,84,0,65,
11,56,60,38,64,46,14,78,
3,17,51,39,0,2,9,22,40,6,71,8,72,
24,43,55,96,31,6,32,39,27,20,10,8,112,
3,65,22,0,84,34,92,99,88,59,117,91,52,69,17,2,28,18,15,44,100,42,9,45,74,
15,53,63,64,79,66,19,58,45,110,18,38,1,30,85,56,11,115,120,33,
34,7,65,99,93,101,19,107,9,91,17,11,69,28,2,18,15,44,52,30,59,117,103,45,74,129,42,100,
30,91,93,11,28,18,15,44,19,103,45,74,100,42,52,17,
32,39,2,28,69,40,17,104,44,73,51,9,84,55,3,94,59,0,34,92,8,37,65,6,71,82,22,81,72,70,20,
14,42,46,109,33,120,115,11,56,85,30,1,146,15,53,79,66,63,35,64,38,19,58,103,45,23,110,18,
30,57,26,62,10,50,137,75,46,27,56,95,49,78,11,76,102,14,67,38,64,60,19,106,
68,75,10,113,60,95,121,78,27,14,46,67,128,
30,58,66,137,46,56,49,78,11,76,102,14,64,60,19,106,38,67,
10,39,8,6,96,
19,45,17,74,100,52,28,15,44,18,42,133,
28,34,44,55,59,70,94,108,20,136,72,143,39,0,3,17,2,9,51,22,40,6,71,37,8,
39,70,72,34,81,59,28,17,44,65,94,3,8,37,0,2,9,51,22,40,6,71,84,
30,56,46,60,38,64,58,19,11,14,66,
66,38,30,58,45,19,18,15,115,11,127,
5,29,42,48,52,73,15,74,77,80,82,92,94,2,9,40,69,8,37,20,72,39,3,32,71,116,81,22,51,70,84,55,114,108,104,17,6,65,44,28,0,59,34,
51,108,0,8,10,39,6,9,125,96,70,27,114,31,2,32,3,55,40,20,72,
24,108,0,37,8,10,39,6,9,125,96,70,27,114,31,2,32,3,55,40,20,72,
64,27,128,76,67,43,14,78,121,95,60,26,113,46,75,10,68,
60,46,14,78,
17,24,34,43,94,2,31,9,27,40,108,71,77,51,22,139,72,20,70,6,29,118,0,116,10,39,114,55,32,3,96,37,8,112,
0,65,34,92,19,93,99,91,69,18,134,117,59,2,28,15,44,52,17,133,9,45,74,129,42,100,
15,53,46,14,60,79,110,123,58,19,45,1,30,85,56,38,64,11,115,66,33,120,18,
112,72,20,40,55,3,32,2,31,161,70,22,51,108,0,8,39,10,6,96,125,9,114,27,
24,62,64,27,128,102,76,67,43,14,49,78,121,95,31,60,26,113,68,10,46,75,
32,20,55,74,17,104,28,3,94,34,92,72,44,70,157,39,8,37,59,0,2,9,51,81,22,40,69,65,6,71,84,143,108,
64,76,128,152,26,113,68,10,60,95,121,78,27,14,75,46,67,
2,59,155,19,45,74,52,28,15,44,18,100,42,17,133,
6,24,31,26,113,27,67,8,95,14,43,20,78,75,46,10,39,68,32,
3,6,40,84,71,0,9,51,22,74,44,17,28,2,59,72,8,
75,108,0,70,40,112,144,114,27,24,72,43,55,125,96,2,31,6,3,32,20,68,39,10,8,
17,30,45,19,11,127,52,28,15,44,18,42,133,
68,10,95,102,121,142,67,38,64,11,76,128,27,56,60,75,46,137,14,49,78,19,106,
7,29,80,74,15,52,42,100,108,116,20,70,72,9,51,73,44,99,40,69,17,104,28,2,39,32,3,149,84,55,94,59,0,34,92,8,37,65,6,71,82,22,81,
66,14,11,123,19,58,64,38,60,46,56,30,158,
71,112,22,51,161,72,136,20,40,55,3,32,2,31,114,27,162,6,24,108,0,37,8,39,10,125,9,96,70,
7,30,37,51,88,84,22,18,134,69,19,92,93,34,40,99,117,91,65,59,0,145,107,166,2,28,103,44,52,17,9,104,45,15,133,74,11,129,101,42,100,3,
11,60,64,46,14,78,
3,6,39,65,84,71,0,9,51,22,44,17,28,2,59,72,8,40,
64,10,75,60,121,78,14,46,67,128,
8,71,44,51,81,22,15,74,9,92,34,52,42,100,129,3,37,141,17,45,104,99,40,69,28,2,117,84,59,0,65,134,18,91,
24,14,43,75,68,10,39,8,112,6,32,67,154,125,96,31,20,27,
22,1,63,79,33,92,56,115,38,130,45,19,129,11,69,133,74,15,103,44,28,91,0,59,58,117,18,30,148,100,52,17,147,120,2,93,34,66,7,65,99,42,101,107,127,9,
18,46,30,56,64,58,19,11,14,66,
3,65,51,22,0,84,18,134,17,59,2,28,15,44,52,9,74,42,100,92,
47,72,73,80,19,8,94,107,7,70,129,134,71,88,117,92,93,34,40,99,84,81,22,51,91,59,0,145,6,124,65,3,52,69,135,17,2,28,18,44,100,42,9,104,45,15,74,82,141,37,
24,31,32,27,75,68,10,39,95,8,112,6,113,43,14,154,125,96,67,20,
24,40,55,75,43,72,0,68,10,39,8,112,6,32,154,125,96,2,31,20,27,108,
128,67,14,27,78,121,95,31,60,113,46,75,10,68,
14,75,68,10,39,8,112,6,32,67,154,125,96,31,20,27,
42,52,56,159,120,66,38,30,58,45,19,18,15,115,11,127,
20,39,72,73,80,19,8,94,107,7,70,129,134,71,88,117,92,93,34,40,99,84,81,22,51,91,59,0,145,6,124,65,3,52,69,135,17,2,28,18,44,100,42,9,104,45,15,74,82,141,37,
1,22,65,92,99,107,69,101,42,100,18,134,28,52,129,11,19,45,44,103,0,59,17,15,74,133,2,155,30,148,91,93,127,9,130,66,117,176,58,
94,17,143,70,32,40,20,136,72,161,51,22,112,71,3,180,6,2,31,55,114,27,162,24,108,0,8,39,10,125,9,37,96,
30,56,60,38,64,58,19,11,46,66,14,78,
46,52,79,42,120,93,64,56,123,66,38,30,58,103,45,19,18,15,115,11,127,159,130,
56,79,120,52,42,130,159,133,66,38,30,58,103,45,19,18,44,15,28,115,11,127,
31,50,53,57,27,68,26,85,95,79,45,18,153,66,14,11,106,58,38,67,1,60,46,75,56,30,158,49,19,137,78,76,43,102,142,113,64,123,121,128,10,110,33,
79,45,76,18,115,78,142,158,179,66,14,11,123,106,19,58,64,38,60,46,56,30,
0,24,55,14,43,72,75,68,10,39,8,112,6,32,67,154,125,96,31,20,27,
1,33,127,11,28,18,19,45,44,103,58,30,38,66,15,74,133,17,130,101,42,159,100,52,120,91,107,93,79,115,56,
99,18,134,65,0,84,59,2,28,69,40,17,141,8,37,3,71,100,42,52,34,92,9,74,22,51,15,44,
33,79,45,76,18,115,78,142,158,179,66,14,11,123,106,19,58,64,67,38,60,46,56,30,
93,133,127,11,28,115,44,15,79,195,52,42,130,159,120,56,30,66,38,58,103,45,19,18,
8,19,104,91,28,2,17,134,18,84,81,22,51,65,3,0,59,117,71,189,44,52,9,133,15,74,42,100,129,92,34,141,37,99,40,69,
15,53,79,110,115,76,18,45,33,120,78,142,158,179,66,14,11,123,106,19,58,64,38,60,46,85,56,1,30,
18,39,70,94,104,17,51,81,22,9,174,99,40,69,71,42,100,84,3,44,74,15,28,2,0,59,72,8,37,141,52,34,92,6,65,134,
11,27,95,67,64,68,184,10,31,60,164,121,78,14,75,46,128,113,
28,34,44,59,70,108,20,136,72,143,39,0,32,3,17,2,96,9,51,22,40,6,71,37,8,
24,75,112,108,0,43,72,20,27,114,68,10,39,37,8,6,154,125,96,70,31,2,32,3,55,40,
38,58,66,155,176,133,17,30,74,45,19,11,127,52,28,15,44,18,100,42,
20,32,50,57,61,58,30,153,163,31,169,68,66,184,10,128,164,46,75,14,49,62,121,177,60,64,67,38,95,43,102,24,142,171,26,113,11,76,27,56,78,137,19,106,152,
80,116,117,134,88,100,42,141,82,73,149,18,136,156,108,69,37,70,135,17,104,44,51,81,22,9,174,94,157,39,71,143,84,114,55,183,65,6,3,91,32,28,2,0,59,72,8,99,40,15,74,52,170,20,34,92,
93,34,107,166,52,100,159,42,101,3,130,17,133,15,74,66,38,205,91,120,33,92,9,11,2,129,18,44,103,19,58,117,176,45,1,30,148,79,197,115,56,22,65,99,69,7,134,127,0,59,28,155,147,88,123,64,110,85,84,63,
14,17,1,33,110,38,130,159,52,46,101,42,120,66,79,30,201,58,45,19,195,18,103,44,74,133,15,28,56,115,11,127,200,93,64,123,
51,136,9,68,10,39,27,20,72,43,0,108,112,75,162,24,40,67,8,6,154,125,214,37,96,70,31,2,32,3,114,55,192,
56,79,91,120,155,58,38,66,159,2,176,133,17,30,103,74,45,19,11,127,52,115,28,15,44,18,100,42,
15,78,79,115,45,120,158,60,38,58,19,123,18,46,30,56,64,11,188,14,66,179,
80,99,100,39,157,70,92,94,20,43,170,52,8,72,59,0,118,2,28,44,162,32,3,6,65,55,114,84,143,71,40,174,74,15,81,51,104,17,37,96,69,10,108,24,125,27,31,22,149,34,161,9,136,77,73,82,141,42,139,156,29,116,112,
28,75,116,144,168,96,37,68,9,125,10,22,51,72,20,77,136,40,32,43,161,70,143,27,17,44,162,94,198,24,112,71,3,180,6,2,31,114,55,108,59,118,0,8,39,
61,125,20,78,8,67,95,154,96,132,14,102,43,27,113,26,112,171,31,60,24,6,64,173,75,46,39,68,32,76,10,128,152,62,121,
96,37,125,10,69,39,157,8,0,59,118,108,24,162,44,27,114,55,31,2,6,65,180,3,71,112,149,22,81,51,72,9,136,77,20,40,32,70,43,170,52,74,15,17,104,28,94,161,34,92,84,143,168,29,156,73,82,141,42,116,
104,91,18,117,100,134,69,92,52,42,17,44,51,9,174,94,71,183,65,6,3,28,2,0,59,72,8,37,99,40,15,74,39,157,70,34,22,81,84,143,141,
15,67,158,142,18,76,45,14,11,188,66,79,58,106,78,19,123,64,38,46,115,56,203,85,30,60,1,179,120,33,110,
22,71,26,144,192,55,114,3,32,108,72,20,136,27,0,39,10,68,9,154,125,51,161,43,220,75,162,112,24,40,67,8,96,214,37,6,70,31,2,
15,31,50,53,57,110,152,153,113,49,75,27,121,43,102,95,128,10,120,179,158,18,76,163,45,14,66,79,33,142,11,106,137,78,19,58,85,26,203,182,123,64,67,38,1,60,164,46,115,56,207,30,177,68,
30,78,11,60,64,46,14,182,66,38,67,164,19,58,56,
8,141,11,129,117,69,91,40,99,28,2,17,134,18,84,81,22,51,65,3,0,59,71,189,44,52,9,133,15,74,104,45,42,100,92,172,37,155,19,166,34,93,
53,63,17,85,91,107,33,110,28,30,38,123,64,93,120,101,42,158,66,79,52,46,200,58,44,103,45,19,195,18,74,133,15,56,115,11,127,159,130,14,1,60,
51,22,2,31,37,96,154,125,40,3,32,136,20,6,8,0,39,10,9,68,72,43,27,114,55,70,108,112,75,71,
45,115,38,123,58,19,18,46,30,56,64,188,14,66,11,127,15,
34,66,69,40,99,37,155,28,2,176,17,134,18,84,22,51,65,3,0,59,30,189,103,44,52,133,15,74,45,42,100,92,19,129,11,9,127,172,
72,94,91,117,129,104,45,19,69,28,2,84,59,0,6,65,17,134,18,40,99,206,3,141,8,155,37,189,71,100,42,52,34,92,9,81,22,51,133,74,15,44,
52,92,69,104,32,136,20,108,17,44,51,9,174,94,71,143,84,114,55,183,65,6,3,28,2,0,59,72,8,96,37,40,156,15,74,39,157,70,34,22,81,
60,123,93,64,46,127,11,115,15,79,195,52,42,130,14,188,159,120,56,30,66,38,58,103,45,19,18,
46,64,123,127,11,115,15,79,195,52,42,14,159,120,56,30,66,38,58,45,19,18,
40,61,72,0,108,62,121,60,152,125,96,32,6,64,67,8,154,95,39,128,10,75,46,132,191,14,43,76,194,20,78,31,27,24,113,144,26,112,171,68,186,55,173,
84,65,8,37,71,6,40,22,51,183,9,96,2,17,3,32,44,70,28,34,59,72,108,20,136,143,213,39,0,
2,40,108,60,121,46,78,112,128,10,39,75,72,43,191,14,113,144,26,24,0,6,32,8,67,95,154,125,96,31,20,194,204,27,68,186,55,173,
66,73,80,124,147,148,94,74,15,9,44,103,189,71,100,42,101,117,59,127,0,3,65,133,6,82,209,91,135,8,58,185,19,84,104,17,52,81,22,51,2,129,11,70,92,34,93,141,37,28,155,99,40,69,206,88,181,134,7,18,145,107,47,174,72,45,172,30,157,166,39,
3,22,34,65,79,92,69,99,45,30,0,59,17,66,19,155,127,9,58,176,120,2,38,215,52,28,56,115,74,133,15,103,44,18,134,42,11,129,172,100,159,
3,51,84,172,34,93,59,0,134,69,166,107,40,99,33,92,65,22,1,130,201,117,176,58,215,38,155,17,2,120,91,66,197,79,195,18,148,30,45,19,129,11,9,127,52,56,115,28,133,74,15,221,103,44,159,100,101,42,
6,20,32,39,58,30,158,163,26,152,171,106,60,31,68,66,184,8,67,212,38,27,56,11,62,121,95,123,64,182,49,14,193,75,164,46,10,128,113,24,142,177,43,102,76,19,78,137,
56,27,113,19,164,67,64,68,184,10,31,60,121,78,182,43,14,75,46,128,11,
60,121,3,70,162,46,78,144,26,113,112,128,10,9,186,68,39,75,72,43,191,14,114,173,55,24,0,6,32,8,67,95,154,125,37,96,31,2,20,194,204,27,192,40,108,
24,32,115,56,18,45,163,79,33,207,30,15,142,113,46,164,75,14,78,19,10,137,95,179,120,121,62,11,27,67,64,123,182,193,66,68,158,31,60,128,1,106,58,38,76,203,153,26,212,85,199,102,43,49,171,53,152,110,184,57,177,50,
46,64,123,127,11,115,15,79,195,52,42,14,159,120,56,30,66,38,58,103,45,19,18,
2,3,112,10,68,39,75,46,72,43,14,55,113,24,0,6,32,8,67,95,154,125,96,31,20,194,78,204,27,108,40,
20,32,34,17,44,51,22,9,37,96,174,39,71,183,65,6,3,28,2,0,59,72,8,40,69,74,84,143,136,108,92,70,52,
3,51,22,84,134,69,99,92,93,34,65,166,0,59,172,130,201,117,176,58,215,38,155,17,2,120,91,66,79,195,18,30,45,19,129,11,9,127,52,56,115,28,133,74,15,221,103,44,159,100,42,
11,73,80,114,124,88,37,135,8,185,72,155,28,3,65,183,94,0,59,174,136,9,51,91,82,209,32,117,52,170,44,145,18,7,134,69,104,45,17,92,71,189,227,100,42,99,40,15,74,6,133,157,70,2,129,34,93,22,81,211,84,143,141,19,206,20,55,108,39,166,156,
40,63,51,84,104,64,42,101,100,159,44,103,221,15,133,205,115,56,52,9,11,19,30,148,18,195,79,197,66,91,120,129,2,17,28,155,38,215,58,176,117,208,93,34,3,130,1,33,92,107,166,74,201,22,65,99,69,7,134,127,0,59,45,172,147,123,
20,55,104,108,91,117,94,70,174,72,157,39,69,28,2,143,84,59,0,6,183,65,17,134,136,18,40,99,206,3,141,8,37,189,71,100,42,52,34,92,9,81,22,51,74,15,44,
11,73,114,88,37,135,8,185,72,155,28,3,65,183,94,0,59,174,136,9,51,91,82,209,32,117,52,170,44,18,7,134,69,104,45,17,92,71,189,227,100,42,99,40,15,74,6,133,157,70,2,129,34,93,22,81,211,84,143,141,19,206,20,55,108,39,166,156,
27,42,49,52,53,95,102,75,113,121,10,128,103,130,127,159,199,33,79,66,14,222,45,188,11,76,18,142,158,67,38,15,110,228,58,106,137,19,78,182,123,64,164,46,115,56,203,85,207,30,1,60,120,179,
113,121,128,27,60,31,78,20,194,43,14,46,75,10,68,39,95,8,112,6,32,96,125,67,154,
72,94,147,88,9,44,103,189,71,130,3,65,51,22,81,52,84,145,18,7,134,127,0,59,232,141,8,99,40,11,117,176,185,58,91,209,6,133,15,74,17,69,129,2,104,42,101,100,92,45,172,37,28,155,19,166,107,34,93,206,70,197,1,30,148,66,181,
52,70,92,108,136,39,8,9,37,96,22,51,174,44,34,20,32,3,17,253,71,183,65,6,28,2,0,59,72,40,69,15,74,84,143,
120,64,56,123,52,42,14,159,46,133,66,38,30,58,45,19,18,15,28,115,11,127,
40,108,60,121,112,68,39,75,46,72,43,191,14,55,113,24,0,6,32,8,67,95,154,125,96,31,20,194,78,204,27,10,128,
28,34,168,143,17,94,198,14,24,44,162,192,144,26,229,71,75,136,20,32,180,3,40,125,154,214,96,37,67,8,31,2,234,22,51,6,59,0,39,10,9,68,72,220,161,43,204,27,114,55,70,108,112,
84,88,76,111,147,34,166,188,176,117,9,148,146,19,172,45,103,44,58,200,79,197,66,158,99,42,101,93,64,123,38,53,63,46,17,106,233,56,115,30,85,120,33,219,92,91,107,179,52,110,155,28,78,205,195,18,133,142,15,11,2,129,159,100,3,130,14,1,60,74,201,208,22,65,69,7,134,127,0,59,
42,75,121,128,103,130,127,159,199,33,79,66,14,222,45,188,11,76,18,142,158,67,38,15,110,228,58,106,19,78,182,123,64,164,46,115,56,203,85,207,30,1,60,120,179,
10,27,31,77,93,107,118,124,96,125,45,185,206,189,19,37,72,129,2,28,3,133,6,65,183,94,0,59,174,51,91,32,117,52,170,44,145,18,9,136,7,134,69,104,17,8,135,92,71,227,100,42,99,40,217,15,74,39,157,70,34,81,211,84,143,141,209,82,80,116,88,73,22,149,29,156,108,114,55,20,
22,71,51,136,194,9,68,10,39,20,72,43,14,0,108,112,75,24,40,67,8,6,154,125,214,37,96,70,31,2,32,3,114,55,27,204,
18,106,24,142,102,43,163,26,152,76,171,158,179,67,38,212,95,14,123,182,64,46,164,75,193,60,31,11,137,19,78,30,58,56,27,68,66,184,121,10,128,231,113,199,
9,11,76,132,14,37,164,75,193,128,10,39,95,8,194,67,191,64,6,43,102,72,40,152,0,108,121,62,3,60,125,184,96,61,2,32,20,78,31,154,27,204,24,113,144,26,112,171,68,186,55,46,173,241,114,225,192,175,70,163,106,56,
70,94,69,34,37,141,28,2,17,134,18,84,22,51,174,3,0,59,44,52,9,133,15,74,42,100,189,71,92,65,183,6,39,72,8,40,
11,27,67,64,68,184,10,31,60,164,121,78,43,14,75,46,128,113,
56,63,120,131,143,115,38,159,176,1,232,39,166,157,30,172,45,72,174,47,107,145,18,91,209,82,141,124,65,6,133,15,74,59,0,127,9,101,42,100,71,189,117,244,58,185,80,66,20,147,79,206,88,130,3,148,73,44,103,94,8,135,17,19,211,84,104,52,81,22,51,2,129,11,197,70,92,34,93,37,155,28,99,40,69,181,7,134,
18,80,100,139,174,175,183,213,68,75,224,116,42,81,22,149,31,112,198,71,3,180,65,6,55,114,154,27,44,162,24,99,226,108,96,37,125,8,69,10,39,157,0,118,59,2,51,72,9,136,77,20,40,32,70,43,170,52,74,15,144,17,104,28,94,161,34,92,84,143,168,29,156,73,82,141,
201,130,93,208,17,155,46,66,240,14,100,159,52,123,64,42,120,263,30,176,58,45,44,103,19,74,133,251,15,28,56,115,188,11,127,79,18,195,38,215,
20,32,43,39,6,96,106,60,31,68,66,184,8,67,212,38,27,56,11,121,95,64,182,19,78,14,193,75,164,46,10,128,113,171,26,24,142,76,152,
60,120,52,42,79,195,15,127,11,66,235,103,45,123,58,19,159,14,188,115,38,64,18,46,30,56,
63,124,47,174,195,115,159,38,120,56,236,181,66,148,30,1,197,70,79,206,93,99,40,135,8,141,9,84,52,81,22,51,232,127,0,59,18,145,147,215,88,189,71,3,130,44,103,72,134,261,7,221,94,65,11,117,176,185,58,91,209,6,133,15,201,74,17,69,129,2,104,42,101,100,92,45,172,37,155,28,19,39,166,107,34,
30,58,11,128,46,75,14,43,66,95,182,78,121,248,27,56,113,193,19,164,38,212,67,64,184,68,10,60,31,
28,118,60,121,128,204,96,37,214,27,154,95,8,6,0,24,78,67,194,20,125,252,75,31,2,32,3,180,113,55,114,112,68,59,186,10,39,173,46,72,43,161,220,14,191,108,40,234,175,51,22,9,136,70,229,26,17,144,192,162,71,198,94,143,168,
81,101,104,107,66,91,120,17,37,38,215,176,117,58,189,59,236,130,3,195,18,51,22,84,134,69,99,40,34,93,92,65,166,79,30,148,172,45,19,2,129,11,9,0,254,127,245,52,56,115,155,28,133,201,74,15,221,103,44,159,100,42,141,
70,144,26,192,2,128,10,27,204,78,46,252,75,72,43,191,14,39,186,68,112,60,31,40,3,121,108,264,32,173,55,113,24,0,6,8,67,95,154,125,96,20,194,
58,163,173,152,76,142,24,26,112,171,113,128,10,46,164,154,95,68,125,66,184,39,60,31,106,96,8,67,212,38,6,182,64,32,20,19,78,43,191,14,277,27,56,11,121,193,75,
40,70,108,112,68,39,75,46,72,43,14,55,113,24,0,6,32,8,67,95,154,125,96,31,60,20,194,78,204,27,10,128,3,121,
66,73,107,88,103,148,156,176,58,185,82,209,145,18,7,134,183,65,143,211,84,40,99,69,20,72,55,232,94,17,104,91,59,127,0,117,30,157,108,174,70,2,129,11,206,257,3,141,8,37,28,155,189,71,227,100,42,52,34,93,92,136,9,81,22,51,74,15,6,133,44,237,19,45,172,39,166,
94,104,108,32,20,70,55,114,100,134,18,136,69,17,44,51,22,9,174,39,71,42,183,65,6,3,28,2,0,59,72,8,96,37,99,40,15,74,84,143,141,52,34,92,
18,96,6,32,39,20,163,26,152,112,171,106,49,76,24,142,177,158,179,199,31,60,68,8,67,38,212,56,27,248,62,121,137,19,78,123,64,182,184,66,95,102,43,14,193,75,164,46,10,128,11,113,231,30,58,
18,61,62,75,11,56,277,14,43,102,78,19,20,32,191,64,182,123,6,38,212,67,8,96,106,60,39,184,193,66,125,68,186,95,27,154,164,137,10,128,113,231,171,112,26,24,142,76,152,121,248,30,58,199,179,31,158,177,49,46,173,163,
61,62,94,132,143,152,168,175,180,20,96,37,214,243,95,194,67,8,6,0,24,113,55,114,32,108,121,3,40,31,60,112,68,186,39,14,64,191,43,161,220,72,249,75,125,252,193,173,46,78,204,154,27,264,10,128,2,70,162,17,144,26,192,234,51,22,9,136,71,229,
84,34,166,117,9,148,59,134,69,99,65,22,197,199,76,203,208,60,1,18,195,172,45,222,103,44,221,58,235,176,38,215,240,63,66,30,56,115,106,233,120,129,2,146,19,205,78,251,142,15,133,46,93,64,123,239,0,127,11,188,130,159,100,14,79,179,52,42,101,92,219,53,17,85,91,107,33,110,158,200,28,155,74,201,
94,143,70,6,214,37,96,40,24,75,112,108,0,8,269,252,125,95,68,186,71,22,51,128,39,9,136,67,194,20,14,191,72,43,161,220,31,2,32,3,121,180,114,55,154,27,204,10,264,60,173,46,113,78,234,229,26,17,144,192,162,168,
0,40,55,113,121,128,27,60,31,78,20,194,43,72,14,46,75,10,68,39,95,8,112,6,32,96,125,67,154,
53,43,163,153,26,152,171,49,58,235,110,228,38,67,15,142,18,106,45,267,33,31,158,42,75,11,188,127,68,121,199,137,10,103,14,159,130,79,193,66,57,184,19,78,182,123,64,164,46,115,56,76,203,207,30,128,1,60,120,52,179,231,113,85,212,27,222,95,50,177,102,
63,147,123,64,46,200,205,71,8,232,197,1,33,246,14,141,42,100,159,44,40,99,69,84,22,208,81,51,7,134,145,18,195,189,3,130,58,117,176,59,236,107,166,101,120,91,104,17,66,37,38,88,215,34,93,92,65,79,30,148,45,172,19,2,129,11,9,254,0,127,245,52,56,115,282,155,28,133,15,74,201,221,103,
20,71,189,42,74,15,52,44,103,59,127,0,3,174,51,22,81,70,11,94,69,17,272,18,9,136,134,34,93,37,141,155,28,129,2,84,143,92,65,183,133,6,30,157,72,8,40,99,237,91,117,104,19,206,100,227,45,172,39,166,55,
24,43,52,75,92,31,27,112,125,69,10,114,55,156,94,74,174,68,9,51,81,22,40,96,37,8,71,183,65,6,242,154,213,157,39,2,17,3,32,44,70,28,34,0,59,72,108,20,136,84,143,
77,116,118,82,73,168,43,170,125,10,24,162,27,31,180,112,2,238,28,6,65,183,242,144,17,253,3,32,91,44,0,59,174,52,39,157,70,92,108,20,18,96,37,136,9,262,8,149,22,81,51,72,40,99,69,15,74,211,84,143,213,104,94,114,55,156,117,227,100,134,42,141,206,71,198,34,161,
152,192,182,64,11,212,26,144,2,128,10,27,204,19,78,164,46,193,75,72,43,191,14,39,186,68,171,112,60,31,40,62,121,108,264,32,173,55,113,260,24,0,6,8,67,95,154,184,243,125,96,20,76,194,
Future sets, 
187,108,218,204,77,104,189,254,161,48,175,285,197,70,114,241,183,143,174,136,192,299,246,252,256,264,166,293,40,162,138,265,124,243,116,281,165,292,97,224,206,145,272,287,160,290,94,227,286,73,190,157,275,217,168,295,236,245,118,237,296,51,178,126,253,135,262,180,298,214,291,37,149,234,269,131,258,81,229,271,242,213,181,249,122,220,279,274,283,156,232,105,223,282,80,257,71,198,266,139,196,255,244,185,226,84,211,238,170,297,261,209,82,268,141,89,
279,250,205,146,291,233,246,187,274,63,150,295,266,218,36,210,111,35,267,109,167,256,197,261,202,110,228,219,294,230,259,119,
252,114,299,172,59,214,229,145,272,213,287,160,243,116,234,262,135,255,196,69,269,253,168,295,227,286,274,147,283,156,218,71,198,189,73,190,131,258,242,183,124,104,181,54,221,94,232,105,37,291,245,118,236,149,22,266,139,89,197,296,237,178,51,238,170,297,275,157,185,226,99,217,175,48,166,271,9,136,254,224,192,65,88,206,244,117,122,249,162,220,279,92,161,34,165,292,174,281,223,282,298,180,211,84,143,290,261,134,265,138,256,268,141,209,82,81,246,187,80,257,
285,254,252,246,218,189,183,174,143,136,161,114,256,104,175,48,162,138,265,124,116,281,165,292,224,206,145,272,287,160,290,94,227,286,73,190,157,275,217,168,41,295,236,245,118,237,296,178,253,135,262,180,298,214,37,149,234,269,131,258,81,229,271,242,213,54,181,249,122,220,279,274,283,156,232,105,223,282,80,257,198,266,139,196,255,244,185,226,211,238,170,297,261,209,82,268,141,89,

160,122,89,54,41,
247,183,174,173,143,140,136,132,108,112,194,260,191,225,186,277,237,94,261,262,242,272,213,211,244,274,227,196,284,157,190,279,70,285,226,268,269,288,161,220,289,162,122,249,293,175,234,55,125,252,116,243,253,126,192,296,178,149,299,114,241,271,144,118,286,168,255,96,223,154,281,275,217,156,283,292,165,97,224,83,204,77,264,214,87,290,160,287,258,229,170,297,238,298,180,138,265,257,139,198,
258,178,261,256,295,266,16,190,181,268,255,47,279,244,187,274,218,131,196,286,54,147,89,124,
247,232,209,206,185,173,140,132,112,194,260,191,225,186,277,94,143,136,108,174,183,237,72,261,262,242,272,213,211,244,274,227,196,284,157,190,279,70,285,226,268,269,288,161,220,289,162,122,249,293,175,234,55,125,252,116,243,253,126,192,296,178,149,299,114,241,271,144,118,286,295,168,255,96,223,154,281,275,217,156,283,292,165,97,224,83,204,77,264,214,87,290,160,287,258,229,170,297,238,298,180,138,265,257,139,198,
271,162,92,88,65,136,220,48,166,161,34,117,244,185,157,275,237,296,51,178,238,297,170,249,122,99,226,224,165,292,281,223,217,298,180,211,84,174,279,290,134,261,143,206,138,265,268,141,209,82,81,282,246,187,80,257,254,256,197,89,139,266,22,149,236,118,245,291,105,232,94,54,181,104,124,183,242,258,131,190,73,189,198,71,218,156,147,274,286,227,295,168,253,269,69,196,255,135,262,234,116,160,287,213,272,145,229,
268,184,139,113,198,180,168,112,95,152,212,177,193,194,68,151,230,162,289,204,86,175,234,293,294,264,192,220,43,297,61,173,202,260,186,273,214,280,277,248,171,298,62,269,223,252,226,285,169,140,144,271,126,241,299,270,216,275,249,292,165,283,224,138,265,243,154,281,290,163,191,259,132,250,229,161,288,225,284,247,
258,255,232,299,182,176,148,296,181,66,63,130,197,261,244,58,188,248,271,56,137,247,120,270,123,250,179,263,288,111,246,119,187,53,103,230,289,256,79,212,85,203,219,278,151,210,38,215,147,274,142,201,115,233,231,240,205,273,146,251,222,153,280,221,199,284,245,158,276,216,98,177,295,291,235,202,239,218,286,159,277,150,266,207,127,254,195,236,109,294,167,259,200,279,208,267,110,101,228,282,


295,263,251,219,265,204,194,235,276,188,186,240,113,191,90,86,252,128,173,78,164,291,179,158,285,177,119,60,216,270,152,212,271,171,289,230,132,259,288,283,225,284,76,203,140,267,210,151,278,150,277,182,241,169,228,199,239,266,207,250,202,102,247,293,294,167,292,106,233,137,264,260,269,142,299,281,95,222,163,290,231,121,248,273,153,280,193,184,243,249,
250,222,210,146,133,195,240,176,235,263,122,107,267,167,294,259,201,278,150,230,103,189,172,178,185,215,88,206,205,141,268,209,272,145,134,261,246,187,217,276,226,99,262,135,190,258,131,255,196,233,159,286,100,227,221,279,266,295,236,251,124,147,274,127,254,91,218,181,298,239,130,257,244,117,232,291,197,129,256,166,155,282,223,237,296,93,211,208,200,228,101,219,238,111,160,287,148,275,245,

176,198,290,165,292,143,89,81,80,221,205,88,215,233,74,73,65,245,219,92,185,117,244,232,105,291,160,287,223,155,282,279,276,149,261,134,258,131,190,286,100,227,295,59,236,237,296,178,148,275,157,84,211,124,242,183,281,104,265,206,213,172,156,147,274,253,224,166,197,129,256,266,254,217,246,187,189,218,135,262,272,145,174,298,238,257,297,170,99,226,122,181,82,209,268,141,255,69,196,
289,288,287,270,211,206,189,188,133,209,227,298,217,230,103,210,167,294,250,228,101,110,237,257,130,201,245,251,221,127,254,258,131,239,200,259,146,205,278,219,107,166,202,261,115,233,222,240,181,185,117,244,45,172,263,272,145,176,235,215,203,155,282,195,120,207,266,275,148,268,150,93,276,91,218,274,147,187,246,291,232,279,208,267,63,190,295,109,236,129,256,197,111,196,255,159,286,296,
248,209,177,299,172,176,98,296,148,255,196,181,232,258,131,166,268,93,66,190,63,130,247,120,270,123,250,179,263,288,111,246,119,256,79,197,233,115,291,146,205,207,266,277,150,295,208,267,188,237,110,101,228,284,244,215,147,274,153,280,221,231,202,261,199,158,276,216,58,235,222,251,245,219,151,278,240,239,127,254,195,236,109,279,203,85,210,218,286,159,294,167,103,230,289,201,259,200,155,282,187,
277,274,262,247,216,242,213,196,173,140,132,186,284,225,194,191,260,112,285,226,268,269,288,161,220,289,162,249,293,175,234,55,252,116,243,253,126,192,296,178,149,299,114,241,271,144,118,286,168,255,223,281,275,217,156,283,292,165,97,224,83,204,77,264,214,87,290,160,287,258,229,170,297,238,298,180,138,265,257,139,198,

245,197,187,89,291,181,104,256,124,236,189,218,246,254,282,81,80,73,131,258,94,141,268,82,209,149,265,206,156,274,286,227,257,266,139,190,198,71,253,269,168,295,183,242,196,255,135,262,234,116,105,232,160,287,213,145,272,229,143,261,290,279,174,84,211,180,298,217,223,281,292,165,224,226,122,170,297,238,178,296,237,275,157,185,244,
150,35,
277,270,247,214,269,252,192,264,186,173,169,198,220,223,250,191,132,83,138,284,225,204,86,289,144,140,290,271,126,241,299,297,61,175,292,281,288,229,216,275,249,162,165,283,224,265,243,298,180,285,226,
83,
265,202,243,247,169,140,151,86,173,216,62,294,283,290,271,241,299,270,61,229,288,250,132,277,225,284,289,230,171,292,163,281,249,
268,151,139,198,180,168,112,83,152,212,177,193,194,230,162,289,204,86,175,234,293,294,264,192,220,43,297,61,173,202,260,186,68,273,214,280,277,248,171,298,269,223,252,226,285,169,140,144,271,126,241,299,270,216,275,249,292,165,283,224,138,265,243,281,290,163,191,259,132,250,229,161,288,225,284,247,
281,265,224,213,156,176,263,133,107,89,208,81,80,172,221,205,88,215,174,92,219,233,201,74,189,262,135,242,183,124,65,298,129,256,197,257,104,238,170,297,122,181,82,209,69,196,255,245,99,226,223,155,282,185,117,244,291,105,232,134,261,279,276,149,84,211,217,148,275,157,160,287,253,190,131,258,237,178,296,286,100,227,295,236,268,141,206,147,274,272,145,266,91,218,187,246,166,254,
160,223,275,178,165,139,268,138,97,226,83,
296,231,199,188,181,215,176,158,216,280,153,148,244,261,197,207,266,205,146,254,195,236,109,219,151,278,203,85,239,240,63,222,251,79,256,218,286,159,245,147,274,187,233,115,291,221,279,295,150,111,288,208,267,110,228,202,210,276,167,294,235,230,289,201,246,119,259,200,282,98,263,179,250,123,270,120,247,130,
273,268,248,230,212,202,247,250,270,277,283,293,234,175,165,292,229,275,216,220,288,161,191,132,249,83,260,112,290,264,204,86,269,224,97,87,214,297,194,281,252,193,223,271,144,243,241,299,168,285,226,225,284,298,180,198,139,186,192,126,265,138,140,289,162,280,169,173,294,
277,262,250,247,216,242,213,173,149,140,132,253,126,118,178,229,220,288,161,191,249,260,83,214,87,264,204,77,269,298,180,112,283,275,281,252,223,226,285,139,198,170,297,238,268,265,138,224,97,194,290,165,292,234,293,175,271,144,116,243,299,168,225,284,186,192,241,114,160,287,258,255,217,289,162,
246,205,187,219,110,218,267,228,233,146,291,256,53,207,294,98,202,119,210,250,295,150,266,109,167,85,259,230,
265,253,245,236,242,213,254,262,135,291,237,178,296,295,149,217,275,157,190,73,286,227,131,258,81,156,279,232,105,223,282,80,257,196,255,244,185,122,181,226,211,298,238,297,170,261,209,82,268,141,89,266,104,160,287,256,124,206,274,147,272,145,218,187,246,165,166,
150,

271,253,236,234,269,214,242,213,181,220,229,180,262,135,237,178,296,295,118,149,217,275,157,190,73,286,227,258,81,274,156,279,232,105,223,282,80,257,198,139,196,255,244,185,249,122,226,211,298,238,297,170,261,209,82,268,141,89,94,290,160,287,272,206,224,292,165,281,116,124,265,138,162,
231,215,199,158,284,142,216,177,280,153,205,146,219,151,278,203,85,240,222,251,245,274,79,256,233,115,291,53,230,289,235,98,202,239,210,221,277,150,266,207,254,195,109,294,167,259,200,279,295,208,267,110,228,218,159,276,201,282,187,119,246,111,288,263,179,250,123,270,120,247,137,
279,247,211,196,272,183,173,244,227,274,143,140,136,132,108,112,194,262,260,191,225,157,284,186,213,242,277,285,226,268,269,288,161,220,289,162,249,293,175,234,55,125,252,116,243,253,126,192,296,178,149,299,114,241,271,144,118,286,168,255,96,223,154,281,275,217,156,283,292,165,97,224,83,204,77,264,214,87,290,160,287,258,229,170,297,238,298,180,138,265,257,139,198,
293,264,256,252,246,236,299,192,181,136,124,282,81,73,185,237,174,143,94,82,209,206,183,105,232,261,135,262,224,223,281,229,170,297,238,258,287,160,241,114,275,157,217,70,285,226,290,243,116,175,234,279,220,161,162,190,298,180,269,165,292,71,198,139,257,255,196,295,168,286,227,271,214,141,268,178,296,118,249,122,265,138,149,283,156,274,244,211,213,272,242,253,

294,267,259,240,278,195,150,176,201,263,133,107,189,172,178,185,215,88,206,205,141,268,209,272,145,134,261,246,187,217,276,226,99,135,190,258,131,255,196,233,286,100,227,221,279,266,295,236,251,124,147,274,254,91,218,181,298,239,257,244,117,232,291,197,129,256,166,155,282,223,237,296,93,211,208,200,101,219,111,160,287,148,275,245,
297,277,260,280,248,223,273,214,269,252,226,285,202,220,192,264,186,173,169,294,293,234,175,298,144,204,86,230,289,138,140,290,271,126,241,299,270,292,216,275,249,165,283,224,265,243,281,163,191,132,250,229,288,225,284,247,
265,224,213,208,176,156,89,80,172,221,205,88,215,174,92,219,233,201,74,189,262,135,242,183,124,65,298,129,256,197,257,104,238,170,297,122,181,209,69,196,255,245,99,226,223,155,282,185,117,244,291,105,232,134,261,279,276,149,84,211,217,148,275,157,160,287,253,190,131,258,237,178,296,286,100,227,295,236,268,141,206,147,274,272,145,266,218,187,246,166,254,
185,176,172,215,145,240,120,263,195,207,222,235,203,115,244,166,107,155,282,219,278,205,146,261,202,200,259,239,268,150,93,276,218,147,274,187,246,233,291,232,279,208,267,190,63,181,295,236,266,148,256,197,111,196,255,159,286,296,131,258,254,221,251,245,201,130,237,110,101,228,250,294,167,210,103,230,
263,251,240,219,295,200,235,276,188,90,252,128,173,78,164,291,179,158,285,177,119,60,216,270,152,212,271,171,289,230,259,288,283,225,284,76,203,140,267,210,151,278,150,277,182,241,169,228,199,239,266,207,250,202,102,247,293,294,167,292,106,233,137,264,260,142,299,281,222,163,290,231,121,248,273,153,280,193,184,243,249,
279,244,190,274,131,
160,122,
247,151,294,216,90,119,177,153,250,259,288,230,289,202,169,
250,230,202,294,216,151,119,90,
254,246,236,189,161,220,136,181,124,256,104,282,81,80,73,258,94,141,268,82,209,149,265,206,156,274,286,227,257,139,190,198,71,253,269,168,295,183,242,196,255,135,262,234,116,105,232,160,287,213,272,229,143,261,290,279,174,211,180,298,217,223,281,292,165,224,226,122,170,297,238,178,296,237,275,157,185,244,
297,294,259,253,238,200,240,239,278,195,176,201,219,208,263,133,107,276,185,215,88,206,205,141,268,209,246,187,217,226,99,262,135,190,258,131,255,196,233,286,221,279,266,295,236,251,124,147,274,254,91,218,227,100,181,298,257,244,117,232,291,197,166,223,237,296,178,160,287,148,275,245,211,172,282,155,145,272,189,261,134,256,129,
294,98,202,119,210,250,150,266,109,167,259,230,291,146,233,

252,204,192,149,299,241,243,144,126,118,296,178,214,271,293,116,175,234,220,161,249,162,269,156,97,138,268,285,226,286,168,255,223,281,275,217,160,283,165,224,83,77,264,87,290,114,287,258,170,229,297,238,298,180,265,257,139,198,292,
274,271,248,245,231,221,205,203,85,251,256,263,219,110,228,98,216,235,218,294,167,109,289,230,202,267,208,179,266,207,277,150,288,259,200,250,123,210,278,151,146,233,291,295,177,239,222,270,276,158,247,188,240,137,280,153,142,201,284,187,119,246,195,254,279,282,199,
250,230,202,294,216,151,119,90,
284,244,231,215,199,188,158,216,280,153,202,261,228,110,267,208,295,150,266,207,205,146,291,233,115,79,256,197,222,251,274,245,219,278,240,239,254,195,109,279,221,203,85,210,218,286,159,276,167,294,235,230,289,201,259,200,282,187,119,246,111,288,263,179,250,123,270,120,247,130,
281,265,224,213,172,156,166,197,242,183,124,157,275,253,190,296,237,178,227,286,131,258,211,84,134,261,295,236,266,254,217,246,187,189,218,135,262,272,145,174,206,298,238,256,257,297,170,104,226,122,181,209,141,268,255,196,147,274,149,279,282,223,287,160,291,105,232,244,185,92,245,
239,199,182,203,228,169,210,278,151,266,207,277,284,225,283,288,230,289,171,259,271,212,270,152,267,216,119,177,250,202,102,247,293,294,167,292,106,233,137,264,260,142,241,299,281,222,163,290,231,121,248,273,153,280,193,184,243,249,285,158,179,291,164,
289,241,271,290,225,140,216,86,
151,216,140,169,247,225,290,271,299,241,250,86,289,288,
274,295,256,233,218,187,291,146,279,266,150,111,
199,188,212,109,235,207,266,216,119,177,295,271,270,289,230,171,202,288,259,200,250,123,241,182,210,284,225,218,277,150,228,169,137,291,203,267,247,263,256,251,106,233,179,294,167,239,222,290,163,276,158,219,151,278,240,299,142,273,146,231,153,280,248,184,
245,197,185,244,291,261,223,282,232,105,279,149,196,255,209,181,122,226,104,257,256,238,170,297,298,124,183,242,211,217,275,157,160,287,253,190,258,131,237,178,296,286,227,295,236,268,141,206,274,147,272,145,266,218,187,246,166,254,135,262,189,
284,244,231,215,199,188,282,251,222,200,259,205,146,235,203,201,230,289,207,266,218,286,159,210,115,233,202,261,228,110,267,208,295,277,150,291,236,109,294,167,219,278,195,254,245,274,187,279,221,263,179,240,239,276,158,256,197,246,119,250,123,288,270,120,247,130,280,153,216,
220,207,265,204,194,186,128,267,121,248,273,177,184,243,132,191,250,249,281,163,292,294,283,280,193,252,247,299,241,260,202,173,259,229,288,285,140,228,169,293,264,95,289,230,171,231,113,290,270,152,216,269,151,153,212,271,277,225,284,
297,248,273,214,204,202,260,269,285,194,280,252,193,220,265,192,264,186,177,173,229,288,140,169,224,283,290,212,271,241,152,270,299,289,230,171,191,250,132,277,247,225,284,294,292,163,281,249,243,234,293,175,216,275,
262,272,141,117,170,160,149,226,297,238,104,291,232,296,178,237,105,282,223,166,256,197,147,206,286,227,266,253,135,275,298,211,124,257,258,287,245,274,246,187,145,261,217,99,209,268,122,181,190,131,218,255,196,254,244,185,279,295,236,
285,161,220,279,190,162,269,298,180,234,175,116,290,217,275,157,114,238,160,287,258,229,297,170,281,223,292,165,224,198,139,257,255,196,168,286,227,226,271,214,268,178,296,118,249,122,265,138,149,283,156,274,244,211,213,272,242,253,262,261,
269,295,232,183,242,262,253,135,234,116,196,255,190,160,139,198,257,227,286,274,156,206,265,149,209,268,94,258,287,213,272,229,170,143,261,290,279,174,292,211,180,298,217,223,281,165,224,226,122,297,238,178,296,237,275,157,185,244,
293,261,237,204,196,190,183,211,272,279,174,244,157,149,224,257,139,198,286,168,227,255,226,285,108,268,264,262,253,223,252,178,296,271,213,242,299,214,283,156,274,192,281,229,258,238,170,297,241,114,287,160,275,217,290,165,292,175,234,243,116,180,298,269,162,249,220,161,118,136,265,138,143,
286,258,274,244,105,196,122,255,226,298,223,268,190,275,217,149,178,160,
233,219,238,253,174,297,170,236,295,279,185,254,196,255,218,190,181,209,226,99,217,276,187,246,215,245,160,287,131,258,257,124,211,298,262,135,266,275,148,100,227,286,206,274,147,197,166,223,237,178,296,232,291,205,221,172,282,155,145,272,189,261,134,256,129,244,117,268,141,
297,267,204,194,220,265,192,186,177,269,151,140,280,193,252,264,184,243,132,191,250,249,281,163,229,288,259,173,260,202,248,277,247,299,241,214,273,285,169,234,175,293,230,289,171,275,216,113,290,270,152,212,271,284,225,224,283,294,292,
241,299,247,102,202,250,163,177,216,294,267,270,153,271,259,171,289,230,288,106,225,284,277,207,266,151,210,169,228,291,203,137,
298,226,224,160,223,275,165,139,268,138,97,
164,173,291,203,207,266,199,140,210,151,137,128,249,243,184,252,193,280,273,177,228,169,294,250,247,299,182,241,142,260,202,292,283,259,288,285,267,293,264,121,222,163,281,289,230,171,216,231,290,270,152,153,212,271,277,248,225,284,
274,251,245,240,239,222,221,203,278,219,167,109,254,233,205,146,291,250,279,207,266,150,295,208,267,110,228,202,210,218,276,294,230,201,119,259,200,256,282,187,246,
244,275,223,255,268,190,217,178,160,122,274,196,105,
295,232,211,190,209,268,226,217,275,157,258,149,279,135,122,237,178,296,297,238,255,196,274,298,282,105,223,257,170,227,286,160,244,185,261,
286,258,274,244,105,196,122,255,226,298,223,268,190,275,217,149,178,160,

266,254,246,218,189,262,174,145,206,272,141,236,295,227,286,296,178,237,190,253,135,258,287,157,275,217,211,242,183,124,298,297,238,256,257,170,104,226,122,181,209,268,255,196,274,149,279,282,223,160,261,291,232,244,185,
250,230,259,202,228,267,119,210,233,291,146,150,266,109,167,218,294,


286,266,295,124,279,244,274,196,218,131,181,268,255,190,135,258,217,261,145,


233,221,205,185,244,217,246,187,131,190,254,255,196,145,261,274,279,147,181,298,257,117,232,291,286,227,197,256,295,148,266,218,166,282,237,296,268,209,258,
262,245,297,238,189,170,254,266,218,187,246,197,256,166,160,149,181,145,298,211,217,275,141,257,258,287,253,135,190,226,255,196,274,279,124,286,227,282,223,236,295,268,209,178,237,296,272,244,185,206,291,232,261,
268,239,276,208,200,261,295,279,147,205,101,219,111,282,166,218,190,131,244,274,246,187,233,232,291,181,256,197,196,255,266,148,286,296,258,254,
292,290,287,272,279,261,211,258,268,170,149,265,217,223,224,165,281,298,226,122,297,238,237,178,296,275,157,244,156,274,286,227,257,198,160,190,255,196,
293,285,260,259,202,280,252,193,264,299,241,247,173,288,289,230,171,290,270,152,216,151,140,169,212,271,277,284,225,283,294,292,163,281,249,250,191,243,177,
287,277,242,213,154,138,126,162,268,192,264,186,139,198,180,298,284,225,226,285,168,299,241,161,220,191,249,260,262,144,265,252,223,281,253,194,269,204,214,125,243,271,238,297,289,112,275,288,229,290,292,175,234,293,165,224,283,

119,
287,275,245,211,257,298,145,261,217,258,135,209,268,181,190,131,218,255,196,254,274,246,187,185,244,279,124,236,295,266,227,286,206,147,197,256,166,223,282,237,178,296,232,291,
275,205,221,172,155,135,272,189,211,287,134,245,129,185,244,276,217,246,187,131,190,254,255,196,145,261,215,274,279,206,147,181,298,257,117,232,291,286,227,197,256,236,295,148,266,218,166,223,282,178,237,296,268,209,258,
282,219,246,205,147,279,266,295,256,261,244,218,274,187,233,291,181,197,
270,271,151,294,216,177,153,250,289,202,169,247,259,230,288,225,
296,251,245,221,181,150,278,219,279,201,282,205,147,259,200,239,254,294,130,246,187,274,261,197,256,267,208,236,295,291,233,276,218,244,266,148,286,
287,257,256,238,298,124,211,217,275,258,135,190,226,181,255,196,274,149,279,282,223,160,170,261,232,244,185,268,209,237,178,296,286,227,295,
122,
284,277,271,266,210,228,291,203,267,151,137,247,259,288,230,202,289,250,270,153,177,216,207,294,
286,282,246,233,291,197,196,261,205,147,279,266,295,256,244,131,218,274,187,268,181,190,
264,262,253,252,243,241,242,213,299,192,178,156,268,214,271,285,226,286,168,255,265,257,139,198,283,224,165,223,281,170,229,258,287,238,297,114,160,275,217,290,292,175,234,180,298,269,162,249,220,161,
150,
250,233,146,291,266,150,202,228,267,167,219,210,218,294,230,259,
266,
297,223,214,204,252,260,269,265,271,249,191,220,275,288,229,281,194,290,292,234,293,175,224,165,283,144,289,243,241,299,168,285,226,225,284,298,180,198,186,264,192,
293,285,273,260,259,248,202,241,299,247,173,288,289,230,171,216,290,270,152,212,271,277,284,225,283,294,169,292,163,281,249,250,191,243,264,252,193,280,
287,258,281,223,229,165,224,297,238,265,226,198,139,168,255,160,275,217,290,292,180,298,269,162,249,161,220,234,175,271,214,268,
203,235,294,205,146,201,200,259,222,251,207,266,150,295,282,195,254,167,228,230,245,274,246,187,250,279,221,263,120,208,267,240,239,210,291,233,276,159,218,256,278,219,
298,226,224,275,223,268,217,178,165,160,
257,298,147,181,279,261,145,274,254,190,196,255,227,286,295,266,197,256,218,166,282,237,296,268,209,232,291,258,187,246,217,244,185,
298,281,268,226,224,223,275,165,139,

274,263,250,245,230,228,282,167,195,254,150,266,267,208,295,240,279,221,239,210,291,233,276,218,256,278,219,187,246,251,222,259,200,201,146,205,294,
293,285,267,283,292,264,260,259,241,299,247,250,281,163,202,288,289,230,171,216,290,270,152,212,271,277,248,284,225,294,169,177,273,280,193,184,243,249,

263,256,251,228,267,288,291,233,203,250,230,289,202,179,207,266,295,167,210,239,222,270,259,200,218,276,247,294,235,219,278,240,
279,244,274,196,268,255,190,
297,268,214,204,252,260,269,194,292,290,281,223,229,275,198,298,180,265,285,226,168,225,284,162,249,161,220,191,234,293,175,271,186,289,224,283,299,241,243,264,192,

296,244,261,286,251,201,200,259,187,246,205,263,245,215,274,235,176,294,221,279,240,239,233,291,254,195,282,267,208,266,236,295,197,256,159,218,276,278,219,
293,285,267,283,292,264,260,259,241,299,247,250,281,163,202,288,289,230,171,216,290,270,152,212,271,277,248,284,225,294,169,177,273,280,193,184,243,249,
245,274,166,282,218,261,291,232,266,296,237,279,147,258,181,209,268,187,246,286,254,196,255,256,197,244,185,190,295,236,
294,267,239,205,282,254,259,201,219,200,197,279,187,274,261,256,208,266,295,246,291,233,276,218,
274,
241,271,290,225,
272,263,233,268,209,208,205,219,201,244,254,255,218,276,172,258,187,246,155,221,279,296,237,266,236,295,282,166,197,256,286,245,215,274,291,232,261,181,176,
287,245,217,211,298,206,261,274,279,246,181,197,256,258,232,291,218,189,268,209,166,282,266,296,237,227,286,257,254,196,255,244,185,272,295,236,190,
279,258,244,217,274,196,255,268,190,
296,217,275,268,255,226,223,281,297,238,180,298,269,258,229,287,286,156,292,234,290,265,224,253,257,198,213,242,220,262,
259,247,288,202,230,289,250,270,153,177,216,294,151,

275,223,165,

282,227,223,275,217,295,237,209,296,272,185,257,286,279,287,258,206,268,226,255,190,232,261,274,196,244,211,298,
284,277,270,266,210,228,177,207,294,216,203,250,247,289,202,267,291,288,230,259,
292,290,274,262,242,213,253,224,265,227,198,156,287,258,298,296,238,281,223,226,255,297,268,275,217,257,286,170,
298,283,175,292,290,281,229,275,249,271,224,265,243,241,299,
295,286,268,255,190,244,196,274,261,279,181,
291,266,150,
266,279,295,256,261,274,244,218,187,
286,291,197,279,187,274,261,256,266,295,282,246,218,244,
298,226,275,223,268,217,178,


290,216,171,230,288,289,250,247,270,299,241,284,271,277,225,294,
250,230,294,216,202,
297,241,299,271,191,249,220,243,214,281,194,252,283,289,260,292,264,234,293,290,186,225,284,192,229,265,285,269,204,275,
258,276,218,255,197,254,246,215,244,236,172,296,291,221,279,237,266,295,282,256,286,245,274,232,261,
286,297,258,298,238,226,275,223,255,268,217,
274,244,298,258,223,226,255,297,268,275,217,227,257,170,286,296,238,
247,270,222,266,179,202,289,250,203,233,291,210,288,230,259,294,207,267,228,
294,267,274,245,263,205,259,201,200,254,251,246,221,279,240,278,239,233,291,195,282,208,266,295,256,218,276,219,

180,198,224,223,275,226,265,229,281,290,292,298,168,
180,292,290,275,226,265,223,281,229,298,249,220,224,198,
288,284,271,270,289,250,247,230,294,216,
273,271,267,248,277,294,216,280,284,231,289,250,212,270,299,247,259,288,230,

296,291,258,256,181,246,279,274,244,218,261,232,266,295,282,286,254,255,

298,292,290,281,265,226,275,224,
216,
298,258,226,275,223,255,268,217,
288,270,289,250,299,247,241,284,271,277,225,294,216,
296,291,266,295,282,256,286,279,245,274,232,261,236,244,246,254,
292,289,283,281,249,299,243,241,284,271,290,225,
279,272,262,253,211,298,257,286,274,287,258,297,268,255,275,217,223,227,244,296,238,
290,281,275,271,
286,236,282,197,291,221,279,245,274,261,256,266,295,246,215,254,218,276,
288,289,250,247,230,294,216,

289,203,291,250,288,230,259,294,207,267,228,210,222,266,270,
292,290,275,226,265,281,298,224,198,
279,261,274,244,
284,299,270,294,231,289,250,247,280,267,230,288,259,248,277,
272,275,217,255,242,227,253,298,257,286,287,258,268,297,296,238,262,
273,271,294,216,288,280,284,289,250,212,270,299,247,277,248,
286,279,258,268,255,261,274,244,
292,289,283,281,249,290,299,243,271,241,

276,266,259,228,267,294,239,278,291,235,222,
272,296,209,274,257,286,279,258,261,232,268,255,244,237,295,282,236,

289,281,283,292,249,264,290,299,243,284,271,241,
299,283,271,249,229,281,292,290,265,220,
294,288,280,290,277,284,271,270,289,250,299,247,
285,271,243,269,241,299,260,290,293,264,249,292,283,252,281,
279,278,282,239,276,240,208,266,295,256,219,291,233,246,251,254,

291,266,279,274,261,256,295,246,218,
298,281,265,275,224,
291,288,270,294,267,259,289,250,
295,233,266,291,219,
276,254,256,282,295,246,279,266,291,219,

291,250,230,259,294,267,228,
285,271,281,283,292,265,252,249,264,290,299,269,243,
291,266,295,256,218,
298,279,258,268,255,261,274,286,257,244,296,237,
294,267,259,250,230,
291,276,266,295,256,
286,279,258,268,255,261,274,244,

298,286,274,258,268,255,
294,288,280,284,277,270,289,250,299,247,
275,297,298,242,
269,229,281,292,290,265,220,
291,279,276,254,246,256,282,295,245,

268,

291,266,
265,290,292,281,229,
291,279,254,256,282,295,246,
291,294,267,259,

275,
271,
275,
298,296,286,258,268,255,
294,267,259,
292,290,281,265,

294,289,288,270,
295,286,279,274,261,
291,266,
292,290,281,265,
294,291,278,
295,282,279,
296,286,
298,
291,
291,276,
271,
298,297,
299,290,
274,
295,282,
295,

289,288,280,
290,

291,276,
292,290,283,281,
298,262,
295,282,


286,


299,
279,
298,
276,
299,292,290,283,


294,

292,


296,




289,284,




295,

















Past links sets, 









2,






7,





9,











9,
1,23,
1,
0,2,3,
11,

0,
3,5,

10,27,

18,

7,
0,3,9,


0,9,

33,38,
3,5,7,9,
6,8,20,39,
11,

11,19,
2,17,
14,46,
10,24,26,27,
10,26,
1,11,30,19,45,

9,17,28,44,
11,19,

10,27,
9,17,28,44,
6,8,40,
22,40,51,
8,
17,22,34,37,40,51,
17,28,44,

14,46,
0,32,55,
14,46,
30,38,58,
17,22,28,34,37,44,51,
17,22,28,34,37,40,51,
17,22,28,34,37,40,51,
24,25,27,31,32,29,55,
0,22,28,44,59,
33,38,30,56,58,
14,31,43,61,62,
31,32,55,
9,17,15,28,42,44,52,
7,17,22,28,34,37,5,44,
14,46,49,50,57,
18,15,28,42,52,
9,28,44,59,
15,42,19,45,
8,37,6,71,
10,14,67,
6,8,39,
29,31,77,
19,53,30,56,
15,42,52,69,74,
15,42,52,74,
11,93,
60,76,
11,15,19,45,
3,34,51,65,69,84,
59,65,73,80,81,69,82,
60,64,76,
15,28,42,45,52,
6,0,39,72,
18,64,1,53,66,79,85,
33,45,56,1,66,79,
38,58,63,93,
10,20,27,32,31,96,
14,67,10,75,
2,32,3,55,70,108,
30,38,45,58,66,
37,55,70,32,71,72,
69,91,100,
9,32,37,55,70,72,
49,50,57,60,64,1,66,79,85,98,
115,
60,67,78,
15,48,5,70,84,94,105,
30,56,58,38,64,66,
7,37,88,40,92,99,104,
96,
0,24,32,43,55,31,96,
11,15,18,19,
67,78,
18,100,
30,58,66,103,
59,88,0,65,91,93,34,47,99,22,100,3,107,
8,14,20,24,31,6,32,26,39,43,67,68,75,
18,15,28,42,52,
59,9,100,
71,81,88,92,99,100,104,
3,6,39,40,51,72,
38,56,78,106,
9,29,24,37,43,72,77,31,70,96,
29,71,77,31,96,10,114,27,118,
8,20,31,6,32,61,68,62,75,39,78,43,95,
15,34,37,42,51,52,65,69,74,84,40,92,
56,60,38,64,78,
3,17,39,6,71,72,
24,43,55,112,
3,45,84,88,92,34,99,65,117,
15,53,63,64,85,110,120,
30,7,59,34,99,101,107,65,117,103,129,
30,91,93,100,103,
32,70,72,73,82,92,55,81,94,104,
14,35,46,103,109,42,146,
19,27,57,49,62,75,30,95,50,102,137,
68,113,95,121,128,
30,49,58,66,67,102,137,
10,96,
19,45,100,133,
28,34,59,44,70,55,94,108,136,143,
39,65,70,72,84,81,94,
30,56,58,60,38,64,66,
115,127,
42,29,116,114,104,94,52,81,5,92,82,80,74,77,48,15,73,
27,31,51,10,114,125,
9,27,31,24,37,10,114,125,
26,64,68,113,43,95,121,76,128,
60,78,
24,17,43,94,34,112,116,139,
92,93,34,99,0,65,117,129,133,134,
15,53,60,85,120,110,123,
22,112,161,
31,49,62,64,68,113,43,95,121,24,102,128,
32,55,74,108,104,143,92,157,
26,64,76,152,
59,155,
8,20,24,31,6,32,68,26,39,78,43,95,113,
3,72,74,6,71,84,
68,75,114,125,144,
17,30,44,45,127,133,
19,68,49,75,95,121,102,128,137,142,
7,29,80,99,100,108,116,149,
123,158,
112,161,71,136,162,
7,30,37,40,103,104,107,145,101,166,
11,60,64,78,
3,39,65,72,6,71,84,
64,10,75,121,128,
45,71,81,8,99,104,117,129,134,141,
14,43,67,68,75,112,125,24,154,
22,33,63,79,92,127,0,130,120,133,56,147,148,
18,46,30,56,58,64,14,66,
3,18,51,65,84,92,134,
70,145,93,80,141,135,47,134,82,129,124,72,107,94,73,
68,43,95,113,112,125,24,154,
2,40,55,68,75,43,108,112,125,24,154,
31,68,113,95,121,128,
14,67,68,75,112,125,154,
52,56,42,120,159,
39,70,145,93,80,141,135,134,82,129,124,72,20,107,94,73,
0,176,155,129,148,134,1,117,65,107,130,101,99,92,22,
94,143,180,
30,56,58,60,38,64,66,78,
46,79,93,123,52,130,120,159,
44,56,79,130,120,133,159,
31,43,50,158,128,123,110,121,153,95,26,142,113,85,68,57,53,
79,106,115,142,179,
0,14,43,67,55,68,72,75,112,125,24,154,
33,56,1,79,100,101,91,130,107,120,133,159,
18,71,8,99,134,141,
33,79,67,106,115,142,179,
44,79,93,133,130,195,
19,71,8,99,104,117,129,81,133,141,189,
53,85,15,106,110,120,142,179,
81,94,99,39,104,134,141,18,70,174,
11,31,68,95,113,164,184,
28,34,37,20,59,44,70,96,108,32,136,143,
43,68,75,114,112,125,24,37,154,
58,66,38,155,176,
32,50,57,61,153,20,163,169,164,177,171,184,
80,114,116,134,141,149,117,156,135,174,170,183,
3,63,85,84,110,123,147,197,88,166,205,
14,74,101,195,200,110,201,
67,192,136,162,214,
2,56,79,91,103,155,120,159,176,
15,78,79,120,179,188,
43,161,162,149,156,139,100,174,116,170,141,112,99,80,
28,44,59,75,118,144,77,116,168,68,198,
61,62,112,125,102,154,132,171,173,
29,43,149,156,77,116,168,118,170,141,180,
99,134,141,104,117,143,174,157,183,
15,67,85,120,110,188,203,
26,71,144,161,220,
15,31,50,203,177,164,163,85,182,153,152,207,120,110,57,53,
38,30,56,58,66,67,164,182,
8,71,104,11,141,166,81,172,189,
53,63,74,85,101,110,107,133,158,91,195,200,
43,68,75,114,112,125,71,136,37,154,
115,127,123,188,
37,40,66,34,99,103,129,172,176,189,
81,94,104,117,129,155,72,189,206,
15,114,52,104,156,96,174,92,157,183,
60,79,93,123,188,130,195,
46,14,79,123,195,
62,40,144,132,171,108,173,186,61,191,194,
183,213,
2,128,40,144,108,121,173,186,194,191,204,
47,73,80,209,157,172,181,58,174,206,148,135,147,82,185,127,66,124,
0,3,22,159,120,134,172,56,129,103,215,99,34,92,79,65,
40,51,166,3,172,197,84,201,33,215,195,221,
6,212,193,24,8,182,39,171,158,163,20,123,177,32,62,
19,31,43,56,68,113,164,182,184,
128,144,162,121,173,186,192,194,191,204,
15,50,24,53,57,212,199,203,32,177,193,171,163,85,182,153,62,207,120,110,
46,14,79,103,123,195,
2,3,40,78,95,108,194,113,204,
174,183,96,70,143,52,20,136,32,108,69,37,92,34,
51,166,3,172,84,201,215,195,221,
73,80,82,227,209,170,206,166,114,11,185,156,155,145,135,211,124,
40,63,147,172,197,123,201,166,205,215,104,208,221,
55,108,136,104,117,143,174,157,183,189,206,
7,211,209,170,206,166,114,11,185,156,155,135,227,82,73,
27,42,49,52,53,137,207,228,199,121,95,182,222,164,130,159,128,102,113,
113,43,95,121,128,194,
70,72,147,181,94,185,197,209,206,232,
15,253,
14,46,123,120,133,159,
40,108,121,128,194,191,204,
28,44,59,168,198,204,34,229,234,
3,106,84,142,219,208,179,166,197,188,172,88,233,146,205,147,111,
75,128,42,159,164,130,182,121,199,207,222,228,
10,27,227,217,185,107,31,118,206,29,145,209,93,125,211,124,77,
194,204,71,136,214,
18,142,137,163,171,24,102,193,199,212,179,231,
164,175,106,184,192,37,193,9,204,56,225,163,241,
94,133,141,70,174,183,189,
11,31,43,68,113,164,184,
20,56,79,131,143,197,120,159,211,63,232,244,
80,99,100,139,154,175,183,224,18,174,213,226,
208,215,188,201,240,251,263,
20,32,66,96,142,106,171,182,24,193,43,212,
60,103,195,79,235,
47,63,135,174,201,124,215,39,195,221,236,261,
38,58,193,30,212,66,248,
252,229,198,191,28,173,121,168,186,128,234,118,175,59,
101,104,81,107,148,236,141,245,254,
144,192,70,252,173,186,264,
58,163,191,173,277,
3,70,95,108,121,128,194,113,204,
7,73,257,237,66,211,107,209,176,185,156,148,58,232,145,227,82,
94,99,114,134,136,141,104,143,18,96,174,183,
18,163,171,112,177,24,193,199,212,62,179,231,248,
18,163,177,61,191,62,179,231,248,173,186,199,277,
62,61,264,252,249,132,243,94,152,234,143,229,193,64,180,175,168,
84,166,172,197,199,240,239,235,251,222,146,233,221,208,219,215,205,203,
94,168,180,229,143,234,252,173,186,264,269,
40,55,72,113,43,95,121,128,194,
52,57,171,177,50,193,212,153,231,53,235,163,267,
14,145,147,200,205,208,63,232,246,282,
30,127,166,136,227,55,172,237,103,272,
24,43,112,174,157,92,52,125,154,114,75,156,69,242,68,
77,262,242,238,149,211,227,198,206,170,144,118,168,116,
19,171,62,192,193,243,182,260,212,264,
Future links sets, 
37,40,131,126,204,51,48,77,84,108,166,245,187,197,
197,119,110,109,63,205,36,35,
252,221,192,114,59,37,243,9,
285,266,254,246,245,37,41,54,48,104,143,114,183,252,136,145,174,218,131,189,

160,122,89,54,41,
183,247,143,140,136,132,173,108,174,96,70,94,55,
286,181,178,147,124,258,89,54,47,16,
247,209,232,206,173,140,132,72,96,70,185,94,55,
271,48,22,138,51,54,65,69,134,88,34,92,118,162,
184,162,161,154,268,112,68,62,139,113,61,95,43,
273,103,56,38,212,63,58,232,258,101,127,66,182,255,


251,263,60,86,76,90,78,194,240,95,186,113,204,219,132,295,150,188,
250,230,222,210,167,127,91,99,100,103,107,133,262,88,146,238,93,122,228,141,160,

89,88,81,80,165,74,73,82,69,143,65,176,59,
289,288,45,91,109,127,270,129,133,211,189,206,188,275,287,
299,177,151,127,155,103,98,93,248,209,66,63,58,
253,247,213,274,196,277,173,140,132,216,112,55,

187,168,131,245,89,82,81,197,80,73,84,71,
35,
297,288,270,247,214,204,61,126,165,83,277,132,138,191,162,169,144,173,186,250,192,
83,
229,173,202,163,171,132,62,61,
259,162,268,151,112,161,83,68,139,61,43,
224,213,65,265,91,156,69,82,74,80,81,281,107,133,84,88,89,92,
160,178,139,268,138,97,226,83,
280,199,63,231,115,79,85,98,181,123,188,130,176,147,148,296,151,153,158,
273,268,230,212,193,202,173,86,83,112,138,87,139,126,97,162,248,161,132,140,169,
253,250,247,216,77,116,87,213,126,114,140,118,83,112,170,277,132,149,173,
246,207,205,187,110,85,53,
245,265,236,213,80,145,81,82,147,89,141,104,156,73,131,165,253,166,
150,

253,236,214,271,213,73,138,80,81,82,141,116,94,181,234,89,118,124,162,
231,199,158,142,123,115,280,215,137,111,85,79,53,
279,55,211,108,173,132,136,140,143,247,157,96,183,196,
293,264,246,70,71,252,136,73,81,256,82,124,241,141,181,192,236,243,

259,160,267,150,141,133,107,100,99,93,195,91,88,
297,293,234,226,214,204,138,126,223,165,191,277,248,132,192,163,140,169,260,202,86,144,173,273,186,
265,224,65,156,69,74,80,84,201,88,208,92,89,176,213,
176,110,185,107,155,103,145,93,115,63,
263,251,200,240,188,150,90,78,76,60,
279,244,190,131,
160,122,
169,153,177,151,119,259,90,
250,230,202,294,216,151,119,90,
246,254,189,161,141,104,82,81,80,73,136,71,
297,88,294,91,99,100,107,133,141,160,238,200,195,253,259,
294,259,233,230,210,167,250,146,109,202,98,

296,293,77,116,87,126,204,114,192,118,144,257,83,170,149,156,
271,248,231,221,98,110,123,188,85,201,142,274,245,158,187,137,195,199,205,
250,230,202,294,216,151,119,90,
284,280,79,85,111,123,188,130,153,115,231,215,244,158,286,199,
281,265,213,224,172,156,147,134,131,105,92,84,
278,239,182,164,142,199,121,158,119,106,167,102,
289,241,290,225,140,216,86,
288,289,250,241,290,225,299,247,169,140,151,86,
279,274,295,256,233,218,187,146,111,
290,199,106,119,158,184,109,123,188,171,142,146,163,169,182,
189,166,147,197,145,245,141,183,157,131,105,104,
280,277,109,110,123,119,158,236,188,130,153,115,231,286,199,244,215,
228,220,207,194,231,153,132,128,204,113,186,121,95,
234,224,214,212,248,132,297,152,191,192,163,140,169,202,173,273,186,204,175,177,193,194,
253,297,141,105,117,104,99,
285,114,261,116,118,157,122,213,283,196,138,190,149,253,272,156,211,
269,234,94,185,135,139,143,206,116,174,232,183,180,209,229,
293,237,108,118,157,183,136,149,196,138,190,143,261,116,174,204,
286,258,244,255,190,160,149,196,105,
233,174,170,160,219,141,100,99,
297,234,113,132,184,140,192,267,151,177,204,175,214,186,194,224,
163,171,106,102,
298,226,224,160,139,268,138,97,
252,222,182,164,142,140,137,128,199,173,121,
278,240,109,274,245,187,200,239,110,201,119,203,205,207,208,221,251,222,
244,275,223,255,190,217,178,160,196,105,
282,232,237,211,185,160,149,135,209,157,105,
286,258,244,255,190,160,149,196,105,

266,246,218,254,189,183,157,145,141,291,174,122,104,
233,230,218,228,202,167,250,146,210,119,109,


266,218,145,135,131,124,


233,205,148,131,221,117,
297,124,135,187,245,145,197,149,189,160,238,253,166,141,170,
208,268,190,239,200,148,196,131,111,166,101,
292,287,122,149,157,196,290,261,160,165,190,198,211,237,156,272,
151,293,177,152,191,163,285,140,169,260,202,173,212,193,252,259,
287,253,277,238,213,154,139,126,138,125,112,

119,
287,275,245,227,131,209,135,145,197,223,147,166,236,178,185,124,211,206,
275,223,205,178,148,135,134,131,155,129,117,
282,219,205,197,233,181,147,
259,225,169,270,153,177,151,
296,245,236,181,150,278,148,251,147,221,130,
287,282,135,149,256,227,160,257,170,238,209,181,185,124,211,237,232,
122,
277,271,266,210,207,203,137,
286,282,205,197,268,190,233,181,147,196,131,
285,264,253,241,252,213,243,178,170,156,257,192,114,
150,
233,230,218,210,228,202,219,167,250,146,
266,
297,288,144,191,204,168,180,186,225,192,214,165,194,223,234,
293,152,191,163,285,169,273,202,260,173,212,193,248,252,259,
287,297,258,255,234,214,175,162,161,238,160,217,139,
235,207,203,159,120,
298,226,224,223,217,178,165,160,
227,217,209,237,185,257,166,147,197,145,
298,281,268,226,224,139,

146,167,274,245,187,200,195,250,221,263,205,210,222,228,201,230,
281,152,243,163,267,285,169,202,260,184,249,193,259,293,177,264,

263,256,251,247,240,235,202,239,200,218,179,167,
279,244,196,268,255,190,
297,268,234,194,192,204,191,225,186,214,175,162,161,

296,244,235,187,176,159,
281,152,243,163,267,285,169,202,260,184,249,193,259,293,177,264,
245,236,197,209,196,190,237,185,166,147,
267,259,208,205,201,197,239,200,187,
274,
241,290,225,
263,209,208,201,187,176,205,166,272,233,155,
227,217,245,206,197,287,196,190,189,211,185,166,
279,258,244,217,196,255,190,
287,269,296,257,253,220,213,180,234,156,
259,270,153,177,151,

275,223,165,

287,211,190,196,209,206,232,217,282,223,226,227,185,272,
277,270,266,210,207,202,203,177,
290,257,292,253,227,213,198,287,274,170,156,
298,283,249,243,241,229,224,175,
295,286,196,268,255,190,181,
291,266,150,
266,261,295,256,244,218,187,
286,282,244,197,187,
298,226,223,217,178,


290,230,171,
250,230,294,216,202,
297,275,234,214,194,192,204,191,225,186,
258,255,221,215,197,237,172,
286,297,258,255,238,226,223,217,
297,257,244,238,227,170,
247,233,202,179,
274,267,263,259,245,205,201,200,221,195,

229,223,180,168,
249,223,220,180,
288,284,271,270,289,250,247,230,294,216,
273,271,267,259,248,231,230,216,212,

291,266,256,255,254,258,232,296,218,246,181,

298,292,290,281,265,226,224,
216,
298,258,255,226,223,217,
288,270,250,299,247,241,277,225,294,216,
291,266,256,254,246,296,244,236,245,232,
292,289,284,283,281,249,243,241,225,
297,287,272,257,244,238,279,253,227,275,223,217,211,
290,281,275,271,
286,221,215,236,197,
288,289,250,247,230,294,216,

289,270,266,222,288,210,207,203,
292,290,226,198,
261,244,
277,267,259,250,248,299,247,231,230,
287,275,272,257,242,238,253,227,217,
273,271,248,216,212,
286,261,258,268,255,244,
292,289,283,281,249,243,241,

276,266,239,228,235,222,
272,257,237,236,232,209,

289,284,281,264,249,243,241,
299,283,271,249,220,
294,288,280,290,277,271,270,250,299,247,
285,264,260,252,249,269,243,293,241,
254,251,279,240,278,239,246,233,219,208,

291,266,274,261,256,246,218,
298,281,265,224,
291,288,270,267,259,289,250,
295,233,219,
279,276,256,254,246,219,

291,250,230,228,
285,271,264,265,252,249,269,243,
291,266,295,256,218,
298,261,258,268,255,257,244,237,
267,259,250,230,
291,276,266,295,256,
286,261,258,268,255,244,

298,286,274,258,268,255,
294,288,280,277,270,250,299,247,
275,242,
269,220,
291,279,276,256,254,246,245,

268,

291,266,
229,
291,279,256,254,246,
291,267,259,

275,
271,
275,
298,296,286,258,268,255,
267,259,
292,290,281,265,

294,289,288,270,
295,286,274,261,
291,266,
292,290,281,265,
294,291,278,
282,279,
296,286,
298,
291,
291,276,
271,
298,297,
299,290,
274,
282,
295,

289,288,280,
290,

291,276,
292,290,283,281,
262,
282,


286,


299,
279,
298,
276,
299,292,290,283,


294,

292,


296,




289,284,




295,

















Coordinates
-2.48586,1.44748,3.52355
-2.47899,1.05864,1.48772
-2.46076,1.4444,3.31553
-2.45479,1.26953,3.46515
-2.44609,0.80997,2.53691
-2.43043,0.958056,3.25413
-2.4167,1.32792,4.23242
-2.39954,1.0235,2.49468
-2.32838,1.44698,4.11063
-2.31267,1.35905,3.27543
-2.2873,1.33035,5.26723
-2.27351,1.45264,1.13324
-2.25914,0.893351,0.590324
-2.24403,0.811999,1.32606
-2.23672,1.49528,6.20083
-2.21539,1.42016,2.19066
-2.20339,0.894265,2.5431
-2.19915,1.45417,2.99708
-2.19759,1.41093,1.76281
-2.1865,1.45243,1.3568
-2.18,1.27973,4.4769
-2.17925,0.753899,3.59023
-2.17652,1.294,3.2759
-2.14144,0.95913,1.18055
-2.13833,1.14919,5.13907
-2.12932,0.922511,4.44835
-2.12862,1.0977,5.46241
-2.12653,1.28307,5.14928
-2.11051,1.43919,2.83509
-2.10394,0.999735,4.0039
-2.09364,1.25791,1.28797
-2.06704,1.2793,5.03747
-2.04613,1.29048,4.56186
-2.03648,1.05738,1.11376
-2.02131,1.2337,3.13154
-2.01346,0.944227,1.23212
-2.00273,0.925557,1.75173
-1.97865,1.24178,3.525
-1.95023,1.23525,0.981096
-1.93786,1.42163,4.30117
-1.92976,1.47113,3.63518
-1.90491,0.858714,3.28975
-1.87097,1.36008,2.36899
-1.84884,1.22403,5.20913
-1.8451,1.49221,2.84201
-1.8382,1.28343,1.69086
-1.82034,1.49846,0.141516
-1.79492,0.98855,2.35246
-1.77479,0.92108,3.44597
-1.73436,1.0215,0.167459
-1.72017,0.988303,0.325287
-1.70461,1.40376,3.3997
-1.67338,1.49999,2.4669
-1.65266,1.0095,1.0035
-1.61522,0.786877,3.02067
-1.57729,1.21811,4.29854
-1.57279,1.30418,0.848701
-1.57025,0.989596,0.284256
-1.54118,1.33935,1.14228
-1.47667,1.48436,3.04869
-1.46948,1.38643,0.0815406
-1.45282,1.00603,5.47922
-1.43255,1.02604,5.64854
-1.43046,1.03638,1.57831
-1.43042,1.3289,0.5492
-1.42211,1.30276,2.96164
-1.41463,1.44364,1.12804
-1.40655,1.38854,5.72771
-1.37817,1.2995,5.38155
-1.37319,1.25139,2.8531
-1.35419,1.30026,3.84593
-1.33411,1.34998,3.50296
-1.3294,1.47484,3.97841
-1.3181,1.02953,3.44625
-1.31728,1.46464,2.6759
-1.28731,1.48125,5.58871
-1.284,1.16005,0.0437896
-1.28205,1.02732,4.20544
-1.23964,1.4492,6.1763
-1.19603,1.21308,1.17801
-1.18337,1.00272,3.16277
-1.15685,1.18651,3.24042
-1.15176,1.03643,3.31336
-1.11293,0.836441,4.47337
-1.08439,1.35047,3.03216
-1.07758,1.0502,1.08539
-1.06467,0.865634,5.6049
-1.0547,0.900273,4.44466
-1.0532,1.05465,2.60451
-1.03905,0.808872,3.09138
-1.03364,0.813537,0.0840484
-1.0253,1.18938,2.35563
-1.02509,1.36561,2.87815
-1.00894,1.178,1.96088
-1.0078,1.23726,3.6403
-1.00125,1.24834,5.74513
-0.993226,1.44305,4.60088
-0.992216,0.910915,4.3788
-0.97993,0.93332,0.742843
-0.926554,1.2262,2.68959
-0.875657,1.38584,2.54711
-0.840826,1.11035,1.91201
-0.833385,1.05125,0.00886327
-0.825978,1.22924,1.78669
-0.821447,1.22691,3.02466
-0.820707,0.903171,3.16942
-0.806312,1.12253,0.239542
-0.791266,1.11963,2.13706
-0.746768,1.39633,4.1554
-0.723247,0.950579,0.950646
-0.702588,1.06875,1.1318
-0.576449,0.953077,1.67808
-0.564611,1.36507,4.78395
-0.547247,1.32568,5.69387
-0.528995,1.26167,4.13243
-0.477417,1.31579,1.28391
-0.46724,1.068,3.97075
-0.460057,1.2078,2.49519
-0.45974,1.05503,4.20202
-0.439605,0.85699,0.665405
-0.438827,1.29704,1.28339
-0.435584,1.37987,5.99738
-0.429804,0.815036,3.3117
-0.427913,1.32511,0.891924
-0.409851,1.01029,2.78718
-0.396319,1.4918,4.64703
-0.381616,0.990215,4.61856
-0.380997,1.4253,1.69481
-0.312993,1.46722,6.00454
-0.266529,1.25013,2.29529
-0.25151,1.2199,1.5819
-0.247643,0.961265,2.37545
-0.246638,1.01349,5.23016
-0.23071,1.4393,2.17128
-0.229755,1.38296,2.54223
-0.226207,1.0064,2.9018
-0.225377,1.43556,3.92258
-0.168706,1.05578,0.179634
-0.168396,0.86932,4.44636
-0.15272,0.959493,4.19311
-0.134627,0.776764,5.46192
-0.133257,1.29963,2.97793
-0.127857,1.20959,0.375875
-0.127042,1.42276,3.76146
-0.0975957,1.16225,4.67934
-0.093512,1.05646,2.51076
-0.0885342,0.975417,1.31333
0.0483724,1.02494,2.18854
0.0755433,1.15849,2.03159
0.0867581,1.00809,3.50204
0.114932,0.825698,1.17814
0.116966,0.821312,0.0712472
0.146842,1.24291,5.93446
0.147094,0.983652,0.222716
0.182743,1.4958,4.95393
0.186575,1.44222,2.20652
0.201042,1.24289,3.70687
0.206468,1.24743,3.49403
0.21744,1.32175,0.594895
0.223143,1.35146,1.49341
0.239334,0.752901,3.6283
0.249499,1.19585,4.30081
0.279007,1.23107,4.31793
0.291858,1.08684,6.11512
0.304354,1.4724,0.0346937
0.306169,0.890251,4.26363
0.312371,1.20887,2.34681
0.316103,0.931284,0.950548
0.341545,1.15222,4.34128
0.346834,0.941656,5.91032
0.390947,1.11109,3.5416
0.447265,1.17467,6.01749
0.462596,1.42025,2.2594
0.479447,1.18088,5.35993
0.481538,1.47585,3.35321
0.495998,1.07998,4.63101
0.506511,1.39524,1.90867
0.507815,1.03735,0.0370657
0.513796,0.81119,3.40509
0.529063,1.34189,0.662414
0.546826,1.19774,4.26266
0.550664,1.02727,2.41157
0.574617,1.49332,0.229221
0.582008,1.46803,3.45741
0.616467,1.40539,6.15675
0.638023,1.08962,2.76809
0.650791,1.2086,5.11034
0.657499,0.902992,1.89251
0.684462,1.48666,0.873591
0.688364,1.45127,2.62983
0.69363,0.879973,2.78619
0.697648,1.24126,5.21257
0.735099,1.24431,4.68821
0.763917,1.36681,5.98279
0.773692,1.41495,5.0244
0.798391,1.3406,1.58499
0.812915,0.840323,2.9645
0.84406,1.12818,2.05862
0.857329,1.20658,4.18882
0.86644,1.39991,0.452223
0.870836,1.17659,1.40655
0.871533,1.28171,1.6635
0.881532,0.767943,0.336192
0.882075,1.13489,0.635613
0.908647,1.30257,4.88081
0.91391,1.09199,1.65095
0.918757,1.34445,2.90046
0.924767,1.06477,0.544833
0.984145,1.28386,1.62166
1.0084,1.20678,2.74507
1.01138,0.943754,0.821281
1.02615,1.18743,3.1034
1.03774,1.36408,6.10409
1.09243,1.42163,3.92387
1.12038,1.31219,4.56764
1.16836,1.42458,1.84252
1.20614,0.856916,6.08364
1.2186,0.913527,3.30762
1.22026,0.879541,1.81288
1.2356,1.10983,1.45632
1.25114,1.22413,4.60431
1.25586,1.32114,1.84143
1.25816,1.29633,0.805715
1.26082,0.789546,3.66693
1.26542,1.04625,4.31053
1.27296,0.945226,5.6194
1.27488,0.894655,3.83086
1.28232,1.25527,3.11113
1.28506,1.08068,0.73299
1.29612,1.19465,4.58598
1.31862,0.809422,0.394095
1.32298,1.49533,0.36812
1.33583,1.24791,2.59722
1.37021,0.967519,1.28496
1.38232,1.3487,4.51354
1.41566,1.46658,1.12454
1.41939,1.33817,2.27416
1.43672,1.28851,2.78787
1.45409,1.3098,3.62712
1.46792,1.22758,1.26901
1.56556,1.40306,1.43561
1.58464,0.937418,5.37954
1.61546,1.46622,3.81059
1.6246,1.10842,5.15833
1.63398,0.871275,2.66293
1.66019,1.37031,1.9614
1.67686,1.12097,2.04928
1.68141,0.922752,6.09217
1.70592,1.47099,6.16265
1.71372,1.06085,5.00905
1.72484,0.794042,0.158268
1.72571,1.40102,1.37228
1.7279,1.30935,5.0168
1.74595,1.4805,3.66966
1.74753,1.23613,1.99529
1.74808,0.986545,3.03631
1.75504,1.02112,1.94098
1.75665,1.3005,3.11933
1.76945,1.006,3.04309
1.77724,0.904997,0.663616
1.79708,1.39131,5.38849
1.8021,1.00419,2.43892
1.8161,1.48057,3.68194
1.82838,1.48347,1.42478
1.83035,1.28053,5.10822
1.83308,1.13148,4.4249
1.87552,0.770603,1.44038
1.88027,1.07417,0.700714
1.8967,0.846231,3.32182
1.89864,1.36737,4.69134
1.9168,1.06391,0.0885695
1.92812,0.789404,5.36629
1.92994,1.45015,2.99758
1.94051,1.49352,5.97985
1.94647,0.771348,2.53605
1.95263,0.812209,3.85925
2.0125,1.31173,1.44198
2.04562,1.23088,5.91603
2.06724,1.40949,1.20431
2.07596,0.890299,2.37315
2.10324,1.39891,6.22702
2.16273,1.08587,4.75847
2.17041,1.19747,2.16696
2.21533,1.21734,5.11209
2.23191,1.11574,5.8646
2.2791,1.37375,5.1632
2.28271,1.04148,2.83478
2.29373,1.45273,3.40424
2.37233,1.05374,6.1761
2.3909,0.934003,6.0004
2.39484,0.922386,5.04112
2.39491,0.905901,1.37
2.41315,1.1886,4.8256
2.46044,1.48271,5.30996
2.48443,0.882673,0.473312
2.48852,1.03691,2.01896
2.48867,1.32515,2.79933
2.49236,1.40393,4.07274
2.49898,0.993705,3.6841
2.49906,1.02882,5.51749