Storage option,sets
Size,50
Dimension,2
Shape,cylinder
Spacetime,BlackHole
Past sets, 













2,
3,


2,



5,7,

18,19,
5,7,
9,
5,7,12,
22,
9,25,
7,5,21,

20,
3,9,
20,
22,

22,27,
20,33,

12,19,18,23,
20,22,34,
20,33,
20,33,
23,18,19,12,39,
38,

31,41,33,20,42,



Future sets, 


17,13,
32,14,

26,24,29,21,

26,24,29,21,

32,28,25,


43,39,26,





39,43,23,
39,43,23,
40,37,41,42,33,46,31,
29,
34,36,40,27,
43,39,

28,

36,



46,

42,46,41,37,
40,



44,
43,

46,
46,







Past links sets, 













2,
3,


2,



5,7,

18,19,
5,7,
9,
5,7,12,
22,
25,
21,

20,
3,9,
20,
22,

27,
33,

12,23,
20,34,
33,
33,
39,
38,

31,41,42,



Future links sets, 


17,13,
32,14,

26,24,21,

26,24,21,

32,25,


39,26,





23,
23,
40,33,31,
29,
34,27,
39,

28,

36,



46,

42,41,37,
40,



44,
43,

46,
46,







Coordinates
-3.49273,0.219449
-3.46751,-0.0479547
-3.43983,0.726967
-3.4041,0.84656
-3.2574,-0.234324
-3.22295,-0.806497
-3.18369,-0.401478
-3.17433,-0.797893
-3.17127,-0.650252
-3.07944,0.841201
-3.06399,-0.205165
-2.9831,-0.180932
-2.90412,-0.787279
-2.89316,0.320208
-2.81688,0.383628
-2.79736,-0.163644
-2.79233,0.0597384
-2.75679,0.134633
-2.69971,-0.7397
-2.63386,-0.728103
-2.58227,0.912023
-2.55957,-0.407059
-2.54727,0.699055
-2.54238,-0.663321
-2.49618,-0.233958
-2.46948,0.529226
-2.41852,-0.372218
-2.37609,0.539512
-2.31171,0.426652
-2.30409,-0.183283
-2.2753,-0.766519
-2.25647,0.628403
-2.24677,0.118444
-2.2375,0.75503
-2.2282,0.528381
-2.20913,-0.533204
-2.17218,0.372295
-2.0668,0.672609
-2.05976,-0.484765
-2.04127,-0.263791
-2.03726,0.380104
-1.98596,0.530497
-1.96313,0.504202
-1.85519,-0.0968274
-1.70609,-0.195342
-1.70019,0.670307
-1.64207,0.228887
-1.6203,-0.465422
-1.5888,0.494907
-1.54993,-0.742736
r_S,2
Lambda0,1,
Lambda1,4,
Lambda2,6,
Lambda3,8,
Lambda4,10,
Lambda5,11,
Lambda6,13,
Lambda7,14,
Lambda8,15,
Lambda9,16,
Lambda10,17,
Lambda11,24,
Lambda12,26,
Lambda13,28,
Lambda14,29,
Lambda15,30,
Lambda16,32,
Lambda17,35,
Lambda18,36,
Lambda19,37,
Lambda20,40,
Lambda21,43,
Lambda22,44,
Lambda23,45,
Lambda24,46,
Lambda25,47,
Lambda26,48,
Lambda27,49,