Storage option,sets
Size,50
Dimension,2
Shape,cube
Spacetime,Flat
Past sets, 






0,
1,
2,0,6,
1,4,
3,4,5,
5,4,3,10,
1,4,5,
0,3,5,
1,3,4,5,
10,12,5,4,3,1,14,
3,9,5,4,1,12,
6,0,2,8,
6,2,8,5,3,0,13,
11,10,15,12,14,1,4,5,9,3,16,
0,1,10,3,4,5,11,
7,4,1,9,
6,2,8,4,10,5,3,0,13,
5,7,4,1,9,
1,6,10,4,11,5,3,0,13,
3,5,8,2,0,6,17,
12,21,9,1,4,7,5,23,
0,19,11,10,15,12,14,1,4,5,9,3,16,7,
0,19,11,10,15,12,14,1,4,5,9,3,16,7,
7,13,16,20,0,1,14,10,3,4,5,11,19,15,12,9,
17,6,13,0,2,8,5,3,25,
10,4,17,13,0,3,8,2,6,5,18,
14,12,15,18,20,24,11,1,6,10,4,5,3,0,13,22,2,8,
2,8,16,9,14,12,24,11,1,6,19,10,4,5,3,0,13,20,15,
25,3,5,8,2,0,13,6,17,30,
20,27,7,16,28,15,0,19,11,10,12,14,1,4,5,9,3,
30,17,6,13,0,2,5,3,25,8,34,
20,23,21,26,27,7,16,28,15,0,19,11,10,12,14,1,4,5,9,3,
2,8,21,23,24,13,3,9,5,4,1,6,35,20,7,27,14,16,28,15,29,0,19,11,10,12,
22,11,24,18,4,8,25,3,34,5,31,2,0,13,6,17,1,30,10,
23,21,26,7,16,28,15,0,19,11,10,12,14,1,4,5,9,3,
9,25,17,8,31,2,22,13,0,3,32,6,14,30,1,12,15,18,5,20,24,11,10,4,
11,22,18,4,10,36,1,30,17,6,13,0,2,31,3,25,8,5,34,
35,27,20,37,3,9,5,4,1,14,23,10,21,26,0,7,16,28,15,19,40,11,12,
22,33,6,35,1,4,5,9,38,3,13,24,23,21,8,37,2,20,7,27,14,16,28,15,29,0,19,11,10,12,26,
14,20,24,34,5,8,25,3,31,2,11,22,18,4,17,39,10,36,30,1,6,42,13,0,
20,24,34,5,8,25,3,31,2,11,22,18,4,17,39,10,36,30,1,6,42,13,0,
25,10,19,6,11,24,12,1,14,9,16,8,2,31,33,4,5,3,32,0,29,13,20,15,18,22,17,7,28,27,
16,19,0,13,42,6,1,30,36,10,39,17,4,18,22,11,2,31,3,32,25,8,5,34,41,12,9,14,15,20,24,
16,15,22,2,31,3,32,25,5,34,8,11,24,20,14,45,18,4,17,39,10,36,30,1,6,42,13,0,41,12,9,
Future sets, 
40,28,27,25,38,17,46,48,42,13,39,18,47,8,37,34,24,6,35,33,44,31,22,32,45,30,41,36,49,20,29,43,
42,39,47,38,9,37,44,15,43,14,40,27,26,23,35,28,29,7,21,41,12,16,45,49,20,33,19,48,32,46,24,
47,18,34,39,42,48,46,17,8,38,25,33,44,31,22,32,45,30,41,36,49,
25,16,14,18,30,36,19,48,43,15,44,38,37,47,27,35,22,31,10,39,40,11,24,42,13,29,41,28,45,32,46,33,20,49,34,
14,12,20,46,32,19,48,33,29,16,45,40,11,27,21,26,49,23,28,41,9,38,35,43,44,15,37,47,10,39,31,22,24,42,
25,23,14,18,30,36,34,13,16,19,48,43,15,44,38,37,47,27,35,22,31,10,39,40,11,24,42,29,41,12,28,45,32,46,33,20,49,26,
24,47,18,34,39,42,48,46,17,8,38,25,33,44,31,22,32,45,30,41,36,49,
29,28,35,23,26,27,40,43,44,37,38,47,21,
38,33,44,22,32,25,30,31,41,36,49,45,17,46,48,42,39,34,18,47,
41,23,26,21,27,40,16,29,49,33,28,19,48,35,43,44,38,37,47,
31,22,27,47,37,38,15,44,43,35,48,19,40,11,24,42,29,39,41,28,45,32,46,33,20,49,
42,39,24,41,45,32,46,49,20,33,29,28,19,48,35,43,44,38,37,47,40,27,
26,16,27,40,47,37,41,28,49,32,33,29,19,48,35,43,15,44,38,
34,36,30,29,33,38,24,31,44,39,48,22,46,49,32,45,41,42,18,47,
45,27,40,47,37,41,28,49,32,33,29,19,48,35,43,15,44,38,
41,49,32,33,29,28,19,48,35,43,44,38,37,47,40,27,
49,33,29,28,19,48,35,43,44,38,37,47,40,27,
31,30,41,36,49,45,46,48,42,39,34,47,25,
39,48,46,49,32,45,41,42,47,31,
33,29,28,48,35,43,44,38,37,47,40,27,
46,29,47,44,38,32,45,48,35,49,41,33,43,37,
38,37,44,43,40,26,
44,42,46,39,41,49,48,47,45,32,
38,37,44,43,40,26,
39,38,44,46,33,41,49,48,47,45,32,
47,34,39,42,48,46,45,49,36,41,30,
40,43,44,37,
47,37,38,44,43,35,
47,40,37,38,44,43,35,
47,44,38,
41,36,49,45,46,48,42,39,34,
47,42,41,45,49,46,48,39,
47,48,49,41,
47,44,
39,42,48,46,45,49,36,
43,44,38,
45,49,46,48,42,
44,43,
44,
48,46,49,45,
43,
49,48,
48,46,49,45,


49,




Past links sets, 






0,
1,
2,6,
1,4,
3,4,5,
10,
1,4,5,
0,3,5,
1,3,4,5,
10,12,14,
3,9,12,
8,
8,13,
11,15,16,
0,1,11,
7,9,
8,10,13,
5,7,9,
1,6,11,13,
3,5,17,
12,21,23,
0,7,19,
0,7,19,
13,19,7,20,
13,25,
10,17,18,
15,18,20,22,24,
8,19,20,24,
30,
20,27,28,
34,
20,26,27,28,
8,21,23,24,29,35,
22,24,31,34,
26,28,
9,30,31,32,
1,11,22,31,36,
35,37,40,
22,33,37,38,
14,20,39,42,
20,39,42,
25,27,28,29,31,32,33,
19,39,41,42,
16,41,45,
Future links sets, 
28,27,20,13,6,
42,24,14,12,9,20,7,
8,
25,16,14,13,10,
14,12,10,9,
14,13,25,12,23,10,
24,8,
29,28,27,23,21,
38,33,22,18,17,
41,23,21,16,
31,22,15,11,
42,24,20,19,
26,16,15,
30,29,24,22,18,
45,15,
32,19,
49,19,
31,25,
32,31,
48,33,29,28,27,
37,35,46,33,45,32,29,
38,26,
44,42,39,32,
38,26,
39,38,33,32,
47,30,
40,37,
47,37,35,
47,40,37,35,
47,38,
41,34,
47,42,41,39,
47,41,
47,44,
39,36,
43,38,
42,
44,43,
44,
48,46,45,
43,
49,48,
48,46,45,


49,




Coordinates,
-0.739736,-0.570461,
-0.660732,0.518474,
-0.638167,-0.738445,
-0.626793,-0.178168,
-0.619571,0.311819,
-0.616153,0.0591225,
-0.4858,-0.537239,
-0.451719,0.697965,
-0.42913,-0.531772,
-0.363458,0.505363,
-0.348855,0.0723585,
-0.266299,0.107061,
-0.250576,0.295659,
-0.245584,-0.235239,
-0.232341,0.206297,
-0.162824,0.242242,
-0.137224,0.305844,
-0.126907,-0.69524,
-0.0671067,-0.310792,
-0.0637829,0.270983,
-0.0538056,0.00107714,
-0.0160307,0.671653,
-0.00740929,-0.226294,
-0.00302139,0.583967,
-0.000992669,-0.0929409,
0.145655,-0.683075,
0.162667,0.637162,
0.162724,0.236523,
0.169679,0.327248,
0.191356,0.186338,
0.19812,-0.675982,
0.205479,-0.468215,
0.209443,-0.0864559,
0.222351,0.0231673,
0.224153,-0.664598,
0.241086,0.290014,
0.359739,-0.745462,
0.376799,0.428505,
0.399163,0.279175,
0.463147,-0.532942,
0.482893,0.58034,
0.515938,-0.371142,
0.553492,-0.64985,
0.608459,0.638959,
0.610625,0.389678,
0.63423,-0.629691,
0.673313,-0.706498,
0.679414,-0.178154,
0.716048,-0.495534,
0.728686,-0.558233,
