Storage option,sets
Size,75
Dimension,2
Shape,cube
Spacetime,BlackHole
Past sets, 

0,
0,

0,
0,1,
3,
4,0,3,1,
2,3,5,0,1,4,
1,0,2,
8,2,3,5,0,1,4,7,
0,2,
1,0,2,
6,8,2,3,5,0,1,4,7,
7,4,1,0,5,3,2,8,10,
7,4,1,0,5,3,8,6,2,13,
6,8,2,3,5,0,1,4,7,
10,8,2,3,5,0,1,4,7,6,
6,14,3,7,4,1,0,5,2,8,10,

1,11,0,2,
10,13,15,16,5,6,8,2,3,0,1,4,7,
9,18,5,6,14,1,3,7,4,0,2,8,10,
7,4,1,0,3,2,8,6,5,16,
13,23,7,4,1,0,3,16,2,15,8,6,5,
3,4,5,9,2,12,1,11,0,
1,19,11,0,2,
21,4,10,13,15,16,5,6,8,2,3,0,17,1,7,
7,1,17,0,3,2,8,6,5,16,15,13,4,21,10,27,
12,20,9,26,1,11,0,19,2,
9,20,1,11,0,2,12,
17,16,15,13,22,5,9,18,1,6,14,3,7,4,21,0,2,8,10,
10,24,7,13,23,6,4,21,1,0,3,16,2,15,8,5,
14,18,9,28,7,1,17,0,3,22,2,21,8,27,6,5,16,15,13,4,10,
8,20,3,4,5,9,25,2,12,1,11,0,
17,16,15,13,22,5,9,18,1,6,14,3,7,4,21,0,2,8,10,
10,8,7,14,20,3,4,5,9,25,2,12,1,11,0,
2,19,0,11,26,9,20,1,12,29,
6,36,2,10,8,25,7,14,20,3,4,5,9,12,1,11,0,
19,26,30,9,20,1,12,11,0,2,29,
6,36,2,10,8,25,7,14,20,3,4,5,9,12,1,11,0,
11,12,35,17,16,15,13,22,5,9,18,1,6,14,3,7,4,21,0,2,8,31,10,
17,16,15,13,21,10,8,7,14,6,18,0,11,1,12,2,25,9,5,4,3,22,
13,17,10,8,7,14,6,18,0,11,1,12,2,25,9,5,4,3,22,
23,24,31,27,28,35,17,16,15,13,22,5,9,18,1,6,14,3,7,4,21,0,2,8,10,33,
17,18,22,38,0,6,25,36,2,10,8,7,14,20,1,3,4,5,9,12,11,
31,23,24,32,33,10,14,18,9,28,5,7,1,17,0,3,22,2,21,8,27,4,6,16,15,13,
12,23,24,31,27,28,35,17,16,15,13,22,5,9,18,1,6,14,3,7,4,21,0,2,8,10,33,
25,27,41,12,11,35,6,17,16,15,13,22,5,9,18,1,14,3,7,4,21,0,2,31,8,10,28,
31,23,24,32,33,10,14,18,9,28,5,7,1,17,0,3,22,2,21,8,27,4,6,16,15,13,
25,27,41,12,11,35,6,17,16,15,13,22,5,9,18,1,14,3,7,4,21,0,2,31,8,10,28,
44,47,18,12,23,24,31,2,27,28,35,6,17,16,15,13,22,5,9,1,14,3,7,4,33,21,0,8,10,
34,40,2,6,25,36,10,8,7,14,20,1,3,4,5,9,12,11,0,
15,34,40,13,43,45,22,17,18,38,0,6,25,2,36,10,8,7,14,20,1,3,4,5,9,12,11,
15,34,40,13,43,45,22,17,18,38,0,6,25,2,36,10,8,7,14,20,1,3,4,5,9,12,11,
33,42,48,50,21,25,27,41,12,11,35,6,17,16,15,13,22,5,9,18,1,14,3,7,4,0,2,31,8,10,28,
31,35,42,13,17,16,15,21,10,8,7,14,6,18,0,11,1,12,41,2,25,9,5,4,3,22,
53,54,25,15,34,5,40,11,13,43,14,45,22,17,18,38,9,0,6,2,36,7,10,8,20,1,3,4,12,
21,16,42,53,15,34,5,40,11,13,43,14,45,22,17,18,38,9,0,6,25,2,36,7,10,8,20,1,3,4,12,
18,19,26,29,30,6,34,11,40,2,25,36,10,8,7,14,20,1,3,4,52,5,9,12,0,38,
19,30,52,54,25,15,34,5,40,11,13,43,14,45,22,17,18,38,9,0,6,2,36,7,10,8,20,1,3,4,12,
30,52,57,53,22,54,25,15,34,3,5,36,40,9,11,13,43,12,14,45,17,18,38,7,0,6,2,10,8,20,1,4,
32,24,23,47,44,55,18,33,42,5,48,11,50,13,21,25,27,41,4,12,35,6,17,16,15,22,9,1,14,51,3,7,0,2,31,8,10,28,
31,35,58,21,16,53,42,5,15,34,40,3,11,13,43,6,14,45,8,22,17,18,38,1,9,0,25,2,36,7,10,20,4,41,12,
34,37,29,30,26,19,39,40,2,6,25,36,10,8,7,14,20,1,3,4,5,9,12,11,0,
27,41,35,31,58,21,16,53,42,5,15,34,40,3,11,13,43,6,14,45,8,22,17,18,38,1,9,0,25,2,36,7,10,20,4,12,56,
21,16,42,57,53,22,54,25,15,34,3,5,36,40,9,11,13,43,12,14,45,17,18,38,7,0,6,2,10,8,20,1,4,
27,54,56,63,31,35,58,21,16,53,42,5,15,34,40,3,11,13,43,6,14,45,8,22,17,18,38,1,9,0,25,2,36,7,10,20,4,41,12,
6,34,25,5,4,3,14,7,8,10,29,0,2,11,12,1,30,20,9,19,26,39,37,36,
33,48,28,50,65,67,27,54,13,56,15,63,22,31,35,58,17,21,16,53,12,42,1,5,34,40,3,11,43,2,6,14,45,4,8,18,38,9,0,41,25,36,7,10,20,
43,46,62,21,32,24,23,47,6,44,3,55,14,18,33,42,1,5,48,7,11,50,9,13,25,27,41,0,4,12,35,17,16,15,56,22,51,10,2,31,8,28,
33,48,28,50,19,60,52,30,61,65,57,66,67,27,54,13,56,15,63,22,31,35,58,17,21,16,53,12,42,1,5,34,40,3,11,43,2,6,14,45,4,8,18,38,9,0,41,25,36,7,10,20,
26,24,23,47,44,51,55,71,12,33,48,28,50,19,60,1,52,30,61,2,65,6,57,66,7,67,8,27,54,13,56,15,63,4,22,31,35,58,17,21,16,53,42,5,34,40,3,11,43,14,45,18,38,9,0,41,25,36,10,69,20,
29,72,5,26,24,23,47,44,51,55,71,4,12,33,48,28,50,19,60,1,52,30,61,2,69,65,6,57,66,7,67,0,8,27,54,13,56,15,63,22,31,35,58,17,21,16,53,42,34,40,3,11,43,14,45,18,38,9,41,25,36,10,20,32,
59,73,6,29,72,5,26,24,23,47,44,51,55,71,4,12,33,48,28,50,19,60,1,52,30,61,2,69,65,57,66,7,67,0,8,27,54,13,56,15,63,22,31,35,58,17,21,16,53,42,34,40,3,11,43,14,45,18,38,9,41,25,36,10,20,32,62,
Future sets, 
4,11,1,72,26,20,12,29,37,39,30,9,7,5,64,8,67,34,23,16,24,15,74,10,69,63,32,21,28,27,14,73,2,61,38,40,17,70,52,68,36,18,71,65,55,45,54,57,53,60,43,58,66,13,42,31,49,35,47,46,22,51,41,48,44,50,56,33,62,59,25,
26,20,12,29,37,39,30,9,7,5,64,8,67,34,23,16,24,15,74,10,69,63,32,21,28,27,14,73,61,38,40,17,70,52,68,36,18,71,65,55,45,54,57,53,60,43,58,66,13,72,42,31,49,35,47,46,22,51,41,48,44,50,56,33,62,59,25,
12,20,26,11,25,29,37,39,30,8,67,34,23,16,24,15,74,10,69,63,32,21,28,27,14,73,61,38,40,64,17,70,52,68,9,36,18,71,65,55,45,54,57,53,60,43,58,66,13,72,42,31,49,35,47,46,22,51,41,48,44,50,56,33,62,59,
25,34,43,49,55,48,46,51,33,28,47,44,67,50,31,72,41,63,32,73,42,35,27,58,62,74,21,65,24,53,69,16,57,61,60,56,54,66,13,23,70,17,45,71,18,22,38,40,64,52,15,68,59,6,7,10,14,36,8,
25,34,7,66,23,16,24,15,74,10,69,63,32,21,28,27,14,73,67,8,61,38,40,64,17,70,52,68,36,18,71,65,55,45,54,57,53,60,43,58,13,72,42,31,49,35,47,46,22,51,41,48,44,50,56,33,62,59,
8,67,34,23,16,24,15,74,10,69,63,32,21,28,27,14,73,61,38,40,64,17,70,52,68,36,18,71,65,55,45,54,57,53,60,43,58,66,13,72,42,31,49,35,47,46,22,51,41,48,44,50,56,33,62,59,25,
68,52,64,40,38,22,59,18,45,17,23,13,54,15,56,60,61,57,16,53,24,65,21,62,58,27,66,35,42,73,32,63,41,72,31,50,67,44,47,70,28,69,74,33,51,46,71,48,55,49,43,
23,16,24,15,10,63,32,21,74,28,27,14,67,61,38,40,64,17,70,52,68,36,18,71,65,55,45,54,57,53,60,43,58,66,13,42,31,49,35,72,47,46,69,22,51,41,48,44,50,73,56,33,62,59,
34,23,16,24,15,10,63,32,21,74,28,27,14,67,61,38,40,64,17,70,52,68,36,18,71,65,55,45,54,57,53,60,43,58,66,13,42,31,49,35,72,47,46,69,22,51,41,48,44,50,73,56,33,62,59,
30,39,37,29,52,36,59,64,68,34,40,38,22,55,62,25,33,70,56,73,50,44,67,71,48,65,63,41,74,51,69,46,47,72,35,49,31,42,66,58,43,60,53,57,61,54,45,
32,21,28,27,14,61,38,40,64,17,52,68,36,18,65,55,45,54,57,53,60,43,58,66,42,31,49,35,72,47,46,69,22,51,74,41,63,48,71,67,44,50,73,56,70,33,62,59,
41,26,42,70,55,56,62,43,48,50,20,45,38,69,40,71,34,65,61,30,72,29,60,73,74,59,37,68,64,39,53,52,67,36,63,57,66,58,54,25,
51,47,41,30,39,37,25,62,50,48,43,56,55,70,42,45,38,40,34,71,57,68,64,53,73,36,61,72,59,60,74,52,65,67,69,63,66,29,58,54,
15,56,60,54,61,57,53,24,65,21,62,58,27,66,35,42,73,32,63,41,72,31,50,67,44,47,70,28,69,74,33,51,46,71,48,55,49,43,
38,40,64,52,68,36,18,55,45,54,61,57,53,60,43,58,66,42,31,49,35,72,47,46,69,51,74,41,63,65,48,71,67,44,50,73,56,70,33,62,59,22,
60,54,61,57,53,24,21,58,27,66,35,42,73,32,63,56,41,72,50,67,44,47,70,28,74,51,69,46,71,48,55,33,49,62,31,65,
24,23,21,58,27,66,35,42,73,32,63,56,41,72,50,67,44,47,70,28,74,51,69,46,71,48,55,33,49,62,31,65,
31,65,62,49,72,33,55,48,71,46,69,51,74,27,28,70,47,44,67,73,50,41,63,56,35,42,66,58,43,60,53,57,61,54,45,
45,54,61,57,53,60,43,58,66,42,31,49,35,72,47,46,69,51,74,41,63,65,48,71,67,44,50,73,56,70,33,62,55,59,22,
71,59,60,37,29,73,74,68,64,39,26,72,
45,38,40,34,71,61,72,29,73,74,30,59,60,37,68,64,39,53,52,65,67,69,63,57,66,58,54,36,
58,66,42,35,32,56,63,41,50,73,67,44,47,70,28,27,74,51,69,46,71,48,55,33,72,49,62,65,31,
55,62,33,56,73,50,44,67,71,48,65,63,41,74,51,69,46,70,47,72,49,31,35,42,66,58,43,60,53,57,61,54,45,
62,49,44,70,73,47,72,46,74,51,32,24,
32,51,74,46,47,70,72,49,73,62,44,
50,48,43,62,56,55,70,42,45,38,40,34,57,68,64,53,73,61,72,59,36,71,60,74,52,65,67,69,63,66,58,54,
29,73,74,59,37,68,64,39,72,
67,47,50,28,69,71,55,33,74,72,44,62,73,51,70,49,46,65,48,
50,71,55,72,44,62,73,74,51,49,69,46,33,70,47,48,
73,74,59,37,68,64,39,
68,59,64,39,72,61,74,60,71,73,
49,47,46,51,41,63,65,48,67,50,56,73,70,71,69,62,55,72,74,44,
74,46,70,49,73,62,
71,55,44,62,73,74,51,49,72,69,46,70,47,
68,64,53,73,61,72,59,71,60,74,52,65,67,69,63,57,66,58,54,
47,51,41,63,65,48,67,50,56,73,70,71,69,62,55,72,74,44,
68,52,64,40,38,57,59,45,60,53,72,65,67,69,63,74,61,73,54,66,71,58,
68,64,
59,45,60,53,65,67,69,63,57,74,61,72,73,66,71,54,58,
68,64,
64,53,73,61,72,59,71,60,74,52,65,67,69,63,57,66,58,54,
63,65,67,56,70,48,71,69,62,55,72,73,50,74,
66,63,70,74,72,55,73,56,62,67,65,71,69,58,
70,60,53,65,67,69,63,57,74,61,72,73,66,71,54,58,
70,74,62,73,72,51,
60,53,65,67,69,63,57,74,61,72,73,66,71,54,58,
70,
70,74,62,73,72,51,
71,69,62,73,55,72,74,70,

71,69,62,73,55,72,74,70,
73,62,72,74,70,
60,71,74,59,72,61,73,
65,67,69,63,57,61,72,74,73,66,71,58,
69,67,57,61,72,74,73,66,71,60,
73,62,72,74,70,
70,67,65,72,71,69,74,73,
61,72,74,73,66,71,
63,74,72,73,69,71,67,65,
74,
72,74,73,71,
72,74,73,71,
74,70,
72,73,69,71,74,67,

71,69,74,73,72,
72,74,73,71,
71,69,74,73,72,

73,74,72,

73,74,72,
74,73,
74,

Past links sets, 

0,
0,

0,
1,
3,
1,3,4,
2,3,4,5,
1,2,
7,8,
2,
1,2,
6,7,8,
10,
13,
6,7,8,
6,10,
6,14,

1,11,
10,15,16,
9,18,
16,
15,23,
3,4,12,11,9,5,
1,11,19,
17,21,
27,
9,12,20,26,
9,12,20,
21,17,22,
21,24,
22,28,
8,20,25,
21,17,22,
14,20,25,
29,
6,36,
29,30,
6,36,
12,11,31,35,
21,17,22,25,
13,17,22,25,
24,31,33,35,
17,22,38,
31,32,33,
12,33,31,35,24,
25,28,41,
31,32,33,
25,28,41,
44,47,
34,40,
15,40,43,45,34,
15,40,43,45,34,
42,33,48,50,
41,42,
53,54,
42,53,
38,52,30,18,29,
30,52,19,54,
30,52,57,
32,51,55,
41,58,
37,34,39,40,
27,56,58,
42,57,
27,54,56,63,
6,39,34,37,36,
33,67,65,50,48,
43,46,56,62,
48,60,67,33,66,50,61,65,
26,71,51,69,55,
29,32,72,
59,62,73,
Future links sets, 
4,2,1,
26,5,7,12,20,9,
12,11,9,8,
25,8,7,6,
25,8,7,
25,8,
68,13,40,18,38,16,17,
16,13,10,
34,16,13,10,
29,30,25,22,
21,17,14,
41,26,25,20,
47,25,29,30,41,
43,15,
36,18,
53,54,24,21,
23,21,
45,43,27,42,31,35,
59,22,
60,26,
36,30,34,29,
27,32,42,31,35,
45,43,33,35,31,42,
24,
44,47,32,
50,48,34,36,42,43,
72,29,
67,65,28,
50,48,33,
73,59,39,37,
61,60,59,39,
49,41,46,44,47,
73,62,49,46,
55,44,71,49,46,69,47,
68,52,54,53,64,
47,44,41,
40,68,38,
68,64,
59,45,
68,64,
64,54,53,52,
56,50,63,48,
58,66,56,55,
70,54,53,
51,
54,53,
70,
51,
71,69,55,

71,69,55,
72,62,
61,60,59,
58,57,
60,67,57,
72,62,
67,70,65,
66,61,
65,63,
74,
71,
71,
74,70,
67,

71,69,
71,
71,69,

72,

72,
73,
74,

Coordinates,
0.0782814,7.90475,
0.666561,7.94452,
0.197524,7.34808,
3.16842,9.72242,
2.86952,8.8978,
2.23708,8.18776,
4.1482,9.89629,
3.39419,8.63434,
3.36045,8.41075,
1.28952,5.71962,
3.42526,7.67294,
0.309722,3.95438,
1.25137,4.66563,
5.42455,8.6693,
3.46433,6.56941,
5.7063,8.75353,
6.5148,9.23147,
5.15358,7.60963,
4.9201,7.02385,
0.0238443,2.08469,
0.970056,3.00054,
6.61561,8.52648,
4.99603,6.78656,
8.35422,9.81805,
8.38125,9.79195,
3.2985,4.60112,
0.741007,2.03856,
7.51587,8.41552,
7.68242,8.31393,
1.35156,1.90315,
1.7796,2.24489,
7.25993,7.35038,
9.07313,9.13984,
7.88493,7.64392,
3.36358,3.06172,
7.1745,6.74759,
3.99789,3.5352,
1.44854,0.856484,
4.61797,3.63171,
2.08265,1.01862,
4.49552,3.40442,
7.26249,5.97731,
6.71428,5.37438,
5.46674,3.95945,
8.81657,7.24099,
5.28652,3.59704,
9.54439,7.62619,
8.72067,6.78054,
7.79372,5.85342,
9.76268,7.72041,
7.77466,5.72462,
8.85457,6.7885,
4.54274,2.45163,
5.94324,3.49867,
5.76174,3.10718,
8.26867,5.45504,
7.39295,4.52182,
6.05524,3.00074,
7.024,3.67211,
4.93874,1.56636,
5.83744,2.19918,
6.25061,2.52274,
9.24272,5.49671,
7.29566,3.53935,
4.52956,0.734021,
7.65725,3.68473,
6.92356,2.95086,
7.54976,3.40818,
4.42397,0.0390902,
7.98028,3.45281,
9.75149,5.13926,
7.91795,2.24379,
8.87774,2.21207,
9.15339,1.80123,
9.28593,1.4039,
