Storage option,sets
Size,100
Dimension,2
Shape,cube
Spacetime,BlackHole
Past sets, 


0,
0,
0,
2,0,3,
1,
4,5,0,2,3,
4,5,0,2,3,
1,6,
1,4,0,3,2,
4,5,0,2,3,
6,1,9,
2,0,3,
5,7,10,3,1,4,0,2,
0,6,12,1,9,
0,6,12,1,9,
0,2,
1,12,6,0,9,16,
5,7,2,3,4,10,15,1,0,6,12,9,
6,14,3,5,7,10,1,4,0,2,8,
8,14,3,5,7,10,1,4,0,11,2,
6,8,14,3,5,7,10,1,4,0,11,2,
3,17,0,2,13,
7,8,1,0,11,2,13,3,4,5,10,
1,7,0,11,2,13,3,4,5,8,
11,9,12,15,20,7,6,14,1,3,5,10,4,0,2,8,
25,1,7,0,13,11,2,3,4,5,8,10,
0,2,
1,7,0,11,2,13,3,4,5,8,
4,18,1,12,6,0,9,16,15,
25,1,7,0,13,11,2,3,4,5,8,10,
14,27,10,25,8,1,7,24,0,13,11,2,3,4,5,
16,19,2,5,7,3,4,10,15,1,18,0,6,12,9,
26,7,11,9,12,15,20,1,6,14,3,5,10,4,0,19,2,8,
5,4,11,23,2,3,17,0,13,
2,0,28,
9,13,20,22,5,6,8,14,3,7,10,1,4,21,0,11,2,
24,15,12,26,37,9,13,20,1,22,3,5,6,8,14,7,10,4,21,2,0,11,
31,32,14,27,10,25,8,1,7,24,0,13,11,2,3,4,5,
16,18,26,7,11,9,12,15,20,1,6,14,3,5,10,4,0,19,2,8,
24,31,25,8,1,7,0,13,11,2,3,4,5,10,27,
13,19,21,26,7,11,9,12,15,20,1,6,14,3,22,5,10,4,0,2,8,
14,30,33,16,19,2,5,7,3,4,10,15,1,18,0,6,12,9,
22,40,16,18,26,3,7,11,34,9,12,15,20,1,6,14,5,10,4,0,19,2,8,
13,21,34,11,26,3,7,9,12,15,20,1,6,14,5,10,4,0,19,2,8,22,
19,15,12,26,37,9,13,20,1,22,3,5,6,8,14,7,10,4,21,2,0,11,
14,30,33,16,19,2,5,7,3,4,10,15,1,18,0,6,12,9,
10,17,3,1,7,29,0,13,11,2,4,5,8,25,
17,3,1,7,29,0,13,11,2,4,5,8,23,
7,8,35,2,13,5,4,11,0,23,3,17,
25,38,9,24,15,12,26,37,8,13,20,1,22,3,5,6,14,7,10,4,21,2,0,11,27,
8,14,20,33,16,19,2,5,7,3,4,10,15,1,18,0,6,12,9,
6,21,39,1,31,32,13,14,27,8,10,25,7,24,5,0,11,2,3,4,
8,2,19,0,4,10,14,6,1,20,12,9,5,34,7,3,26,18,16,11,40,22,15,44,
45,16,13,21,34,5,11,26,3,7,9,12,15,20,1,6,14,10,4,0,19,2,8,22,
8,2,19,0,4,10,14,6,1,20,12,9,5,34,7,3,26,18,16,11,40,22,15,44,
27,31,10,17,0,3,1,7,29,13,48,11,2,4,5,8,25,
43,14,30,7,33,10,16,19,2,5,3,4,15,1,18,0,6,12,9,8,
44,15,22,40,11,16,18,26,3,7,34,5,9,12,20,1,6,14,10,4,0,19,2,8,54,
34,42,19,51,22,25,38,9,24,15,12,26,37,8,13,20,1,3,5,6,14,7,10,4,21,2,0,11,27,46,
7,53,6,21,39,1,24,31,8,32,13,14,27,4,10,25,2,5,0,11,3,22,
3,23,17,0,11,4,5,13,2,1,35,8,7,50,
12,31,24,25,27,32,37,9,13,20,1,22,3,5,6,8,14,7,10,4,21,2,0,11,
42,46,27,37,24,38,25,55,26,45,16,13,21,34,5,11,3,7,9,12,15,20,1,6,14,10,4,0,19,2,8,22,51,
24,38,42,37,46,21,13,45,55,1,44,15,22,40,11,16,18,26,3,7,34,5,9,12,20,6,14,10,4,59,0,19,2,8,54,56,
19,31,51,22,25,38,9,24,15,12,26,37,8,13,20,1,3,32,5,6,14,7,10,4,21,2,0,11,27,
34,11,26,40,22,8,9,52,5,6,0,47,18,1,15,4,3,2,19,16,10,33,7,30,14,43,12,58,20,44,
9,20,41,29,17,32,3,7,53,24,6,21,39,10,1,31,61,2,8,13,14,27,4,25,5,0,11,22,48,
47,52,56,33,30,43,1,44,15,22,40,11,16,18,26,3,7,34,5,9,12,20,6,14,10,4,59,0,58,19,2,8,54,
23,25,5,4,2,11,13,7,48,1,3,17,29,10,31,8,27,0,41,57,53,6,21,39,32,14,24,
31,32,64,27,42,5,46,9,37,0,24,38,1,25,55,26,45,8,16,13,21,34,11,3,7,12,15,20,6,14,51,10,4,19,2,22,60,
31,32,56,54,18,40,44,59,64,27,42,5,46,9,37,0,24,38,1,25,55,26,45,8,16,13,21,34,11,3,7,12,15,20,6,14,51,10,4,19,2,22,60,
16,45,55,46,42,34,60,66,4,19,31,0,51,20,22,25,38,7,9,24,15,12,26,37,6,8,13,1,32,3,5,14,10,21,2,11,27,
31,32,44,40,18,56,64,27,42,5,46,9,37,0,24,38,1,25,55,26,45,8,16,13,21,34,11,3,7,12,15,20,6,14,51,10,4,19,2,22,60,
31,32,18,40,44,64,27,42,5,46,9,37,0,24,38,1,25,55,26,45,8,16,13,21,34,11,3,7,12,15,20,6,14,51,10,4,19,2,22,60,
71,66,75,32,31,18,40,44,1,64,21,27,42,5,46,3,9,37,0,24,38,25,55,12,26,45,2,8,51,16,13,34,11,7,15,20,6,14,10,4,19,22,60,73,
65,71,59,54,72,56,75,32,31,74,18,40,44,1,64,21,27,42,5,46,3,9,37,0,24,38,25,55,12,26,45,2,8,51,16,13,34,11,7,15,20,6,14,10,4,19,22,60,
65,71,59,54,72,56,75,32,31,74,18,40,44,1,64,21,27,42,5,46,3,9,37,0,24,38,25,55,12,26,45,2,8,51,16,13,34,11,7,15,20,6,14,10,4,19,22,60,
65,71,59,54,72,56,75,32,31,74,18,40,44,1,64,21,27,42,5,46,3,9,37,0,24,38,25,55,12,26,45,2,8,51,16,13,34,11,7,15,20,6,14,10,4,19,22,60,
26,15,38,37,12,63,6,9,20,41,10,29,17,48,32,68,1,3,7,53,22,24,21,39,8,31,0,61,2,13,14,27,4,25,5,11,
30,33,52,65,59,54,72,74,31,32,44,1,40,18,56,13,64,21,27,42,5,46,3,9,37,0,24,38,25,55,12,26,45,2,8,51,16,34,11,7,15,20,6,14,10,4,19,22,60,
30,43,33,52,65,59,54,72,74,31,32,44,1,40,18,56,13,64,21,27,42,5,46,3,9,37,0,24,38,25,55,12,26,45,2,8,51,16,34,11,7,15,20,6,14,10,4,19,22,60,
30,33,52,65,59,54,72,74,31,32,44,1,40,18,56,13,64,21,27,42,5,46,3,9,37,0,24,38,25,55,12,26,45,2,8,51,16,34,11,7,15,20,6,14,10,4,19,22,60,
65,71,59,54,60,22,19,4,10,14,6,20,15,7,11,34,13,16,51,8,2,45,26,12,55,25,38,24,0,37,9,3,46,5,42,27,21,64,1,44,40,18,74,31,32,75,56,73,66,72,
30,43,33,52,72,25,31,32,56,9,54,7,18,65,40,44,59,12,64,27,42,5,46,37,0,24,38,1,55,8,26,45,16,13,60,21,34,11,3,15,20,6,14,51,4,10,19,2,22,
30,43,33,52,65,59,54,72,74,31,32,44,1,40,18,56,13,64,21,27,42,5,46,3,9,37,0,24,38,25,55,12,26,45,2,8,51,16,34,11,7,15,20,6,14,10,4,19,22,60,
39,53,63,59,54,72,56,76,71,24,66,19,75,32,31,18,40,44,1,64,21,27,74,42,5,46,3,9,37,0,38,25,55,8,12,26,73,45,2,51,4,16,13,60,34,11,7,15,20,6,14,10,22,
66,77,78,75,71,81,30,33,52,65,12,59,6,54,1,72,19,74,21,31,32,44,40,18,56,3,13,64,11,27,42,5,46,9,37,0,24,38,25,55,2,26,79,45,8,51,16,34,7,60,15,20,14,10,4,22,
66,73,77,78,75,71,81,30,33,52,65,12,59,6,54,1,72,19,74,21,31,32,44,40,18,56,3,13,64,11,27,42,5,46,9,37,0,24,38,25,55,2,26,79,45,8,51,16,34,7,60,15,20,14,10,4,22,
29,41,18,40,44,39,53,61,63,64,73,32,16,45,4,55,14,46,5,42,1,34,60,19,66,25,31,0,51,10,20,22,38,7,9,24,15,12,26,37,6,8,13,3,21,2,11,27,71,
33,39,53,63,76,77,78,84,31,65,12,71,18,59,6,54,1,60,7,22,75,19,72,4,10,14,20,73,15,11,64,34,13,66,16,51,8,2,55,45,26,79,25,38,24,0,37,9,3,56,46,5,42,27,21,74,44,40,32,
67,58,47,69,82,83,86,33,30,43,52,65,12,59,6,54,1,72,19,74,21,31,32,85,44,40,18,56,3,13,64,11,27,42,5,46,9,37,0,24,38,25,55,2,26,45,8,51,16,34,7,60,15,20,14,10,4,22,
76,84,88,89,30,66,7,73,14,77,18,78,19,75,16,71,12,81,22,33,52,65,6,59,0,54,1,60,72,13,74,15,21,31,32,44,40,56,3,64,5,11,27,42,46,9,37,24,38,25,55,2,26,79,20,45,8,51,34,10,4,
47,58,77,78,75,71,79,81,82,83,86,33,30,43,52,65,12,59,6,54,1,72,19,74,21,31,32,85,44,40,18,56,3,13,64,11,27,42,5,46,9,37,0,24,38,25,55,2,26,45,8,51,16,34,7,60,15,20,14,10,4,22,
33,39,53,63,76,77,78,84,31,65,12,71,18,59,6,54,1,60,7,22,75,19,72,4,10,14,20,73,15,11,64,34,13,66,16,51,8,2,55,45,26,79,25,38,24,0,37,9,3,56,46,5,42,27,21,74,44,40,32,
41,61,87,39,53,63,4,59,0,54,72,13,56,76,71,12,24,66,7,19,75,16,32,31,18,40,44,1,60,64,5,21,27,74,15,42,46,3,9,37,38,25,55,8,26,73,14,45,2,51,34,11,20,6,65,10,22,
94,27,47,58,77,10,78,11,75,8,71,4,79,12,81,14,82,15,83,16,86,19,33,30,43,52,65,59,6,54,1,72,5,74,7,21,31,32,85,18,44,40,56,3,13,64,42,46,9,37,0,24,38,25,55,2,26,45,51,34,60,20,22,66,
63,43,82,93,26,76,9,84,88,21,89,22,30,66,7,74,73,6,14,81,77,10,18,78,11,19,75,8,16,83,71,4,12,79,33,52,65,59,0,54,1,60,72,5,13,15,31,32,44,40,56,3,64,27,42,46,37,24,38,25,55,2,20,45,51,34,
47,58,82,83,85,43,93,26,76,9,84,88,21,89,22,30,66,7,74,73,6,14,81,77,10,18,78,11,19,86,75,8,16,71,4,12,79,33,52,65,59,0,54,1,60,72,5,13,15,31,32,44,40,56,3,64,27,42,46,37,24,38,25,55,2,20,45,51,34,
Future sets, 
18,16,15,30,4,2,99,36,28,17,23,13,10,5,88,35,11,94,8,91,7,90,86,62,50,49,29,31,57,27,48,25,41,24,33,14,97,93,81,47,58,43,39,32,20,22,89,53,61,70,87,79,68,52,63,26,85,46,40,42,95,34,66,51,80,21,38,75,60,55,96,37,73,64,71,44,76,67,74,54,83,19,98,45,56,84,92,82,78,77,69,59,65,72,3,
62,49,29,25,21,32,39,14,24,41,27,57,31,48,6,77,70,53,61,22,93,9,80,76,68,37,12,83,79,73,63,18,89,85,15,86,82,74,30,97,26,91,20,38,99,19,90,51,78,72,66,46,40,42,95,34,87,16,65,59,96,43,45,98,84,56,54,75,44,71,64,55,60,33,94,92,52,67,69,47,58,81,10,88,
36,28,17,23,13,10,5,88,35,11,94,8,91,7,90,86,62,50,49,29,31,57,27,48,25,41,24,33,14,97,93,81,47,58,43,39,32,99,20,22,89,53,61,70,87,79,68,52,63,26,85,46,40,42,95,34,66,51,80,21,38,75,60,55,96,37,73,64,71,44,76,67,74,54,83,19,98,45,56,84,92,82,78,77,69,59,65,72,
23,13,10,5,88,35,11,94,8,91,7,90,86,62,50,49,29,31,57,27,48,25,41,24,33,14,97,93,81,47,58,43,39,32,99,20,22,89,53,61,70,87,79,68,52,63,26,85,46,40,42,95,34,66,51,80,21,38,75,60,55,96,37,73,64,71,44,76,67,74,54,83,19,98,45,56,84,92,82,78,77,69,59,65,72,
30,35,11,10,8,7,86,62,50,49,29,31,57,27,48,25,41,24,33,14,93,81,47,58,43,39,32,99,20,22,89,53,61,70,87,79,68,52,63,26,85,46,40,42,95,34,66,51,80,21,88,38,97,91,75,60,55,96,37,73,64,71,44,90,76,67,74,54,83,19,98,45,56,84,92,82,78,77,69,59,94,65,72,
35,11,8,7,86,62,50,49,29,31,57,27,48,25,41,24,33,14,93,81,47,58,43,39,32,99,20,22,89,53,61,70,87,79,68,52,63,26,85,46,40,42,95,34,66,51,80,21,88,38,97,91,75,60,55,96,37,73,64,71,44,90,76,67,74,54,83,19,98,45,56,84,92,82,78,77,69,59,94,65,72,
70,53,61,22,9,76,68,37,12,79,73,63,18,85,15,82,74,30,97,91,89,38,99,80,19,86,51,78,72,66,46,40,42,95,34,93,26,87,20,65,59,96,43,77,16,83,45,98,84,56,54,75,90,44,71,64,55,60,33,94,92,52,67,69,47,58,81,88,
62,50,49,29,31,57,27,48,25,41,24,33,14,81,47,58,43,39,32,99,22,89,53,61,70,20,87,79,68,52,63,26,93,85,46,40,42,95,34,66,51,80,21,88,38,97,91,75,60,55,96,37,73,64,71,44,90,76,67,74,54,83,86,19,45,98,56,84,92,82,78,77,69,59,94,65,72,
58,62,50,49,29,31,57,27,48,25,39,32,41,24,22,53,61,70,20,79,68,52,63,26,85,46,99,40,42,95,93,34,66,51,80,21,38,97,91,87,75,60,55,96,37,73,64,71,44,81,90,76,67,74,54,83,86,45,98,56,84,92,82,78,77,89,69,59,94,65,72,88,
68,37,12,73,63,18,79,15,76,74,30,91,89,38,99,97,80,19,51,78,72,66,46,40,42,95,34,93,87,26,65,59,96,43,77,16,85,45,98,84,56,54,75,90,44,71,64,55,60,82,86,33,94,92,52,67,69,47,83,58,81,88,
48,31,57,27,41,24,33,14,81,47,58,43,39,32,99,22,89,53,61,70,20,87,79,68,52,63,26,93,85,46,40,42,95,34,66,51,80,21,88,38,97,91,75,60,55,96,37,73,64,71,44,90,76,67,74,54,83,86,19,45,98,56,84,92,82,78,77,69,59,94,65,72,
50,62,35,49,29,34,40,26,31,57,27,48,25,39,32,41,65,74,73,86,83,82,81,72,71,90,96,77,99,76,64,95,93,46,87,94,42,89,91,97,60,66,88,98,51,80,75,79,85,38,63,78,84,37,92,45,55,53,61,70,68,21,22,59,69,56,54,67,44,24,
63,18,15,74,30,89,38,97,80,51,19,78,72,66,46,99,40,42,95,93,34,87,65,59,96,43,77,79,26,85,45,98,84,56,54,75,16,76,90,44,71,64,73,55,60,82,86,33,92,52,67,69,94,47,83,58,81,88,91,
55,45,42,46,37,29,31,57,27,48,24,77,23,76,70,35,88,49,50,62,41,94,65,64,60,51,32,85,73,75,74,86,83,92,39,82,81,72,78,25,53,79,38,91,63,80,95,66,68,97,90,61,87,96,99,98,89,84,93,71,
47,58,43,39,32,22,53,61,70,20,79,68,52,63,26,85,46,99,40,42,95,93,34,66,51,80,21,38,97,91,87,75,60,55,96,37,73,64,71,44,81,90,76,67,74,54,83,86,45,98,56,84,92,82,78,77,89,69,59,94,65,72,88,
30,38,80,51,19,72,66,46,99,42,95,40,93,87,34,65,59,96,43,77,78,79,26,45,98,84,56,54,74,75,76,90,44,97,71,64,73,55,60,82,86,33,52,85,67,69,92,94,47,83,58,81,89,88,91,
71,64,73,18,44,87,90,47,76,33,75,74,54,97,56,99,84,79,78,77,96,59,65,72,94,67,98,55,92,69,85,86,43,82,58,81,89,93,88,83,40,52,95,30,91,
80,68,48,57,23,70,35,49,50,62,
44,90,76,75,74,54,56,84,79,78,77,96,59,65,72,87,33,94,47,67,97,98,92,69,85,86,82,58,81,43,89,93,88,83,99,52,30,95,91,40,
66,46,42,40,87,72,65,59,96,77,78,79,45,84,56,54,74,75,76,90,44,71,64,73,55,60,82,86,99,52,85,98,97,67,69,92,94,47,83,58,81,34,93,43,89,88,91,95,33,
68,52,63,26,79,46,99,42,95,40,93,66,51,80,38,91,34,87,75,60,55,96,73,64,71,44,97,85,81,90,37,76,67,74,54,83,86,45,98,56,84,92,82,78,77,89,69,59,94,65,72,88,
70,68,61,53,55,45,37,78,63,38,79,75,80,51,92,88,66,60,97,91,89,94,87,46,95,64,76,99,77,96,93,98,84,90,71,72,81,82,83,42,85,86,73,74,65,
68,61,55,45,59,69,56,54,67,44,37,78,63,38,79,75,80,51,92,88,66,60,97,91,89,94,87,46,95,64,76,99,77,96,93,98,84,90,71,72,81,82,83,42,85,86,73,74,65,
70,35,50,62,49,
41,65,64,60,51,32,73,75,74,86,85,83,92,82,81,72,78,94,53,77,79,38,63,80,39,95,66,68,97,90,61,87,96,70,99,91,98,88,89,76,84,93,71,
48,27,74,57,64,60,51,98,32,79,73,75,86,39,85,83,92,82,41,88,81,72,78,31,94,53,77,63,80,95,66,68,97,90,61,87,96,70,99,91,89,76,84,93,71,
46,42,40,66,51,80,38,34,75,60,55,96,73,64,71,44,85,81,90,76,67,74,54,95,91,83,86,45,56,97,93,84,92,82,79,78,77,99,89,69,98,59,94,65,72,87,88,
57,64,60,51,32,73,75,74,86,85,83,92,82,41,81,72,78,94,53,77,79,63,80,39,95,66,68,97,90,61,87,96,70,99,91,98,88,89,76,84,93,71,
36,
90,48,68,80,70,49,57,
83,88,93,89,81,47,43,82,86,99,85,69,98,58,97,67,92,94,
75,74,86,85,83,92,82,81,72,78,94,77,79,71,93,84,76,89,99,73,88,97,53,41,70,80,95,66,68,90,61,87,96,91,57,63,39,98,
75,74,86,85,83,92,82,81,72,78,94,77,79,63,53,80,95,66,68,97,90,61,87,96,70,99,91,39,98,88,73,89,76,84,93,71,
95,91,88,89,93,81,83,94,92,67,97,58,98,69,85,99,86,82,43,47,52,
60,55,73,64,71,44,81,90,76,75,67,74,54,91,83,86,85,56,93,84,92,82,45,79,78,77,99,95,97,89,69,98,96,59,94,65,72,87,88,
62,50,

63,38,75,80,51,88,66,60,97,91,89,94,78,87,95,64,76,99,77,96,93,98,79,84,90,71,72,81,82,92,83,46,85,86,73,74,65,
80,51,88,66,60,97,91,75,89,94,78,87,95,64,76,99,77,96,93,98,79,84,90,71,72,81,82,92,83,85,86,73,74,65,
70,87,90,68,96,61,95,80,91,53,
88,87,72,65,94,59,96,98,69,89,97,95,99,77,78,79,82,92,84,93,56,85,86,83,91,54,74,67,75,76,90,81,44,
96,80,70,68,90,
65,60,91,75,88,89,94,78,97,87,95,64,76,99,77,96,93,98,79,84,90,71,72,81,82,92,83,85,86,73,74,
86,85,98,58,99,97,67,69,92,94,82,
90,76,75,67,74,54,83,86,85,56,84,92,82,81,79,78,77,99,95,97,91,89,69,98,93,96,94,65,72,87,88,59,
74,86,85,83,82,81,72,71,90,84,79,98,91,96,77,99,76,95,87,97,78,94,89,88,75,93,64,65,73,92,55,
65,60,91,75,88,89,94,78,97,87,95,64,76,99,77,96,93,98,79,84,90,71,72,81,82,92,83,85,86,73,74,
99,97,67,92,69,94,
68,80,70,57,

62,
66,60,91,75,88,89,94,78,97,87,95,64,76,99,77,96,93,98,79,84,90,71,72,81,82,92,83,85,86,73,74,
86,85,83,81,94,82,92,67,93,97,89,69,98,88,99,
91,95,61,96,68,90,80,87,70,
86,85,84,83,92,82,81,79,78,77,99,95,97,91,89,69,98,93,96,94,65,72,87,88,59,
73,65,64,93,75,88,89,94,78,97,87,95,76,99,77,96,91,98,79,84,90,71,72,81,82,92,83,85,86,74,
74,87,72,65,88,96,93,98,89,91,94,97,95,99,77,78,79,81,82,92,69,83,84,85,86,
70,
99,97,67,92,69,94,
87,72,65,88,96,93,98,89,91,94,97,95,99,77,78,79,81,82,92,69,83,84,85,86,
75,88,89,94,78,97,87,95,76,99,77,96,91,93,98,79,84,90,71,72,81,82,92,83,85,86,73,74,
96,90,80,68,

95,91,80,90,98,87,96,
75,88,89,94,78,97,87,95,76,99,77,96,91,93,98,79,84,90,71,72,81,82,92,83,85,86,74,
96,93,98,89,91,94,97,95,99,88,77,78,79,81,82,92,83,84,85,86,
97,88,73,99,90,89,76,98,87,95,84,96,91,93,
92,
80,
92,

90,84,79,93,91,96,77,99,76,95,87,98,97,94,89,88,78,
96,87,93,98,89,91,94,97,95,99,88,77,78,79,81,82,92,83,84,85,86,
90,89,98,87,95,84,76,99,96,91,93,
96,87,86,84,83,92,82,81,79,78,77,88,99,95,97,94,91,89,98,93,
84,79,93,91,96,77,99,76,95,87,98,97,94,89,88,78,
95,99,98,87,96,91,93,
95,97,94,91,89,98,93,88,99,
95,97,94,91,89,98,93,88,99,
95,97,94,91,89,98,93,88,99,

97,94,89,98,93,88,99,
99,92,97,94,98,
99,92,97,94,98,
95,91,93,98,99,
99,94,97,92,
99,94,97,92,
96,
99,98,93,
99,98,93,



99,98,
97,





Past links sets, 


0,
0,
0,
2,3,
1,
4,5,
4,5,
6,
1,2,3,4,
4,5,
9,
2,3,
7,10,
0,12,
0,12,
2,
16,
7,10,15,
6,8,14,
8,11,14,
8,6,11,14,
13,17,
7,13,8,11,10,
1,13,8,11,7,
11,15,20,
10,25,
2,
1,13,8,11,7,
4,15,18,
10,25,
14,24,27,
18,19,
19,26,
11,23,
28,
22,21,9,20,13,
24,26,37,
31,32,
18,19,26,
24,27,31,
13,26,21,22,19,
14,30,33,
22,34,40,
13,21,22,34,
19,26,37,
14,30,33,
17,10,25,29,
23,29,
7,8,35,
27,38,
20,33,
6,21,39,
44,
16,45,
44,
27,31,48,
8,43,
54,
34,42,46,51,
22,53,
1,50,
31,12,32,37,
42,46,51,55,
38,42,59,56,46,55,
19,32,31,51,
44,47,52,58,
61,41,48,9,20,
59,47,58,56,52,
41,23,53,57,
31,32,60,64,
32,31,64,59,60,56,
55,60,66,
31,64,60,56,32,
31,64,44,60,32,
71,73,75,
65,75,74,72,71,
65,75,74,72,71,
65,75,74,72,71,
38,63,68,
72,30,74,52,65,
72,74,52,43,65,
72,30,74,52,65,
65,71,75,74,73,72,
43,65,52,72,
72,74,52,43,65,
53,76,72,74,63,
81,79,78,66,77,
73,81,79,78,77,
44,29,73,41,63,71,61,
53,63,76,84,79,78,33,77,
67,69,86,85,83,82,
76,88,84,89,
47,58,77,78,79,81,86,85,83,82,
53,63,76,84,79,78,33,77,
41,61,65,87,
66,94,
82,63,83,93,
47,58,82,93,83,86,85,
Future links sets, 
16,2,3,4,15,
6,10,25,62,29,
5,10,13,28,17,
13,10,5,
7,30,8,10,11,
11,8,7,
53,22,20,9,
50,29,19,24,14,25,
50,29,58,25,20,21,22,24,
68,37,12,
48,31,14,19,24,27,
29,26,21,22,35,24,25,
63,16,15,
42,37,45,23,24,29,25,
47,20,22,43,21,32,
30,26,19,
55,18,
48,23,
33,40,30,
46,66,33,34,40,42,
68,52,37,26,
53,45,42,37,
61,37,42,44,45,
49,70,35,
41,38,32,
48,31,27,
46,34,38,40,42,
51,41,57,32,
36,
90,49,48,
81,47,83,43,
75,71,66,72,39,57,74,41,63,
75,72,39,74,63,66,71,
95,43,52,47,91,
60,45,44,
50,

46,63,38,
80,65,51,
53,
44,
96,90,70,68,
64,65,60,
86,85,82,58,
90,54,56,67,75,
55,
64,65,60,
99,94,69,67,
68,57,

62,
66,64,60,
86,85,83,67,82,69,81,
95,61,91,70,87,
59,
73,65,64,
72,74,69,65,
70,
99,94,69,67,
72,69,65,
75,71,72,73,74,
96,90,68,

95,90,98,87,80,91,
75,74,72,71,
86,96,85,84,83,82,77,78,79,81,
97,88,73,
92,
80,
92,

84,76,77,78,90,79,
87,86,85,84,83,82,77,78,79,81,
90,89,84,76,
87,86,84,83,82,77,78,79,81,
84,76,77,78,79,
95,93,91,87,
95,88,89,94,91,
95,88,89,94,91,
95,88,89,94,91,

94,89,88,
98,99,94,92,
98,99,94,92,
95,93,91,
99,94,92,
99,94,92,
96,
93,
93,



99,98,
97,





Coordinates,
0.00953773,3.45374,
0.833061,3.95753,
0.0313126,3.08817,
0.296403,3.17781,
0.540625,3.31174,
0.51581,3.06568,
1.59916,3.98914,
0.72049,3.09872,
0.71184,2.94015,
1.84045,3.92808,
1.3194,3.32557,
0.56156,2.54014,
1.9755,3.91678,
0.388022,2.19868,
1.41574,3.11535,
2.0557,3.66211,
2.50024,3.88897,
0.266624,1.47389,
2.8096,3.92722,
2.28252,3.36621,
1.8171,2.82619,
1.58175,2.44476,
1.79821,2.62776,
0.500549,1.27066,
1.38573,2.14356,
1.26737,1.98173,
2.06143,2.69904,
1.35768,1.94252,
0.0790097,0.626543,
0.894833,1.41408,
3.3525,3.83743,
1.34543,1.80873,
1.43882,1.84361,
3.16718,3.52478,
2.3773,2.71222,
0.579416,0.884829,
0.123889,0.342594,
1.96804,2.1716,
2.11461,2.14975,
1.46884,1.42974,
2.8698,2.80954,
1.39947,1.33436,
2.34137,2.27044,
3.54183,3.46772,
2.90397,2.76982,
2.42209,2.28785,
2.33498,2.18202,
3.69259,3.53465,
1.34418,1.18035,
1.14781,0.897955,
0.815426,0.546995,
2.1867,1.89648,
3.34169,3.05048,
1.65928,1.36327,
3.0199,2.71462,
2.60592,2.28985,
2.95718,2.60631,
1.3701,1.0091,
3.66136,3.2751,
3.04385,2.63007,
2.39092,1.82867,
1.81182,1.24287,
0.879671,0.210569,
1.99841,1.32746,
2.68571,1.86625,
3.06918,2.12418,
2.3047,1.35861,
3.90507,2.8964,
1.84719,0.76126,
3.9006,2.7154,
1.76959,0.572652,
2.76942,1.38113,
3.05757,1.65576,
2.64624,1.22469,
3.00635,1.58378,
2.91826,1.36177,
2.93923,1.05078,
3.1619,1.26898,
3.11749,1.20022,
3.15397,1.2003,
2.16982,0.173775,
3.3643,1.29471,
3.5511,1.44414,
3.52663,1.40232,
3.10986,0.980651,
3.65594,1.52202,
3.62925,1.45268,
3.0629,0.593816,
3.48827,0.897514,
3.41059,0.804171,
2.905,0.293608,
3.19211,0.496835,
3.95852,1.1109,
3.50141,0.652213,
3.71437,0.833875,
3.30747,0.407448,
3.07297,0.0156361,
3.81776,0.667288,
3.55912,0.403017,
3.69709,0.142552,
