Storage option,sets
Size,25
Dimension,2
Shape,cube
Spacetime,BlackHole
Past sets, 


0,1,
0,
1,0,2,
2,0,1,4,
0,1,
1,2,0,3,
0,3,

4,3,0,2,1,7,
0,1,

3,0,8,

3,4,2,5,1,0,6,
0,1,
9,
5,8,7,1,2,0,3,4,10,
0,1,9,12,
0,1,12,
9,
1,9,12,

14,9,21,
Future sets, 
20,19,2,15,7,5,18,10,4,3,16,13,8,6,11,
22,16,11,19,6,4,10,18,5,20,7,15,2,
7,5,18,15,10,4,
15,13,8,10,18,7,
10,15,18,5,
18,15,
15,
18,10,
18,13,
22,24,21,19,17,
18,

22,20,19,

24,






24,



Past links sets, 


0,1,
0,
2,
4,
0,1,
2,3,
3,

4,7,
0,1,

8,

3,5,6,
0,1,
9,
5,8,10,
0,1,9,12,
0,1,12,
9,
1,9,12,

14,21,
Future links sets, 
20,11,19,6,16,3,2,
22,20,16,11,19,6,2,
7,4,
15,8,7,
10,5,
18,15,
15,
10,
18,13,
22,21,19,17,
18,

22,20,19,

24,






24,



Coordinates
0.0134618,0.90635
0.085197,0.878529
0.0854402,0.742379
0.0415958,0.666384
0.106616,0.663058
0.123861,0.601143
0.210935,0.631985
0.0974664,0.495169
0.0579002,0.446664
0.488285,0.853127
0.109665,0.401956
0.31588,0.527474
0.474951,0.678457
0.0650922,0.148966
0.705131,0.750598
0.220975,0.242196
0.417743,0.376119
0.661845,0.536811
0.153565,0.0172649
0.51484,0.352975
0.47822,0.288962
0.704047,0.485577
0.585199,0.305648
0.992798,0.462987
0.842718,0.0480069