Storage option,sets
Size,250
Dimension,2
Shape,cube
Spacetime,BlackHole
Past sets, 












1,





10,
3,


13,
2,
0,
0,20,


10,13,
2,
14,
0,


10,18,
2,

21,2,8,23,


3,19,



2,29,
2,

1,12,
26,
3,19,

14,
5,
5,
33,18,10,34,
19,3,40,
41,
1,7,
33,27,42,
13,2,22,
38,

27,34,10,18,33,
13,2,22,
26,41,56,
3,19,36,
18,28,2,13,10,22,
13,2,22,
22,2,13,59,
11,17,20,
10,58,33,27,42,
5,
27,33,42,34,10,18,
8,21,37,29,23,45,35,2,44,
8,21,23,2,37,
24,0,31,
14,6,16,
29,37,2,23,21,35,8,
27,42,61,
5,38,
25,11,0,20,17,
5,71,
35,23,21,37,29,44,68,22,2,13,8,59,45,
8,0,24,46,
18,34,70,42,58,33,10,27,
49,55,40,19,3,
3,19,
58,72,27,42,34,33,10,18,70,
3,19,
19,3,86,
3,19,40,55,
8,25,0,46,24,20,75,31,
61,
40,49,65,41,19,3,36,
13,59,22,45,29,73,37,2,35,23,44,21,77,8,
17,24,20,31,11,0,25,
20,31,83,25,8,0,46,24,75,
0,35,29,46,8,21,74,23,2,37,
11,51,14,30,6,17,
8,21,2,46,24,0,23,
54,34,27,62,66,22,18,28,2,13,33,10,63,
22,13,28,54,62,58,72,27,42,34,33,10,18,70,
26,30,76,6,16,14,
45,29,37,2,35,0,46,23,44,21,77,8,74,
45,29,37,2,35,0,46,23,44,21,77,8,74,
30,51,14,69,0,11,6,17,20,
26,30,76,6,16,14,
13,28,54,62,78,61,84,58,72,27,42,34,10,33,87,18,70,
6,16,56,41,26,48,
40,49,65,41,19,3,36,
58,42,66,54,34,27,10,62,28,22,18,2,13,33,100,63,72,
13,28,54,62,78,61,84,58,72,27,42,34,10,33,87,18,70,
13,28,54,62,78,61,84,58,72,27,42,34,10,33,87,18,70,
18,33,58,10,70,78,27,42,61,
13,22,35,103,29,46,2,23,37,0,74,44,21,77,45,8,73,
49,55,40,19,3,
22,13,28,54,62,78,61,84,58,72,27,42,34,10,33,87,18,70,
63,10,28,18,67,68,94,77,13,59,22,73,66,29,37,2,35,23,44,21,8,45,82,
107,112,111,70,28,13,54,62,78,61,42,84,27,58,72,34,10,33,87,18,
54,33,34,27,62,63,10,28,18,35,23,21,37,66,29,44,68,2,13,22,59,82,8,45,67,
10,33,58,42,27,92,61,78,
95,17,24,20,31,69,0,25,11,80,
20,83,37,75,29,35,99,31,8,21,2,24,0,46,23,74,97,
35,23,21,37,42,44,8,45,67,29,66,54,34,68,27,10,62,28,59,22,18,2,13,33,100,63,
22,107,70,28,13,54,62,78,61,42,84,27,58,72,34,10,33,87,18,
29,44,45,67,34,72,58,42,66,110,28,68,27,10,62,59,100,18,2,54,13,33,22,63,
18,87,33,10,34,58,27,78,62,54,13,28,70,42,111,112,84,61,107,72,118,
14,6,108,16,56,64,41,26,48,
48,36,19,65,41,64,56,3,26,49,
54,62,34,72,113,58,87,18,33,10,70,78,27,42,84,61,
82,45,21,23,35,2,29,8,37,66,44,73,22,13,77,94,67,18,28,68,10,34,63,59,117,
24,14,31,69,80,25,11,17,0,20,
35,22,54,2,18,59,33,62,27,10,68,28,110,66,13,100,42,72,63,34,45,44,58,29,67,125,
120,10,33,58,42,27,92,70,61,78,
16,25,105,98,6,17,30,51,14,69,0,11,20,
16,25,105,98,6,17,30,51,14,69,0,11,20,
44,77,25,96,122,8,46,20,83,37,75,29,35,99,23,31,21,2,97,24,0,74,
68,59,94,97,0,13,104,22,35,114,73,46,8,29,2,103,21,23,37,74,44,77,45,
24,30,31,14,69,80,25,11,51,17,0,20,
133,42,10,120,33,58,27,92,70,18,61,78,
21,23,70,132,45,35,22,54,2,18,59,33,62,27,10,68,28,110,100,13,72,42,101,63,34,44,58,29,67,66,125,
34,63,10,28,18,67,68,94,77,13,59,22,73,66,29,37,2,35,23,44,21,8,45,82,
63,137,21,68,97,59,0,29,13,46,22,94,35,114,73,67,8,37,2,44,103,74,104,45,77,23,82,
24,30,31,14,69,80,25,11,51,17,0,20,
11,91,25,96,122,8,46,20,83,37,75,29,35,17,99,23,31,21,2,97,24,0,74,
20,0,17,51,11,25,80,69,14,31,30,24,143,
73,123,35,82,23,21,37,66,42,13,100,44,45,8,67,29,54,34,63,68,10,27,62,33,28,59,22,77,18,2,119,
28,112,129,34,13,54,62,72,113,18,58,87,33,92,10,111,70,78,27,84,42,61,120,
23,78,84,70,132,45,35,22,54,61,2,18,59,33,62,27,10,68,87,28,110,100,13,72,42,101,63,34,44,58,29,67,66,125,
22,118,107,112,28,129,34,13,54,62,72,113,18,58,87,33,92,10,111,70,78,27,84,42,61,126,
78,61,92,27,42,58,33,10,120,
100,62,27,33,54,34,63,10,68,28,18,77,13,59,22,73,44,66,37,67,8,29,2,94,35,21,45,141,23,82,119,
6,20,0,17,51,11,25,80,69,14,31,30,24,138,
21,91,11,17,95,96,20,8,31,75,83,2,25,23,0,46,24,
14,121,8,95,24,69,11,20,31,0,25,80,46,17,75,
148,23,78,84,10,70,33,132,58,45,35,72,59,54,2,18,62,27,22,101,68,87,13,28,110,21,100,63,42,34,44,29,66,61,140,67,125,
2,66,116,22,124,126,34,87,33,10,58,27,78,62,101,54,28,70,42,111,18,112,84,61,13,107,72,118,
44,144,11,91,25,122,35,8,96,37,46,75,17,20,29,0,99,23,31,2,21,97,83,24,74,77,
16,25,105,20,135,98,30,6,17,0,51,14,69,11,134,
11,51,16,6,76,30,26,14,102,
33,58,42,27,92,61,78,
42,27,92,61,78,
48,26,30,76,6,16,106,14,102,
63,2,126,66,116,54,156,22,84,124,62,87,118,10,72,58,27,78,34,101,70,28,42,111,18,112,61,13,107,33,100,
27,46,33,54,74,117,34,63,10,68,28,18,77,13,59,22,73,44,66,37,67,8,29,2,94,35,21,45,141,23,82,130,
11,51,16,6,76,30,26,14,102,
92,113,2,126,33,66,116,54,156,22,84,124,87,118,10,72,58,27,78,34,101,70,28,42,111,18,112,61,13,107,62,129,
73,78,84,82,119,87,8,37,61,140,29,66,132,58,23,70,33,45,35,72,59,54,2,18,62,27,22,101,10,68,28,110,21,100,63,13,42,34,67,125,44,123,
138,98,24,30,69,6,80,25,11,14,51,17,0,20,31,105,
111,28,13,84,87,113,72,34,62,54,129,112,18,70,133,120,10,33,58,150,42,27,61,78,92,139,
66,116,149,62,22,118,107,78,112,101,42,34,33,92,13,72,54,113,84,18,58,28,87,10,126,111,129,70,27,2,120,61,124,
84,87,113,72,34,62,54,129,18,70,133,120,10,33,58,150,42,27,61,78,92,139,
45,104,157,99,103,44,144,11,91,25,122,35,8,37,96,46,75,17,20,29,0,23,31,2,21,97,83,24,74,136,77,
124,133,139,149,62,22,118,147,107,78,112,42,34,33,92,13,72,54,113,84,18,58,28,87,10,126,111,129,70,27,120,61,
16,11,51,14,76,30,98,6,17,
120,18,129,2,126,66,116,42,54,156,84,10,124,166,87,92,13,118,72,58,27,22,101,78,113,34,107,28,111,33,112,70,149,61,62,
25,66,18,28,82,23,77,45,104,74,103,44,2,37,8,67,73,114,35,94,22,46,13,29,0,59,97,68,21,10,137,63,122,142,83,24,20,75,99,31,117,
75,95,121,145,131,20,0,17,11,25,80,51,14,31,30,24,69,143,138,
125,67,29,44,110,68,59,35,132,23,126,63,21,100,2,66,116,42,54,156,163,84,10,45,124,87,13,62,118,72,58,27,22,101,78,34,70,107,28,111,148,18,33,112,140,61,
42,27,92,61,78,
61,92,
62,34,72,133,139,120,84,10,61,78,27,18,92,160,58,42,87,161,70,33,113,150,
105,20,0,17,51,14,80,25,6,31,69,11,30,98,24,138,168,
95,157,99,44,144,11,91,25,122,8,35,153,37,96,46,75,17,20,29,0,23,31,2,21,97,83,24,74,136,77,
74,117,130,125,58,110,132,70,140,42,72,151,77,63,27,33,54,34,10,68,28,18,13,59,101,22,73,123,44,66,29,37,62,141,87,8,45,82,119,2,94,35,67,146,100,21,23,
119,104,103,0,137,164,27,46,33,54,74,37,117,34,10,68,63,142,28,97,18,77,13,59,22,73,44,66,29,67,62,141,8,45,82,2,94,114,35,100,21,23,130,
125,67,29,44,110,68,59,35,132,23,148,21,100,63,18,129,2,126,149,70,66,116,42,54,156,163,84,10,45,124,166,87,92,13,118,72,58,27,22,101,78,113,34,107,28,111,33,112,61,62,
73,82,119,8,37,107,13,155,84,61,132,112,18,111,42,28,70,101,78,27,58,72,10,118,87,34,62,124,22,54,125,116,45,66,33,126,2,156,148,23,35,59,68,110,21,100,29,63,44,140,67,123,
72,34,133,139,120,84,10,61,78,27,18,92,160,58,42,161,70,33,113,150,
95,152,131,20,0,17,11,25,6,80,143,69,51,14,105,31,30,24,138,145,
37,69,80,121,153,96,20,21,2,91,11,99,17,95,0,8,46,31,75,83,25,23,24,
33,54,31,75,83,24,99,117,82,23,141,77,18,45,104,74,103,44,2,37,8,67,73,114,35,94,22,46,13,29,0,59,97,68,21,63,142,34,137,10,28,66,130,
147,111,169,181,62,34,33,92,150,13,72,133,139,84,54,113,112,171,10,120,61,78,27,18,58,28,87,160,42,161,129,70,
30,69,51,14,31,121,8,25,95,24,75,11,131,20,0,17,154,80,46,
67,82,77,136,74,24,83,97,137,21,2,31,23,0,59,29,20,75,46,96,37,8,35,94,122,25,91,11,17,144,44,103,99,157,68,13,104,45,22,114,73,
61,92,
63,142,194,22,67,24,82,77,136,74,31,83,11,137,97,8,94,21,45,23,0,59,29,20,75,46,96,37,35,122,2,91,17,103,144,44,99,13,68,157,25,114,104,73,
111,112,116,117,146,94,77,148,73,78,84,37,82,72,87,8,61,140,29,123,66,35,132,155,58,23,167,70,130,33,45,59,151,54,101,2,18,62,124,27,119,22,107,10,68,21,125,28,63,100,110,13,42,34,67,141,44,
116,160,169,150,173,62,124,87,101,22,139,118,147,28,107,112,33,149,70,78,42,18,129,72,133,54,34,113,84,10,58,126,111,27,120,61,13,92,171,
45,35,95,21,157,46,83,104,183,25,136,44,144,11,122,91,8,37,0,153,74,17,96,75,99,20,29,23,97,31,2,103,24,172,77,
110,100,63,170,147,139,173,175,27,120,18,129,2,126,66,116,42,133,54,156,163,84,10,124,166,87,92,13,118,72,58,101,22,78,113,34,107,28,111,33,112,70,149,61,62,
116,107,124,148,155,61,84,78,184,74,21,130,77,125,72,110,70,123,140,34,87,42,151,45,63,27,33,54,68,28,18,13,66,10,119,59,101,22,73,44,29,82,62,141,35,117,8,58,167,2,94,67,37,146,100,132,23,
61,84,104,0,103,114,46,184,74,21,130,77,125,72,58,164,110,70,123,140,34,87,42,151,45,63,27,33,54,68,28,18,13,66,10,119,59,101,22,73,44,29,82,62,141,35,117,8,2,94,67,37,146,100,132,23,
61,92,
77,113,167,163,187,10,73,132,82,23,119,178,8,126,67,37,107,72,84,61,2,112,18,111,42,101,155,28,87,70,78,27,58,118,59,34,62,124,22,13,140,54,125,66,116,45,33,35,68,110,148,21,100,156,29,63,44,123,
33,58,61,195,179,180,42,27,78,92,161,
73,199,45,8,35,95,21,157,46,83,183,104,25,136,44,144,11,122,91,37,0,74,153,17,96,75,99,20,29,23,97,31,2,103,24,172,77,
69,95,157,99,44,144,11,91,25,122,8,35,153,37,96,46,75,17,20,29,0,23,31,2,80,21,97,83,24,74,77,
10,28,18,8,63,157,22,67,20,24,82,35,77,136,74,31,83,11,137,144,94,194,97,0,21,68,142,45,23,59,29,75,46,96,37,91,44,114,17,103,196,2,99,13,122,25,104,73,66,
147,170,120,175,178,113,92,166,163,187,10,73,132,82,23,119,8,126,67,37,107,72,84,61,129,2,112,18,111,42,101,155,28,87,70,78,27,58,118,34,62,124,149,22,13,140,54,125,66,116,45,33,35,68,59,186,110,148,21,100,156,29,63,44,123,
125,58,101,72,110,132,70,130,23,21,100,35,114,94,2,82,45,8,141,62,67,146,29,66,44,123,73,22,59,13,151,77,18,97,28,68,10,63,142,34,117,37,74,54,33,46,27,164,119,42,137,0,103,104,140,
74,118,126,111,112,116,117,58,146,87,94,35,77,18,73,132,78,84,37,28,155,82,23,141,72,8,67,61,2,13,140,22,29,123,66,125,167,197,70,130,33,151,45,59,54,101,42,62,124,27,119,107,10,68,148,21,63,100,110,34,44,
70,10,160,205,120,33,58,61,195,78,180,42,27,150,179,92,161,
69,95,157,99,44,144,11,91,25,122,8,35,153,37,96,46,75,17,20,29,0,23,31,2,80,21,97,83,24,74,77,
11,17,34,130,96,136,176,68,66,23,18,104,25,114,82,77,45,91,2,74,31,28,117,103,44,37,94,137,67,24,73,35,22,46,13,142,29,0,59,8,97,21,99,10,63,20,122,83,75,
37,74,29,35,97,69,80,121,153,96,20,21,2,91,11,99,17,95,0,8,46,31,75,83,25,23,24,
124,126,118,22,147,111,169,58,181,149,70,62,18,129,150,192,34,113,87,161,72,139,107,28,84,10,133,54,33,112,92,13,171,120,61,78,27,160,42,188,
156,77,10,211,74,141,118,126,59,111,44,112,45,116,117,58,125,146,87,94,27,35,73,140,132,78,84,151,37,28,18,155,21,82,23,72,8,67,61,2,13,22,29,123,66,167,33,100,197,130,63,70,54,101,34,42,62,124,119,107,68,148,110,187,
22,118,126,179,147,111,169,58,181,70,62,18,129,150,192,34,113,87,161,72,139,107,28,84,10,133,54,33,112,92,13,171,120,61,78,27,160,42,188,
156,187,184,77,10,211,74,141,118,126,59,111,44,112,45,116,117,58,125,146,87,94,27,35,73,140,132,78,84,151,37,28,18,155,21,82,23,72,8,67,201,61,2,13,22,29,123,66,167,33,100,197,130,63,70,54,101,34,42,62,124,119,107,68,148,110,
118,126,112,111,116,107,124,37,61,2,84,78,184,125,66,201,74,148,21,130,77,18,72,110,197,70,123,13,140,22,34,87,155,28,146,42,101,151,33,45,63,27,54,68,10,119,59,73,132,44,29,82,141,23,62,35,94,117,58,8,67,167,100,
13,22,73,199,45,8,35,95,21,157,46,83,183,104,25,136,44,144,11,122,91,37,0,74,153,17,96,75,99,20,29,23,97,31,2,103,24,172,77,
74,92,141,151,130,94,146,117,82,204,77,113,167,45,163,187,126,10,132,73,23,84,119,58,178,8,67,37,107,72,61,129,2,124,63,112,18,111,42,101,33,155,28,87,21,148,78,27,118,59,34,62,123,22,140,13,54,125,66,116,35,68,110,100,156,29,44,70,197,
33,78,27,195,161,92,61,42,180,203,179,
203,61,92,195,
78,167,87,184,84,61,210,151,33,125,66,185,58,117,101,42,72,110,132,73,70,130,23,82,141,148,21,100,35,94,114,2,45,104,8,67,62,146,28,29,44,103,123,22,13,140,59,0,77,18,97,68,63,142,34,74,54,46,37,164,27,119,10,137,202,
11,27,91,96,136,122,25,54,31,75,28,83,33,130,24,20,117,23,82,35,176,191,94,97,0,77,18,104,10,74,103,141,44,99,2,37,8,67,17,114,73,22,46,13,29,59,68,21,63,45,142,34,137,66,
74,92,163,21,141,70,130,59,94,23,146,117,82,204,211,62,77,148,113,42,45,187,116,126,197,10,132,61,222,73,151,2,84,155,13,119,58,129,107,8,67,37,72,124,63,112,167,18,111,101,33,28,87,78,27,118,34,123,22,140,54,125,66,35,217,68,110,100,178,29,156,44,
54,87,62,92,10,133,150,27,120,180,139,161,78,160,195,72,113,42,61,58,181,33,205,179,70,212,188,34,84,18,
97,107,116,78,202,84,61,2,104,45,0,59,103,44,114,46,184,125,66,74,148,21,130,77,18,72,58,117,110,70,123,13,140,22,34,87,155,28,146,42,101,151,33,63,27,54,68,10,119,73,132,29,82,141,23,62,35,94,8,67,164,37,100,167,
150,169,140,178,45,21,148,23,132,35,59,68,44,29,67,125,61,149,70,33,111,28,78,175,58,118,107,10,13,110,87,72,166,124,27,84,62,156,101,54,133,42,139,22,163,66,116,113,2,129,112,18,120,34,126,173,92,170,147,100,63,200,186,
113,163,77,148,156,187,45,116,42,10,140,74,141,219,70,118,126,197,59,201,130,111,44,112,117,58,125,54,146,87,94,23,27,184,35,73,132,61,78,84,155,13,2,151,37,28,21,82,72,8,67,22,178,29,100,123,66,18,167,33,63,101,34,211,62,124,119,107,217,68,110,
67,44,45,68,35,132,150,171,200,160,63,100,147,170,92,173,29,126,34,120,18,112,129,2,113,116,66,163,22,139,42,133,54,101,59,156,62,84,27,124,166,169,72,87,110,13,10,107,118,58,175,78,125,28,111,33,70,149,61,
100,63,163,166,156,2,181,192,198,34,160,161,78,169,170,87,150,27,173,62,124,42,22,139,118,147,107,112,116,33,66,149,70,28,111,101,18,129,72,113,133,10,175,92,54,13,84,58,126,120,61,171,
46,220,118,126,59,112,45,111,44,116,107,124,37,61,2,84,151,78,184,117,125,58,66,201,67,141,148,21,130,197,63,77,10,74,211,155,18,72,110,70,123,13,140,73,22,34,101,87,28,146,42,33,167,100,27,94,54,68,119,132,29,82,23,62,35,8,
2,181,192,198,34,160,161,78,169,170,87,150,27,173,62,124,42,188,22,139,118,147,107,112,116,33,66,149,70,28,111,101,18,129,72,113,133,10,92,54,13,84,58,126,120,61,171,
82,8,37,123,155,150,169,140,178,45,21,148,23,132,35,59,68,44,29,67,125,61,149,70,33,111,28,78,175,58,118,107,10,13,110,87,72,166,124,27,84,62,156,101,54,133,42,139,22,163,66,116,113,2,129,112,18,120,34,126,173,92,170,147,100,63,200,186,
61,92,
68,67,45,44,161,171,150,200,160,63,100,147,170,92,173,29,126,34,120,18,112,129,2,113,116,66,163,22,139,42,133,54,198,101,59,156,62,84,27,124,166,169,72,87,110,13,10,107,118,58,175,78,125,28,111,33,70,149,61,
118,179,180,147,111,169,58,181,70,62,18,129,150,192,34,113,87,161,72,139,107,28,84,10,133,54,33,112,92,13,171,120,61,78,27,160,42,188,
129,163,113,204,77,148,156,187,45,116,42,10,140,74,141,219,70,118,126,197,59,201,130,111,44,112,117,58,125,54,146,87,94,23,27,184,35,73,132,61,78,84,155,13,2,151,37,28,21,82,72,8,67,22,178,29,100,123,66,18,167,33,63,101,34,211,62,124,119,107,217,68,110,
11,27,91,96,164,37,214,136,77,18,122,63,25,54,31,75,28,83,24,142,33,130,20,117,176,23,82,141,35,94,191,73,97,0,59,104,45,74,103,44,226,99,2,8,67,17,114,22,46,13,29,68,21,34,10,137,66,
133,139,150,58,205,10,70,203,180,160,42,120,179,61,161,27,18,195,78,223,92,33,212,
54,87,62,92,10,133,150,27,180,139,161,78,160,195,72,113,42,61,58,181,33,205,179,70,212,120,203,188,34,84,18,
31,75,83,24,58,101,72,70,140,42,123,146,185,104,10,103,44,141,94,137,117,23,27,74,46,151,54,37,34,68,21,63,125,28,0,97,18,77,110,13,59,119,22,73,66,29,164,67,114,62,8,142,45,82,132,35,99,2,100,33,130,
58,205,70,223,33,195,10,92,61,42,203,224,160,78,150,27,179,120,161,180,212,
164,114,103,0,104,234,21,46,117,220,78,118,126,197,59,201,130,112,45,116,111,44,107,124,37,61,132,73,84,155,13,2,151,42,125,54,58,66,67,141,70,148,77,63,10,74,140,72,110,123,22,34,101,87,28,146,33,18,167,100,29,27,94,23,68,119,82,211,62,184,35,8,202,
92,222,231,220,46,82,129,163,84,113,125,77,156,148,187,29,45,124,116,204,37,42,10,140,219,61,74,141,62,70,118,197,126,59,217,34,201,130,111,123,112,33,117,58,54,146,87,8,94,23,27,184,35,240,73,132,44,211,78,155,67,234,13,2,151,72,28,107,21,100,22,101,178,66,18,167,63,119,68,110,
84,87,184,244,110,31,75,8,142,83,24,58,125,101,34,72,70,140,42,123,146,185,104,37,10,77,103,44,141,74,94,117,23,46,151,54,68,21,63,130,28,137,0,67,97,27,164,18,13,59,119,22,66,29,114,62,45,82,132,35,99,2,100,33,73,210,
181,54,113,84,34,72,242,10,133,139,150,58,203,87,205,62,180,160,42,92,33,179,120,61,161,27,18,195,78,223,212,70,188,
Future sets, 
104,105,202,114,246,103,142,185,137,210,229,225,31,158,134,135,145,143,190,168,24,121,215,182,152,199,138,91,131,96,193,95,189,83,80,177,213,122,25,244,208,248,154,176,207,153,136,183,214,206,191,226,157,75,172,99,196,221,144,241,97,194,
57,47,12,
156,175,166,170,200,163,100,110,66,233,235,68,45,132,125,238,232,153,148,227,155,67,234,178,99,63,230,151,140,219,186,23,190,119,123,35,202,194,236,157,94,229,130,209,201,122,197,220,141,247,176,97,185,114,244,77,59,226,191,225,146,142,221,213,82,231,240,73,137,208,184,217,44,211,164,117,214,104,183,210,74,241,248,144,222,215,136,246,167,37,204,187,196,29,206,207,199,103,172,
85,90,49,115,93,109,40,86,128,65,88,55,89,19,

79,52,53,71,81,
127,108,189,135,158,134,168,76,98,105,174,152,106,102,162,165,182,159,
57,
193,154,153,96,37,190,119,123,194,236,94,229,202,151,99,248,130,201,227,244,197,220,219,122,247,176,185,114,77,226,191,225,83,142,213,82,231,137,208,234,184,146,217,91,240,211,164,117,214,104,210,241,144,222,73,215,246,97,196,141,204,187,209,206,221,167,74,136,207,199,157,183,103,172,

150,120,133,212,245,70,242,139,236,113,210,117,214,176,208,111,228,123,220,141,238,230,125,222,130,28,227,219,84,181,173,87,184,188,232,249,170,243,146,164,149,246,226,129,147,244,191,112,209,201,171,218,119,216,198,101,116,192,169,72,248,151,54,132,229,211,200,247,148,204,107,241,62,240,167,163,66,202,140,18,217,235,225,155,234,178,231,197,100,118,187,186,110,34,233,185,156,166,175,124,239,126,
226,214,165,157,196,241,194,208,172,144,159,206,153,183,69,207,138,193,131,177,154,199,152,105,95,189,134,98,145,158,182,135,213,143,190,215,168,121,174,221,80,
47,
111,107,118,239,126,169,192,147,112,28,22,218,149,232,173,216,124,116,198,101,184,156,175,166,170,200,117,163,246,110,66,233,146,229,236,235,68,67,234,151,142,225,186,140,148,231,63,230,178,155,238,214,141,176,201,194,114,197,241,123,196,137,220,208,125,187,119,202,240,204,82,248,209,210,217,130,211,164,247,167,59,226,222,191,132,185,244,219,100,227,221,94,
154,131,76,30,168,193,177,138,106,143,189,162,165,145,51,98,152,105,127,174,159,134,158,182,135,102,

135,158,76,174,108,106,102,162,165,159,127,134,
226,214,157,196,241,194,208,172,144,206,153,183,69,207,138,193,131,177,154,199,152,105,95,189,134,98,145,158,182,135,213,143,190,215,168,121,174,221,80,
242,139,113,117,176,208,34,123,141,230,214,125,130,219,84,173,87,188,181,232,249,170,243,164,228,149,238,226,147,236,191,112,201,171,129,218,119,198,116,192,169,248,132,211,200,111,247,227,148,222,204,101,151,241,62,240,209,246,167,210,163,202,220,229,140,217,146,235,225,155,244,66,234,178,231,184,197,118,100,187,107,186,110,54,233,185,156,166,175,124,72,239,216,126,
89,88,65,128,86,40,109,55,93,115,49,90,85,
122,105,25,189,176,135,134,136,177,95,96,91,193,69,152,154,215,121,80,207,214,131,213,172,182,190,168,145,143,226,144,153,194,199,158,241,183,196,157,206,138,221,208,
153,155,178,230,140,186,37,190,119,123,194,236,94,229,202,151,130,201,227,244,197,220,219,122,247,176,185,114,77,226,191,225,142,213,82,231,137,208,234,184,146,217,240,211,164,117,214,104,210,241,248,99,144,222,73,215,246,97,196,141,204,187,209,206,221,167,74,136,207,199,157,183,103,172,
218,149,173,216,124,116,198,101,156,175,166,170,235,66,200,163,110,233,63,236,68,59,186,232,140,148,230,178,155,214,141,176,142,201,67,194,114,241,123,196,137,208,238,187,119,246,234,146,240,204,82,209,210,151,217,248,130,211,164,184,125,231,167,226,222,191,132,220,247,185,117,244,219,197,100,227,225,202,229,221,94,
153,148,155,178,230,140,186,37,190,119,123,194,236,94,229,202,151,130,201,227,244,197,220,219,122,247,176,185,114,77,226,191,225,142,213,82,231,137,208,234,184,146,217,240,211,164,117,214,104,210,241,248,99,144,222,73,215,246,97,196,141,204,187,209,206,221,167,74,136,207,199,157,183,103,172,
145,143,168,182,152,138,131,99,121,95,83,75,199,213,244,177,208,193,248,176,207,189,122,91,153,215,136,183,214,206,144,226,157,191,172,196,154,221,190,241,194,96,
176,135,134,136,96,91,193,152,154,215,177,95,121,80,189,207,214,131,213,172,182,190,168,145,143,226,144,153,194,158,241,183,196,157,199,206,138,221,208,
106,165,102,48,127,64,162,128,159,108,
226,241,164,161,223,179,185,100,151,146,123,119,205,160,243,150,233,120,132,125,70,236,228,149,232,78,245,166,249,87,170,212,129,133,216,139,222,218,242,84,167,163,246,113,192,210,140,219,184,101,181,202,188,234,155,238,58,225,148,231,227,171,116,169,248,244,107,186,147,230,62,229,112,201,118,124,197,240,173,204,247,72,239,156,187,211,175,235,198,217,178,111,209,126,220,200,110,
116,112,147,192,169,126,218,173,149,216,239,118,124,198,66,200,208,141,235,170,166,233,175,156,119,186,241,176,191,226,164,231,185,232,107,244,204,236,187,234,100,167,140,197,130,184,117,225,178,219,201,111,248,151,101,238,155,222,202,146,240,217,220,123,163,230,210,246,209,148,125,227,110,247,211,214,229,132,
144,122,215,44,186,207,136,213,142,157,183,232,140,211,148,219,230,178,155,77,226,172,199,103,119,236,94,167,238,221,206,209,187,204,141,217,146,176,247,196,125,208,137,194,123,241,210,104,97,246,201,130,214,117,164,114,185,240,184,234,82,231,225,73,222,151,191,220,197,244,227,248,202,132,229,
193,177,138,152,106,143,189,162,165,98,105,174,159,182,134,145,168,158,135,102,
145,143,168,182,152,138,131,121,95,75,199,213,244,177,208,193,248,176,207,189,122,91,153,215,136,183,214,206,144,226,157,191,172,196,154,221,190,241,194,96,

223,72,111,126,218,173,58,225,216,239,124,175,166,156,235,185,232,233,110,186,107,236,187,100,118,197,244,184,231,178,140,219,201,238,234,155,146,240,217,220,202,123,163,210,167,246,209,151,230,101,204,125,222,148,227,247,200,229,62,211,132,248,169,192,116,198,119,129,171,241,112,191,147,226,149,228,164,243,170,249,54,205,160,150,120,70,245,87,212,133,139,242,84,113,181,188,
141,214,130,84,87,188,181,54,249,170,243,164,228,149,226,147,191,112,241,171,129,119,198,116,192,169,248,132,211,200,247,227,148,222,125,204,101,230,151,209,246,167,210,163,123,202,220,229,62,217,240,146,225,155,234,238,201,219,140,178,231,184,244,197,118,100,187,236,107,186,110,233,232,185,235,156,166,175,124,72,239,216,173,218,126,111,
155,178,230,148,140,186,232,132,123,144,122,215,97,119,236,82,213,136,103,157,199,172,104,183,207,229,202,151,248,130,227,244,197,220,219,247,185,226,191,94,222,225,142,231,137,234,184,146,240,211,114,164,117,214,246,201,210,241,194,208,196,176,217,141,204,187,209,206,221,167,73,77,
93,128,109,65,
190,123,119,236,82,229,202,151,248,130,227,244,197,220,219,122,247,185,226,191,94,222,225,142,231,137,234,184,146,240,211,114,164,117,214,246,201,104,210,241,144,194,97,208,196,176,217,141,204,187,209,206,221,167,73,74,136,215,213,199,207,157,183,103,172,77,
79,60,

109,55,93,115,90,85,
109,56,128,64,93,127,108,
146,123,161,223,179,205,160,243,150,233,120,132,125,70,236,228,149,232,78,245,166,249,87,170,212,129,133,216,139,222,218,242,84,167,163,246,113,192,210,140,219,184,101,181,202,188,234,155,238,58,225,148,231,227,171,116,169,248,244,107,186,147,230,229,112,201,118,124,197,240,173,204,247,72,239,156,187,211,175,235,198,217,178,111,209,126,220,200,110,

207,213,157,183,136,232,186,140,148,230,178,155,172,199,103,119,236,82,73,167,221,206,209,187,204,238,141,217,176,196,208,194,241,210,104,201,246,214,117,164,114,211,240,146,184,234,137,231,142,225,125,222,94,191,226,185,247,219,123,220,197,244,227,130,248,151,202,132,229,
232,186,140,148,230,178,155,172,199,103,119,236,82,73,167,221,206,209,187,204,238,141,217,176,196,208,194,241,210,104,201,246,214,117,164,114,211,240,146,184,234,137,231,142,225,125,222,94,191,226,185,247,219,123,220,197,244,227,130,248,151,202,132,229,
247,234,164,193,154,104,202,246,172,194,136,196,137,206,208,221,103,122,214,96,91,207,153,144,191,213,114,241,183,176,157,215,97,244,185,190,248,199,142,229,83,210,225,226,99,

162,127,128,108,
128,85,115,93,109,

193,165,152,177,138,143,189,98,159,182,174,105,134,145,168,158,135,


249,243,228,226,191,241,164,171,129,119,116,112,147,192,169,132,229,211,200,247,227,222,125,101,198,148,230,209,246,149,210,163,167,123,220,217,240,146,202,155,238,151,248,201,219,178,225,231,184,244,197,100,140,234,187,236,204,107,110,186,233,232,185,235,170,166,175,156,124,118,239,216,173,218,126,111,
115,90,85,
128,64,108,127,

205,160,150,120,132,125,70,228,149,245,166,87,212,133,139,218,242,84,163,113,192,210,140,219,184,181,202,188,243,167,246,234,155,225,222,148,227,171,101,238,116,169,248,236,244,107,186,147,229,249,170,112,201,124,197,118,240,173,204,247,239,230,187,211,233,216,175,129,232,156,235,198,231,217,178,111,209,220,200,126,110,
68,186,232,140,148,230,178,155,214,141,176,236,142,201,194,241,123,196,137,208,238,187,119,246,234,146,240,204,82,209,210,151,217,248,130,211,164,184,125,231,167,226,222,191,132,220,247,185,117,244,219,197,227,225,202,229,94,

202,180,195,224,203,237,92,179,167,240,223,150,161,234,225,155,228,148,242,169,212,139,205,116,171,181,188,160,233,249,243,170,113,186,192,107,147,220,236,163,229,156,112,201,124,197,118,204,247,239,166,78,227,230,187,211,216,173,246,175,129,218,232,245,235,238,149,222,198,231,217,219,178,133,120,209,111,200,126,
243,228,249,181,171,129,119,116,112,147,192,169,132,229,211,200,247,227,222,125,101,198,148,230,209,246,149,210,163,167,123,220,217,240,146,202,155,238,151,248,201,219,178,225,231,184,244,197,100,140,234,187,236,204,107,110,186,233,232,185,235,170,166,175,156,124,118,239,216,173,218,126,111,
208,196,142,119,241,176,191,226,164,185,232,233,186,110,204,236,187,234,140,100,197,244,184,231,225,178,219,201,248,151,141,238,155,202,146,240,217,220,123,167,163,210,246,209,230,148,125,222,130,227,247,200,211,214,117,229,132,
128,127,
109,128,93,
208,235,170,166,175,156,119,241,176,191,226,164,185,232,233,186,110,204,236,187,234,140,100,197,244,184,231,225,178,219,201,248,151,141,238,155,202,146,240,217,220,123,167,163,210,246,209,230,148,125,222,130,227,247,200,211,214,117,229,132,
194,208,196,142,141,132,232,186,140,148,230,178,238,155,119,229,231,164,202,225,201,244,176,234,167,130,197,219,211,240,185,247,220,226,191,222,227,214,184,117,246,248,217,241,210,209,204,146,187,151,123,236,125,
232,186,140,148,230,178,155,82,176,236,142,194,241,196,208,238,141,187,137,234,146,240,204,209,210,217,151,248,201,246,211,164,184,231,117,214,167,125,222,191,226,123,220,247,185,219,197,244,227,130,225,202,132,229,119,
152,207,138,193,215,131,177,154,105,182,143,189,134,145,168,158,135,213,190,121,
245,212,139,242,133,113,210,140,184,84,218,181,202,188,243,228,167,234,225,155,222,148,171,101,238,116,192,169,236,244,107,147,229,186,249,112,246,201,124,197,240,173,118,204,247,239,227,230,163,187,170,211,233,166,216,149,175,129,232,156,235,198,231,217,219,178,248,111,209,220,200,126,87,
81,
188,132,125,210,140,87,202,181,184,243,228,167,234,225,155,222,148,171,116,192,169,236,244,107,147,229,186,249,112,246,201,124,197,240,173,118,204,110,247,239,227,230,163,187,170,211,233,166,216,149,175,129,218,232,156,235,238,101,198,231,217,219,178,248,111,209,220,200,126,
221,206,209,187,204,167,94,217,176,196,141,208,194,210,241,248,246,117,240,184,142,225,214,227,222,191,226,185,164,247,211,219,220,137,114,197,130,151,234,244,201,202,231,146,229,
222,227,217,220,247,201,240,219,234,184,104,202,246,231,164,97,221,229,136,215,122,210,241,244,213,225,194,191,137,199,176,207,157,214,183,114,248,185,226,211,144,206,142,208,196,103,172,
244,177,193,248,154,176,122,91,136,183,206,226,157,214,191,144,213,153,199,172,196,215,221,208,241,194,207,190,96,
174,106,102,162,165,159,
204,207,183,104,172,199,206,221,94,217,176,196,141,208,194,210,241,248,246,117,157,240,184,142,225,214,227,222,191,226,185,103,164,247,211,136,219,220,137,114,197,213,130,151,234,244,201,202,231,146,229,
179,167,223,161,225,155,148,242,212,205,116,171,181,188,139,228,160,249,243,113,192,169,107,147,236,229,186,112,201,124,197,240,118,204,247,150,239,227,230,187,170,211,233,216,173,175,129,218,232,245,156,235,238,149,198,231,217,219,178,133,222,166,120,209,246,234,220,111,200,163,126,

213,145,168,152,182,131,138,189,121,143,177,154,215,193,207,190,

236,194,196,208,141,151,187,146,204,142,209,210,241,217,248,246,117,184,214,227,222,191,226,220,247,185,240,211,219,197,130,167,234,176,244,201,225,202,164,231,229,119,
248,244,176,96,190,213,191,144,153,199,215,157,226,207,214,122,221,208,206,196,183,136,172,194,241,
248,202,188,243,228,249,181,167,225,155,148,171,116,192,169,107,147,236,229,186,112,201,124,197,240,118,204,247,239,227,230,187,170,211,233,216,173,175,129,218,232,156,235,238,149,198,231,217,219,178,222,166,209,246,234,220,111,200,163,126,

89,
202,248,184,243,228,249,181,167,225,155,148,171,116,192,169,107,147,236,229,186,112,201,124,197,240,118,204,247,239,227,230,187,170,211,233,216,173,175,129,218,232,156,235,238,149,198,231,217,219,178,222,166,209,246,234,220,111,200,163,126,



226,214,190,153,144,241,183,196,215,157,199,206,172,221,208,194,207,213,
237,227,247,222,203,224,195,180,179,205,223,161,186,120,175,249,170,212,133,166,245,171,150,209,235,198,233,216,160,239,181,192,238,236,230,200,169,243,188,232,173,242,218,139,147,228,149,

151,142,196,141,208,194,210,241,217,248,246,117,184,214,227,222,191,226,220,247,185,240,211,219,197,130,234,176,244,201,225,202,164,231,229,137,
199,183,213,221,153,189,206,121,177,154,215,193,207,190,
190,153,215,157,213,207,144,214,226,199,221,208,206,196,136,194,172,183,241,
229,215,210,244,225,191,137,122,176,157,214,194,248,207,185,226,144,199,221,142,183,208,206,196,136,213,172,241,
174,182,134,158,168,135,
244,215,191,190,122,176,157,214,194,248,207,226,144,199,221,183,208,206,196,136,213,172,241,
185,233,110,236,187,220,197,244,184,225,125,248,204,151,234,238,155,146,229,201,217,167,163,246,123,209,240,178,219,230,231,148,222,140,227,186,247,210,202,232,211,132,200,
198,235,170,232,200,238,166,233,175,156,186,140,202,210,148,163,230,178,240,209,225,248,217,247,201,236,229,227,204,155,222,219,184,246,231,244,197,220,211,167,234,187,
165,162,159,
221,206,229,137,199,246,185,114,208,202,248,225,214,191,226,194,241,172,196,244,176,210,142,
229,202,199,221,206,194,185,214,137,248,191,208,225,226,241,196,244,176,210,142,246,172,
182,189,134,158,168,135,
162,
229,201,124,197,118,239,238,227,230,236,170,211,233,216,175,232,156,235,198,186,149,231,217,219,178,187,204,222,173,247,166,240,209,246,234,218,220,200,163,126,
127,

236,187,220,197,244,231,184,125,204,234,155,229,238,201,217,248,225,167,246,209,240,178,230,222,227,148,247,210,202,219,140,186,232,211,132,200,
169,192,147,197,118,239,238,227,230,236,170,211,233,216,175,232,156,235,198,186,149,231,217,219,178,187,204,222,173,247,166,240,209,246,234,218,220,200,163,126,
169,192,147,197,118,239,238,227,230,236,170,211,233,216,175,232,156,235,198,186,149,231,217,219,178,187,204,222,173,247,166,240,209,246,234,218,220,200,163,126,
231,204,243,249,216,227,228,169,198,222,200,166,170,175,233,147,218,188,129,247,235,239,240,181,232,173,171,230,209,238,192,236,149,186,
229,246,194,185,202,214,137,248,191,208,225,226,241,196,244,176,210,142,

229,201,198,220,211,246,197,235,156,170,217,240,219,234,187,231,238,204,227,163,232,233,186,209,175,222,236,178,200,247,230,166,
217,246,214,227,222,164,226,197,191,220,247,240,211,219,130,248,234,176,185,244,201,225,202,231,229,210,241,184,
239,238,227,156,230,236,170,211,233,216,175,232,235,198,186,149,231,217,219,178,187,204,222,173,247,166,240,209,246,234,218,220,200,163,126,
209,185,204,167,217,146,240,227,222,247,229,246,211,187,234,201,248,225,202,184,231,244,197,220,151,219,210,
175,170,245,212,150,209,249,235,233,216,239,181,218,133,192,238,236,230,171,200,169,228,243,188,232,173,242,198,139,147,
154,215,193,177,190,
176,157,213,207,144,214,226,199,221,208,206,196,136,194,172,183,241,
236,209,204,217,146,240,227,222,247,229,246,211,187,234,201,248,225,202,184,231,244,197,220,219,210,167,
216,201,211,246,197,198,220,173,235,156,170,217,240,219,234,187,231,238,204,227,163,232,233,186,209,175,222,236,178,200,247,230,166,
187,220,234,197,244,231,184,219,167,204,227,155,229,236,238,201,217,211,248,225,246,209,240,178,230,222,148,247,210,202,140,186,232,132,
220,218,234,246,240,166,247,222,163,204,187,178,219,217,231,149,200,209,198,232,175,216,233,211,170,236,235,230,227,186,173,238,156,


227,222,171,169,240,166,170,175,147,232,218,198,235,216,233,239,247,173,230,209,192,236,238,200,186,149,
214,217,227,222,226,191,220,247,240,219,234,197,244,201,248,225,202,185,229,246,210,211,164,241,231,184,
193,189,177,
232,186,140,202,210,148,230,178,240,209,225,248,217,247,201,236,229,227,204,155,222,219,184,246,231,244,197,220,211,167,234,187,
235,233,216,239,181,218,198,232,192,169,238,230,236,171,200,249,228,243,188,173,242,139,
158,
158,
226,199,221,206,183,194,208,172,241,196,214,
194,185,214,248,191,208,225,226,241,196,244,176,210,142,
177,152,182,189,168,
242,188,243,228,249,173,200,171,236,230,238,232,169,198,192,218,181,239,216,233,235,
210,230,178,225,202,155,247,248,201,236,167,229,227,204,240,217,222,219,209,184,231,244,197,220,246,211,234,187,
226,191,185,241,151,220,197,244,217,240,227,222,247,229,246,234,201,248,225,202,184,231,219,210,211,164,
210,196,241,226,225,248,176,208,185,244,214,191,
177,189,145,
199,206,172,221,208,194,207,213,183,196,157,
189,177,
244,217,227,222,184,201,229,246,211,248,231,234,197,225,202,219,240,210,247,220,
218,216,239,173,230,209,232,236,198,192,238,200,233,235,
186,230,155,247,201,225,178,236,229,227,204,240,217,222,219,209,231,197,220,246,211,234,187,
175,198,216,170,236,235,233,200,238,230,186,232,209,173,
242,212,188,243,228,249,171,236,230,238,232,169,198,192,218,181,239,245,216,233,235,
244,217,227,222,184,201,229,246,211,248,231,234,197,225,202,219,240,210,247,220,
189,
215,213,207,190,183,206,221,199,
193,
236,229,227,204,240,217,247,201,222,219,209,231,197,220,246,211,187,234,
217,219,187,175,231,233,238,204,163,200,222,236,178,247,230,232,186,209,166,240,227,
213,207,196,208,194,183,172,206,221,199,


232,242,245,198,188,181,238,192,249,228,216,239,243,233,218,212,235,
223,245,242,188,181,238,192,249,205,228,216,239,243,233,218,212,235,

233,238,200,222,236,178,247,231,232,186,209,230,240,204,227,
241,210,246,202,229,185,225,248,244,

175,230,233,200,238,236,186,232,209,
229,225,204,201,197,222,220,234,247,231,227,211,240,246,217,219,
182,
236,230,238,232,198,192,239,216,233,218,235,
235,233,200,238,236,232,230,209,
238,232,198,192,239,216,233,218,235,
206,221,199,
230,232,236,198,238,200,233,235,

233,200,238,236,232,230,209,
226,241,214,

236,231,204,222,230,247,240,227,209,
239,249,243,242,205,228,245,212,223,218,
239,249,243,242,205,228,245,212,223,
249,228,243,192,239,216,233,218,235,

206,221,199,
229,234,246,248,225,202,219,240,201,247,220,231,
248,244,225,
236,230,209,
219,231,217,204,222,247,240,227,209,
243,249,216,218,239,228,235,


241,226,
239,216,218,233,235,

208,196,
224,249,243,242,205,228,245,212,223,
208,
222,246,211,234,231,220,227,247,217,240,219,
235,238,233,
221,206,
238,236,232,230,
234,246,219,240,247,220,231,
246,229,225,
243,224,223,245,249,242,
222,247,227,240,
243,249,242,228,245,212,




248,225,
246,234,217,231,227,247,240,219,
245,228,243,242,249,

241,


227,247,231,240,

240,247,231,
246,247,234,

247,227,
245,249,242,
245,

241,




247,


247,246,





247,

249,

248,





Past links sets, 












1,





10,
3,


13,
2,
0,
0,20,


10,13,
2,
14,
0,


18,
2,

21,8,23,


19,



29,
2,

12,
26,
19,

14,
5,
5,
33,34,
40,
41,
1,7,
33,27,42,
2,22,
38,

27,33,34,
2,22,
26,56,
19,36,
2,22,18,28,
2,22,
59,
11,17,20,
10,58,
5,
33,34,27,42,
37,44,35,45,
37,
24,31,
14,6,16,
29,35,37,
27,42,61,
5,38,
11,17,25,
71,
35,68,45,44,37,
8,24,46,
34,70,
49,55,
19,
70,72,
19,
86,
55,
8,46,25,75,
61,
41,49,40,65,
59,73,77,
11,31,25,24,17,
25,75,83,
0,74,29,46,35,
51,11,30,6,17,
8,21,46,24,23,
54,62,63,66,
22,28,72,62,70,54,
30,26,76,
0,44,77,74,46,45,
0,44,77,74,46,45,
0,69,51,6,30,
30,26,76,
28,54,87,62,84,78,
48,6,16,56,
41,49,40,65,
58,72,100,
28,54,87,62,84,78,
28,54,87,62,84,78,
70,18,78,
22,73,103,
49,55,
22,28,54,87,62,84,78,
63,94,82,67,66,
111,107,112,
54,62,82,67,66,63,
10,58,78,92,
69,80,95,
99,83,20,97,75,
37,42,44,35,68,100,45,67,
22,107,
44,110,68,45,67,
118,
14,64,108,
48,49,64,65,
113,54,87,62,84,
34,117,
14,80,69,24,31,
35,125,
70,120,
16,98,25,105,
16,98,25,105,
44,96,77,122,
68,114,104,94,97,
24,30,80,69,51,31,
18,133,
23,21,101,132,
63,94,82,34,67,66,
63,67,82,137,
24,30,80,69,51,31,
11,122,17,96,91,
143,
77,119,73,123,
111,112,120,129,
23,78,132,87,101,84,
22,92,126,129,
120,
100,119,141,
6,138,
21,96,91,95,23,
8,121,46,75,14,
140,148,
66,126,116,101,124,
77,44,144,
134,135,
11,51,102,
58,78,92,
78,92,
48,102,106,
100,156,
27,46,141,130,74,54,
11,51,102,
92,129,156,
78,73,84,140,123,119,87,
105,98,138,
111,150,139,129,112,
66,101,124,120,149,116,
129,139,150,
103,104,136,157,
147,124,139,149,
76,98,
120,149,166,
25,117,122,142,
75,145,138,131,121,
140,148,163,
78,92,
92,
87,113,160,62,84,161,150,139,
168,
136,153,157,
87,146,74,151,140,130,
100,142,119,164,
21,166,163,148,149,
73,155,156,123,119,
113,72,160,84,161,150,139,
95,152,145,105,131,
37,99,121,153,
83,54,142,75,141,130,99,
147,169,171,181,
30,51,131,154,
67,157,137,82,136,
92,
142,194,
116,130,112,167,111,155,151,124,146,
101,173,169,116,171,160,
172,183,
110,175,170,173,163,
116,184,124,167,155,
61,84,184,164,114,104,
92,
77,187,167,178,113,
195,180,58,179,161,
73,199,
69,80,153,157,
66,196,
147,170,187,178,186,175,
140,151,146,164,142,
74,126,197,
70,150,160,205,
69,80,153,157,
17,11,176,136,91,130,
97,99,121,153,
124,149,188,192,
187,211,
22,188,179,192,126,
187,201,211,
197,126,201,
22,73,199,
204,74,129,197,92,
33,161,203,195,180,179,
195,203,
148,210,185,202,167,
17,27,11,176,191,136,91,
217,222,
54,181,188,212,
97,107,202,167,155,116,
169,178,186,200,
113,178,217,219,
132,200,160,171,169,
163,198,175,192,170,
46,211,220,
170,192,188,198,
82,155,186,123,200,178,169,
92,
161,198,125,200,
118,192,188,180,179,
217,129,204,219,
164,214,226,
139,212,223,
54,212,188,203,181,
83,99,75,185,140,151,146,
212,223,224,
202,234,
222,231,234,240,
210,84,184,244,
54,181,188,242,
Future links sets, 
105,104,103,24,25,31,97,
57,12,
66,63,59,29,35,67,23,45,
19,

79,71,53,52,
76,98,152,108,105,
57,
37,83,91,154,99,

120,70,28,18,
226,165,214,159,144,69,80,95,98,
47,
28,22,
154,30,51,131,76,127,

135,134,108,76,
226,214,144,69,80,95,98,
113,66,139,34,
88,40,65,49,86,
122,69,25,
37,99,140,186,153,
221,67,66,63,59,114,116,101,124,149,218,
153,37,99,140,148,
131,75,95,138,83,143,99,
176,134,95,135,80,91,96,
106,102,64,48,
164,58,78,62,226,72,
116,66,112,101,111,107,
97,77,44,
143,98,102,193,138,105,106,
143,75,95,131,138,

54,223,58,62,72,
141,130,54,84,62,72,
123,73,132,77,82,97,
65,
190,123,73,74,77,82,
79,60,

109,93,55,
109,93,56,
72,123,78,58,

157,123,73,136,125,103,82,104,
123,73,125,103,82,104,
164,104,103,83,234,91,97,154,99,

162,128,108,
128,85,115,93,109,

159,98,165,143,193,138,105,


243,228,107,129,249,111,100,101,112,116,119,164,191,
115,90,85,
108,64,

205,70,110,120,160,
94,68,

202,92,78,
181,119,116,112,101,100,111,129,107,
142,100,117,119,141,
128,127,
109,128,93,
208,170,156,100,117,119,141,
142,194,117,141,119,123,125,
125,123,137,82,
213,207,143,121,131,105,138,
133,84,87,101,212,113,
81,
188,110,101,87,
221,206,187,94,114,146,167,
222,211,184,97,103,104,164,
244,191,91,96,177,122,154,
174,106,102,
157,146,204,94,104,103,136,
179,113,111,112,167,107,116,160,120,148,161,

213,207,131,138,121,143,

236,194,117,142,119,141,
244,122,191,96,
116,111,188,167,107,129,148,112,181,248,202,

89,
181,148,184,129,107,167,112,111,116,



226,153,214,144,
237,161,160,120,166,179,149,195,180,203,222,

141,137,117,
189,153,121,
153,144,136,
229,215,137,122,
168,135,174,134,
244,122,190,215,191,
110,123,185,163,151,
198,140,170,148,156,
165,162,159,
172,114,
202,172,137,
168,135,189,134,
162,
229,124,118,
127,

200,125,
169,197,147,118,
169,197,147,118,
231,129,204,181,188,
202,137,

229,201,156,170,197,198,
176,130,
239,126,
187,146,151,167,185,
175,133,147,150,170,
215,190,177,154,
144,176,136,
187,167,236,146,
216,201,156,170,173,197,
238,132,
220,149,156,211,218,


240,222,171,149,147,169,166,
214,184,191,164,197,
193,189,177,
232,148,140,
139,
158,
158,
226,172,183,194,214,
194,142,
168,177,152,
242,188,169,171,181,173,
210,155,244,167,178,184,
164,191,151,
210,176,191,196,185,
145,
157,
189,177,
210,197,244,184,
209,192,173,
186,178,225,155,
216,170,173,175,186,
212,169,171,181,188,
210,197,244,184,
189,
215,183,213,190,207,
193,
236,187,197,201,229,
187,166,163,
213,207,172,183,194,


181,232,188,198,212,
181,188,223,238,205,

200,186,233,178,
241,202,210,185,

186,175,
229,197,201,204,225,
182,
236,192,232,198,230,
233,209,235,200,
198,232,192,
199,
200,198,

233,209,200,
226,214,

236,204,230,209,231,
239,223,218,205,
239,223,205,
249,243,228,192,

199,
248,202,201,
244,225,
236,230,209,
217,219,209,204,
243,249,216,218,239,228,235,


226,
239,216,218,233,235,

196,
224,223,205,
208,
222,220,211,
235,238,233,
221,206,
238,236,232,230,
220,219,
246,229,225,
224,243,223,
240,222,
212,




248,225,
234,219,217,
245,242,243,228,

241,


240,231,227,

240,231,
234,

247,227,
245,242,
245,

241,




247,


247,246,





247,

249,

248,





Coordinates,
0.0023121,1.29519,
0.00753984,0.431645,
0.0148944,1.62859,
0.025711,0.696637,
0.0269144,0.11674,
0.0429772,0.544467,
0.0558645,0.899888,
0.0694792,0.339455,
0.0736094,1.48739,
0.0747136,0.0950017,
0.080488,1.88024,
0.083482,1.12099,
0.0904873,0.374387,
0.0935441,1.76533,
0.0982019,0.948571,
0.0989872,0.289463,
0.11731,0.829844,
0.117396,1.1281,
0.132438,1.84759,
0.13437,0.628446,
0.14734,1.14176,
0.150974,1.48953,
0.152961,1.70992,
0.162843,1.49549,
0.18145,1.19533,
0.182585,1.12746,
0.194487,0.723225,
0.195155,1.94097,
0.203838,1.758,
0.210056,1.52235,
0.21176,0.884889,
0.216515,1.14738,
0.230372,0.136718,
0.231265,1.90024,
0.233201,1.82368,
0.241814,1.48918,
0.242671,0.588812,
0.247486,1.45975,
0.252443,0.312486,
0.258002,0.0128971,
0.258899,0.515078,
0.260519,0.612422,
0.264514,1.94086,
0.268498,0.286077,
0.277149,1.50575,
0.288469,1.52188,
0.291294,1.25036,
0.293081,0.220022,
0.313846,0.615181,
0.321457,0.488224,
0.326471,0.208612,
0.328184,0.846028,
0.33625,0.287859,
0.339054,0.295987,
0.346878,1.78572,
0.348305,0.433686,
0.352858,0.558084,
0.358339,0.0820822,
0.360476,1.88595,
0.369001,1.52454,
0.37142,0.207878,
0.384726,1.99503,
0.384775,1.78795,
0.407029,1.54509,
0.407685,0.515592,
0.408084,0.453527,
0.410212,1.57171,
0.416248,1.52099,
0.419538,1.50858,
0.423144,0.866402,
0.431746,1.8601,
0.436458,0.272609,
0.437025,1.80173,
0.442056,1.40393,
0.445003,1.27175,
0.445041,1.07836,
0.449301,0.640727,
0.452106,1.32144,
0.464791,1.91835,
0.504478,0.107845,
0.508318,0.837922,
0.527551,0.19109,
0.532239,1.40199,
0.554731,1.05144,
0.556943,1.80309,
0.566357,0.261747,
0.572513,0.199207,
0.5761,1.78156,
0.601585,0.168986,
0.602242,0.171265,
0.625344,0.157427,
0.633075,0.971971,
0.646316,1.98111,
0.655656,0.243363,
0.657006,1.24164,
0.662478,0.822824,
0.663984,0.974443,
0.665194,1.09262,
0.683129,0.577842,
0.684204,1.02042,
0.690372,1.5029,
0.700412,1.60172,
0.70068,0.447409,
0.713374,1.11162,
0.715605,1.10649,
0.716264,0.593106,
0.736629,0.391848,
0.73717,1.69084,
0.7464,0.294541,
0.760901,0.137657,
0.772897,1.4741,
0.77605,1.71728,
0.780093,1.71172,
0.780207,1.80955,
0.794939,1.08774,
0.81104,0.0055685,
0.816537,1.59211,
0.822509,1.1877,
0.842905,1.67431,
0.85515,1.33162,
0.856398,1.84734,
0.859236,0.652381,
0.859487,0.912507,
0.86327,1.34244,
0.867704,1.59576,
0.874204,1.3949,
0.874713,1.65927,
0.87825,0.182256,
0.883317,0.0579455,
0.893014,1.72997,
0.904157,1.16356,
0.908389,0.572622,
0.90879,1.37957,
0.915217,1.82164,
0.920074,0.407123,
0.922893,0.393394,
0.937577,0.859515,
0.940241,0.991564,
0.942337,0.481354,
0.946173,1.80833,
0.967756,1.34816,
0.969116,1.15739,
0.988612,0.968334,
1.00529,0.456819,
1.00739,0.765479,
1.04088,0.421717,
1.04157,1.17016,
1.04161,1.67304,
1.0444,1.34708,
1.06633,1.58744,
1.07257,1.83644,
1.08014,1.12289,
1.08483,0.369785,
1.0853,0.612741,
1.09214,0.471223,
1.09702,1.31089,
1.09909,1.46503,
1.10265,0.681473,
1.10585,0.226059,
1.1166,0.0993401,
1.12503,1.85126,
1.14165,1.87896,
1.15861,0.00632364,
1.16404,1.4162,
1.19528,0.970432,
1.20624,0.0254586,
1.20804,1.4372,
1.21859,1.1654,
1.22561,0.210254,
1.25947,1.65879,
1.26028,1.45346,
1.26048,1.69656,
1.26216,0.563835,
1.26724,1.53774,
1.27672,0.0115399,
1.28328,1.42388,
1.28488,0.725728,
1.30814,0.219151,
1.31144,1.27402,
1.33803,1.87904,
1.34364,1.92318,
1.34545,1.72469,
1.35866,0.0817236,
1.37097,0.437622,
1.38703,0.971553,
1.3901,0.812158,
1.39335,1.26263,
1.39577,1.17223,
1.40915,1.73035,
1.44046,0.0682444,
1.44335,0.267255,
1.45884,0.676059,
1.48271,1.62444,
1.48311,0.106522,
1.49205,0.452361,
1.51458,1.92754,
1.53356,0.423672,
1.54256,0.967212,
1.54754,1.45547,
1.55826,0.284095,
1.56215,1.33291,
1.58692,0.897378,
1.59863,0.782982,
1.60052,1.93469,
1.60113,1.01773,
1.61911,1.83275,
1.62171,0.224683,
1.62407,0.166763,
1.65467,0.331385,
1.6559,1.07278,
1.66302,0.691186,
1.66546,0.887954,
1.67458,1.79082,
1.68442,0.104341,
1.6884,0.428694,
1.69219,0.0774633,
1.70211,1.48805,
1.70939,0.867436,
1.71002,1.55234,
1.72853,0.840373,
1.73219,0.813841,
1.74574,0.131724,
1.7472,0.88024,
1.7712,1.84334,
1.78669,1.9222,
1.79299,0.609778,
1.80362,0.353105,
1.80461,0.825966,
1.80694,1.6743,
1.81143,0.631266,
1.81418,1.13998,
1.81575,0.784314,
1.81785,1.17293,
1.82101,1.28959,
1.8233,0.732358,
1.83354,1.34394,
1.8405,1.10458,
1.84068,1.95948,
1.85135,1.18424,
1.85205,1.55345,
1.85251,0.773451,
1.86594,0.306186,
1.88237,1.75181,
1.898,1.66996,
1.93575,0.417696,
1.94804,1.76695,
1.96314,0.598194,
1.97082,0.658856,
1.97431,0.388341,
1.99474,1.66326,
