Storage option,sets
Size,200
Dimension,2
Shape,cube
Spacetime,BlackHole
Past sets, 















7,











17,

10,
26,
6,8,
2,
5,9,
7,15,
0,

11,

11,
11,
23,
0,4,18,
0,4,18,
25,
17,27,
28,
6,
12,10,23,
4,6,8,
7,
6,
17,27,


15,7,34,
0,2,14,
15,7,34,
17,36,
14,26,2,32,
53,
4,6,8,
11,
6,47,
54,

4,8,6,31,

36,
17,27,
14,2,0,56,

17,27,
26,
28,
65,
0,4,6,8,18,
71,
35,14,2,0,56,
30,32,2,26,14,59,
10,
28,46,53,60,
32,56,0,2,14,70,
17,58,54,64,36,68,
0,4,6,8,18,
26,65,75,
2,8,14,35,42,18,0,4,43,
32,35,56,0,2,14,70,
8,35,42,18,0,4,43,
45,52,53,27,17,72,
27,54,17,58,36,68,
30,73,75,65,26,85,
30,32,2,26,14,59,
64,54,67,
64,54,67,
64,54,67,
2,14,35,18,0,4,43,
28,46,
28,45,52,60,53,27,17,72,

60,53,46,28,81,
68,36,58,69,17,54,27,90,
2,30,73,75,65,26,85,
65,75,71,77,
59,70,79,14,2,26,0,32,30,56,82,
17,64,54,67,36,68,
2,30,73,26,65,75,
17,58,64,54,67,36,68,
85,91,26,65,75,73,30,2,102,
2,85,75,73,30,26,65,91,

27,68,36,64,67,54,58,17,83,
67,99,
36,68,94,93,67,54,64,95,

110,
36,68,94,93,67,54,64,95,
59,26,2,32,30,14,92,
52,36,45,58,27,69,17,72,
65,71,77,
93,67,54,64,94,
105,36,93,67,54,64,58,95,17,68,107,
67,99,
27,68,36,64,67,54,58,17,83,

30,32,2,14,59,26,73,
52,64,90,27,54,17,69,45,58,68,36,101,
83,64,90,27,54,17,69,45,58,68,36,101,
114,
36,89,69,17,27,53,60,52,45,28,72,98,
71,77,102,91,65,26,30,73,75,85,2,109,
110,115,99,67,122,
105,68,36,94,107,64,93,67,54,95,17,113,116,58,
59,0,26,2,32,56,30,14,79,
26,59,14,2,32,30,73,125,
70,59,0,26,2,32,56,30,14,79,
85,73,30,71,75,26,91,65,77,103,
36,95,99,112,64,54,67,93,94,120,
83,17,58,54,67,64,36,107,68,27,111,
32,71,109,2,85,75,30,108,26,65,91,73,102,106,77,
95,99,112,64,54,67,93,94,120,
71,75,65,77,103,
71,109,2,85,75,30,108,26,65,91,73,102,106,77,
67,36,101,64,90,27,83,54,17,127,69,45,58,68,
30,32,2,14,59,65,26,73,
2,103,77,65,91,26,75,30,73,85,71,136,
101,36,68,58,45,69,17,54,27,90,64,52,126,
67,99,110,115,124,
121,58,116,132,67,54,105,68,107,94,36,93,64,95,17,113,


67,36,101,64,90,27,83,54,17,127,69,45,58,68,
137,68,120,94,93,67,54,64,112,99,95,36,140,
14,32,102,106,2,73,75,65,26,91,85,30,108,
30,73,85,103,77,26,65,75,71,141,
64,122,54,67,112,99,115,110,131,

71,114,128,
114,
124,149,
120,113,17,95,148,121,58,116,132,67,54,64,93,105,68,107,94,36,
27,111,121,58,116,132,67,83,54,105,68,107,94,36,93,64,95,17,113,
68,110,115,140,95,99,112,54,67,36,94,120,137,64,93,122,
71,114,128,
114,128,
27,111,121,58,116,132,67,83,54,105,68,107,94,36,93,64,95,17,113,
75,114,77,71,65,119,
77,71,65,119,114,128,
69,90,138,17,58,83,54,67,64,123,36,107,68,27,111,
27,111,121,58,116,132,67,83,54,105,68,107,94,36,93,64,95,17,113,
124,131,110,115,99,112,67,54,122,64,155,
120,99,137,113,17,95,148,121,58,116,132,67,112,54,64,93,105,68,107,94,36,
149,156,
27,111,121,58,116,132,67,83,54,105,68,107,94,36,93,64,95,17,113,
157,128,114,71,163,
119,65,71,77,114,75,166,
103,108,130,91,65,26,71,106,77,30,102,73,75,85,2,109,
122,131,124,115,110,99,67,147,
114,119,65,71,77,128,167,
71,150,158,128,114,164,
156,149,124,159,
150,158,128,114,164,
157,71,163,128,114,164,
156,110,149,124,159,
75,103,77,71,65,119,
150,114,158,
114,119,65,71,77,128,167,
122,131,124,115,99,67,147,110,149,

147,67,110,115,124,131,122,99,177,
124,156,149,172,
128,166,75,114,103,77,65,119,71,175,

119,103,77,65,75,71,141,
128,166,75,114,103,77,65,119,71,175,

113,131,122,93,64,137,162,110,68,120,115,140,152,94,36,95,99,112,54,67,
112,177,99,122,131,115,110,67,147,124,189,
159,149,110,147,67,99,115,124,131,122,187,

Future sets, 
84,76,70,35,87,96,135,88,86,78,42,104,133,43,56,82,

109,176,142,130,102,70,78,56,139,145,87,32,153,134,82,96,125,59,117,104,133,106,135,86,144,92,108,79,

84,76,66,61,96,43,86,49,88,42,
33,
84,61,51,49,76,63,47,66,31,
50,34,57,55,15,
86,84,76,61,88,49,66,31,
33,
80,48,29,
62,40,39,37,
48,

153,79,92,56,82,134,78,133,104,87,135,70,117,59,96,125,86,144,
55,57,34,

105,107,132,161,45,72,90,169,143,27,173,165,138,123,151,146,126,129,111,52,168,118,148,89,127,98,69,58,121,101,160,171,83,
84,76,96,43,86,88,42,




48,41,

44,
85,176,153,142,139,136,145,130,91,104,133,134,144,92,108,79,73,102,154,125,59,30,117,106,135,109,
123,138,165,173,169,111,90,72,101,161,45,143,151,146,126,129,52,168,118,89,127,98,69,
129,81,74,100,97,98,46,

144,134,154,125,102,117,92,108,79,106,135,109,133,104,91,130,145,136,139,142,153,176,
66,
153,134,82,125,59,117,104,133,135,144,92,79,87,139,

57,55,
96,88,87,86,78,
129,137,196,152,161,132,83,126,146,68,127,171,113,101,160,121,118,123,58,116,151,138,168,148,90,107,165,143,173,169,111,162,105,





88,86,
96,88,86,

143,151,127,146,126,118,98,129,89,
97,100,81,
63,




146,126,118,98,129,89,
89,81,100,98,129,60,
90,105,95,120,116,171,113,173,140,169,143,111,170,83,151,165,107,126,155,146,168,138,64,123,93,152,94,127,161,132,121,196,137,162,148,101,160,

133,82,78,104,87,135,70,

118,121,160,171,101,146,126,83,132,161,127,123,151,138,168,148,90,107,165,143,173,169,111,
134,125,117,104,133,135,144,92,79,
129,98,100,81,



155,146,126,107,151,170,111,169,140,173,143,165,168,138,123,93,152,94,127,161,132,83,121,196,137,162,148,160,113,171,116,120,95,105,
144,186,119,178,91,130,145,136,194,167,109,139,142,153,108,166,175,184,141,106,193,154,102,75,191,103,85,176,

151,147,143,123,131,198,187,189,177,122,161,132,148,113,165,107,94,162,196,137,173,160,121,152,93,116,120,169,140,95,105,168,138,197,171,112,111,170,155,
162,116,121,160,113,171,105,101,146,126,83,132,161,127,152,123,151,196,138,168,148,90,107,165,143,173,169,111,
168,129,118,126,146,151,143,127,101,
135,87,104,82,
179,163,182,157,186,136,194,119,174,145,184,167,142,103,139,178,191,130,166,175,176,154,77,193,141,
118,98,129,89,
144,134,91,130,145,106,136,109,139,142,153,176,108,102,154,125,

175,184,141,106,193,191,103,85,176,154,102,166,108,153,142,139,109,194,136,145,130,91,

142,139,130,166,178,175,103,191,176,154,193,141,167,184,145,119,194,136,186,

135,133,104,

100,
104,
127,123,151,138,168,161,165,143,169,173,111,

154,102,108,176,153,142,139,109,136,145,130,91,



129,
168,126,146,151,143,127,101,
145,136,130,109,139,142,153,176,108,
117,
121,137,162,152,165,196,148,160,173,113,171,161,132,116,120,169,140,
137,162,152,165,196,148,160,173,113,171,161,132,116,120,169,140,
152,162,165,196,148,160,173,121,140,169,113,171,161,132,116,137,


129,
147,187,177,155,198,140,152,112,170,196,162,197,171,137,131,189,122,

143,151,127,146,126,
130,139,142,153,176,108,
194,191,176,154,193,141,184,145,136,

148,161,132,171,165,169,160,173,121,
176,153,142,139,
168,138,148,161,132,171,165,169,160,173,121,
176,153,142,139,
142,139,176,130,
183,131,196,170,198,187,189,197,177,155,147,162,115,
173,169,165,161,168,138,
155,140,152,170,196,162,197,171,137,
196,148,161,160,173,165,169,171,132,
175,166,185,158,167,191,178,179,194,181,164,163,174,182,128,186,157,
162,147,155,177,197,189,187,198,170,196,131,
148,161,160,173,165,169,171,132,


184,186,193,167,175,194,178,191,166,
160,140,152,196,162,171,137,
169,165,173,160,171,161,148,
162,155,177,197,189,187,198,170,196,131,
168,
180,170,183,190,177,197,189,187,159,198,147,
134,
146,
151,143,
191,178,186,167,179,194,181,164,163,174,182,157,

176,
198,187,189,197,177,196,170,155,
169,165,173,160,171,161,148,



145,
171,162,196,152,
168,

162,196,152,
193,154,





198,187,189,197,177,
171,160,
187,190,180,183,172,198,159,
185,181,179,

196,


170,
183,180,190,172,
182,174,
185,181,179,
198,183,180,


196,
182,174,
182,181,179,

191,194,175,
186,178,




190,


194,191,

197,189,









198,

197,










Past links sets, 















7,











17,

10,
26,
6,8,
2,
5,9,
15,
0,

11,

11,
11,
23,
0,4,18,
0,4,18,
25,
27,
28,
6,
12,10,23,
4,6,8,
7,
6,
27,


34,
0,2,14,
34,
17,36,
14,26,32,
53,
4,6,8,
11,
47,
54,

4,31,

36,
27,
56,

27,
26,
28,
65,
0,4,6,8,18,
71,
35,56,
30,59,
10,
46,60,
32,70,
58,64,68,
0,4,6,8,18,
26,75,
2,8,14,35,42,43,
32,35,70,
8,35,42,43,
45,52,53,72,
27,54,58,68,
30,73,85,
30,59,
64,67,
64,67,
64,67,
2,14,35,43,
46,
28,45,52,60,72,

81,
69,90,
2,30,73,85,
75,77,
79,82,
17,64,67,68,
2,30,73,75,
58,64,67,68,
91,102,
2,91,

27,67,83,
67,99,
93,68,94,95,

110,
93,68,94,95,
92,
52,45,58,69,72,
65,77,
93,94,
93,95,105,107,
67,99,
27,67,83,

30,59,73,
45,52,64,101,
45,83,101,
114,
36,69,89,98,
77,102,109,
115,122,
105,107,113,116,
56,79,
125,
70,79,
91,103,
36,95,112,120,
107,111,
32,77,106,108,109,
95,112,120,
103,
77,106,108,109,
67,127,
30,59,65,73,
2,136,
126,
67,99,115,124,
121,132,


67,127,
68,137,140,
14,32,106,108,
30,73,85,141,
64,112,131,

71,128,
114,
124,149,
120,148,
111,121,132,
68,115,122,137,140,
71,128,
128,
111,121,132,
75,114,119,
119,128,
69,90,123,138,
111,121,132,
124,155,
137,148,
149,156,
111,121,132,
157,163,
166,
103,106,108,130,
131,147,
167,
71,150,158,164,
156,159,
150,158,164,
157,163,164,
110,156,159,
103,119,
150,158,
167,
131,147,149,

177,
124,172,
103,128,175,

119,141,
103,128,175,

131,113,152,162,
112,189,
159,187,

Future links sets, 
84,76,56,43,42,35,

145,106,102,109,96,86,56,32,

84,76,66,61,49,43,42,
33,
84,76,61,51,49,47,31,
50,15,
86,84,76,61,88,49,31,
33,
80,48,29,
62,40,39,37,
48,

153,96,86,59,56,
34,

58,105,27,
84,76,43,42,




48,41,

44,
73,85,59,30,
90,111,72,69,52,123,45,
74,98,46,

125,106,154,102,91,144,92,79,
66,
153,139,87,82,59,

57,55,
96,88,87,86,78,
137,129,68,58,





88,86,
96,88,86,

127,126,118,98,89,
97,81,
63,




126,118,98,89,
89,60,
90,64,

133,78,70,

118,107,90,83,
125,144,92,79,
98,81,



155,126,105,95,107,94,93,83,
144,119,75,

143,123,122,151,112,111,105,147,95,107,94,93,
162,152,113,107,105,116,90,83,
168,129,118,101,
135,87,82,
179,163,157,77,
118,98,89,
144,125,106,154,102,91,

166,106,103,85,

139,130,119,142,103,

135,133,104,

100,
104,
127,123,111,

154,102,91,



129,
168,101,
136,109,108,
117,
121,120,116,113,
120,116,113,
140,137,121,116,113,


129,
147,122,112,

127,126,
130,108,
194,191,184,176,141,136,

132,121,
176,153,142,139,
138,132,121,
176,153,142,139,
142,139,130,
183,115,
173,169,165,161,138,
197,155,140,137,
196,132,
166,158,128,
162,147,131,
132,


184,193,167,166,
160,140,137,
173,169,165,161,148,
162,131,
168,
190,170,159,147,
134,
146,
151,143,
194,191,167,164,163,157,

176,
196,187,177,155,
173,169,165,161,148,



145,
171,162,152,
168,

162,152,
193,154,





187,177,
171,160,
187,172,159,
185,181,179,

196,


170,
183,180,172,
182,174,
185,181,179,
198,183,180,


196,
182,174,
182,181,179,

175,
186,178,




190,


194,191,

189,









198,

197,










0.0379549,-1.91517,
0.0481986,-0.309358,
0.0543348,-2.27233,
0.0583211,0.110655,
0.0858759,-1.66336,
0.0939575,-0.807443,
0.0973115,-1.40018,
0.105065,-1.09779,
0.105934,-1.56873,
0.230162,-0.631397,
0.246733,1.33414,
0.300643,0.969167,
0.310536,1.2623,
0.313998,-0.294746,
0.328621,-1.9959,
0.352142,-0.908884,
0.361954,-0.289507,
0.369619,2.33348,
0.382869,-1.54552,
0.433852,-0.237933,
0.44733,0.147228,
0.463156,0.232765,
0.474335,0.582895,
0.496029,0.957399,
0.508192,-0.12208,
0.559648,-0.551562,
0.578787,-2.23922,
0.588466,2.12045,
0.591272,1.65079,
0.622369,1.09404,
0.659681,-2.17966,
0.682845,-1.00332,
0.755672,-1.95996,
0.759732,-0.147562,
0.773584,-0.600569,
0.80269,-1.45779,
0.81949,2.29562,
0.892803,0.456729,
0.907128,-0.274589,
0.957781,0.34317,
0.957958,0.407473,
1.00076,0.510183,
1.00998,-1.14814,
1.02131,-1.20394,
1.02604,-0.154346,
1.03829,1.78648,
1.05785,1.40911,
1.0598,-0.497957,
1.08141,0.527378,
1.08635,-0.752616,
1.08707,-0.139182,
1.10747,-0.438501,
1.11594,1.68904,
1.11664,1.46707,
1.14333,2.35371,
1.14806,-0.251792,
1.17569,-1.42342,
1.20577,-0.237739,
1.21324,2.03259,
1.22949,-1.59553,
1.2468,1.36404,
1.25276,-0.642539,
1.26215,0.00921675,
1.26779,-0.308252,
1.27667,2.29768,
1.28133,-2.28706,
1.31354,-0.480198,
1.31737,2.46298,
1.32966,2.12892,
1.41424,1.69432,
1.42852,-1.27931,
1.44523,-2.49347,
1.44533,1.33637,
1.4663,-1.92992,
1.54216,0.719065,
1.5994,-2.14299,
1.60611,-0.395252,
1.69998,-2.26006,
1.73215,-0.887297,
1.77594,-1.16309,
1.84685,0.269475,
1.85262,0.759335,
1.90729,-0.897602,
2.0309,1.60833,
2.03311,-0.0679222,
2.10385,-1.69058,
2.12871,-0.357246,
2.1562,-0.645283,
2.18652,-0.113794,
2.19157,0.869544,
2.22435,1.33956,
2.23469,-1.57303,
2.28208,-0.992944,
2.28554,1.90718,
2.28692,1.92756,
2.28761,1.86472,
2.30055,-0.256015,
2.31058,0.205697,
2.35312,0.680956,
2.35435,2.20442,
2.37971,0.268949,
2.38043,1.19307,
2.39484,-1.40181,
2.43455,-1.78331,
2.465,-0.497285,
2.47068,1.61685,
2.51846,-1.25642,
2.52316,1.5235,
2.53133,-1.27938,
2.53286,-1.33671,
2.57925,2.274,
2.58097,1.32743,
2.60901,1.95895,
2.62559,1.63964,
2.70532,-2.39363,
2.72637,2.13366,
2.73556,1.52743,
2.80258,-0.550591,
2.80312,0.462938,
2.80502,-1.79338,
2.82123,1.66696,
2.86977,1.32349,
2.87289,1.96888,
2.88543,0.999741,
2.90967,2.26424,
2.97234,-0.537007,
2.98343,0.602305,
2.98673,0.767964,
3.00582,-2.14479,
3.01293,0.122237,
3.01308,-1.07306,
3.03192,1.89406,
3.04013,1.24675,
3.06193,-0.18177,
3.13549,-0.407799,
3.15389,-0.0423208,
3.16884,-1.10685,
3.17152,1.44124,
3.1908,0.865605,
3.19201,-0.795136,
3.26703,1.44294,
3.33888,-1.17915,
3.3389,-0.729576,
3.40462,0.397076,
3.42594,-0.208214,
3.53309,-0.763916,
3.5433,0.0626054,
3.55677,1.78012,
3.57323,0.89755,
3.58868,2.15037,
3.6249,-2.20612,
3.6636,0.210023,
3.66829,1.15034,
3.72289,-0.101847,
3.72398,-0.807565,
3.76494,1.39963,
3.77118,2.20067,
3.78241,-1.78071,
3.83114,-1.95885,
3.86509,1.9084,
3.87535,0.626114,
3.8762,0.498932,
3.87955,1.04405,
3.88092,-1.6259,
3.90006,-1.80915,
3.90916,0.423691,
3.91461,-1.2073,
3.97318,-1.24892,
4.02989,0.0571073,
4.04349,0.393725,
4.07493,1.22318,
4.13933,0.48641,
4.15956,1.94286,
4.16274,0.27388,
4.1817,-1.38605,
4.1987,-0.929541,
4.23054,-0.0268101,
4.29829,1.28552,
4.3592,-0.980335,
4.40062,-1.52702,
4.42722,1.65585,
4.46496,-1.54788,
4.46607,-1.29542,
4.49211,1.49575,
4.50458,-0.567692,
4.51882,-1.63332,
4.53033,-0.91534,
4.54924,1.20603,
4.56081,2.39245,
4.5786,1.1185,
4.58957,1.63114,
4.68235,-0.5067,
4.74961,-1.97236,
4.76519,-0.166113,
4.76918,-0.445407,
4.79126,1.97187,
4.85681,0.199256,
4.88996,0.846933,
4.9396,0.934997,
4.94118,2.48295,
r_S4
NLambdas_Sized_0,82
Lambda0
1,
Lambda1
3,
Lambda2
13,
Lambda3
16,
Lambda4
19,
Lambda5
20,
Lambda6
21,
Lambda7
22,
Lambda8
24,
Lambda9
29,
Lambda10
33,
Lambda11
37,
Lambda12
38,
Lambda13
39,
Lambda14
40,
Lambda15
41,
Lambda16
44,
Lambda17
48,
Lambda18
49,
Lambda19
50,
Lambda20
51,
Lambda21
55,
Lambda22
57,
Lambda23
61,
Lambda24
62,
Lambda25
63,
Lambda26
66,
Lambda27
74,
Lambda28
76,
Lambda29
78,
Lambda30
80,
Lambda31
84,
Lambda32
86,
Lambda33
87,
Lambda34
88,
Lambda35
96,
Lambda36
97,
Lambda37
100,
Lambda38
104,
Lambda39
117,
Lambda40
118,
Lambda41
129,
Lambda42
133,
Lambda43
134,
Lambda44
135,
Lambda45
139,
Lambda46
142,
Lambda47
143,
Lambda48
144,
Lambda49
145,
Lambda50
146,
Lambda51
151,
Lambda52
153,
Lambda53
154,
Lambda54
160,
Lambda55
161,
Lambda56
165,
Lambda57
168,
Lambda58
169,
Lambda59
170,
Lambda60
171,
Lambda61
173,
Lambda62
174,
Lambda63
176,
Lambda64
178,
Lambda65
179,
Lambda66
180,
Lambda67
181,
Lambda68
182,
Lambda69
183,
Lambda70
184,
Lambda71
185,
Lambda72
186,
Lambda73
190,
Lambda74
191,
Lambda75
192,
Lambda76
193,
Lambda77
194,
Lambda78
195,
Lambda79
196,
Lambda80
197,
Lambda81
198,
