Storage option,sets
Size,75
Dimension,2
Shape,cylinder
Spacetime,BlackHole
Past sets, 





2,








10,
7,
8,
2,5,




2,5,
7,
4,


18,21,
25,
4,
2,19,
10,14,
4,
5,2,17,
2,19,
10,14,7,15,
12,13,20,
10,14,7,15,

21,18,27,25,28,

18,21,19,2,30,
10,14,7,15,

7,23,
10,14,7,15,

21,18,27,25,28,
38,
15,7,14,10,37,

5,2,22,
19,25,21,18,27,
14,15,7,10,23,
38,
7,15,14,10,31,
38,48,
25,21,18,27,19,2,30,

46,50,
46,

19,28,25,27,18,21,39,
28,27,18,21,25,19,52,
19,39,28,25,27,18,21,47,
61,
10,40,43,
19,39,28,25,27,18,21,47,
61,65,
19,39,28,25,27,18,21,47,
18,48,25,38,28,54,
40,46,60,
50,46,59,

50,59,46,72,
Future sets, 


34,41,30,17,33,22,51,57,5,

32,29,24,
51,22,33,17,

44,35,37,23,49,42,55,45,53,15,
16,

31,55,42,35,37,49,45,66,53,14,

36,
36,
53,45,49,37,35,42,55,31,
53,45,55,42,49,37,35,

33,
39,52,69,41,67,64,62,47,63,70,57,27,
64,62,63,52,34,67,41,57,69,30,
36,
39,52,69,41,67,64,62,47,63,57,27,
51,
53,44,

52,39,69,64,62,47,63,57,70,67,28,

57,63,47,62,64,67,69,52,39,
70,63,47,62,64,67,69,39,

57,41,
55,





49,
54,56,70,48,
69,67,64,62,
71,66,


66,


71,60,74,72,59,
69,67,64,
70,56,

74,72,59,

63,

70,




74,72,
71,
68,65,



68,






74,


Past links sets, 





2,








10,
7,
8,
5,




5,
7,
4,


18,21,
25,
4,
2,19,
14,
4,
17,
2,19,
14,15,
12,13,20,
14,15,

27,28,

18,21,30,
14,15,

23,
14,15,

27,28,
38,
37,

22,
19,25,27,
14,15,23,
38,
15,31,
48,
25,27,30,

46,50,
46,

19,39,
28,52,
19,39,47,
61,
10,40,43,
19,39,47,
65,
19,39,47,
18,48,28,54,
40,60,
59,

72,
Future links sets, 


34,30,5,

32,29,24,
22,17,

23,15,
16,

66,14,

36,
36,
53,45,42,37,35,31,
53,45,55,42,37,35,

33,
70,41,27,
67,64,62,52,34,69,30,
36,
41,27,
51,
53,44,

57,52,28,

57,47,52,39,
70,63,47,39,

57,41,
55,





49,
54,48,
69,67,64,62,
71,66,


66,


60,59,
69,67,64,
70,56,

59,

63,

70,




72,
71,
65,



68,






74,


Coordinates
-5.9509,0.430935
-5.93368,-0.463937
-5.88455,-0.93233
-5.83374,0.422406
-5.81522,-0.639342
-5.7934,-0.851798
-5.7765,-0.0191826
-5.74238,0.916013
-5.73682,-0.461094
-5.68098,0.134827
-5.57101,0.937071
-5.53771,-0.194336
-5.52594,0.569553
-5.52082,0.570934
-5.51136,0.887611
-5.49962,0.813139
-5.48739,-0.276396
-5.48604,-0.580069
-5.47854,-0.96542
-5.46511,-0.878374
-5.43375,0.536935
-5.42862,-0.905194
-5.42156,-0.645172
-5.39349,0.616936
-5.37874,-0.218842
-5.33257,-0.958726
-5.23445,0.0362668
-5.20804,-0.817127
-5.18242,-0.857085
-5.17129,-0.184743
-5.1624,-0.615608
-5.15459,0.719522
-5.11461,-0.111257
-5.11337,-0.32243
-5.10695,-0.54345
-5.07852,0.495803
-5.06862,0.242035
-5.05688,0.500808
-5.01711,-0.979782
-5.01023,-0.723711
-5.00363,0.778352
-4.99806,-0.489784
-4.97977,0.394267
-4.94854,0.692774
-4.9372,0.245646
-4.92546,0.338177
-4.88462,0.919123
-4.78881,-0.61348
-4.7848,-0.869613
-4.76884,0.289675
-4.7442,0.925636
-4.73533,-0.121668
-4.72576,-0.394845
-4.72137,0.113172
-4.59757,-0.670879
-4.58218,0.301048
-4.51518,-0.701851
-4.48662,-0.146811
-4.48519,-0.904271
-4.4614,0.721024
-4.44907,0.520338
-4.40239,0.859759
-4.39417,-0.190557
-4.38957,-0.0882683
-4.36059,-0.260517
-4.33032,0.792007
-4.32321,0.259443
-4.30765,-0.167347
-4.22535,0.714302
-4.21456,-0.0397626
-4.20533,-0.321371
-4.16072,0.254232
-4.10051,0.510574
-4.03556,0.730949
-4.03477,0.466791
r_S,2
Lambda0,1,
Lambda1,3,
Lambda2,6,
Lambda3,9,
Lambda4,11,
Lambda5,16,
Lambda6,24,
Lambda7,26,
Lambda8,29,
Lambda9,32,
Lambda10,33,
Lambda11,34,
Lambda12,35,
Lambda13,36,
Lambda14,41,
Lambda15,42,
Lambda16,44,
Lambda17,45,
Lambda18,49,
Lambda19,51,
Lambda20,53,
Lambda21,55,
Lambda22,56,
Lambda23,57,
Lambda24,58,
Lambda25,62,
Lambda26,63,
Lambda27,64,
Lambda28,66,
Lambda29,67,
Lambda30,68,
Lambda31,69,
Lambda32,70,
Lambda33,71,
Lambda34,73,
Lambda35,74,