Storage option,sets
Size,50
Dimension,2
Shape,cube
Spacetime,BlackHole
Past sets, 

0,
0,
0,1,
1,0,2,
3,0,1,2,
2,0,1,4,
3,4,1,0,2,
3,0,1,2,
3,4,1,0,2,
8,1,3,0,2,5,
4,1,0,2,6,
5,7,8,9,2,3,4,1,0,
2,0,3,1,8,
5,7,8,9,2,3,4,1,0,
0,1,4,2,9,8,7,5,3,14,
5,4,8,1,3,0,7,2,
4,5,10,13,2,0,3,1,8,
4,5,10,13,2,0,3,1,8,
5,6,7,9,2,3,4,1,0,
3,5,7,8,9,4,14,1,0,2,15,

1,0,2,
4,10,8,1,3,0,2,5,7,
6,9,2,3,4,1,0,
5,6,7,9,2,3,4,1,0,
12,20,7,3,5,8,9,4,14,1,0,2,15,
10,12,16,20,7,3,5,8,9,4,14,1,0,2,15,
8,12,19,3,5,6,7,9,25,2,4,1,0,
8,12,19,5,6,7,9,2,3,4,1,0,
5,7,2,6,9,3,4,24,1,0,11,
3,6,4,2,1,11,22,0,
11,3,5,6,7,9,25,2,4,24,1,0,
6,19,26,27,10,12,16,20,3,7,5,8,9,4,14,1,0,2,15,
17,13,18,23,26,27,10,12,16,20,3,7,5,8,9,4,14,1,0,2,15,
15,14,20,24,25,29,12,8,19,2,5,6,7,9,3,4,1,0,28,
13,23,16,10,27,26,35,12,15,14,20,24,1,25,2,29,6,8,19,5,28,7,9,3,4,0,33,
11,35,12,15,14,20,24,1,25,2,29,6,8,19,5,28,7,9,3,26,4,0,
17,13,18,23,25,28,33,10,6,29,19,26,3,27,4,12,16,20,7,5,8,9,14,1,0,2,15,
28,19,12,8,29,32,11,3,5,6,7,24,9,25,2,4,1,0,30,
32,16,10,27,37,8,11,35,6,12,15,14,20,24,1,25,2,29,0,19,5,28,7,9,3,26,4,33,
21,19,12,8,28,30,22,32,11,3,5,6,7,24,9,25,2,4,1,0,31,
17,13,18,23,25,28,33,10,6,29,19,26,3,27,4,12,16,20,7,5,8,9,14,1,0,2,15,
11,17,18,36,7,13,23,16,10,27,26,35,6,12,15,14,20,24,1,25,2,29,0,8,19,5,28,9,3,4,33,
24,35,36,38,9,17,13,18,23,25,28,33,4,10,6,29,0,19,26,3,27,12,16,20,7,5,8,14,1,2,15,
32,43,6,11,17,18,36,7,13,23,16,10,27,26,35,12,15,14,20,24,1,25,2,29,0,37,8,19,5,28,9,3,4,33,
40,38,45,8,32,43,6,11,17,18,36,7,44,13,23,16,10,27,26,35,12,15,14,20,24,1,25,2,29,0,37,19,5,28,9,3,4,33,
17,18,30,23,13,40,9,32,1,16,10,27,37,6,8,11,35,4,12,15,14,20,24,25,2,33,29,0,19,5,36,28,7,3,26,
17,18,21,22,31,23,13,36,30,40,9,32,1,16,10,27,37,6,8,39,11,35,4,12,15,14,20,24,25,2,33,29,0,19,5,28,7,3,26,
21,22,31,38,39,43,45,47,10,17,18,30,23,13,40,3,9,32,1,16,27,37,0,6,8,11,35,4,12,15,14,20,24,25,2,33,29,19,5,36,28,7,26,
Future sets, 
1,22,6,11,4,3,46,31,24,9,13,8,5,48,42,30,32,25,19,16,15,20,38,49,12,45,18,47,10,44,7,34,43,23,17,36,27,33,40,29,35,39,41,28,26,37,14,2,
22,6,11,4,3,46,31,24,9,13,8,5,48,42,30,32,25,19,16,15,20,38,49,12,45,18,47,10,44,7,34,43,23,17,36,27,33,40,29,35,39,41,28,26,37,14,
22,13,8,10,5,4,45,18,17,24,38,44,7,48,36,42,28,29,33,43,41,31,49,32,39,47,6,30,46,11,40,37,19,25,35,23,16,15,20,14,12,26,34,27,9,
31,24,9,13,8,5,42,30,32,25,19,16,15,20,38,49,12,45,18,47,10,44,7,34,43,23,17,36,46,27,33,40,48,29,35,39,41,28,26,37,14,
18,17,24,38,44,7,36,42,28,29,33,45,43,41,31,49,32,39,47,30,46,11,40,37,48,19,25,35,6,23,16,15,20,14,12,26,34,27,9,
30,32,25,19,16,15,20,38,49,45,18,47,44,34,43,42,23,17,36,46,27,33,40,48,10,12,29,35,39,41,28,26,37,14,
25,19,37,40,46,30,47,39,32,49,31,48,11,41,43,45,33,29,28,42,35,36,44,38,24,
30,32,25,23,19,16,15,20,14,12,35,29,39,41,28,26,49,43,37,34,33,46,42,40,36,47,48,44,27,38,45,
16,15,20,38,49,45,18,47,44,34,43,42,23,17,36,46,27,33,40,48,10,12,29,35,39,41,28,26,37,13,14,
45,38,27,44,48,47,36,40,42,46,33,34,37,43,49,26,28,41,39,29,35,12,14,20,15,19,24,32,30,25,
40,33,27,36,23,43,48,34,42,44,47,18,17,46,45,49,38,
43,41,48,31,49,32,39,47,30,45,46,40,37,
29,35,39,41,28,26,43,37,34,33,46,42,40,36,49,47,48,44,27,38,45,
36,43,48,34,42,44,47,18,17,46,45,49,38,
35,45,20,43,37,34,33,46,27,42,40,36,26,49,47,48,44,38,15,
38,44,48,47,49,36,40,42,27,46,33,34,37,43,45,26,35,20,
45,38,43,48,47,49,36,40,42,46,33,34,44,27,
48,47,43,42,44,46,45,34,49,38,
48,47,43,42,44,46,45,34,49,38,
33,29,28,45,42,41,39,35,48,40,36,49,47,37,44,43,46,38,
35,26,43,37,34,33,46,42,40,36,49,47,48,44,27,38,45,
49,48,41,
48,49,41,31,
42,36,47,34,45,48,44,43,46,49,38,
43,44,37,36,41,48,49,32,39,47,30,45,46,40,35,
32,28,45,42,41,39,35,48,40,36,49,47,37,44,43,46,38,
37,34,33,46,42,40,36,49,47,48,44,43,38,45,
34,33,46,42,40,36,49,47,48,44,43,38,45,
42,41,39,35,48,40,36,49,47,37,44,43,46,45,38,
42,39,35,48,40,36,49,47,37,44,43,46,45,38,
47,39,49,48,41,
49,48,41,
45,41,46,47,39,49,48,40,
42,40,36,47,48,44,43,46,49,38,45,

40,36,47,48,37,44,43,46,49,45,
48,47,44,43,46,49,45,
40,47,48,49,46,45,
46,49,44,
49,48,
48,49,47,46,


46,49,45,
46,
49,46,

49,


Past links sets, 

0,
0,
1,
1,2,
2,3,
4,
3,4,
2,3,
3,4,
5,8,
6,
5,7,8,9,
8,
5,7,8,9,
14,
5,7,8,
4,10,13,
4,10,13,
5,6,7,9,
15,

1,2,
7,10,
6,9,
5,6,7,9,
12,20,
12,16,10,20,
12,19,25,
12,19,
5,7,11,24,
3,11,22,
11,24,25,
19,26,27,
17,27,26,23,18,
20,28,24,29,
13,23,33,35,
11,26,35,
33,17,28,23,18,29,
28,29,30,32,
33,32,37,
21,32,31,30,28,
33,17,28,23,18,29,
17,18,11,36,
36,38,
32,37,43,
44,40,45,
17,30,36,40,18,
21,18,40,17,39,36,31,
21,31,47,45,39,38,
Future links sets, 
2,1,
22,4,3,
22,8,5,4,
5,7,8,31,9,
18,7,6,17,9,
30,19,10,12,25,14,16,
25,24,19,11,
23,12,25,14,30,19,16,
16,10,12,13,14,
12,25,14,19,24,
23,18,27,17,
30,31,43,32,37,
29,28,27,26,
36,18,17,
15,
20,
27,
48,47,34,38,43,42,
48,47,34,38,43,42,
29,33,28,
35,27,26,
49,48,41,
31,
42,38,36,34,
32,35,30,
32,28,
37,34,33,
34,33,
42,35,38,39,41,
42,39,38,35,
47,41,39,
49,48,41,
41,45,40,39,
42,40,38,36,

37,36,
47,44,48,43,
45,40,
49,44,
49,48,
48,47,46,


45,
46,
49,46,

49,


Coordinates,
0.0391407,4.40828,
0.154861,4.43887,
0.0987622,4.19063,
0.8898,4.4489,
0.370503,3.82863,
1.68179,4.26324,
0.485028,2.92671,
1.68022,3.99014,
2.30899,4.56992,
1.43476,3.62996,
3.512,4.77219,
0.72427,1.97719,
2.46937,3.67404,
3.77488,4.94814,
2.97162,3.95897,
3.02762,3.82196,
3.46178,4.20537,
3.88733,4.61574,
3.89686,4.62136,
2.26478,2.98866,
3.1253,3.83647,
0.0119222,0.70195,
0.333281,1.01928,
3.75794,4.37676,
1.64925,2.21198,
2.0741,2.49801,
3.3078,3.69648,
3.58725,3.80481,
2.57679,2.46005,
2.85315,2.73337,
1.71263,1.58421,
1.11854,0.900613,
2.24776,1.76967,
3.63125,2.88087,
4.88134,3.95237,
3.2574,2.27137,
3.84121,2.30056,
3.35714,1.79852,
4.42728,2.56963,
2.91872,1.04133,
3.64783,1.73217,
2.64326,0.625687,
4.87575,2.71228,
4.17711,1.83605,
4.5767,1.99895,
4.36033,1.74933,
4.64297,1.6971,
4.13433,1.09959,
3.94247,0.644762,
4.53657,0.675781,
