Storage option,sets
Size,150
Dimension,2
Shape,cube
Spacetime,BlackHole
Past sets, 

0,
0,
1,0,2,
0,1,
0,1,
1,0,2,
0,1,
2,4,7,0,5,1,
6,1,0,7,2,5,4,3,
3,8,2,4,7,0,5,1,6,
3,8,2,4,7,0,5,1,6,
9,10,11,0,3,8,2,4,7,5,1,6,
1,5,0,7,4,2,8,
4,7,0,5,1,
1,0,7,
1,0,7,
6,3,11,10,9,13,5,14,4,15,0,1,7,2,8,12,
14,15,16,1,0,7,4,5,13,2,8,11,3,6,10,
17,6,3,11,10,9,13,5,14,4,15,0,1,7,2,8,12,16,
19,17,6,3,11,10,9,13,5,14,4,15,0,1,7,2,8,12,16,18,
10,6,3,11,8,2,13,5,4,7,0,16,15,14,1,18,
19,17,6,3,11,10,9,13,5,14,4,15,0,1,7,2,8,12,16,18,
18,16,12,8,2,7,1,0,15,4,14,5,13,9,10,11,3,6,17,19,20,
21,22,23,0,18,16,12,8,2,7,1,15,4,14,5,13,9,10,11,3,6,17,19,20,
6,8,2,13,5,4,7,0,1,16,15,14,
20,19,17,6,3,11,10,9,13,5,14,4,15,1,7,2,8,12,16,18,0,23,22,21,24,
21,22,23,0,18,16,12,8,2,7,1,15,4,14,5,13,9,10,11,3,6,17,19,20,
6,8,2,13,5,4,7,0,1,16,15,14,
18,1,14,15,16,0,7,4,5,13,8,11,3,6,10,2,21,
24,27,21,22,23,0,18,16,12,8,2,7,1,15,4,14,5,13,9,10,11,3,6,17,19,20,26,
12,9,17,19,25,28,29,10,18,1,14,15,16,0,7,4,5,13,8,11,3,6,2,21,
26,20,19,17,6,3,11,10,9,13,5,14,4,15,7,2,8,12,16,18,0,23,22,21,27,24,1,30,
22,20,31,2,12,9,17,19,25,28,29,0,10,18,1,14,15,16,7,4,5,13,8,11,3,6,21,23,
12,9,17,25,28,29,10,18,1,14,15,16,0,7,4,5,13,8,11,3,6,2,21,
6,8,2,13,5,4,7,0,1,16,15,14,
28,6,8,25,2,13,5,4,7,0,1,16,15,14,
31,2,12,9,17,19,25,28,29,0,10,18,1,14,15,16,7,4,5,13,8,11,3,6,21,22,
25,28,32,1,26,20,19,17,6,3,11,10,9,13,5,14,4,15,7,2,8,12,16,18,0,23,22,21,27,24,30,29,
24,26,33,2,22,20,31,0,12,9,17,19,25,28,29,10,18,1,14,15,16,7,4,5,13,8,11,3,6,21,23,27,
33,2,22,20,31,0,12,9,17,19,25,28,29,10,18,1,14,15,16,7,4,5,13,8,11,3,6,21,23,27,
29,28,25,32,1,26,20,19,17,6,3,11,10,9,13,5,14,4,15,7,2,8,12,16,18,0,31,23,22,21,27,24,30,
23,20,33,37,8,31,2,12,9,17,19,25,28,29,0,10,18,1,14,15,16,7,4,5,34,13,11,3,6,21,22,
30,34,37,26,24,40,3,33,2,39,22,20,31,0,12,9,17,19,25,28,29,10,18,1,14,15,16,7,4,5,13,8,11,6,21,23,27,
18,11,3,10,21,36,2,28,6,8,25,13,5,4,7,0,1,35,16,15,14,
27,23,21,6,11,8,13,5,4,7,16,15,14,1,18,10,29,28,25,19,17,9,12,0,31,20,22,39,33,3,40,24,26,37,34,30,2,43,
10,3,11,18,36,2,28,6,8,25,13,5,4,7,0,1,35,16,15,14,
30,36,26,24,39,27,42,5,23,20,33,37,0,8,31,2,12,9,17,19,25,28,29,10,18,1,14,15,16,7,4,34,13,11,3,40,6,21,22,
43,2,30,34,37,26,24,40,3,33,39,22,20,31,0,12,9,17,19,25,28,29,10,18,1,42,14,15,16,7,4,5,13,8,11,6,21,23,27,
43,2,30,34,37,26,24,40,3,33,39,22,20,31,0,12,9,17,19,25,28,29,10,18,1,14,15,16,7,5,13,8,11,6,21,23,27,4,45,
34,35,37,8,31,2,12,9,17,19,25,28,29,0,10,18,1,14,15,16,7,36,4,5,13,11,3,6,21,22,
32,41,49,8,43,2,30,34,37,26,24,40,3,33,39,22,20,31,0,12,9,17,19,25,28,29,10,18,1,14,15,16,7,5,13,11,6,21,23,27,4,45,
3,11,36,2,28,6,8,25,13,5,4,7,0,1,35,16,15,14,
23,20,22,21,6,3,11,13,5,4,36,7,16,15,14,1,18,10,0,29,28,25,19,17,9,12,2,31,8,37,35,34,33,
38,32,43,2,30,34,37,26,24,40,3,33,39,22,20,31,0,41,12,9,17,19,25,28,29,10,18,1,14,15,16,7,4,5,13,8,11,6,21,23,27,
42,48,49,8,43,2,30,34,37,26,24,40,3,33,39,22,20,31,0,12,9,17,19,25,28,29,10,18,1,14,15,16,7,5,13,11,6,21,23,27,4,45,
45,54,11,38,32,43,0,2,30,34,37,26,24,40,3,33,39,22,20,31,41,12,9,17,19,25,28,29,10,18,1,14,15,16,7,4,5,13,8,6,21,23,27,
42,44,53,16,23,20,22,21,6,3,11,13,50,5,4,36,7,15,14,1,18,10,0,37,29,28,25,19,17,9,12,2,31,8,35,34,33,
35,45,36,47,48,7,43,2,30,34,37,26,24,40,3,33,39,22,20,31,0,12,9,17,19,25,28,29,10,18,1,42,14,15,16,4,5,13,8,11,6,21,23,27,
35,45,36,47,48,7,43,2,30,34,37,26,24,40,3,33,39,22,20,31,0,12,9,17,19,25,28,29,10,18,1,42,14,15,16,4,5,13,8,11,6,21,23,27,
42,44,46,53,16,23,20,22,21,6,3,11,13,50,5,4,36,7,15,14,1,18,10,0,37,29,28,25,19,17,9,12,2,31,8,35,34,33,
32,49,58,11,35,45,36,47,0,48,1,7,43,2,30,34,37,26,24,40,3,33,39,22,20,31,12,9,17,19,25,28,29,10,18,42,14,15,16,4,5,13,8,55,6,21,23,27,
42,49,56,9,45,54,7,11,38,32,43,0,2,30,34,37,26,24,40,3,33,39,22,20,31,41,12,17,19,25,28,29,10,18,1,14,15,16,4,51,5,13,8,6,21,23,27,
44,40,42,27,39,24,26,30,47,53,16,23,20,22,21,6,3,11,13,50,5,4,36,7,15,14,1,18,10,0,37,29,28,25,19,17,9,12,2,31,8,35,34,33,
46,63,16,44,40,42,27,39,24,26,30,47,0,53,6,23,20,22,21,3,50,11,13,5,4,36,7,15,14,1,18,10,57,37,29,28,25,19,17,9,12,2,31,8,35,34,33,
35,38,36,47,41,32,55,8,42,48,1,49,2,43,30,34,37,26,24,40,3,33,39,22,20,31,0,12,9,17,19,25,28,29,10,18,14,15,16,7,5,13,11,6,21,23,27,4,51,45,
19,29,17,9,12,14,15,16,35,1,46,0,7,4,8,5,52,28,25,2,13,36,11,3,6,10,18,44,21,34,
40,27,39,24,26,30,47,60,19,42,1,44,3,46,5,53,12,16,57,23,20,22,21,6,11,13,50,9,4,36,7,15,14,18,10,0,37,29,28,25,17,2,31,8,35,34,33,
38,41,51,61,8,32,49,58,5,11,35,45,36,47,0,48,1,7,43,2,55,30,34,37,26,24,40,3,33,39,22,20,31,12,9,17,19,25,28,29,10,18,42,14,15,16,4,13,6,59,21,23,27,
29,17,9,12,14,15,16,35,1,46,0,7,4,8,5,52,28,25,2,13,36,11,3,6,10,18,44,21,34,
38,41,51,53,61,8,32,49,58,5,11,35,45,36,47,0,48,1,7,43,2,55,30,34,37,26,24,40,3,33,39,22,20,31,12,9,17,19,25,28,29,10,18,42,14,15,16,4,13,6,59,21,23,27,
44,50,59,12,35,45,36,47,0,48,1,7,43,2,30,34,37,26,24,40,3,33,39,22,20,31,9,17,19,25,28,29,10,18,42,14,15,16,4,5,13,8,11,6,53,21,23,27,
29,17,9,12,14,15,16,35,1,46,0,7,4,8,5,52,28,25,2,13,36,11,3,6,10,18,44,21,34,
62,9,42,49,56,3,45,54,1,7,11,38,32,43,0,2,30,34,37,26,24,40,33,39,22,20,31,41,12,17,19,25,28,29,10,18,14,15,16,4,51,5,13,8,6,21,23,27,48,
45,46,43,48,63,16,44,40,42,27,39,24,26,30,47,0,53,6,23,20,22,21,3,50,11,13,5,4,36,7,15,14,1,18,10,57,37,29,28,25,19,17,9,12,2,31,8,35,34,33,
74,21,45,46,43,48,63,10,16,44,40,42,27,39,24,26,30,47,0,53,6,23,20,22,3,50,11,64,13,5,4,57,36,7,15,14,1,18,37,29,28,25,19,17,9,12,2,31,8,35,34,33,
27,23,21,6,8,13,5,51,4,16,15,14,18,10,29,28,25,19,17,12,41,31,20,22,39,33,40,24,26,37,34,30,2,0,43,32,38,11,7,1,54,45,3,56,49,42,9,62,
36,48,62,9,42,49,56,3,45,54,1,7,11,38,32,43,0,2,55,30,34,37,26,24,40,33,39,22,20,31,41,12,17,19,25,28,29,10,18,14,15,16,4,51,5,13,8,6,21,23,27,
62,9,42,49,56,3,45,54,1,7,11,38,32,43,0,2,30,34,37,26,24,40,33,39,22,20,31,41,12,17,19,25,28,29,10,18,14,15,16,4,51,5,13,8,6,21,23,27,48,
55,58,49,32,71,18,44,50,59,6,12,35,45,36,47,0,53,48,1,7,43,2,30,34,37,26,24,40,3,33,39,22,20,31,9,17,19,25,28,29,10,42,14,15,16,4,5,13,8,61,11,21,23,27,
21,18,10,6,3,11,36,13,2,25,28,52,5,8,4,7,0,46,1,35,16,15,14,
35,47,77,24,36,48,62,9,42,49,56,3,45,54,1,7,11,38,32,43,0,2,55,30,34,37,26,40,33,39,22,20,31,41,12,17,19,25,28,29,10,18,14,15,16,4,51,5,13,8,6,21,23,27,
9,29,80,21,18,10,6,35,3,11,36,7,13,2,25,28,52,5,8,4,0,46,1,16,15,44,14,
24,26,27,40,60,34,21,18,10,6,3,11,36,13,2,25,28,5,8,4,44,7,0,1,35,16,52,15,14,12,46,9,17,19,29,66,42,53,23,20,22,50,37,31,33,57,
24,27,40,60,34,21,18,10,6,3,11,36,13,2,25,28,5,8,4,44,7,0,1,35,16,52,15,14,12,46,9,17,19,29,66,42,53,23,20,22,50,37,31,33,57,
44,50,54,65,70,11,38,41,51,53,61,2,8,32,49,58,5,35,45,36,47,0,59,48,1,7,43,55,30,34,37,26,24,40,3,33,39,22,20,31,12,9,68,17,19,25,28,29,10,18,42,14,15,16,4,13,6,21,23,27,
60,75,16,74,15,21,45,46,43,48,63,4,10,44,40,42,27,39,24,26,30,47,0,53,6,23,20,22,3,50,11,64,5,13,57,36,7,14,1,18,37,29,28,25,19,17,9,12,2,31,8,67,35,34,33,
17,12,34,82,9,29,0,80,21,18,10,6,35,3,11,36,7,13,2,25,28,52,5,8,4,46,1,16,15,44,14,
63,68,51,41,38,79,20,55,58,49,32,71,12,18,44,50,59,0,6,35,45,36,47,53,48,1,7,43,2,61,30,34,37,26,24,40,3,33,39,22,31,9,17,19,25,28,29,10,42,14,15,16,4,5,13,8,11,70,21,23,27,
81,22,35,47,77,18,24,36,48,62,3,9,42,49,56,45,54,1,7,11,38,32,43,0,2,55,30,34,37,26,40,33,39,20,31,41,12,17,19,25,28,29,10,14,73,15,16,4,51,5,13,8,6,21,23,27,
27,40,57,33,31,37,50,22,20,23,53,42,18,6,34,3,11,44,13,2,69,25,28,21,52,36,5,72,8,7,0,1,4,35,16,46,15,14,12,9,17,29,10,66,19,60,
85,18,44,50,54,65,70,3,11,38,41,51,53,61,2,8,32,49,58,5,35,45,36,47,0,59,48,1,68,7,43,55,30,34,37,26,24,40,33,39,22,20,31,12,9,17,19,25,28,29,10,42,14,15,16,4,13,6,21,23,27,56,
14,44,15,16,1,46,4,8,5,52,28,25,2,13,7,36,11,3,35,6,10,18,21,80,0,29,9,82,
17,12,34,82,9,29,0,80,21,18,10,6,35,3,11,36,7,13,2,25,28,52,5,8,4,46,1,16,15,44,14,
54,56,65,70,11,38,41,51,53,61,2,8,32,49,58,5,35,45,36,47,0,59,48,1,7,43,55,30,34,37,26,24,40,3,33,39,22,20,31,12,9,68,17,19,25,28,29,10,18,42,14,15,16,4,13,6,21,23,27,
54,56,65,70,11,38,41,51,53,61,2,8,32,49,58,5,35,45,36,47,0,59,48,1,7,43,55,30,34,37,26,24,40,3,33,39,22,20,31,12,9,68,17,19,25,28,29,10,18,42,14,15,16,4,13,6,21,23,27,
17,12,34,9,46,29,0,6,21,18,10,35,82,3,11,36,7,44,13,8,87,2,25,28,52,15,5,4,80,1,16,93,14,
47,30,39,67,26,83,24,90,37,27,40,57,4,33,31,84,50,22,20,23,53,0,42,18,6,34,3,11,44,13,66,2,69,16,25,28,21,52,36,5,72,19,8,7,60,1,35,46,15,14,12,9,17,29,10,
22,31,37,19,66,69,13,17,12,34,87,8,9,46,29,0,6,21,18,10,35,72,82,3,11,36,7,44,2,25,28,52,15,5,4,80,1,16,14,
60,67,68,51,41,38,70,57,64,63,46,74,79,20,55,58,49,32,71,12,18,44,50,59,0,6,35,45,36,47,53,48,1,7,43,2,61,30,34,37,26,24,40,3,33,39,22,31,9,17,19,25,28,29,10,42,14,15,16,75,4,5,13,8,11,21,23,27,
20,22,31,37,50,19,66,69,13,17,12,34,87,8,9,46,29,0,6,21,18,10,35,72,82,3,11,36,7,44,2,25,28,52,15,5,4,80,1,16,14,
52,66,60,75,16,74,15,21,45,46,43,48,63,4,10,44,40,42,27,39,24,26,30,47,0,53,6,23,20,22,3,50,11,64,5,13,57,36,7,14,1,18,37,29,28,25,19,17,9,12,2,31,8,67,35,34,33,
14,44,46,16,1,4,35,8,5,36,52,21,28,92,25,2,7,11,3,6,10,18,13,80,0,29,9,15,82,12,
20,22,31,37,50,19,66,69,13,17,12,34,87,8,9,46,29,0,6,21,18,10,35,72,82,3,11,36,7,44,2,25,28,52,15,5,4,80,1,16,14,
97,47,30,39,67,8,26,83,24,90,31,37,27,40,57,4,63,33,84,25,50,22,20,23,53,0,42,18,6,34,3,11,44,13,72,66,7,2,69,10,16,28,21,52,36,5,19,60,1,35,46,15,14,12,9,17,29,
14,44,46,16,1,4,35,8,5,36,52,21,28,92,25,2,7,11,3,6,10,18,13,80,0,29,9,15,82,12,
54,60,65,57,64,46,74,88,21,63,68,1,51,41,38,79,12,20,55,58,49,32,71,4,18,44,50,59,0,6,35,45,36,47,53,48,7,43,2,61,30,34,37,26,24,40,3,70,33,39,22,31,9,17,19,25,28,29,10,42,14,15,16,5,13,8,75,11,23,27,
64,57,46,74,65,54,88,21,63,68,1,51,41,38,79,12,20,55,58,49,32,71,4,18,85,44,50,59,0,6,35,45,36,47,53,48,7,43,2,61,30,34,37,26,24,40,3,70,33,39,22,31,9,17,19,25,28,29,10,42,14,15,16,5,13,8,11,23,27,
97,47,30,39,67,8,26,83,24,90,31,37,27,40,57,4,63,33,84,25,50,22,20,23,53,0,42,18,6,34,3,11,44,13,72,66,7,2,69,10,16,28,21,52,36,5,19,60,1,35,46,15,14,12,9,17,29,
38,41,51,52,61,59,71,32,49,58,55,86,27,60,1,75,16,74,15,21,45,46,43,48,63,4,10,44,40,42,39,24,26,30,47,0,53,6,23,20,79,22,3,50,11,64,5,13,57,36,7,14,18,37,29,28,25,19,17,9,12,2,31,8,67,35,34,33,
64,104,97,47,30,39,67,8,26,83,24,90,31,37,27,40,57,4,63,33,84,25,50,22,20,23,53,0,42,18,6,34,3,11,44,13,72,66,7,2,69,10,16,28,21,52,36,5,19,60,1,35,46,15,14,12,9,17,29,
23,17,20,22,31,37,80,50,7,19,66,69,13,12,34,87,44,1,8,98,9,52,46,3,29,72,0,6,21,18,10,35,82,100,11,36,2,25,28,15,5,4,16,103,14,
64,67,47,30,39,63,48,43,45,74,26,83,24,90,37,27,40,57,4,33,31,84,50,22,20,23,53,0,42,18,6,34,3,11,44,13,66,2,69,16,25,28,21,52,36,5,72,19,8,7,60,1,35,46,15,14,12,9,17,29,10,
72,34,17,96,105,93,14,44,7,46,9,16,4,35,87,8,5,36,52,15,21,28,102,18,25,2,11,82,3,6,1,80,10,92,13,0,29,12,
43,48,108,110,64,3,104,97,36,47,30,39,67,6,8,69,26,83,22,24,90,29,31,37,27,40,57,4,63,2,33,84,23,25,50,20,53,0,42,18,34,11,72,44,13,66,5,7,10,16,28,21,52,19,60,1,35,46,15,14,12,9,17,
93,17,23,20,22,69,31,37,80,50,7,19,66,13,12,34,87,44,8,1,98,4,9,52,5,46,29,72,25,0,103,6,3,100,21,18,10,35,82,11,36,2,28,15,16,111,14,
9,93,17,23,20,22,69,16,31,37,80,50,103,7,19,72,66,13,12,34,87,44,8,1,98,4,52,5,46,29,82,25,0,115,6,3,100,21,18,10,35,11,36,111,2,28,15,14,96,
45,43,48,64,104,97,47,30,39,67,8,26,83,24,90,31,37,27,40,57,4,63,33,84,25,50,22,20,23,53,0,42,18,6,34,3,11,44,13,72,66,7,2,69,10,16,28,21,52,36,5,19,60,1,35,46,15,14,12,9,17,29,
64,67,47,30,39,63,48,43,45,74,26,83,24,90,37,27,40,57,4,33,31,84,50,22,20,23,53,0,42,18,6,34,3,11,44,13,66,2,69,16,25,28,21,52,36,5,72,19,8,7,60,1,35,46,15,14,12,9,17,29,10,
26,24,84,60,42,53,23,33,57,40,27,14,103,16,4,5,15,28,25,2,36,11,100,82,35,10,18,21,6,0,72,29,3,46,52,9,8,1,90,44,87,34,12,13,69,66,19,7,50,80,37,31,22,20,17,
50,72,34,96,17,69,66,37,31,22,19,98,105,93,14,44,7,46,9,16,4,35,87,8,5,36,52,15,21,28,102,18,25,2,11,82,3,6,1,80,10,92,13,0,29,12,
34,17,96,105,93,14,44,7,46,9,16,4,35,87,8,5,36,52,15,21,28,102,18,25,2,11,82,3,6,1,80,10,92,13,0,29,12,
29,17,9,12,14,15,46,35,1,60,19,5,36,52,21,28,16,10,69,2,7,66,72,13,44,11,3,34,6,18,42,0,53,23,20,22,50,25,84,33,4,57,40,27,37,31,90,24,83,26,8,67,39,30,47,97,
66,113,72,34,17,14,105,52,11,44,3,7,46,5,16,87,4,35,8,36,15,21,28,69,19,102,18,25,2,82,0,6,1,80,93,10,9,92,96,13,29,12,
12,13,92,9,10,80,1,6,0,96,2,18,69,28,21,15,36,102,8,82,35,4,87,16,93,46,7,3,44,5,52,11,105,14,17,34,25,72,19,113,66,29,123,
47,30,39,67,26,83,24,84,80,82,90,37,27,40,57,4,33,31,50,22,20,23,53,0,42,18,6,34,87,3,11,44,13,66,2,69,16,25,28,21,52,36,5,72,19,8,7,60,1,35,46,15,14,12,9,17,29,10,
43,48,108,110,64,3,104,97,36,47,30,39,67,6,8,69,26,83,22,24,90,29,31,37,27,40,57,4,63,2,33,84,23,25,50,20,53,0,42,18,34,11,72,44,13,66,5,7,10,16,28,21,52,19,60,1,35,46,15,14,12,9,17,
17,34,105,14,44,7,46,9,16,4,35,8,5,36,52,15,21,28,102,18,25,2,11,82,3,6,1,80,10,92,13,0,29,12,
72,121,80,34,17,14,105,52,11,44,3,7,46,5,16,87,4,35,8,36,15,21,28,102,18,25,2,82,0,6,1,93,10,9,92,96,13,29,12,113,
72,121,80,34,17,14,105,52,11,44,3,7,46,5,16,87,4,35,8,36,15,21,28,102,18,25,2,82,0,6,1,93,10,9,92,96,13,29,12,113,
72,127,16,96,17,34,105,93,14,44,7,46,9,4,35,87,8,5,36,52,15,21,28,102,18,25,2,11,82,3,6,80,1,10,121,92,13,0,29,12,
47,30,39,67,83,119,60,1,26,24,84,25,42,53,23,82,33,57,40,27,14,103,44,16,4,5,15,28,87,2,36,11,100,35,10,69,18,21,80,6,0,72,13,29,3,46,52,9,8,90,31,34,12,66,7,19,50,37,22,20,17,98,
20,22,31,37,50,123,29,66,19,72,25,34,17,14,11,52,44,100,3,7,46,93,113,16,87,4,35,82,105,8,5,102,36,15,21,28,69,18,2,96,0,103,6,98,1,80,10,9,92,13,12,23,120,
39,30,47,83,119,60,1,26,24,84,25,42,53,23,82,33,57,40,27,14,103,44,16,4,5,15,28,87,2,36,11,100,35,10,69,18,21,80,6,0,72,13,29,3,46,52,9,8,90,31,34,12,66,7,19,50,37,22,20,17,98,
127,16,17,34,105,44,7,46,9,4,35,87,8,5,36,52,15,21,28,102,18,25,2,11,82,3,6,80,1,10,92,13,0,29,12,14,93,
33,100,103,20,23,14,50,72,19,34,87,96,17,69,16,66,13,37,31,22,98,105,52,93,44,46,9,4,35,8,5,36,15,21,28,102,18,25,111,2,120,11,82,29,3,115,6,1,80,10,7,116,92,0,12,
37,31,22,124,12,13,92,9,10,80,98,1,6,0,96,2,18,69,28,21,15,36,82,35,4,87,93,46,7,3,44,102,5,52,11,8,105,14,17,34,25,72,19,16,113,66,29,123,121,
42,33,53,100,103,20,23,14,50,72,19,34,87,96,17,69,16,66,13,37,31,22,98,105,52,93,44,46,9,4,35,8,5,36,15,21,28,102,18,25,111,2,120,11,82,29,3,115,6,1,80,10,7,116,92,0,12,
111,14,20,22,31,37,96,50,123,132,5,29,66,7,19,72,13,25,34,93,17,11,52,44,103,100,3,46,105,113,16,87,28,4,35,82,23,8,102,36,15,21,80,69,10,18,2,120,0,6,124,98,1,9,92,12,
20,22,31,37,50,120,124,12,13,92,9,10,80,98,1,6,0,96,2,18,69,28,21,15,36,82,35,4,87,93,46,7,3,44,102,5,52,11,8,105,14,17,34,25,72,19,16,113,66,29,123,121,
128,113,130,44,87,1,72,29,127,10,17,34,16,105,96,7,14,46,9,52,93,4,35,121,8,5,36,15,21,28,18,25,2,11,82,6,3,92,80,102,13,0,129,12,
69,128,113,130,44,87,1,72,29,127,10,17,34,16,105,96,7,14,46,9,52,93,4,35,121,8,5,36,15,21,28,18,25,2,11,82,6,3,92,80,102,13,0,129,12,
31,66,19,69,128,113,130,44,87,1,72,29,127,10,17,123,34,16,105,96,7,14,46,9,52,93,4,124,35,121,8,5,36,15,21,28,18,25,2,11,82,6,3,92,80,102,13,0,129,12,
20,22,31,37,50,120,124,12,13,92,9,10,80,98,1,6,0,96,2,18,69,28,21,15,36,82,35,4,87,93,46,7,3,44,102,5,52,11,8,105,14,17,34,25,72,19,16,113,66,29,123,121,
19,66,140,0,69,128,34,130,36,141,44,87,1,72,25,29,127,80,10,17,113,16,11,96,2,7,14,46,93,9,52,4,35,82,129,121,105,8,5,102,15,21,28,18,6,3,92,13,12,
140,46,93,128,34,130,36,44,87,134,1,72,25,29,127,80,10,17,113,16,11,96,2,7,14,9,52,4,35,82,129,121,105,8,5,102,15,21,28,18,6,3,92,13,0,12,
142,36,31,66,13,72,69,16,19,128,22,7,44,87,34,1,29,82,130,21,10,17,105,52,96,123,14,46,9,93,113,4,127,18,35,124,15,8,5,28,25,2,11,6,3,92,80,102,0,129,121,12,
12,129,0,102,80,92,3,6,11,2,25,28,5,8,15,121,35,18,124,4,93,9,46,14,96,52,105,123,17,10,21,127,82,29,1,34,87,44,130,7,113,128,16,69,72,19,13,66,31,36,142,
12,92,3,6,18,28,102,5,8,15,121,129,4,105,52,9,93,46,14,2,96,11,7,113,17,10,80,21,127,82,29,25,1,44,35,141,36,130,128,16,69,0,87,34,140,13,66,72,19,144,
134,52,11,16,17,34,105,127,44,3,7,46,4,87,5,35,8,36,15,21,28,102,18,25,2,82,0,6,80,121,1,93,10,9,92,96,13,29,12,14,
Future sets, 
2,1,15,16,7,6,18,46,21,80,44,29,136,92,139,105,17,144,72,4,141,69,130,129,145,128,113,87,134,96,12,149,22,121,93,127,19,9,146,122,123,20,124,41,11,148,45,66,142,39,31,37,33,98,120,50,43,109,143,40,54,103,23,126,112,106,132,49,138,116,27,55,115,26,32,135,111,125,42,131,137,147,10,34,48,60,57,53,90,24,107,91,119,30,133,83,97,89,64,110,51,118,104,63,108,67,59,58,38,74,114,47,76,85,56,73,81,77,95,62,99,68,94,65,88,70,78,79,61,75,101,86,71,117,84,100,102,82,52,140,3,14,8,25,36,28,35,13,5,
15,16,7,6,18,46,21,80,44,29,136,92,139,105,17,144,72,4,141,69,130,129,145,128,113,87,134,96,12,149,22,121,93,127,19,9,146,122,123,20,124,41,11,148,45,66,142,39,31,37,33,98,120,50,43,109,143,40,54,103,23,126,112,106,132,49,138,116,27,55,115,26,32,135,111,125,42,131,137,147,10,34,48,60,57,53,90,24,107,91,119,30,133,83,97,89,64,110,51,118,104,63,108,67,59,58,38,74,114,47,76,85,56,73,81,77,95,62,99,68,94,65,88,70,78,79,61,75,101,86,71,117,84,100,102,82,52,140,3,14,8,25,36,28,35,13,5,
13,18,46,21,80,44,29,136,92,139,105,17,144,72,141,69,130,129,145,128,113,87,134,96,12,149,22,121,93,127,19,9,146,122,123,20,124,41,11,148,45,66,142,39,31,37,33,98,120,50,43,109,6,143,40,54,103,23,126,112,106,132,49,138,116,27,55,115,26,32,135,111,125,42,131,137,147,10,34,48,60,57,53,90,24,107,91,119,30,133,83,97,89,64,110,51,118,104,63,108,67,59,58,38,74,114,47,76,85,56,73,81,77,95,62,99,68,94,65,88,70,78,79,61,75,101,86,71,117,84,100,102,82,52,140,3,35,28,36,25,8,
52,82,102,100,84,117,71,86,101,75,61,79,78,70,88,65,94,68,99,62,95,77,81,73,56,85,76,47,114,74,38,58,59,67,108,63,104,118,51,110,64,89,97,83,133,30,119,91,107,24,90,53,57,60,48,34,10,137,131,42,125,111,135,32,26,115,55,27,116,138,49,132,106,112,126,23,103,54,40,143,109,43,50,120,98,33,37,31,39,142,66,45,148,41,124,147,20,123,122,146,19,127,93,121,22,149,96,134,87,113,128,140,145,129,130,69,141,72,144,17,105,139,12,92,136,9,29,44,80,21,46,18,11,
14,9,8,147,25,36,28,35,13,52,10,149,29,92,82,44,80,21,46,12,139,105,17,144,72,141,69,130,129,145,18,140,128,113,87,134,96,22,121,93,127,19,146,122,123,20,124,41,148,11,45,66,142,39,31,37,136,33,98,120,50,43,109,143,40,54,103,23,126,112,106,132,49,138,116,27,55,115,26,32,135,111,125,42,131,137,34,48,60,57,53,90,24,107,91,119,30,133,83,97,89,64,110,51,118,104,63,108,67,59,58,38,74,114,47,76,85,56,73,81,77,95,62,99,68,94,65,88,70,78,79,61,75,101,86,71,117,84,100,102,
14,9,8,147,25,36,28,35,13,52,10,149,29,92,82,44,80,21,46,12,139,105,17,144,72,141,69,130,129,145,18,140,128,113,87,134,96,22,121,93,127,19,146,122,123,20,124,41,148,11,45,66,142,39,31,37,136,33,98,120,50,43,109,143,40,54,103,23,126,112,106,132,49,138,116,27,55,115,26,32,135,111,125,42,131,137,34,48,60,57,53,90,24,107,91,119,30,133,83,97,89,64,110,51,118,104,63,108,67,59,58,38,74,114,47,76,85,56,73,81,77,95,62,99,68,94,65,88,70,78,79,61,75,101,86,71,117,84,100,102,
35,28,36,25,52,82,102,100,84,117,71,86,101,75,61,79,78,70,88,65,94,68,99,62,95,77,81,73,56,85,76,47,114,74,38,58,59,67,108,63,104,118,51,110,64,89,97,83,133,30,119,91,107,24,90,53,57,60,48,34,10,137,131,42,125,111,135,32,26,115,55,27,116,138,49,132,106,112,126,23,103,54,40,143,109,43,50,120,98,33,37,31,39,142,66,45,148,41,124,147,20,123,122,146,19,127,93,121,22,149,96,134,87,113,128,140,145,129,130,69,141,72,144,17,105,139,12,92,136,9,29,44,80,21,46,18,11,
16,15,14,9,8,147,25,36,28,35,13,52,10,149,29,92,82,44,80,21,46,12,139,105,17,144,72,141,69,130,129,145,18,140,128,113,87,134,96,22,121,93,127,19,146,122,123,20,124,41,148,11,45,66,142,39,31,37,136,33,98,120,50,43,109,143,40,54,103,23,126,112,106,132,49,138,116,27,55,115,26,32,135,111,125,42,131,137,34,48,60,57,53,90,24,107,91,119,30,133,83,97,89,64,110,51,118,104,63,108,67,59,58,38,74,114,47,76,85,56,73,81,77,95,62,99,68,94,65,88,70,78,79,61,75,101,86,71,117,84,100,102,
25,36,28,35,13,52,10,147,29,92,82,44,80,21,46,12,149,139,105,17,144,72,141,69,130,129,145,18,140,128,113,87,134,96,22,121,93,127,19,146,122,123,20,124,41,148,11,45,66,142,39,31,37,136,33,98,120,50,43,109,143,40,54,103,23,126,112,106,132,49,138,116,27,55,115,26,32,135,111,125,42,131,137,34,48,60,57,53,90,24,107,91,119,30,133,83,97,89,64,110,51,118,104,63,108,67,59,58,38,74,114,47,76,85,56,73,81,77,95,62,99,68,94,65,88,70,78,79,61,75,101,86,71,117,84,100,102,
92,12,139,105,17,144,72,141,69,130,129,145,140,128,113,87,134,96,149,22,121,93,127,19,146,122,123,20,147,124,41,148,45,66,142,39,31,37,136,33,98,120,50,43,109,143,40,54,103,23,126,112,106,132,49,138,116,27,55,115,26,32,135,111,125,42,131,137,34,48,60,57,53,90,24,107,91,119,30,133,83,97,89,64,110,51,118,104,63,108,67,59,58,38,74,114,47,76,85,56,73,81,77,95,62,99,68,94,65,88,70,78,79,61,75,101,86,71,117,84,100,102,82,
29,92,82,44,80,21,46,12,139,105,17,144,72,141,69,130,129,145,18,140,128,113,87,134,96,149,22,121,93,127,19,146,122,123,20,147,124,41,148,45,66,142,39,31,37,136,33,98,120,50,43,109,143,40,54,103,23,126,112,106,132,49,138,116,27,55,115,26,32,135,111,125,42,131,137,34,48,60,57,53,90,24,107,91,119,30,133,83,97,89,64,110,51,118,104,63,108,67,59,58,38,74,114,47,76,85,56,73,81,77,95,62,99,68,94,65,88,70,78,79,61,75,101,86,71,117,84,100,102,
52,29,92,82,44,80,21,46,12,139,105,17,144,72,141,69,130,129,145,18,140,128,113,87,134,96,149,22,121,93,127,19,146,122,123,20,147,124,41,148,45,66,142,39,31,37,136,33,98,120,50,43,109,143,40,54,103,23,126,112,106,132,49,138,116,27,55,115,26,32,135,111,125,42,131,137,34,48,60,57,53,90,24,107,91,119,30,133,83,97,89,64,110,51,118,104,63,108,67,59,58,38,74,114,47,76,85,56,73,81,77,95,62,99,68,94,65,88,70,78,79,61,75,101,86,71,117,84,100,102,
105,17,144,72,141,69,130,129,145,140,128,113,87,134,96,149,22,121,93,127,19,146,122,123,20,147,124,41,148,45,66,142,39,31,37,136,33,98,120,50,43,109,143,40,54,139,103,23,126,112,106,132,49,138,116,27,55,115,26,32,135,111,125,42,131,137,34,48,60,57,53,90,24,107,91,119,30,133,83,97,89,64,110,51,118,104,63,108,67,59,58,38,74,114,47,76,85,56,73,81,77,95,62,99,68,94,65,88,70,78,79,61,75,101,86,71,117,84,100,102,
35,28,36,52,25,29,92,102,105,82,44,80,21,46,17,144,72,141,69,130,129,145,18,140,128,113,87,134,96,149,22,121,93,127,19,146,122,123,20,147,124,41,148,45,66,142,39,31,37,136,33,98,120,50,43,109,143,40,54,139,103,23,126,112,106,132,49,138,116,27,55,115,26,32,135,111,125,42,131,137,34,48,60,57,53,90,24,107,91,119,30,133,83,97,89,64,110,51,118,104,63,108,67,59,58,38,74,114,47,76,85,56,73,81,77,95,62,99,68,94,65,88,70,78,79,61,75,101,86,71,117,84,100,
35,28,36,52,25,29,92,102,105,82,44,80,21,46,17,144,72,141,69,130,129,145,18,140,128,113,87,134,96,149,22,121,93,127,19,146,122,123,20,147,124,41,148,45,66,142,39,31,37,136,33,98,120,50,43,109,143,40,54,139,103,23,126,112,106,132,49,138,116,27,55,115,26,32,135,111,125,42,131,137,34,48,60,57,53,90,24,107,91,119,30,133,83,97,89,64,110,51,118,104,63,108,67,59,58,38,74,114,47,76,85,56,73,81,77,95,62,99,68,94,65,88,70,78,79,61,75,101,86,71,117,84,100,
35,28,36,52,25,29,92,102,105,82,44,80,21,46,17,144,72,141,69,130,129,145,18,140,128,113,87,134,96,149,22,121,93,127,19,146,122,123,20,147,124,41,148,45,66,142,39,31,37,136,33,98,120,50,43,109,143,40,54,139,103,23,126,112,106,132,49,138,116,27,55,115,26,32,135,111,125,42,131,137,34,48,60,57,53,90,24,107,91,119,30,133,83,97,89,64,110,51,118,104,63,108,67,59,58,38,74,114,47,76,85,56,73,81,77,95,62,99,68,94,65,88,70,78,79,61,75,101,86,71,117,84,100,
35,28,36,52,25,19,18,145,46,100,84,117,71,86,101,75,61,79,78,70,88,65,94,68,99,62,95,77,81,73,56,85,76,47,114,74,133,38,58,59,67,41,108,39,63,45,104,118,51,126,21,148,110,64,89,97,83,30,119,91,107,24,90,40,135,53,57,60,48,137,125,131,42,111,32,26,115,55,122,33,27,116,138,49,43,132,106,112,23,103,139,54,143,109,20,147,80,44,34,37,136,98,50,142,146,120,31,127,93,121,149,22,96,134,87,113,128,140,129,130,66,144,124,123,69,141,72,82,105,102,92,29,
72,141,69,130,129,145,140,128,113,87,134,96,149,121,93,127,19,122,123,20,124,144,41,148,45,66,142,39,147,31,37,136,33,98,120,50,146,43,109,143,40,54,139,103,23,126,112,106,132,49,138,116,27,55,115,26,32,135,111,22,125,42,131,137,34,48,60,57,53,90,24,107,91,119,30,133,83,97,89,64,110,51,118,104,63,108,67,59,58,38,74,114,47,76,85,56,73,81,77,95,62,99,68,94,65,88,70,78,79,61,75,101,86,71,117,84,100,
46,100,84,117,71,86,101,75,61,79,78,70,88,65,94,68,99,62,95,77,81,73,56,85,76,47,114,74,133,38,58,59,67,41,108,39,63,45,104,118,51,126,21,110,64,89,97,83,30,119,91,107,24,90,40,135,53,57,60,48,137,125,131,42,111,32,26,115,55,122,33,27,116,138,49,43,132,106,112,23,103,139,54,143,109,20,80,44,34,37,136,98,50,142,147,146,120,31,127,93,121,149,96,134,87,113,128,140,145,129,130,66,148,144,124,123,69,141,72,82,105,102,92,29,22,
123,124,144,148,66,142,147,31,37,136,98,120,50,146,20,109,143,54,139,103,23,112,106,132,43,49,138,116,27,33,122,55,115,26,32,111,22,42,131,125,137,48,60,57,53,135,40,90,24,107,91,119,30,83,97,89,64,110,126,51,118,104,45,63,39,108,41,67,59,58,38,133,74,114,47,76,85,56,73,81,77,95,62,99,68,94,65,88,70,78,79,61,75,101,86,71,117,84,100,
143,139,103,23,106,132,49,116,33,138,55,115,32,111,42,125,137,54,60,57,53,135,40,90,24,107,91,26,109,119,83,30,97,89,64,131,48,110,27,43,126,51,118,104,45,112,63,122,39,108,41,67,59,58,38,133,74,114,47,76,85,56,73,81,77,95,62,99,68,94,65,88,70,78,79,61,75,101,86,71,117,84,100,
80,44,34,135,60,42,33,37,137,136,98,143,116,138,100,111,132,115,103,139,50,53,142,147,57,146,120,31,127,93,121,149,96,134,87,113,128,140,145,129,130,66,148,144,124,123,69,141,72,82,105,102,92,84,117,71,86,101,75,61,79,48,107,78,70,88,65,27,94,68,99,32,62,95,77,39,106,54,81,73,56,85,76,109,47,114,74,133,38,58,125,59,126,67,49,41,108,55,122,63,112,45,104,118,51,43,110,131,64,89,97,30,83,119,26,91,24,90,40,29,
146,50,139,120,103,115,132,111,100,138,116,143,98,136,84,117,71,86,101,75,61,79,48,107,78,70,88,65,27,94,68,99,32,62,95,77,39,106,54,81,73,56,85,76,109,47,114,74,133,38,58,125,59,126,67,49,41,108,55,122,63,112,45,104,118,51,43,110,131,64,89,97,30,83,119,26,91,24,90,40,33,135,53,57,60,137,42,37,
132,116,138,115,111,42,137,60,57,53,135,33,40,90,24,91,26,119,83,30,97,89,64,131,110,43,51,118,104,45,112,63,122,55,108,41,49,67,126,59,125,58,38,133,74,114,47,109,76,85,56,73,81,54,106,39,77,95,62,32,99,68,94,27,65,88,70,78,107,48,79,61,75,101,86,71,117,84,
26,119,83,30,97,89,64,131,110,43,51,118,104,45,112,63,122,55,108,41,49,67,126,59,125,58,38,133,74,114,47,109,76,85,56,73,81,54,106,39,77,95,62,91,32,99,68,94,65,88,70,78,107,48,79,61,75,101,86,71,117,84,
38,82,105,102,92,44,46,80,52,34,135,68,60,70,109,83,84,119,90,39,106,64,42,131,110,51,118,104,45,112,63,33,122,55,108,67,37,126,59,125,97,133,74,86,114,71,137,48,107,40,91,88,75,101,117,81,95,78,79,61,94,99,56,62,65,76,77,89,73,85,47,136,98,54,143,116,49,138,100,111,43,132,115,103,139,50,41,53,142,58,147,57,146,120,31,127,93,121,149,96,134,87,113,128,140,145,129,130,66,148,144,124,123,69,141,72,36,
119,83,30,89,64,110,51,104,45,63,122,108,49,67,126,125,97,38,131,133,74,43,114,55,109,76,85,56,73,81,54,106,47,77,95,62,91,32,68,94,65,88,99,70,41,112,78,107,48,79,61,75,101,86,71,118,59,117,58,39,
83,84,119,90,40,30,89,64,110,51,104,45,63,122,108,49,67,126,125,97,38,131,133,74,43,114,55,109,76,85,56,73,81,54,106,47,77,95,62,91,32,68,94,65,88,99,70,41,112,78,107,48,79,61,75,101,86,71,118,59,117,58,39,
38,82,105,102,92,44,46,80,52,34,135,68,60,70,109,83,84,119,90,39,106,64,42,131,110,51,118,104,45,112,63,33,122,55,108,67,37,126,59,125,97,133,74,86,114,71,137,48,107,40,91,88,75,101,117,81,95,78,79,61,94,99,56,62,65,76,77,89,73,85,47,136,98,54,143,116,49,138,100,111,43,132,115,103,139,50,41,53,142,58,147,57,146,120,31,127,93,121,149,96,134,87,113,128,140,145,129,130,66,148,144,124,123,69,141,72,36,
92,102,105,82,38,72,141,69,123,124,144,148,66,130,129,145,140,128,113,87,134,96,149,121,93,127,31,120,146,57,147,58,142,53,41,50,139,103,115,132,43,111,100,138,49,116,143,54,98,136,47,85,73,89,77,76,65,62,56,99,94,61,79,78,95,81,117,101,75,88,91,40,107,48,137,71,114,86,74,133,97,125,59,126,37,67,108,55,122,33,63,112,45,104,118,51,110,131,42,64,106,39,90,119,84,83,109,70,60,68,135,34,
64,110,104,63,108,67,125,97,131,122,133,43,114,38,109,76,89,85,56,73,81,54,106,77,95,62,91,68,94,65,88,99,70,41,112,78,107,51,79,61,32,126,55,48,45,75,101,86,49,74,71,118,47,59,117,58,
146,147,142,41,50,139,120,103,115,132,111,100,138,116,143,98,136,85,73,89,77,76,65,62,56,99,94,61,79,78,95,81,117,101,75,88,91,40,107,48,71,47,114,54,86,74,133,97,58,125,59,126,67,49,108,55,122,63,112,45,104,118,51,43,110,131,64,106,39,90,119,84,83,109,42,70,137,60,57,53,68,135,33,37,
79,61,51,107,41,88,65,68,91,95,78,94,77,54,81,70,73,56,106,89,76,99,109,62,38,85,
135,53,57,60,137,42,83,84,119,90,39,64,110,51,104,45,63,122,108,49,67,126,125,97,131,133,74,43,86,54,114,55,71,48,107,91,88,75,118,59,112,101,58,117,81,95,78,70,79,61,94,109,99,40,56,62,65,76,77,106,47,89,73,85,68,
127,93,121,149,96,134,87,113,128,140,145,129,130,43,75,64,86,110,104,112,71,91,70,109,68,85,65,94,79,99,117,58,95,61,118,59,108,126,67,125,97,131,107,48,63,122,81,89,74,133,88,106,47,73,114,55,77,57,90,83,84,119,60,62,76,78,137,101,42,54,45,49,51,56,50,139,120,103,115,132,135,111,100,138,116,143,53,66,148,144,124,146,147,142,123,98,136,69,141,72,
89,81,65,59,61,68,58,70,94,95,53,52,50,80,46,44,123,91,85,121,149,96,92,134,87,102,105,127,93,82,113,128,140,145,66,129,130,72,79,71,141,69,148,138,116,100,137,115,132,111,139,60,143,64,136,57,135,98,120,103,142,63,147,146,67,124,144,84,74,133,108,131,117,114,110,107,106,99,118,122,101,125,126,97,83,112,104,75,109,119,90,86,88,
77,53,52,50,65,70,68,94,58,95,61,59,81,89,47,80,46,44,123,91,85,121,149,96,92,134,87,102,105,127,93,82,113,128,140,145,66,129,130,72,79,71,141,69,148,138,116,100,137,115,132,111,139,60,143,64,136,57,135,98,120,103,142,63,147,146,67,124,144,84,74,133,108,131,117,114,110,107,106,99,118,122,101,125,126,97,83,112,104,75,109,119,90,86,88,
136,98,53,143,116,138,100,111,135,132,115,103,120,139,50,56,51,49,45,54,42,101,137,78,76,62,60,119,84,83,90,57,77,55,114,73,47,106,88,133,74,89,81,122,63,48,107,131,97,125,67,126,108,59,118,61,95,58,117,99,79,94,65,85,68,109,70,91,71,112,104,110,86,64,75,43,
109,88,68,95,78,94,77,81,70,107,73,56,106,89,76,54,91,99,62,85,65,
64,110,104,63,108,67,125,97,131,122,133,43,86,54,126,114,71,48,91,45,88,75,118,112,101,58,49,74,117,81,59,95,78,107,70,79,61,51,94,109,99,56,62,65,76,77,106,89,55,73,85,68,47,
90,119,84,83,64,110,104,63,108,67,125,97,131,122,133,43,86,54,126,114,71,48,91,45,88,75,118,112,101,58,49,74,117,81,59,95,78,107,70,79,61,51,94,109,99,56,62,65,76,77,106,89,55,73,85,68,47,
56,51,70,88,65,99,76,77,54,89,78,81,73,109,62,85,106,95,107,91,68,94,
137,76,62,60,84,83,119,90,57,77,55,73,78,47,88,133,89,81,122,48,131,97,125,67,108,59,61,95,58,99,79,94,106,65,85,126,68,109,107,70,91,71,112,63,104,117,114,110,86,118,64,101,75,74,
54,126,114,48,45,75,112,101,86,49,74,71,118,81,59,117,58,95,78,107,70,79,61,51,88,109,99,62,65,94,76,77,106,89,55,73,91,85,56,68,
91,85,121,149,96,92,134,87,102,105,127,93,82,113,128,140,145,129,130,72,79,71,141,69,138,116,100,137,115,132,111,139,143,136,135,98,120,103,123,142,147,146,124,144,148,84,74,133,108,131,117,114,110,107,106,99,118,122,63,64,101,125,66,67,126,97,83,112,104,75,109,119,60,90,86,57,88,
75,101,86,112,74,71,118,59,117,58,49,78,107,79,61,51,109,70,99,88,65,94,76,77,106,89,55,81,73,62,91,85,56,95,68,
82,93,127,105,102,149,87,134,92,96,121,80,74,113,128,140,145,129,130,72,141,69,138,116,100,137,115,132,111,139,143,136,135,98,120,103,123,142,147,146,124,144,148,114,110,117,64,122,109,108,126,67,97,101,131,83,112,99,125,66,84,86,104,133,90,119,60,106,118,107,75,
133,89,81,122,131,97,125,67,59,61,95,58,79,94,106,85,68,107,70,91,99,88,109,71,108,63,104,117,114,110,86,118,64,101,126,112,75,74,65,
117,78,75,101,86,74,114,73,112,71,59,55,81,89,70,118,77,61,58,99,95,79,94,109,68,126,85,91,106,65,88,107,
79,61,51,70,88,65,99,76,77,89,78,55,81,73,109,62,85,106,95,107,91,68,94,
139,120,103,137,115,132,135,111,100,91,85,138,79,71,88,116,57,86,90,60,119,109,75,104,112,83,97,126,67,125,101,64,63,122,118,99,106,107,110,114,117,131,108,133,74,143,84,
70,88,99,77,65,76,89,78,81,73,109,62,85,106,95,107,91,68,94,
109,82,93,127,105,102,149,87,134,92,96,121,80,113,128,140,145,129,130,116,100,137,115,132,111,143,136,135,139,98,119,120,117,108,138,97,90,131,114,122,104,126,133,110,112,118,125,84,123,101,142,147,146,83,124,103,144,148,66,69,141,72,
137,79,71,91,85,95,94,70,88,57,86,90,60,119,109,75,104,112,83,97,126,67,125,101,64,63,122,118,99,106,107,110,114,117,131,108,133,74,84,
95,94,81,107,78,106,77,76,89,73,91,62,56,85,
81,89,77,61,95,109,79,94,106,85,68,91,99,65,88,107,70,
94,91,77,76,89,78,81,95,73,62,
90,119,109,75,112,126,67,104,101,64,118,86,99,106,107,110,114,117,125,97,131,108,122,74,83,133,84,
70,88,99,91,107,68,85,106,94,79,109,95,61,
79,109,71,94,95,106,85,107,68,91,99,88,70,
106,119,133,86,84,125,118,99,112,90,131,101,97,67,108,109,122,104,126,117,110,114,83,
109,79,94,95,106,85,107,68,91,99,88,70,
81,73,78,89,76,77,
108,104,88,117,114,110,107,106,99,86,118,64,101,126,112,75,109,74,
117,112,114,110,107,106,99,86,118,101,126,75,109,
106,95,85,107,91,94,
148,144,124,146,147,142,123,103,101,84,118,112,110,133,126,104,122,114,131,97,108,125,117,83,120,119,90,98,135,136,143,139,111,132,115,137,100,116,138,
125,118,112,101,97,131,108,86,109,99,122,104,126,117,110,114,
94,95,106,85,107,91,99,88,
144,148,141,124,146,147,142,123,103,98,135,118,112,110,133,117,126,104,122,114,131,97,119,108,125,90,136,143,139,111,132,115,120,137,100,116,138,
94,95,106,85,107,91,99,88,
99,106,88,109,107,79,
130,129,144,148,145,140,141,128,142,123,146,147,124,113,103,98,135,118,112,110,133,117,126,104,122,114,131,97,119,108,125,90,136,143,139,111,132,115,120,137,100,116,138,
89,
112,107,106,99,86,118,101,75,109,
106,86,101,109,99,

89,81,

109,107,106,88,99,
148,138,136,123,146,124,132,142,113,98,145,116,135,121,120,130,137,143,96,131,111,115,139,92,133,141,147,100,119,144,103,125,128,134,87,149,102,105,127,140,93,129,82,
89,
93,127,105,102,87,128,134,125,103,144,119,100,141,133,92,115,111,131,96,137,130,149,120,121,135,116,145,113,142,132,124,143,147,146,123,136,138,139,98,140,148,129,
125,97,131,108,122,104,126,117,133,110,114,112,118,
125,119,97,131,108,122,104,126,117,133,110,114,112,118,
107,91,
109,
134,125,103,119,100,133,115,111,131,96,130,149,120,121,135,137,116,145,113,142,132,124,143,147,128,146,123,136,138,139,141,140,148,129,144,98,
107,106,

125,119,97,131,108,122,104,126,117,133,110,114,112,118,

102,134,105,127,130,149,120,121,135,137,113,142,132,124,143,147,128,146,123,136,138,139,141,140,145,148,129,144,
134,96,130,149,120,121,135,137,116,145,113,142,132,124,143,147,128,146,123,136,138,139,141,140,148,129,144,115,


130,149,121,120,135,137,116,113,132,124,143,147,128,146,123,142,136,138,139,141,140,145,148,129,144,
122,104,117,110,114,126,108,
136,131,143,139,111,135,132,115,120,137,133,116,138,

131,119,111,135,132,115,137,133,116,138,

134,127,130,149,121,135,137,120,113,132,124,143,147,128,146,123,142,136,138,139,141,140,145,148,129,144,
131,119,111,135,132,115,137,133,116,138,
117,114,126,110,
134,127,130,149,121,135,137,120,113,132,124,143,147,128,146,123,142,136,138,139,141,140,145,148,129,144,


126,114,

126,114,
135,115,137,138,116,

124,147,146,123,143,132,136,138,139,142,128,141,140,145,148,144,129,

135,137,116,
137,135,


133,131,
139,143,132,137,138,135,
149,143,139,136,130,128,146,147,142,141,140,129,145,148,144,

142,139,138,136,147,132,143,146,124,
143,146,147,136,138,139,142,


149,130,141,146,147,142,140,145,134,148,144,
146,147,142,141,140,145,148,144,
146,147,142,141,140,145,148,144,
146,147,142,141,140,145,148,144,

138,

149,145,





145,148,144,
148,144,
147,146,

148,





Past links sets, 

0,
0,
1,2,
1,
1,
1,2,
1,
4,5,2,7,
3,7,6,5,4,
6,3,8,
6,3,8,
9,10,11,
8,
4,5,7,
7,
7,
12,13,14,15,
10,11,16,15,14,13,
16,17,
18,19,
18,
18,19,
20,
21,22,23,
6,16,15,14,13,
24,
21,22,23,
6,16,15,14,13,
21,
26,27,
25,28,19,29,
30,
22,23,31,
17,25,28,29,
6,16,15,14,13,
25,28,
22,31,
25,28,29,32,
26,27,33,
27,33,
31,32,
33,34,37,
30,40,39,34,37,
35,21,36,
43,
18,35,36,
30,42,40,39,36,
42,43,
45,
34,35,36,37,
41,49,
35,11,36,
33,37,36,35,34,
41,38,43,
48,49,
45,54,
42,44,50,53,
35,45,47,48,
35,45,47,48,
42,53,50,46,44,
32,55,58,
42,51,56,
44,47,50,53,
46,57,63,
35,55,51,47,38,
19,52,46,44,34,
47,57,60,
38,59,51,61,
34,44,46,52,
38,61,51,59,53,
50,53,44,59,
34,44,46,52,
48,62,
45,63,48,57,46,
64,74,
62,
36,55,62,
48,62,
61,71,
21,46,52,
35,47,77,
9,29,44,80,
26,66,60,40,57,
66,60,40,24,57,
44,50,70,68,65,54,
67,75,
34,82,
63,68,70,79,
73,81,
40,57,72,69,66,60,
56,85,
82,
34,82,
56,68,65,70,
56,68,65,70,
87,93,
67,83,84,90,
37,87,72,69,66,
67,75,70,79,68,
20,87,50,72,69,66,
66,67,75,
12,92,
20,87,50,72,69,66,
63,97,
12,92,
88,75,54,65,60,
64,74,85,88,
63,97,
38,86,51,79,52,
64,104,
100,23,98,103,
64,67,90,84,74,83,
96,72,102,105,
48,108,110,
93,111,
96,115,
45,48,64,104,
64,67,90,84,74,83,
26,103,100,90,84,
50,105,102,98,96,
96,102,105,
97,
66,69,113,
123,
67,90,87,84,83,
48,108,110,
34,102,105,
113,121,
113,121,
121,72,127,
67,83,98,119,
123,103,120,23,100,
47,83,98,119,
93,87,127,
33,116,120,
98,121,124,
42,53,116,120,
111,124,132,
20,120,121,124,
128,129,130,
128,69,129,130,
31,130,129,124,128,
20,120,121,124,
140,66,141,
134,140,
22,142,
142,
144,
121,134,
Future links sets, 
2,1,
7,3,4,5,6,
6,8,3,
11,10,9,
14,9,8,
14,9,8,
35,28,9,10,25,11,
16,8,9,14,15,
13,11,10,
82,12,
18,12,
18,52,12,
105,102,17,
35,18,17,28,25,
35,18,17,28,25,
35,18,17,28,25,
35,18,28,19,25,
34,19,
22,46,21,20,
66,31,22,20,
143,103,23,100,139,
80,24,29,44,27,
146,24,27,37,33,
24,27,132,33,111,
84,26,
38,34,36,31,
83,119,39,30,
39,40,30,
38,34,36,31,
82,38,34,31,
43,47,32,
41,142,37,33,
61,41,38,
135,39,40,42,53,
93,69,66,87,43,42,53,127,72,50,
65,81,59,58,53,44,46,50,52,
53,52,77,44,46,47,50,
98,43,42,53,50,
109,54,65,70,68,
47,43,
90,43,83,47,84,
54,51,
62,47,57,48,137,60,
54,48,45,
72,69,57,82,71,60,85,63,66,
117,74,49,59,56,58,
74,72,60,64,80,69,66,
133,67,58,63,81,59,65,
126,78,74,55,58,117,73,114,59,
55,51,
120,103,100,57,85,63,60,71,
62,109,65,70,68,
109,66,72,69,80,
57,137,71,60,70,63,
85,106,56,
77,65,61,
95,94,91,62,
90,84,64,74,67,83,
61,
71,70,68,
67,83,106,84,90,
79,70,68,
77,76,78,73,
108,64,74,104,88,
117,75,110,118,107,112,
106,94,95,85,
103,144,100,83,98,84,123,101,90,
131,125,118,112,101,86,97,99,
85,95,99,88,94,
141,123,90,100,98,103,
85,95,99,88,94,
79,
130,113,90,100,98,103,
89,
118,112,107,75,
99,106,101,86,

81,

109,99,88,
82,
89,
93,92,87,
133,131,97,112,118,125,
125,112,118,97,119,
107,91,
109,
134,96,98,125,103,100,
107,106,

125,112,118,97,119,

105,102,
134,115,96,


120,121,116,113,
122,108,104,
136,131,120,111,133,

132,119,111,

127,121,120,113,
132,119,111,
117,110,
127,121,120,113,


126,114,

126,114,
138,115,

129,128,123,

116,
137,135,


133,131,
143,132,137,135,139,
149,143,139,128,129,130,136,

132,124,
143,136,138,139,142,


134,130,
142,141,140,
142,141,140,
142,141,140,

138,

149,145,





145,144,
144,
147,146,

148,





Coordinates,
0.152961,1.96314,
1.00739,1.93575,
0.162843,1.90024,
0.194487,1.8233,
1.04157,1.88237,
0.988612,1.87904,
0.601585,1.85205,
1.26048,1.88595,
0.867704,1.85251,
0.13437,1.78572,
0.416248,1.78669,
0.464791,1.79082,
0.210056,1.72853,
1.21859,1.82101,
1.44335,1.82368,
1.66302,1.8405,
1.79299,1.84334,
0.408084,1.66546,
0.920074,1.70992,
0.291294,1.58692,
0.268498,1.53356,
1.0444,1.67304,
0.384726,1.52188,
0.258899,1.48805,
0.14734,1.40915,
1.48271,1.68442,
0.18145,1.3901,
0.230372,1.39577,
1.55826,1.6884,
1.15861,1.61911,
0.252443,1.34545,
0.690372,1.42388,
0.00753984,1.16404,
0.527551,1.34394,
1.04161,1.48311,
1.898,1.65927,
1.70939,1.62171,
0.7464,1.37097,
0.0694792,1.09702,
0.449301,1.24164,
0.504478,1.25036,
0.0989872,1.07257,
0.633075,1.25947,
0.37142,1.14176,
1.54256,1.51458,
0.346878,1.09909,
1.6559,1.52235,
0.566357,1.14165,
0.431746,1.08014,
0.241814,0.967756,
0.937577,1.26028,
0.231265,0.942337,
1.81785,1.52099,
0.780207,1.18424,
0.11731,0.86327,
0.293081,0.904157,
0.080488,0.77605,
0.780093,1.0853,
0.360476,0.859236,
0.407029,0.884889,
0.822509,1.08483,
0.339054,0.829844,
0.025711,0.602242,
0.655656,0.971971,
0.657006,0.940241,
0.233201,0.683129,
1.22561,1.19528,
0.736629,0.969116,
0.321457,0.716264,
1.26724,1.1877,
0.33625,0.70068,
0.442056,0.765479,
1.33803,1.20804,
0.0558645,0.488224,
0.556943,0.813841,
0.554731,0.794939,
0.0023121,0.410212,
0.0736094,0.456819,
0.0269144,0.419538,
0.423144,0.691186,
1.97082,1.39335,
0.0904873,0.369001,
1.74574,1.27672,
0.883317,0.859487,
0.908389,0.859515,
0.288469,0.445003,
0.5761,0.631266,
1.60052,1.17016,
0.358339,0.452106,
0.0935441,0.220022,
0.946173,0.816537,
0.258002,0.286077,
1.85135,1.20624,
1.69219,1.12503,
0.182585,0.131724,
0.21176,0.132438,
1.65467,1.07836,
0.922893,0.658856,
1.35866,0.915217,
0.445041,0.260519,
1.28488,0.856398,
0.665194,0.433686,
1.81143,1.1166,
1.26216,0.825966,
0.893014,0.572513,
1.83354,1.10585,
0.348305,0.117396,
0.328184,0.0429772,
0.90879,0.532239,
0.508318,0.136718,
0.874204,0.431645,
1.28328,0.715605,
0.760901,0.264514,
1.67458,0.87825,
0.874713,0.326471,
1.30814,0.646316,
1.31144,0.625344,
0.81104,0.219151,
0.772897,0.166763,
1.09214,0.436458,
1.49205,0.700412,
1.7712,0.85515,
1.00529,0.313846,
1.59863,0.73717,
1.60113,0.725728,
1.04088,0.289463,
0.842905,0.0747136,
1.94804,0.88024,
1.7472,0.684204,
1.80362,0.663984,
1.81575,0.662478,
1.06633,0.00632364,
1.45884,0.352858,
1.10265,0.0148944,
1.99474,0.713374,
1.38703,0.247486,
1.62407,0.384775,
1.34364,0.137657,
1.44046,0.203838,
1.54754,0.216515,
1.84068,0.437025,
1.81418,0.407685,
1.71002,0.312486,
1.56215,0.0682444,
1.80461,0.195155,
1.86594,0.242671,
1.70211,0.083482,
1.73219,0.0982019,
1.80694,0.150974,
1.97431,0.277149,
