Storage option,sets
Size,100
Dimension,2
Shape,cube
Spacetime,BlackHole
Past sets, 

0,

2,
0,1,2,
2,1,0,4,
5,2,1,0,4,3,
2,3,
2,3,
0,7,2,3,1,
4,8,9,2,0,7,3,1,
8,3,2,7,
2,3,8,
3,4,0,1,2,5,6,

2,14,
5,6,1,0,9,4,8,3,2,12,11,7,10,
9,10,7,11,8,13,2,3,4,0,1,12,5,6,
2,14,
14,
15,2,19,14,18,

5,6,1,0,9,4,8,3,2,12,11,7,10,
14,10,7,11,12,2,3,8,4,9,0,1,6,5,22,
21,
21,
21,
17,0,9,10,7,11,8,13,2,3,4,1,12,5,6,16,
5,6,1,0,9,4,10,7,14,3,12,2,15,8,11,

17,0,9,10,7,11,8,13,2,3,4,1,12,5,6,16,
14,21,
25,21,26,
1,0,9,4,18,14,19,2,15,20,3,12,8,11,7,10,
22,23,28,11,5,6,1,0,9,4,10,7,14,3,12,2,15,8,
29,
16,6,5,12,1,4,3,2,13,11,7,10,9,0,17,8,27,
5,6,1,0,9,4,18,14,19,2,15,20,3,12,8,11,7,10,
33,14,1,20,0,19,9,4,18,2,15,3,12,8,11,7,10,5,
18,19,20,22,28,11,5,6,1,0,9,4,10,7,14,3,12,2,15,8,
13,34,11,22,23,0,28,5,6,1,9,4,10,7,14,3,12,2,15,8,18,16,
24,14,25,32,21,26,
34,11,22,23,0,28,5,6,1,9,4,10,7,14,3,12,2,15,8,18,16,
5,33,14,1,20,0,19,9,4,18,2,15,3,12,8,11,7,10,6,
24,29,14,25,32,21,26,
15,16,13,17,23,6,14,10,7,11,12,2,3,8,4,9,0,1,5,22,
26,25,24,35,29,21,32,
31,35,24,29,14,25,32,44,21,26,41,
38,15,33,10,14,1,20,0,19,9,4,18,2,3,12,8,11,7,5,6,
25,35,29,26,21,
19,47,21,31,44,35,24,29,14,25,32,26,41,
38,15,33,10,14,1,20,0,19,9,4,18,2,3,12,8,11,7,5,21,6,
18,28,34,45,22,15,16,13,17,40,23,0,6,14,10,7,11,12,2,3,8,4,9,1,5,
19,46,47,21,31,44,35,24,29,14,25,32,26,41,
21,6,5,7,11,8,12,3,18,4,9,19,0,20,1,14,10,33,15,38,2,48,

1,0,9,4,12,18,19,15,20,31,8,21,14,2,24,3,11,7,10,
23,37,38,28,22,43,20,5,33,10,14,1,0,19,9,4,18,2,15,3,12,8,11,7,6,39,
19,46,47,21,31,44,35,24,29,14,25,32,26,41,
5,25,26,10,33,1,24,0,56,9,4,12,18,19,15,20,31,8,21,14,2,3,11,7,
46,47,21,31,44,35,24,29,14,25,32,26,41,
25,26,10,33,1,24,0,56,9,4,12,18,19,15,20,31,8,21,14,2,3,11,7,
46,41,44,32,14,24,31,26,29,25,21,35,49,47,
16,57,28,23,37,8,38,9,22,43,14,20,5,34,33,4,10,39,1,0,19,18,2,15,3,12,11,7,6,
38,5,3,25,26,10,33,4,1,24,59,0,56,9,12,18,19,15,20,31,61,2,8,21,14,11,7,
6,25,26,5,33,10,1,24,0,56,9,4,12,18,19,15,38,20,31,8,21,14,2,3,11,7,
6,38,9,64,5,3,25,26,10,33,4,1,24,59,0,56,12,18,19,15,20,31,61,2,8,21,14,11,7,
51,7,65,6,25,26,5,33,4,10,1,24,59,0,56,9,38,12,18,19,15,20,31,2,8,21,14,3,11,
51,7,65,6,25,26,64,5,33,4,10,1,24,59,0,56,9,38,12,18,19,15,20,31,61,2,8,21,14,3,11,
48,61,5,51,20,7,38,65,3,6,25,56,26,33,2,4,10,1,24,59,67,0,31,9,12,18,19,15,8,21,14,11,
24,32,55,25,35,46,29,49,26,21,
29,55,
25,21,55,35,29,26,
32,41,48,66,68,31,51,14,7,65,6,25,26,64,5,33,4,10,1,38,24,61,59,0,56,19,9,12,18,15,20,2,8,21,3,11,67,
55,29,71,
2,50,53,19,46,29,41,24,44,32,49,14,31,26,60,62,25,58,21,35,47,
35,74,29,55,71,
23,24,31,37,28,22,39,43,54,21,6,5,7,11,8,12,3,18,4,33,9,38,19,48,0,20,1,14,10,15,2,51,
31,14,41,70,44,24,32,29,25,35,46,49,55,26,21,
41,32,29,35,44,47,50,68,31,51,14,7,65,6,25,26,64,5,33,4,10,1,38,24,61,59,0,56,19,9,12,18,15,20,2,8,21,3,11,66,
19,60,47,44,31,14,78,41,24,70,32,49,29,46,62,25,35,55,58,21,26,
50,41,32,29,35,44,47,46,53,38,9,64,5,3,25,26,10,33,4,1,24,59,0,56,12,18,19,15,20,31,61,2,8,21,14,11,7,
43,29,44,54,73,32,41,0,48,7,66,25,68,31,51,10,14,65,24,6,26,67,64,5,33,4,1,38,61,20,59,18,56,15,19,9,12,2,8,21,3,11,69,
48,41,32,29,35,44,47,50,66,68,31,51,14,7,65,6,25,26,64,5,33,4,10,1,38,24,61,59,0,56,19,9,12,18,15,20,2,8,21,3,11,67,
26,25,76,21,55,35,74,29,71,
43,29,44,54,73,32,41,0,48,7,66,25,68,31,51,10,14,65,24,6,26,67,64,5,33,4,1,38,61,20,59,18,56,15,19,9,12,2,8,21,3,11,69,
44,29,35,47,54,73,32,41,0,48,7,66,25,68,31,51,10,14,65,24,6,26,67,64,5,33,4,1,38,61,20,59,18,56,15,19,9,12,2,8,21,3,11,69,
49,46,32,24,71,29,74,55,35,72,21,76,25,26,70,
6,81,50,9,41,0,32,29,35,44,3,47,46,5,53,12,38,64,25,66,26,10,33,4,1,24,59,18,56,15,19,20,61,31,2,8,21,14,11,7,
48,46,53,79,41,32,29,35,44,1,47,4,50,7,68,25,31,51,8,14,65,6,26,64,21,5,33,10,38,24,67,61,18,59,0,56,19,9,12,15,20,2,3,11,66,
84,29,49,72,26,76,21,32,55,35,74,25,71,
14,44,49,46,32,24,71,29,74,55,35,72,21,76,25,26,70,
69,73,83,48,1,41,32,79,29,35,44,47,0,50,3,66,19,68,21,31,51,4,14,61,7,65,18,6,25,26,64,5,33,10,38,24,59,12,56,9,15,20,67,2,8,11,
14,84,87,70,49,32,46,29,24,71,74,55,21,72,35,76,25,26,
6,81,50,9,41,0,32,29,35,44,3,47,46,5,53,12,38,64,25,66,26,10,33,4,1,24,59,18,56,15,19,20,61,31,2,8,21,14,11,7,
35,82,43,29,44,54,7,73,26,32,41,0,47,48,1,66,19,25,68,21,31,51,4,10,14,61,65,18,24,6,67,20,64,5,33,38,59,12,56,9,15,2,8,3,11,69,
83,81,88,89,48,1,46,53,6,79,32,41,29,35,44,47,0,4,51,50,3,7,68,21,25,31,8,14,61,65,18,26,64,5,33,10,38,24,67,20,59,12,56,9,19,66,15,2,11,
14,70,24,46,90,84,29,49,32,21,55,26,76,25,72,35,74,71,87,
46,24,90,84,29,49,32,21,55,26,76,25,72,35,74,71,70,
48,58,67,65,51,68,79,8,6,81,38,50,7,9,41,0,32,29,35,44,1,3,46,47,4,94,5,53,10,12,64,21,25,66,26,33,24,59,18,61,56,15,19,20,31,2,88,14,11,
Future sets, 
54,48,37,96,43,52,17,99,40,16,69,10,85,42,73,83,77,34,30,89,95,36,79,67,82,23,13,66,51,94,45,88,39,38,28,22,81,65,6,59,64,5,56,61,27,86,92,33,57,63,4,68,9,1,
9,4,57,33,86,61,56,5,59,6,64,81,28,38,92,39,88,45,94,51,66,13,23,65,22,67,68,79,36,89,34,77,30,83,73,42,95,85,63,10,16,69,40,17,52,99,27,82,43,96,37,48,54,
75,18,20,15,5,3,12,8,67,10,69,56,11,64,33,92,81,22,38,59,61,9,68,54,96,37,7,66,48,43,86,27,82,23,39,13,99,40,95,36,6,65,52,17,83,16,63,4,89,30,85,42,73,77,34,57,28,79,51,94,45,88,
12,8,10,56,11,64,33,81,38,59,61,9,54,96,7,48,37,43,86,82,39,27,69,13,99,95,6,52,17,83,40,16,63,89,85,42,73,30,77,34,57,28,36,79,68,67,22,65,23,66,51,94,45,88,92,
33,61,56,5,59,6,64,81,28,38,92,39,88,45,94,51,66,13,23,65,22,67,68,79,36,89,57,34,77,30,83,73,42,95,85,63,10,16,69,40,17,52,99,27,82,86,43,96,37,48,54,
59,64,81,38,92,88,45,94,51,66,23,65,22,67,68,79,36,28,57,34,77,30,73,42,85,89,63,16,40,83,17,52,6,95,99,13,69,27,39,82,86,43,37,48,96,54,
88,94,66,65,67,68,79,28,57,34,77,30,23,42,89,63,16,40,17,52,99,22,69,45,92,27,39,86,13,36,83,37,43,95,48,82,85,96,73,54,51,
9,17,40,52,45,22,27,23,77,34,57,61,59,38,67,65,94,88,66,42,95,28,81,51,85,48,33,86,16,69,54,30,83,39,92,73,36,89,82,99,79,68,64,11,96,43,37,56,63,10,
12,10,63,56,37,43,96,64,11,68,79,99,82,89,36,73,92,39,83,30,54,69,16,86,33,48,85,51,81,28,95,42,66,88,94,65,67,38,59,61,57,34,77,23,27,22,45,52,40,17,
17,40,52,45,22,27,23,77,34,57,61,59,38,67,65,94,88,66,42,95,28,81,51,85,48,33,86,16,69,54,30,83,39,92,73,36,89,82,99,79,68,64,96,43,37,56,63,10,
56,37,43,64,68,79,99,82,89,73,92,83,54,69,86,48,85,51,81,95,66,88,94,65,67,96,38,59,61,28,57,34,77,30,23,39,16,63,27,22,45,42,36,52,40,17,33,
56,37,43,64,68,79,99,82,89,73,92,83,54,69,86,48,85,51,81,95,66,88,94,65,67,96,38,59,61,28,57,34,77,30,23,39,16,63,27,22,45,42,36,52,40,17,33,
56,37,43,64,68,79,99,82,89,73,92,83,54,69,86,48,85,51,81,95,66,88,94,65,67,96,38,59,61,28,57,34,77,30,23,39,16,63,27,22,45,42,36,52,40,17,33,
40,17,52,45,27,36,30,
97,93,91,44,41,47,60,62,78,31,23,50,75,53,58,80,19,18,15,45,88,40,83,52,95,42,85,34,77,94,51,57,33,61,59,96,38,81,67,65,28,66,48,86,43,69,54,92,63,20,73,89,82,39,99,56,79,68,64,37,
45,40,52,42,34,94,57,33,61,59,96,38,67,65,28,88,51,66,95,81,85,48,77,86,69,54,83,92,63,73,89,82,20,99,79,68,64,43,37,39,56,
45,42,27,36,63,52,30,40,
27,36,52,30,45,
42,52,94,57,33,61,59,96,38,67,65,88,51,66,95,81,85,48,77,40,86,69,54,83,92,63,73,89,82,20,99,79,68,64,43,37,39,56,
80,58,53,75,94,57,33,61,59,96,38,67,65,88,51,66,95,81,85,48,77,86,69,54,83,92,63,73,89,82,20,99,79,68,64,43,37,39,56,50,
33,61,59,96,38,67,65,94,57,88,51,66,95,81,85,48,77,86,69,54,83,92,63,73,89,82,99,79,68,64,43,37,39,56,
54,51,31,26,49,90,32,72,84,24,77,61,67,68,66,64,69,59,65,56,98,70,93,46,97,50,87,91,44,41,88,99,78,85,82,53,95,86,62,80,58,81,60,89,83,96,79,73,47,94,75,92,25,
23,45,77,52,42,34,57,63,40,39,
77,34,63,42,52,45,57,40,
77,61,67,68,66,64,69,59,65,56,98,70,93,97,87,46,91,41,99,78,85,82,53,95,86,62,80,58,81,60,89,83,96,50,79,73,44,47,94,88,75,92,
84,72,65,61,67,68,66,64,69,59,32,90,53,98,70,93,97,60,87,50,46,83,91,41,78,99,62,85,82,95,58,86,49,80,81,44,89,96,79,73,47,94,88,75,92,
84,72,65,61,67,68,66,64,69,59,32,90,53,98,70,93,97,60,87,50,46,83,91,41,78,99,62,85,82,95,58,86,49,80,81,44,89,96,79,73,47,94,88,75,92,
36,
77,34,63,42,52,57,40,39,
74,71,82,85,35,72,84,47,76,90,53,92,79,83,46,86,49,95,58,87,50,91,78,97,60,93,70,62,99,80,98,75,89,96,94,88,81,44,

78,77,61,67,68,73,85,66,64,69,82,59,65,95,86,62,80,58,81,60,83,89,96,50,47,94,88,75,79,56,92,53,99,
90,98,70,93,97,87,46,91,41,99,78,85,82,53,95,86,62,80,58,81,60,89,83,96,50,79,73,44,47,94,88,75,92,
61,59,38,96,67,65,94,88,66,95,81,51,85,48,77,86,57,69,54,83,92,63,73,89,82,99,79,68,64,43,
63,42,52,40,
84,76,72,90,92,79,83,86,95,87,91,78,50,97,46,93,70,62,60,80,98,75,89,49,96,47,94,53,99,88,81,58,

63,77,57,
65,88,94,66,81,51,85,48,95,77,86,69,54,92,73,83,96,89,82,99,79,68,67,57,63,64,
63,77,57,
52,
78,85,82,95,86,62,80,58,81,60,83,89,96,50,73,47,94,88,75,79,92,53,99,

95,57,77,82,85,63,
91,95,86,62,85,80,58,81,60,83,89,96,50,47,94,88,75,79,92,53,99,78,82,
52,
87,91,78,97,93,70,62,60,80,98,75,89,96,94,53,99,88,81,58,
95,86,62,80,58,60,89,83,96,94,81,88,75,50,79,92,53,99,
89,96,83,73,92,54,99,82,69,86,77,95,85,
70,75,80,93,97,78,62,91,98,87,90,
83,94,88,79,75,92,81,96,99,89,
77,79,68,89,67,96,83,73,99,86,92,85,82,95,69,

89,96,94,99,88,75,81,
86,77,82,95,85,
72,90,84,76,70,93,71,74,97,78,91,80,98,87,
65,59,82,69,92,64,83,81,66,89,85,94,88,96,73,79,68,99,95,86,67,61,
63,
99,80,75,
69,64,83,81,66,85,94,88,89,96,79,73,92,68,99,82,95,86,67,
80,75,
64,83,81,66,85,94,88,69,89,96,79,73,92,68,99,82,95,86,
80,75,

81,66,83,94,88,89,96,79,73,92,85,68,99,82,95,86,
79,68,89,67,96,83,73,99,86,92,85,82,95,69,
94,88,83,89,96,79,73,92,85,99,82,95,86,
89,96,83,73,92,85,99,82,95,69,86,
83,89,96,79,73,92,85,99,82,95,86,
92,82,95,85,86,
93,97,78,91,80,98,87,
76,98,87,91,84,97,90,93,74,
91,98,87,97,93,90,
92,82,95,85,86,
93,90,97,84,91,87,98,76,

91,84,98,97,90,93,87,

80,
92,96,99,89,

88,99,94,96,
95,
96,92,
97,93,98,90,


97,93,
99,96,
96,
98,97,



99,





Past links sets, 

0,

2,
1,2,
4,
3,5,
3,
3,
1,7,
8,4,9,
7,8,
8,
6,

2,14,
10,6,11,12,
10,11,12,13,
2,14,
14,
15,18,19,

10,6,11,12,
14,22,
21,
21,
21,
16,17,
6,15,10,12,11,

16,17,
14,21,
25,26,
11,12,10,20,
23,28,
29,
27,
6,20,10,12,11,
5,33,
20,22,28,
16,13,18,34,
14,24,32,
16,18,34,
6,33,
14,24,29,32,
15,16,17,23,
24,32,35,
35,31,41,44,
6,38,
26,25,35,
19,47,
6,21,38,
40,45,
19,46,47,
21,48,

10,11,24,31,20,12,
23,43,38,39,37,
19,46,47,
5,56,26,33,25,
46,47,
25,33,26,56,
46,47,49,
16,34,57,
38,59,61,
6,56,26,38,25,
6,64,
51,59,65,
51,64,65,
48,61,67,
46,49,55,
29,55,
26,25,35,55,
41,68,48,67,66,
71,
2,50,62,60,58,53,
35,74,
23,24,31,37,39,51,54,43,
31,41,44,70,
50,66,68,
60,62,58,78,
50,53,64,
73,69,43,54,44,
48,68,67,66,50,
25,26,76,
73,69,43,54,44,
47,54,69,73,
70,72,76,
66,81,
48,53,67,79,
32,72,49,84,
44,70,72,76,
69,79,73,83,
14,84,87,
66,81,
47,82,
83,88,89,
14,87,90,
70,90,
48,58,94,79,88,67,
Future links sets, 
1,
9,4,
75,3,18,4,15,
8,7,6,
10,5,
59,38,6,
51,65,43,48,37,13,28,16,66,22,
11,9,
12,11,10,
10,
56,37,16,33,22,17,28,
56,37,16,33,22,17,28,
56,37,16,33,22,17,28,
40,17,
93,44,97,31,15,18,23,41,19,
28,45,20,
45,27,42,63,30,40,
45,30,27,
42,40,20,
58,53,50,20,
56,39,37,33,
54,51,24,25,26,31,
39,23,
77,57,45,34,
41,46,56,77,44,
84,65,32,49,59,72,61,
84,65,32,49,59,72,61,
36,
39,34,
71,44,35,

78,56,77,47,
90,44,46,41,
61,59,43,38,
63,42,40,
76,46,47,72,49,

77,57,
65,48,51,57,64,
77,57,
52,
78,73,47,

85,82,77,57,
91,47,82,78,85,
52,
70,53,58,60,62,
95,62,50,60,86,53,58,
99,89,54,69,73,83,
90,70,62,
83,81,79,75,
68,77,67,

89,81,75,
86,85,82,77,
72,71,70,
65,61,59,
63,
99,80,75,
67,64,
80,75,
69,64,
80,75,

68,81,66,
68,67,
73,94,83,88,79,
99,69,89,73,83,
79,83,73,
86,85,92,82,
91,87,98,78,
74,
91,90,87,
86,85,92,82,
76,

91,87,84,

80,
92,99,89,

94,88,
95,
96,92,
93,90,


97,93,
99,96,
96,
98,97,



99,





Coordinates,
1.26737,1.98173,
1.35768,1.94252,
0.388022,2.19868,
1.38573,2.14356,
2.1867,1.89648,
1.43882,1.84361,
1.34543,1.80873,
2.11461,2.14975,
1.96804,2.1716,
2.68571,1.86625,
2.39092,1.82867,
3.06918,2.12418,
2.33498,2.18202,
0.266624,1.47389,
0.56156,2.54014,
2.34137,2.27044,
0.894833,1.41408,
0.500549,1.27066,
2.42209,2.28785,
1.58175,2.44476,
2.60592,2.28985,
0.0313126,3.08817,
1.46884,1.42974,
1.39947,1.33436,
0.71184,2.94015,
0.296403,3.17781,
0.51581,3.06568,
0.0790097,0.626543,
1.65928,1.36327,
0.00953773,3.45374,
0.579416,0.884829,
1.79821,2.62776,
0.72049,3.09872,
3.05757,1.65576,
1.34418,1.18035,
0.540625,3.31174,
0.123889,0.342594,
1.99841,1.32746,
3.00635,1.58378,
1.81182,1.24287,
1.14781,0.897955,
2.06143,2.69904,
1.3701,1.0091,
2.3047,1.35861,
1.8171,2.82619,
0.815426,0.546995,
1.41574,3.11535,
2.3773,2.71222,
2.76942,1.38113,
1.3194,3.32557,
2.95718,2.60631,
2.91826,1.36177,
0.879671,0.210569,
3.04385,2.63007,
2.64624,1.22469,
0.833061,3.95753,
3.65594,1.52202,
1.84719,0.76126,
3.0199,2.71462,
3.5511,1.44414,
2.90397,2.76982,
3.62925,1.45268,
2.8698,2.80954,
1.76959,0.572652,
3.52663,1.40232,
3.1619,1.26898,
3.3643,1.29471,
3.11749,1.20022,
3.15397,1.2003,
2.93923,1.05078,
2.28252,3.36621,
1.59916,3.98914,
2.0557,3.66211,
3.10986,0.980651,
1.84045,3.92808,
3.9006,2.7154,
1.9755,3.91678,
2.16982,0.173775,
3.34169,3.05048,
3.48827,0.897514,
3.90507,2.8964,
3.95852,1.1109,
3.0629,0.593816,
3.41059,0.804171,
2.50024,3.88897,
2.905,0.293608,
3.19211,0.496835,
3.16718,3.52478,
3.71437,0.833875,
3.50141,0.652213,
2.8096,3.92722,
3.66136,3.2751,
3.30747,0.407448,
3.54183,3.46772,
3.81776,0.667288,
3.07297,0.0156361,
3.55912,0.403017,
3.69259,3.53465,
3.3525,3.83743,
3.69709,0.142552,
