Storage option,sets
Size,50
Dimension,2
Shape,cylinder
Spacetime,black hole
Past sets, 



0,2,


1,

2,4,5,
2,4,5,
4,5,7,

2,0,3,4,
1,6,



11,
11,14,
0,3,7,8,9,4,2,5,
7,4,5,16,10,
0,3,7,8,9,4,2,5,
1,6,
0,3,8,2,9,10,5,4,7,
5,12,2,0,3,4,8,
11,17,
6,1,13,
14,11,17,
15,26,6,1,13,
10,12,21,0,3,7,8,19,9,4,2,5,
12,21,0,3,7,8,19,9,4,2,5,
11,6,1,15,14,13,
23,10,30,4,12,21,8,29,0,3,7,19,9,2,5,
14,11,28,15,1,26,6,13,
26,31,11,6,28,1,15,14,13,
18,26,31,11,6,28,1,15,14,13,
14,11,28,15,1,26,6,13,
17,11,25,
14,22,28,15,1,26,6,13,
5,7,16,
29,12,10,21,4,0,3,7,8,19,2,9,5,23,
33,18,31,26,13,11,35,6,28,15,1,14,34,
18,33,1,26,15,31,34,11,6,28,14,13,
24,32,23,10,30,4,21,12,29,8,0,3,7,19,2,9,5,
16,7,5,39,
42,18,1,35,33,26,15,31,14,34,11,28,6,13,
17,45,11,28,42,18,1,35,33,26,15,31,14,34,6,13,41,
36,22,45,11,28,42,18,38,1,35,33,26,15,31,14,34,6,13,41,
17,36,22,45,11,28,42,18,38,1,35,33,26,15,31,14,34,6,13,41,
22,25,27,36,46,17,45,26,11,28,18,42,1,35,33,14,15,34,31,6,13,41,
Future sets, 
40,24,32,19,43,30,12,21,23,29,3,
38,36,35,33,34,31,48,49,42,46,45,26,28,47,13,41,22,6,
9,29,23,21,8,12,30,43,19,3,32,24,40,
23,21,12,30,19,24,40,29,32,43,
12,10,8,19,30,24,21,20,43,9,32,23,40,29,
39,10,8,19,30,24,44,21,20,43,9,32,23,40,29,
22,13,47,26,46,42,49,48,31,41,34,33,35,36,38,45,28,
39,44,21,30,10,32,29,40,43,20,23,19,
24,21,19,23,40,30,29,43,32,
21,19,23,40,30,29,43,32,
32,43,29,40,20,23,
36,33,34,18,41,27,49,37,48,25,46,17,35,47,45,42,31,
30,24,40,29,32,43,
26,46,42,49,47,48,31,41,34,33,35,36,38,45,28,
38,36,33,34,31,35,46,18,41,48,47,49,27,45,42,
28,45,38,36,35,33,34,41,48,31,47,49,42,46,
44,39,20,
46,25,48,37,49,27,
35,46,41,48,47,49,45,42,
30,29,40,43,32,

30,29,40,43,32,
49,47,48,38,
40,43,32,
43,
49,37,
46,42,49,47,48,41,34,33,35,36,38,45,28,
49,
38,36,35,33,45,34,41,48,47,49,42,46,
40,43,32,
43,32,
34,45,41,48,47,49,42,46,35,
43,
45,41,48,47,49,42,46,
45,41,48,47,49,42,46,
41,48,47,49,46,45,
49,48,47,

48,47,
44,

48,47,49,46,
46,49,47,48,45,


48,47,49,46,
49,



Past links sets, 



0,2,


1,

2,4,5,
2,4,5,
4,5,7,

3,4,
6,



11,
11,14,
7,3,8,9,
10,16,
7,3,8,9,
6,
3,8,9,10,
8,12,
17,
13,
14,17,
15,26,
10,12,19,21,
12,19,21,
11,13,14,15,
23,29,30,
11,14,28,
28,31,
18,28,31,
11,14,28,
25,
14,22,28,
5,7,16,
23,29,
33,34,35,
18,33,34,
24,32,
39,
35,42,
17,41,45,
38,36,41,45,
17,45,41,36,38,
22,46,27,36,25,
Future links sets, 
3,
6,
9,8,3,
23,21,19,12,
12,10,9,8,
10,39,9,8,
22,13,
21,39,19,10,
23,21,24,19,
23,21,19,
29,23,20,
36,17,18,33,31,
30,29,24,
31,26,
36,18,33,38,27,31,
31,28,
39,20,
48,46,27,25,
42,35,
30,29,

30,29,
49,38,
40,32,
43,
49,37,
28,
49,
38,33,34,35,36,
40,32,
32,
35,34,
43,
42,41,
42,41,
45,41,
49,48,47,

48,47,
44,

48,47,46,
45,


48,47,46,
49,



Coordinates,
-9.31452,2.02428,
-7.06244,-1.95473,
-6.38384,2.13323,
-5.61476,1.75603,
-5.16605,2.31612,
-3.83098,2.55794,
-3.75383,-1.61231,
-3.62996,2.66934,
-3.39831,2.20511,
-3.18784,2.21789,
-3.05155,2.49418,
-2.94637,-2.87807,
-2.88068,1.00077,
-2.80966,-1.59314,
-2.66982,-2.51438,
-2.66716,-2.37538,
-2.34406,2.93759,
-2.1377,-2.94542,
-2.03373,-2.4838,
-1.9155,1.01896,
-1.77872,2.64497,
-1.75023,1.10542,
-1.66812,-0.410247,
-1.6609,1.35655,
-1.64142,0.500466,
-1.59429,-2.86332,
-1.54743,-1.18632,
-1.47988,-2.65099,
-1.36196,-1.08951,
-1.24431,0.842034,
-1.2404,0.611569,
-1.00296,-1.4071,
-0.736202,0.603128,
-0.71461,-0.885259,
-0.622562,-1.0496,
-0.511954,-1.05174,
-0.466117,-0.624796,
-0.443989,-2.91673,
-0.44231,-0.302263,
-0.431627,2.97453,
-0.424827,0.788087,
-0.279326,-0.852844,
-0.264573,-0.735488,
-0.187237,0.445362,
-0.16373,2.96889,
-0.131959,-0.673136,
0.471962,-0.625406,
0.536188,-0.207054,
0.604817,-0.220206,
0.972313,-0.405469,
