Storage option,sets
Size,75
Dimension,2
Shape,cube
Spacetime,BlackHole
Past sets, 

0,
0,


0,1,
3,
3,4,
3,5,0,1,4,
1,0,2,
2,7,8,1,3,5,0,4,
0,2,
1,0,2,
6,7,8,1,3,5,0,4,
4,0,5,3,1,8,7,2,10,
6,7,8,1,3,5,0,4,
0,7,3,4,6,
10,2,7,8,1,3,5,0,4,6,
10,2,7,8,1,3,5,0,4,6,

1,11,0,2,
6,4,3,7,0,16,15,8,1,5,13,
6,4,0,3,1,8,7,2,10,5,18,
4,3,6,
6,4,3,23,
3,4,5,9,1,0,2,
1,11,0,2,
2,10,21,8,6,4,3,16,7,0,13,15,1,5,
5,1,15,13,0,7,16,3,6,8,4,21,2,10,27,
9,20,1,11,0,2,12,
9,20,1,11,0,2,12,
17,2,10,18,21,8,6,4,3,16,7,0,13,15,1,5,
13,5,1,8,16,23,6,4,3,24,7,0,15,
17,28,5,1,15,13,0,7,16,3,6,8,4,21,2,10,27,
8,11,3,4,5,9,1,12,0,25,2,
14,17,13,15,16,21,22,6,4,0,3,1,8,7,2,10,5,18,
12,10,7,8,3,14,4,5,9,1,0,25,2,
29,9,20,1,12,11,0,2,26,
6,12,10,7,8,3,14,4,5,9,1,0,25,2,
30,9,20,1,12,11,0,2,29,
6,0,1,9,5,4,14,3,25,8,7,10,12,2,36,
9,35,14,17,13,15,16,21,22,6,4,0,3,1,8,31,7,2,10,5,18,
9,14,17,13,15,16,21,22,6,4,0,3,1,8,7,2,10,5,18,
12,13,14,2,25,22,0,1,9,5,4,3,6,8,7,10,18,17,
14,22,23,24,18,31,33,17,28,5,1,15,13,0,7,16,3,6,8,27,4,21,2,10,
12,14,2,25,22,0,1,9,5,4,3,6,8,7,10,18,17,
18,31,24,23,32,33,17,28,5,1,15,13,0,7,16,3,6,8,27,4,21,2,10,
23,24,31,27,28,35,14,17,13,15,16,21,22,6,4,0,3,1,8,7,2,10,33,5,18,
27,28,41,18,9,35,14,17,13,15,16,21,22,6,4,0,3,1,8,31,7,2,10,5,
18,31,24,23,32,33,17,28,5,1,15,13,0,7,16,3,6,8,27,4,21,2,10,
27,28,41,18,9,35,14,17,13,15,16,21,22,6,4,0,3,1,8,31,7,2,10,5,
47,18,23,24,31,2,27,28,35,6,14,17,13,15,44,16,21,22,4,33,0,3,1,8,7,10,5,
11,34,6,0,1,9,5,4,14,40,3,25,8,7,10,12,2,36,
43,12,13,14,2,25,22,0,1,9,5,4,3,6,8,7,10,18,17,15,
15,38,13,7,12,14,43,2,25,6,22,3,0,1,9,5,45,4,8,10,18,17,
33,50,21,27,28,41,18,9,35,6,14,17,13,15,16,22,4,0,3,1,8,31,2,7,10,5,48,
31,35,42,9,14,17,13,15,16,21,22,6,4,0,3,1,8,7,2,10,5,18,41,
54,25,15,38,9,13,7,12,14,43,2,6,22,3,0,1,5,45,4,8,10,18,17,53,
21,16,15,43,12,13,14,2,25,22,0,1,9,5,4,3,6,8,7,10,18,17,42,
18,6,11,34,0,1,9,52,5,4,14,40,3,25,2,8,7,10,12,36,38,
11,36,54,25,15,38,9,13,7,12,14,43,2,6,22,3,0,1,5,45,4,8,10,18,17,40,
36,57,54,25,15,38,9,13,7,12,14,43,2,6,22,3,0,1,5,45,4,8,10,18,17,53,40,
32,44,24,23,47,51,55,33,4,50,21,27,28,41,18,9,35,6,14,17,13,15,16,22,0,3,1,8,31,2,7,10,5,48,
31,35,58,0,21,16,15,43,14,12,41,13,42,2,25,22,1,9,5,4,3,6,8,7,10,18,17,
11,34,6,0,1,9,5,4,14,40,3,25,8,7,10,12,2,36,
12,25,56,27,31,2,35,6,42,13,9,14,17,15,16,21,22,4,0,3,1,8,7,10,5,18,41,
38,21,16,42,7,43,12,13,14,2,25,22,45,0,1,9,5,4,3,53,6,8,10,18,17,15,
27,56,5,31,2,35,6,58,0,21,16,15,43,14,12,41,13,42,25,22,1,9,63,4,3,8,7,10,18,17,
6,11,36,2,12,10,7,8,25,3,14,4,5,9,1,0,34,
33,48,28,50,43,58,7,12,41,25,56,27,31,2,35,65,6,42,13,9,14,17,15,16,21,22,4,0,3,1,8,10,5,18,
42,62,32,44,7,24,23,47,10,51,14,55,18,33,4,41,50,13,21,27,28,9,46,35,6,17,15,16,22,0,3,1,8,31,2,5,48,
33,48,28,50,65,53,45,38,67,27,56,5,42,31,2,35,6,43,58,21,0,16,15,14,12,41,4,13,25,22,1,9,63,3,8,7,10,18,17,66,
38,45,44,24,23,47,51,53,55,63,69,33,48,28,65,50,13,43,6,58,21,7,12,41,4,25,56,27,31,2,35,42,5,9,14,17,15,16,22,0,3,1,8,10,18,67,
72,38,45,44,24,23,47,51,53,0,55,2,63,10,69,16,33,48,28,65,12,50,13,43,6,58,5,21,7,41,4,25,56,3,27,31,35,42,9,14,67,17,15,22,1,8,18,32,
62,73,72,38,45,44,24,23,47,51,53,0,55,2,63,10,69,16,33,48,28,65,12,50,13,66,43,6,58,5,21,7,41,4,25,56,3,27,31,35,42,9,14,67,17,15,22,1,8,18,32,
Future sets, 
16,11,1,68,26,20,12,29,39,37,30,5,72,64,8,67,34,15,74,32,21,10,69,2,63,28,27,22,18,71,33,46,49,31,14,73,55,45,44,53,43,58,17,70,47,13,62,56,50,48,65,41,51,35,36,9,40,61,52,59,60,38,57,54,66,42,25,
26,20,12,29,39,37,30,5,64,8,67,34,15,74,32,21,10,69,63,28,27,22,18,71,33,46,49,31,14,73,55,45,44,53,43,58,17,70,47,72,13,62,56,50,48,65,41,51,35,36,68,9,40,61,52,59,60,38,57,54,66,42,25,
12,26,20,11,35,51,47,17,44,14,31,49,46,33,18,22,27,28,9,50,42,55,62,48,70,29,56,41,30,71,37,39,25,66,54,65,36,45,74,53,58,69,40,63,34,67,38,43,72,57,52,59,73,64,68,61,60,10,
25,34,65,49,55,48,46,51,33,28,47,44,67,50,31,72,41,63,56,32,73,42,35,27,58,62,74,21,43,60,53,57,61,54,66,13,69,16,70,17,45,71,18,22,23,24,38,40,64,52,15,68,59,6,7,10,14,36,8,
25,24,23,34,7,66,16,15,74,32,21,10,69,63,28,27,22,18,71,33,46,49,31,14,73,67,8,55,45,44,53,43,58,17,70,47,72,13,62,56,50,48,65,41,51,35,36,68,40,61,64,52,59,60,38,57,54,42,
8,67,34,15,74,32,21,10,69,63,28,27,22,18,71,33,46,49,31,14,73,55,45,44,53,43,58,17,70,47,72,13,62,56,50,48,65,41,51,35,36,68,40,61,64,52,59,60,38,57,54,66,42,25,
68,52,64,40,38,24,23,22,59,18,45,17,16,13,54,61,57,53,60,43,21,62,58,27,66,35,42,73,32,56,15,63,41,72,31,50,67,44,47,70,28,69,74,33,51,46,71,48,55,49,65,
16,15,32,21,10,63,28,27,22,18,71,33,46,49,31,14,67,55,45,44,53,43,58,17,70,47,72,74,62,56,69,50,48,65,41,51,73,35,36,68,40,61,64,52,59,60,38,57,54,66,13,42,
34,15,32,21,10,63,28,27,22,18,71,33,46,49,31,14,67,55,45,44,53,43,58,17,70,47,72,74,62,56,69,50,48,65,41,51,73,35,36,68,40,61,64,52,59,60,38,57,54,66,13,42,
42,50,55,62,48,70,56,41,30,37,39,25,54,65,36,45,74,53,58,29,69,40,63,34,67,38,43,72,66,57,52,59,73,64,68,71,61,60,
28,27,22,18,33,46,49,31,14,55,45,44,53,43,58,17,47,72,74,62,71,56,69,50,67,48,65,63,41,70,51,73,35,36,68,40,61,64,52,59,60,38,57,54,66,42,
52,59,68,34,29,39,20,37,64,30,60,26,
65,45,53,58,69,63,67,43,74,66,54,71,72,57,73,36,59,64,68,34,29,52,39,37,60,30,40,61,38,
54,61,57,53,60,43,21,58,27,66,35,42,73,56,63,32,41,72,50,67,44,47,70,28,74,51,69,46,71,48,55,33,49,62,31,65,
45,44,53,43,58,47,72,74,55,62,71,56,69,50,67,48,65,63,41,70,51,73,35,36,68,40,61,64,52,59,60,38,57,54,66,42,
60,54,61,57,53,21,58,27,66,35,42,73,56,63,32,41,72,50,67,44,47,70,28,74,51,69,46,71,48,55,33,49,62,31,65,
21,58,27,66,35,42,73,56,63,32,41,72,50,67,44,47,70,28,74,51,69,46,71,48,55,33,49,62,31,65,
45,54,61,57,53,60,43,58,66,42,35,31,49,72,47,70,46,69,51,74,41,63,65,48,71,67,44,50,73,56,33,62,55,
59,46,49,31,22,53,45,44,54,61,57,60,43,74,58,66,35,42,73,51,70,41,72,63,65,48,67,50,69,56,71,62,55,47,

29,39,37,30,
58,66,42,35,56,63,41,50,73,67,44,47,70,28,27,74,51,69,46,71,48,55,33,72,49,62,65,31,
45,44,54,61,57,53,60,43,58,66,42,35,73,51,70,41,63,65,48,67,50,69,56,71,62,55,74,72,47,
62,49,44,70,73,47,72,46,74,51,32,24,
32,51,74,46,47,70,72,49,73,62,44,
65,45,53,58,69,63,67,43,74,66,54,72,57,52,59,73,36,64,68,71,34,40,61,60,38,
37,
67,47,50,28,69,71,55,33,74,72,44,62,73,51,70,49,46,65,48,
50,71,55,72,44,62,73,74,51,49,69,46,33,70,47,48,
39,37,
39,
49,47,46,51,41,63,65,48,67,50,56,73,70,71,69,62,55,72,74,44,
74,46,70,49,73,62,
71,55,44,62,73,74,51,49,72,69,46,70,47,
68,64,59,52,
51,41,63,65,48,67,50,56,73,70,71,69,62,55,72,74,47,
68,40,61,64,52,59,60,

73,57,61,72,60,71,54,59,66,74,

64,52,59,60,61,
63,65,67,56,70,48,71,69,62,55,72,73,50,74,
70,66,63,56,67,65,72,71,69,58,74,73,
67,63,69,58,60,53,73,71,74,57,72,61,66,54,
70,74,62,73,72,51,
73,74,66,54,71,60,72,61,57,
70,
70,74,62,73,72,51,
71,69,62,73,55,72,74,70,

71,69,62,73,55,72,74,70,
73,62,72,74,70,
59,
73,71,74,57,72,61,66,
60,61,57,
73,62,72,74,70,
67,65,72,71,69,74,73,
61,
69,63,71,72,73,74,67,



74,70,
71,72,73,74,67,

71,69,74,73,72,
74,71,
73,74,72,71,

73,74,72,


74,73,
74,

Past links sets, 

0,
0,


1,
3,
3,4,
3,4,5,
1,2,
2,7,8,
2,
1,2,
6,7,8,
10,
6,7,8,
0,6,7,
6,10,
6,10,

1,11,
13,15,16,
18,
4,6,
23,
3,5,4,9,
1,11,
10,21,
27,
9,12,20,
9,12,20,
17,18,21,
13,15,16,24,
17,28,
8,11,12,25,
14,21,17,22,
12,14,25,
26,29,
6,12,14,25,
29,30,
6,36,
9,31,35,
9,22,17,21,14,
12,13,22,17,25,14,
14,31,24,33,22,
12,22,17,25,14,
31,32,33,
24,31,33,35,
28,41,
31,32,33,
28,41,
44,47,
34,40,
15,43,
38,43,15,45,
33,48,50,
41,42,
53,54,
42,43,
18,38,52,
11,40,54,
40,57,
32,51,55,
41,58,
34,40,
25,12,27,56,
42,45,38,53,
27,56,63,
34,6,36,
33,65,50,58,48,
46,42,62,
48,67,33,66,65,50,
38,51,69,45,67,55,53,
32,72,
62,66,73,
Future links sets, 
2,16,1,
26,5,20,9,12,
12,11,10,9,
25,8,7,6,
25,23,8,7,
25,8,
23,40,18,68,13,15,38,16,17,
16,13,15,10,
34,13,15,10,
42,25,29,30,41,
18,27,17,14,
34,26,60,20,
65,43,38,29,45,34,30,36,
43,32,21,
45,44,43,35,36,38,42,
54,53,32,21,
32,21,
45,43,33,35,31,42,
59,31,22,

30,29,
35,31,42,27,
45,35,42,43,44,
24,
44,47,32,
45,34,36,38,65,43,
37,
67,65,28,
50,48,33,
39,37,
39,
49,41,46,44,47,
73,62,49,46,
55,44,71,49,46,69,47,
68,64,52,
47,41,
68,40,

72,66,59,54,

64,61,60,52,
56,50,63,48,
70,58,66,56,
54,58,53,
51,
72,66,54,
70,
51,
71,69,55,

71,69,55,
72,62,
59,
66,72,57,
60,57,
72,62,
67,65,
61,
69,63,



74,70,
67,

71,69,
74,71,
72,71,

72,


73,
74,

Coordinates,
0.0313126,3.1619,
0.266624,3.17781,
0.0790097,2.93923,
1.26737,3.88897,
1.14781,3.55912,
0.894833,3.2751,
1.65928,3.95852,
1.35768,3.45374,
1.34418,3.3643,
0.51581,2.28785,
1.3701,3.06918,
0.123889,1.58175,
0.500549,1.86625,
2.16982,3.46772,
1.38573,2.62776,
2.28252,3.50141,
2.60592,3.69259,
2.06143,3.04385,
1.96804,2.80954,
0.00953773,0.833875,
0.388022,1.20022,
2.64624,3.41059,
1.99841,2.71462,
3.34169,3.92722,
3.3525,3.91678,
1.3194,1.84045,
0.296403,0.815426,
3.00635,3.36621,
3.07297,3.32557,
0.540625,0.76126,
0.71184,0.897955,
2.90397,2.94015,
3.62925,3.65594,
3.15397,3.05757,
1.34543,1.22469,
2.8698,2.69904,
1.59916,1.41408,
0.579416,0.342594,
1.84719,1.45268,
0.833061,0.407448,
1.79821,1.36177,
2.905,2.39092,
2.68571,2.14975,
2.1867,1.58378,
3.52663,2.8964,
2.11461,1.43882,
3.81776,3.05048,
3.48827,2.71222,
3.11749,2.34137,
3.90507,3.08817,
3.10986,2.28985,
3.54183,2.7154,
1.8171,0.980651,
2.3773,1.39947,
2.3047,1.24287,
3.30747,2.18202,
2.95718,1.80873,
2.42209,1.2003,
2.8096,1.46884,
1.9755,0.626543,
2.33498,0.879671,
2.50024,1.0091,
3.69709,2.19868,
2.91826,1.41574,
1.81182,0.293608,
3.0629,1.47389,
2.76942,1.18035,
3.0199,1.36327,
1.76959,0.0156361,
3.19211,1.38113,
3.9006,2.0557,
3.16718,0.897514,
3.5511,0.884829,
3.66136,0.72049,
3.71437,0.56156,
