Storage option,sets
Size,250
Dimension,2
Shape,cube
Spacetime,BlackHole
Past sets, 





0,2,
0,3,4,
1,
1,4,
2,4,3,0,6,
3,2,0,5,
1,
3,0,6,4,1,8,
1,11,

1,


1,16,
1,16,
1,6,4,9,5,0,2,3,10,

2,7,8,4,6,3,12,11,1,0,13,
6,7,4,8,11,0,13,15,3,16,1,18,

8,12,10,3,2,0,5,9,4,6,1,7,20,
3,2,0,5,14,
7,8,4,6,12,11,0,13,1,2,15,3,16,
17,
21,

15,17,18,16,1,19,
21,24,
2,0,5,14,
17,21,29,
10,3,2,0,5,9,4,6,14,1,20,
17,21,29,
17,19,23,6,7,4,8,11,0,13,15,3,16,1,18,
19,18,23,16,27,1,7,8,4,6,12,11,0,13,2,15,3,
14,5,0,2,33,
17,19,23,6,7,4,8,11,0,13,15,3,16,1,18,

30,

18,1,16,17,4,19,6,23,7,8,40,11,0,13,15,3,
30,41,
24,32,29,21,17,36,
7,12,8,25,9,10,3,2,0,26,5,4,35,6,14,1,20,
24,30,42,
28,31,18,1,16,17,4,19,6,23,7,8,40,11,0,13,15,3,

3,7,4,31,18,15,28,17,16,29,1,19,21,8,13,11,
4,7,34,21,17,29,16,31,18,15,28,1,19,13,11,

14,15,13,11,22,20,25,12,8,10,3,2,0,5,9,4,6,1,7,
31,2,12,27,38,3,13,0,15,44,18,1,16,17,4,19,6,23,7,37,8,40,11,
19,22,18,23,20,9,5,10,25,16,27,1,7,8,4,6,12,11,0,13,2,15,3,
42,41,43,30,45,
3,33,2,5,14,26,0,39,
34,23,6,49,40,11,13,8,21,51,3,16,0,29,7,4,17,31,18,15,28,1,19,
19,22,18,23,20,9,5,10,25,16,27,1,7,8,4,6,12,11,0,13,2,15,3,
24,21,32,30,29,42,
11,13,28,7,36,17,21,34,29,16,32,19,24,31,18,15,1,
22,18,23,20,9,5,10,25,16,27,1,7,8,4,6,12,11,0,13,2,15,3,
19,28,15,18,31,17,4,7,29,0,1,59,34,8,21,52,23,49,6,40,11,13,51,3,16,
24,32,21,36,17,30,29,42,
28,19,24,32,29,16,21,34,46,17,36,31,18,15,30,1,
42,29,17,30,32,21,24,61,
8,24,32,11,13,19,52,4,17,36,7,34,21,29,16,31,18,15,28,1,
13,11,22,7,12,8,9,10,3,2,0,5,4,35,6,14,1,20,25,

1,28,36,30,17,34,21,16,42,29,32,24,46,
10,39,0,26,14,5,2,33,3,58,
17,3,15,2,13,0,11,12,6,4,37,8,7,19,22,38,9,18,5,23,10,20,25,16,56,27,1,
22,20,5,10,25,17,3,15,2,13,0,9,38,12,19,6,18,23,16,27,1,7,37,8,4,11,
21,41,32,45,29,42,30,24,48,
41,43,30,45,50,
21,24,48,32,45,30,43,41,42,57,
43,50,53,
11,4,8,37,7,1,56,27,23,18,6,19,12,16,74,22,38,9,20,5,10,25,17,3,73,15,2,13,0,
10,39,0,26,14,1,5,2,20,3,6,33,4,9,
51,1,28,15,18,31,16,0,29,21,68,8,34,24,11,3,32,19,13,52,62,4,46,17,36,7,
51,1,28,15,18,31,16,0,29,21,68,8,34,24,11,3,32,19,13,52,62,4,17,36,7,
24,32,21,34,65,36,1,30,29,42,16,17,46,28,
61,48,24,43,30,42,29,45,32,41,21,75,
43,21,41,67,45,29,42,30,75,17,24,48,32,61,
15,18,19,32,28,65,36,1,30,46,17,34,21,16,71,42,29,24,
5,10,22,11,40,8,37,7,23,6,19,4,17,16,55,3,18,31,2,44,15,12,9,38,27,1,13,0,
24,32,36,37,2,12,1,59,0,29,7,4,17,31,18,15,44,28,19,64,6,34,8,21,52,23,49,40,11,13,51,3,16,38,27,
53,42,57,45,30,43,41,24,50,76,
61,32,85,43,30,21,41,67,45,29,42,17,75,24,48,
41,53,50,43,78,

31,66,83,24,29,42,71,16,21,34,15,86,28,18,19,32,65,36,1,30,17,46,
6,8,21,0,29,68,16,31,18,15,28,1,30,51,82,24,34,11,32,19,13,52,81,3,62,4,17,46,36,7,
43,50,53,70,
51,30,1,28,15,18,31,16,29,21,68,66,8,34,24,11,3,32,19,13,52,62,4,46,17,36,7,
14,
9,0,13,1,27,38,12,15,44,2,31,18,3,55,16,17,4,19,6,23,7,37,8,40,11,49,28,22,10,5,
17,27,56,16,25,54,7,20,10,23,5,18,9,38,22,8,63,4,6,12,11,0,13,2,1,60,15,3,19,14,
2,0,5,14,
2,0,5,14,
67,46,17,30,1,36,65,61,32,48,19,18,93,15,31,83,66,24,29,16,42,71,21,34,28,86,
20,1,14,6,35,47,8,7,12,25,9,39,10,3,2,0,26,5,33,4,
57,42,41,43,30,45,32,48,24,21,77,
48,41,43,30,45,57,42,53,76,50,24,89,

20,1,14,6,35,47,8,7,12,25,9,39,10,3,2,0,26,5,33,4,
3,33,2,5,14,26,0,39,
14,19,18,5,23,10,20,7,54,25,16,27,56,17,99,12,9,38,22,8,63,4,6,11,0,13,2,60,1,15,3,
70,53,50,43,95,
6,10,39,26,72,14,5,2,3,0,58,9,33,4,
6,10,39,26,72,14,5,2,3,0,58,9,33,4,
11,13,18,19,48,32,61,65,36,1,30,17,46,67,102,15,31,66,83,24,29,16,45,42,71,21,93,34,28,86,41,
11,20,1,14,6,35,47,8,7,12,25,9,39,10,3,2,0,26,5,33,4,
23,16,27,26,18,47,15,54,25,20,1,14,6,35,4,13,0,69,11,22,9,7,12,8,10,3,2,5,
45,41,78,91,70,53,50,30,43,95,
70,53,92,
9,10,22,36,37,44,38,27,1,59,0,29,7,4,17,31,2,18,15,28,19,5,64,6,34,8,21,52,23,49,40,11,13,51,3,16,55,12,
40,49,42,71,81,23,82,0,6,21,68,29,16,15,28,8,1,30,51,31,18,96,34,24,11,32,19,13,52,3,62,4,46,17,36,66,7,94,
70,53,92,
70,92,
42,71,81,23,82,0,6,21,68,29,16,15,28,8,1,30,51,31,18,96,34,24,11,32,19,13,52,3,62,4,46,17,36,66,7,94,
3,33,2,5,14,26,0,39,
86,94,7,66,36,17,46,15,21,0,29,24,82,23,81,52,65,6,4,122,71,42,13,16,68,28,8,1,30,51,31,18,96,34,11,32,62,3,19,
55,27,38,40,49,64,44,12,2,37,66,7,36,1,30,28,15,18,31,59,0,88,29,21,8,6,16,68,94,51,23,82,24,34,11,32,19,13,52,22,81,3,62,4,17,46,
4,6,58,3,2,5,14,26,0,39,10,33,72,

55,27,38,40,49,64,44,12,2,81,23,82,59,0,6,21,68,88,29,16,15,28,8,1,30,51,31,18,37,96,34,24,11,32,19,13,52,3,62,4,46,17,36,66,7,94,
92,106,
17,35,27,56,16,25,54,7,20,10,23,5,18,9,38,22,8,63,4,6,12,11,0,13,2,1,60,15,3,19,14,
21,73,25,56,20,79,5,10,18,31,2,44,74,15,12,38,9,27,1,13,0,98,40,11,3,55,16,17,4,19,6,23,7,37,8,49,87,28,22,
92,106,
50,106,117,120,53,92,70,121,
81,0,82,4,52,62,3,68,51,96,41,86,28,17,46,30,1,36,65,32,61,19,48,18,13,42,71,11,113,8,67,102,15,31,7,66,83,24,29,16,45,21,93,34,
41,78,91,95,43,50,53,70,110,
41,45,81,82,0,94,4,52,13,62,3,11,68,18,19,48,32,61,6,65,36,1,30,17,46,8,67,96,102,15,31,7,66,83,24,29,16,42,71,21,93,34,28,86,51,
4,62,57,84,85,41,86,28,17,46,30,1,36,65,32,61,19,48,77,18,13,42,71,11,113,67,43,102,15,90,31,7,66,83,24,29,75,16,45,21,93,34,
44,64,49,40,19,3,62,32,11,93,34,37,96,18,31,51,30,83,24,59,0,29,15,17,46,36,94,7,66,8,21,86,28,82,23,81,52,65,124,6,122,4,71,42,13,16,68,119,1,
95,43,50,110,78,117,92,53,70,120,
50,106,117,120,53,92,70,121,
26,99,14,19,3,5,23,69,10,20,7,54,25,16,27,56,35,6,17,18,9,38,22,8,63,4,130,12,11,0,13,2,60,1,15,
113,51,86,28,34,93,21,71,42,134,16,29,24,83,66,7,31,15,102,11,122,4,13,52,81,0,23,82,62,3,32,61,94,36,41,45,68,136,18,19,48,65,6,1,30,17,46,8,67,96,
106,50,110,117,120,53,92,70,95,43,121,
121,70,92,53,117,106,50,120,133,
25,8,12,7,47,9,80,2,10,39,0,26,14,1,5,20,4,33,3,35,6,
26,99,109,14,19,3,5,23,69,10,20,7,54,25,16,27,56,35,6,17,18,9,38,22,8,63,4,130,12,11,0,13,2,60,1,15,
52,34,93,21,45,16,75,29,24,83,66,7,31,90,15,1,30,86,28,57,41,84,113,62,4,17,46,85,36,65,32,61,137,19,48,77,18,13,42,71,11,8,67,43,102,
11,57,84,45,41,77,18,19,48,32,61,65,36,1,30,17,46,67,43,102,15,90,31,66,83,24,29,75,16,42,71,21,93,34,28,86,85,
90,32,61,77,48,21,50,24,53,43,41,42,57,28,45,104,16,75,46,85,67,29,30,89,17,76,84,65,36,34,
121,43,95,70,92,53,120,110,50,106,117,143,
32,78,91,95,77,48,70,41,43,30,45,57,42,105,76,21,50,53,24,89,
29,84,78,91,61,32,75,104,77,48,41,43,30,45,57,42,105,76,21,50,53,24,89,
31,44,37,73,14,19,18,5,23,10,79,20,7,54,25,16,27,56,17,40,99,12,9,38,22,8,63,4,6,11,0,13,2,60,1,74,15,3,
2,61,1,119,68,16,13,42,12,71,4,122,6,124,65,52,81,23,82,28,86,21,67,8,64,11,40,32,19,3,62,49,44,15,93,34,138,51,37,96,18,31,30,83,24,59,0,29,17,46,36,94,66,7,
20,25,32,24,98,12,55,16,3,51,13,11,40,49,23,88,29,1,38,9,44,15,37,8,36,7,10,22,27,0,59,118,31,2,4,17,18,87,28,19,34,5,64,6,21,52,
49,40,96,67,8,46,17,30,119,1,124,6,65,48,19,18,136,68,45,41,36,94,61,32,3,62,29,0,75,134,16,42,71,13,28,86,21,93,34,113,51,142,24,83,66,7,31,15,102,11,122,4,52,81,82,23,
73,25,56,20,79,98,12,55,16,3,51,13,11,40,49,23,29,1,38,9,44,74,15,37,8,36,7,10,22,27,0,59,118,31,2,4,17,18,87,28,19,34,5,64,6,21,52,
76,45,116,135,70,41,78,30,117,95,43,50,53,92,110,91,120,
29,51,34,22,28,87,49,8,37,7,23,6,19,4,2,31,10,44,73,18,5,56,27,25,21,20,79,15,74,16,12,38,9,60,1,131,13,59,0,98,40,11,3,55,17,
94,125,7,66,36,17,46,4,62,3,52,13,19,32,11,24,34,96,37,2,31,44,15,82,23,22,81,49,12,10,128,5,64,6,38,40,27,55,1,30,59,0,88,29,21,9,68,16,28,8,51,18,
84,29,67,85,78,91,61,32,17,75,104,77,48,41,43,30,45,57,42,105,76,21,50,53,24,89,
52,21,6,64,5,34,19,28,87,18,17,4,2,31,118,59,0,27,13,3,32,16,55,11,98,40,24,20,49,51,22,12,25,10,23,1,88,29,38,9,44,74,15,155,37,8,36,7,
104,116,89,24,53,50,21,76,105,42,151,32,45,78,91,95,43,30,77,48,57,70,41,
129,121,70,92,53,120,117,132,106,50,127,140,
20,25,54,15,47,18,26,14,1,27,16,23,115,6,35,63,4,13,0,11,22,9,7,12,8,69,10,3,2,5,
84,50,53,85,86,28,71,48,19,21,15,32,61,75,16,89,30,1,102,43,41,42,57,45,104,46,76,17,67,36,65,77,18,34,93,90,31,24,83,66,29,
42,94,125,7,66,36,17,46,4,62,3,52,13,19,32,11,24,34,96,37,2,31,44,15,82,23,22,81,49,71,12,128,5,64,6,38,40,27,55,119,1,30,59,0,88,29,21,9,68,16,28,8,51,18,
9,61,67,7,66,125,94,36,46,17,29,88,0,59,24,83,30,31,18,96,37,51,34,93,15,44,49,62,3,19,32,40,138,11,64,8,21,86,27,28,82,23,81,22,52,65,124,6,122,4,71,12,42,13,16,68,119,1,128,55,38,2,
89,42,57,48,116,45,110,78,91,41,70,24,53,76,105,21,50,30,43,95,
133,129,70,121,92,120,117,132,164,106,50,127,53,140,
120,91,139,110,92,53,158,76,50,45,116,135,41,70,78,117,30,95,43,
84,50,53,85,86,28,71,48,19,21,15,32,61,75,16,89,30,1,102,43,41,42,57,45,104,46,76,17,67,36,65,77,18,34,93,90,31,24,83,66,29,
36,51,52,34,29,22,28,87,49,8,37,7,23,6,19,4,2,31,10,44,73,18,64,5,56,27,25,21,20,79,15,74,16,12,38,9,60,1,131,13,59,0,98,40,11,3,55,17,
52,21,6,64,5,34,19,28,87,18,17,4,2,31,118,59,0,27,22,131,13,3,16,55,11,40,49,56,51,12,98,157,25,73,44,74,15,20,79,23,29,1,38,9,37,8,36,7,10,
110,61,42,151,21,50,105,76,53,24,29,75,163,104,45,78,32,91,95,43,89,30,77,48,116,57,70,41,152,84,
127,129,132,43,144,140,53,92,121,95,70,117,143,106,50,120,133,110,
78,133,144,43,95,41,70,150,121,92,140,53,120,139,110,50,106,117,143,
43,85,59,37,64,0,62,3,41,45,68,18,136,19,48,94,36,65,124,6,49,29,156,40,96,67,8,32,61,119,1,46,17,30,75,16,42,71,13,28,86,21,93,34,113,51,24,83,66,134,7,31,142,15,102,122,4,52,81,82,23,11,138,44,
2,12,43,85,59,37,64,0,62,3,41,45,68,18,136,19,48,94,36,65,124,6,49,29,156,40,96,67,8,32,61,119,1,46,17,30,75,16,42,71,13,28,86,21,93,34,113,51,24,83,66,134,7,31,142,15,102,122,4,52,81,82,23,11,138,44,
124,96,85,4,122,62,3,113,84,41,57,28,86,30,1,90,31,147,29,52,34,93,21,45,16,75,46,17,24,83,15,142,66,134,7,36,65,6,32,61,137,19,48,77,18,136,13,42,71,11,8,67,43,102,51,81,0,23,82,94,68,
53,50,13,4,62,113,52,85,86,28,34,93,21,71,42,65,36,61,32,48,137,19,41,104,45,84,11,77,18,57,1,148,30,76,17,46,16,75,8,67,43,102,15,90,31,7,66,83,24,147,29,
143,43,95,30,117,78,70,41,171,42,158,120,91,139,110,45,121,150,92,53,76,50,116,106,135,
50,68,13,4,3,62,113,52,85,86,28,34,93,21,71,42,65,36,61,32,48,137,19,41,104,45,84,11,77,18,57,1,148,30,17,46,16,75,8,67,43,102,15,90,31,7,66,83,24,147,29,
76,45,116,78,133,144,43,95,41,70,150,121,92,140,53,91,120,139,110,50,135,106,30,117,143,
92,95,43,117,30,50,21,105,76,78,120,91,89,53,169,24,42,57,135,48,116,45,110,70,41,
92,95,43,30,50,21,105,76,78,91,89,53,169,24,42,57,135,48,116,45,110,70,41,
76,45,116,78,133,144,43,95,41,70,150,121,92,140,53,91,120,139,110,50,135,106,30,117,143,
5,9,61,67,7,66,125,94,36,46,17,29,88,0,59,24,83,30,31,18,96,37,51,34,93,15,44,49,62,3,19,32,40,138,11,64,8,21,86,27,28,82,23,81,22,52,65,124,6,122,4,71,12,42,13,16,68,119,1,128,55,38,2,
32,24,98,12,55,16,62,3,51,13,11,40,49,23,88,29,1,38,68,9,44,15,37,8,36,7,10,22,27,0,59,118,31,2,4,17,18,87,28,19,34,5,64,6,21,52,
104,32,151,95,43,30,50,21,105,76,78,91,89,53,169,24,42,57,135,77,48,116,45,110,70,41,
89,57,43,95,30,117,78,70,41,171,42,158,120,91,139,110,45,121,92,24,53,105,76,50,116,48,135,
41,70,139,110,45,116,48,135,57,158,42,24,169,53,89,185,92,95,43,30,117,78,120,91,105,76,50,21,
13,4,62,52,11,147,29,7,66,83,24,31,90,93,34,18,77,65,36,8,67,166,48,137,19,15,28,86,57,21,50,85,113,172,53,32,61,71,42,84,46,75,16,104,45,148,89,30,1,102,43,41,17,76,
32,92,95,43,30,50,21,105,76,78,91,89,53,169,24,42,57,77,135,48,116,45,110,70,41,
52,21,6,64,5,34,19,28,87,18,17,4,2,31,118,59,0,27,13,3,32,16,55,11,98,40,24,20,49,51,22,12,25,10,23,1,88,29,38,9,44,74,15,155,37,8,36,7,
32,92,95,43,30,50,21,105,76,78,91,89,53,169,24,42,57,77,135,48,116,45,110,70,41,
186,24,53,42,158,45,169,110,48,116,57,70,41,192,105,135,76,185,92,95,43,89,30,117,78,120,91,50,139,21,
81,0,82,51,96,29,147,24,83,66,7,31,90,15,102,43,67,8,75,16,46,17,30,148,1,57,18,77,28,86,85,113,84,4,52,13,71,42,62,3,61,32,68,50,21,34,93,183,65,36,48,137,19,41,104,45,11,
48,102,168,2,38,55,128,1,49,44,15,93,34,51,18,31,83,24,30,59,0,88,29,5,64,188,61,37,96,66,125,7,9,68,67,8,94,36,46,17,62,3,19,32,40,11,138,21,86,154,27,28,82,23,81,22,52,65,124,6,122,4,71,12,42,13,16,119,
12,90,77,84,57,137,44,138,11,23,82,81,67,8,96,37,40,65,124,6,36,94,48,19,49,136,18,43,102,85,59,0,64,156,29,119,1,62,3,32,68,41,45,61,46,17,30,75,16,42,71,13,28,86,21,93,34,113,178,51,24,83,66,134,7,31,142,15,122,4,52,
85,67,84,152,75,53,24,105,17,76,50,21,151,29,42,61,110,104,163,45,78,32,91,95,161,43,30,89,77,48,116,175,57,70,41,
71,1,15,86,34,36,65,28,18,77,48,16,75,61,32,91,90,149,19,78,85,67,29,84,104,45,41,161,43,57,42,46,105,17,76,21,50,53,83,24,30,89,
5,45,48,102,2,38,55,62,3,49,44,15,93,34,51,18,31,83,24,41,168,61,37,96,66,125,7,9,68,67,8,0,59,29,88,94,36,30,46,17,19,32,40,138,11,64,21,86,154,27,28,82,23,81,22,52,65,124,6,122,4,71,12,42,13,16,119,128,1,
28,65,90,34,152,16,75,61,42,151,21,50,46,105,17,76,53,24,29,163,104,45,78,32,91,36,95,161,43,89,30,77,48,116,57,70,41,84,67,85,
70,89,30,24,83,53,50,21,76,17,105,46,42,57,43,161,48,77,18,65,36,152,34,86,28,15,1,71,16,75,45,104,61,32,91,90,149,19,78,85,67,29,202,84,41,
42,132,158,121,92,41,70,95,43,144,133,78,116,45,187,140,150,91,120,139,110,50,76,135,106,30,117,143,184,177,53,171,
37,44,59,64,119,40,49,68,94,82,17,46,75,16,45,21,34,93,52,156,29,147,31,90,1,30,124,65,6,85,96,180,62,3,122,4,113,84,41,86,57,28,24,83,142,15,66,134,7,36,32,61,137,19,48,77,18,136,13,42,71,11,8,67,43,102,51,81,0,23,
158,120,117,185,186,139,21,50,105,89,30,43,95,91,32,151,92,78,196,53,24,42,77,194,76,135,48,57,116,190,169,110,70,41,45,104,
84,90,22,125,88,38,55,27,154,44,138,11,23,82,81,4,67,8,96,37,40,65,6,124,36,94,48,19,49,136,18,68,52,179,2,61,62,3,41,12,71,64,43,102,85,59,0,156,29,45,32,119,128,1,46,17,30,75,16,42,13,28,86,21,93,34,113,178,51,24,83,66,134,7,31,142,15,122,
41,84,202,29,67,85,78,19,149,90,91,32,61,104,45,75,16,21,50,46,105,17,76,53,1,30,89,24,83,70,42,71,57,86,205,28,43,161,48,18,77,65,95,36,152,34,15,
29,75,158,61,120,117,185,186,139,21,50,105,89,30,43,95,91,32,151,92,78,196,53,24,42,77,194,76,135,48,57,116,190,169,110,70,41,163,45,104,
23,6,94,136,76,53,77,18,57,1,30,16,75,17,46,43,102,15,90,31,81,29,147,0,51,67,8,96,83,24,148,21,82,66,134,7,28,86,85,113,84,4,181,52,13,198,71,42,62,3,61,32,68,50,34,93,183,65,36,48,137,19,41,104,45,11,
106,143,182,121,191,77,21,139,70,186,41,57,116,48,171,53,24,169,110,197,45,42,158,133,192,105,194,135,76,185,92,95,43,89,30,117,78,120,150,32,91,50,
0,51,96,149,86,28,15,137,19,166,48,67,8,18,77,34,93,90,31,75,16,11,24,83,13,52,4,181,62,3,29,147,36,65,183,7,193,66,57,50,85,113,53,32,61,71,42,84,46,104,172,45,21,148,89,30,1,102,43,41,17,76,68,
23,89,6,94,136,76,53,77,18,57,1,30,16,75,17,46,43,102,15,90,31,81,29,147,0,51,67,8,96,83,24,148,21,82,66,134,7,28,86,85,113,84,4,181,52,13,198,71,42,62,3,61,32,68,50,34,93,183,65,36,48,137,19,41,104,45,11,
28,65,90,41,70,57,175,116,48,77,21,50,75,17,76,46,105,53,34,152,67,85,24,201,84,151,29,42,61,110,104,163,45,78,32,91,36,95,161,43,30,89,
28,65,90,190,41,70,57,175,116,48,77,21,50,75,135,17,76,46,105,53,34,152,67,85,24,201,84,151,29,42,61,169,110,104,163,45,78,32,91,36,95,161,43,30,89,
3,68,86,28,15,137,19,78,166,48,67,8,18,77,34,93,90,31,149,75,16,11,24,83,13,52,4,181,62,29,147,36,65,7,193,66,57,50,85,113,53,32,61,71,42,84,46,105,104,172,45,21,148,89,30,1,102,43,41,17,76,
11,29,66,83,24,149,31,90,93,34,18,77,65,36,67,166,48,78,19,15,28,86,57,21,50,85,172,53,91,32,61,71,42,84,105,46,75,16,104,45,89,30,1,102,43,41,17,76,
59,37,64,44,119,40,49,68,94,82,17,46,75,16,45,21,34,93,52,156,29,147,31,90,1,30,124,65,6,85,96,180,62,3,122,4,113,84,41,86,57,28,24,83,142,15,66,134,7,36,32,61,137,19,48,77,18,136,13,42,71,138,11,8,67,43,102,51,81,0,23,
24,48,105,127,182,171,53,177,184,78,129,70,41,144,92,121,43,95,158,42,187,132,45,133,206,57,116,140,150,91,120,139,110,50,76,135,106,89,30,176,117,143,
89,30,43,161,95,36,91,32,78,45,163,104,110,61,50,21,48,77,28,70,41,175,57,116,29,90,65,216,42,75,17,76,46,105,53,152,34,67,85,24,201,84,151,
143,117,176,30,89,106,135,76,50,110,139,120,91,150,41,70,129,158,42,187,177,206,184,127,171,53,24,140,164,105,221,48,78,182,95,144,92,121,43,132,45,133,57,116,
147,180,52,4,122,15,142,31,7,134,66,83,24,51,178,43,102,18,136,77,49,6,65,124,94,36,37,96,8,67,57,44,12,71,90,19,137,48,200,82,23,84,40,138,11,81,85,59,0,64,156,29,119,1,62,3,32,68,41,45,61,46,17,30,75,16,42,13,28,86,21,93,34,113,
23,0,81,51,102,43,67,8,138,11,71,42,13,31,90,147,52,34,93,21,45,16,75,207,30,64,124,65,6,37,96,44,1,119,59,29,156,40,49,68,94,82,46,17,85,180,62,3,122,4,113,84,41,86,57,28,24,83,142,15,66,134,7,36,32,61,137,19,48,77,18,136,
78,51,96,105,149,86,28,15,137,19,166,48,67,8,18,77,34,93,90,31,75,16,11,24,83,13,52,4,181,62,3,29,147,36,65,183,7,193,66,57,50,85,113,53,32,61,71,42,84,46,104,172,45,21,148,89,30,1,102,43,41,17,76,68,
51,78,105,149,86,28,15,137,19,166,48,67,8,18,77,34,93,90,31,75,16,11,24,83,13,52,4,181,62,3,29,147,36,65,183,7,193,66,57,50,85,113,53,32,61,71,42,84,46,104,172,45,21,148,89,30,1,102,43,41,17,76,68,
13,11,29,7,66,83,24,149,31,90,93,34,18,77,65,36,67,166,48,78,19,15,28,86,57,21,50,85,113,172,53,91,32,61,71,42,84,105,46,75,16,104,45,148,89,30,1,102,43,41,17,76,
177,182,184,143,106,140,144,187,121,132,191,21,139,70,186,41,57,116,48,171,53,24,169,110,197,45,42,158,133,192,105,135,76,185,92,95,43,89,30,117,78,120,150,91,50,
208,190,75,29,152,211,50,91,32,150,61,120,196,78,117,30,89,43,151,92,185,77,106,48,21,139,197,191,186,41,70,121,182,84,143,95,213,175,57,116,171,53,24,110,169,104,163,45,42,158,133,192,105,17,76,135,194,
127,182,185,48,105,24,171,53,177,184,78,129,70,41,144,92,121,43,95,158,42,187,191,132,45,133,206,57,116,140,150,91,120,21,139,169,110,50,76,135,106,89,30,176,117,143,
4,62,13,11,29,7,66,83,24,149,31,90,93,34,18,77,65,36,67,166,48,78,19,15,28,86,57,21,50,85,113,172,53,91,32,61,71,42,84,105,46,75,16,104,45,148,89,30,1,102,43,41,17,76,
66,15,93,34,152,36,95,65,77,18,48,161,43,28,205,86,116,57,71,42,70,61,32,91,31,90,149,29,85,78,19,202,84,67,41,151,210,163,104,45,75,16,21,50,46,105,17,76,53,83,24,1,30,89,
13,76,17,41,161,43,102,1,148,30,89,45,104,16,75,46,105,202,84,71,61,32,91,34,93,77,18,90,149,31,66,29,83,24,53,11,42,219,65,36,67,48,166,21,50,19,78,15,28,86,57,85,172,
121,191,192,197,84,85,90,208,104,45,163,41,70,110,169,190,175,116,57,48,105,50,186,117,21,139,158,42,75,67,185,61,120,32,91,29,152,211,95,30,89,161,43,151,92,17,135,76,194,78,196,171,53,201,24,77,
186,89,30,43,161,95,36,91,32,196,78,45,163,104,110,169,120,61,42,29,28,70,41,21,50,190,77,48,175,57,116,90,65,217,75,194,135,17,76,46,105,53,152,34,67,85,24,201,84,92,151,
1,110,85,67,84,41,70,175,57,116,48,77,30,89,50,21,42,75,16,43,161,151,149,90,61,65,34,152,28,204,46,105,17,76,104,45,163,53,83,201,24,29,78,32,91,36,95,
144,194,135,76,17,105,192,133,158,42,45,163,104,169,110,24,116,57,175,213,95,143,84,182,121,70,41,186,208,50,61,120,150,32,91,29,75,191,190,211,152,53,171,230,196,78,117,30,89,43,92,151,185,77,106,48,21,139,197,
76,17,41,43,102,1,30,89,148,45,104,16,75,46,105,84,42,71,61,32,91,53,172,113,85,50,62,4,90,149,31,66,7,65,36,29,232,13,83,24,11,93,34,18,77,67,48,166,21,19,78,15,28,86,57,
66,15,34,152,36,95,65,77,18,48,161,43,28,205,204,86,116,57,71,42,70,61,32,91,31,90,149,29,85,78,19,202,84,67,41,151,210,163,104,45,75,16,21,50,46,105,17,76,53,83,24,1,30,89,
85,140,186,41,197,70,121,143,182,95,213,116,57,110,238,61,120,67,194,135,144,17,76,104,45,163,133,192,169,42,158,105,208,50,150,32,91,29,75,191,190,84,211,152,53,171,230,196,78,117,30,89,43,92,24,151,185,77,106,175,48,21,139,
206,77,50,32,91,150,120,196,78,117,30,89,43,213,95,151,92,185,194,76,135,105,192,133,121,187,42,158,144,140,24,191,132,45,106,48,184,143,182,177,229,53,171,21,139,169,110,197,129,70,186,41,57,116,
77,221,197,229,143,117,176,30,89,106,135,76,50,110,169,139,21,120,32,91,150,140,158,42,187,177,206,184,24,171,53,164,223,105,48,185,186,127,78,182,95,231,144,116,57,129,70,41,92,121,43,192,133,191,132,45,
204,190,217,151,84,201,24,85,67,34,152,53,105,46,135,76,17,16,75,42,61,149,90,78,32,91,65,36,95,161,43,30,89,163,45,104,222,48,77,169,110,50,21,28,70,41,175,57,116,29,216,
177,184,140,144,187,208,190,75,29,211,50,91,32,150,61,120,196,78,117,30,89,43,151,92,185,77,106,48,21,139,197,191,186,41,70,121,182,84,143,95,213,57,116,171,53,24,110,169,104,163,45,42,158,133,192,105,76,135,194,
192,186,117,89,30,43,161,95,36,91,32,196,78,45,163,104,110,169,120,61,42,29,28,70,41,139,21,50,190,77,48,175,57,116,208,90,65,158,217,75,194,135,17,76,46,105,53,211,152,34,185,67,85,24,201,84,92,151,
90,161,85,139,21,106,77,185,92,43,89,30,117,78,196,230,171,53,152,190,191,75,29,91,32,150,120,61,50,208,186,41,197,70,121,182,211,84,143,95,213,48,175,57,116,151,24,201,110,104,163,45,169,42,158,133,192,105,144,17,76,135,67,194,
140,187,186,41,197,70,121,143,182,95,213,116,184,57,110,238,61,120,194,135,144,17,76,104,45,163,133,192,169,42,158,105,208,50,150,32,91,29,75,191,190,84,211,152,53,171,230,196,78,117,30,89,43,92,24,151,185,77,106,175,48,21,139,
77,221,197,229,143,117,176,30,89,106,194,135,76,50,110,169,139,21,120,32,91,150,140,158,42,187,177,206,184,24,171,53,105,48,185,186,127,78,182,95,231,144,116,57,129,70,41,92,121,43,192,133,191,132,45,
Future sets, 
134,198,81,82,209,125,88,215,154,27,179,224,55,12,22,9,136,128,168,23,212,37,44,220,138,49,178,119,59,156,64,122,180,124,100,159,103,126,155,115,56,173,114,162,35,94,38,165,174,47,5,123,141,108,40,167,188,153,26,203,74,145,58,214,87,146,112,25,54,130,189,101,33,160,200,73,199,72,131,111,118,60,10,69,63,99,39,225,98,157,195,109,207,80,79,20,107,6,142,
237,31,102,233,172,166,86,205,83,210,202,240,113,13,148,219,12,8,179,52,88,215,156,38,165,80,207,225,98,93,220,154,27,125,37,155,44,35,162,74,157,128,69,63,212,153,195,68,11,138,79,131,73,200,160,209,82,188,228,59,118,64,122,180,239,189,62,124,15,142,114,232,173,55,103,66,193,25,137,94,134,7,96,18,145,60,51,178,119,20,147,218,159,234,107,136,81,199,22,227,168,109,71,198,19,146,214,87,183,56,115,174,47,224,181,54,141,23,40,167,49,99,226,203,130,
179,128,55,88,154,27,125,209,100,159,103,126,155,115,56,173,114,162,35,38,165,174,47,5,123,141,22,108,167,188,153,26,203,74,145,58,87,146,112,25,54,130,189,101,33,160,73,199,72,131,111,118,60,10,69,63,99,39,98,157,195,109,168,80,79,20,107,9,
218,81,227,96,198,134,58,108,123,10,82,209,125,88,215,38,165,154,27,179,74,146,214,87,224,47,174,26,153,35,162,55,114,173,183,56,115,145,63,122,226,99,157,195,79,138,20,168,109,23,141,212,94,44,103,220,98,225,107,126,51,178,119,60,142,37,155,124,6,59,118,64,180,156,49,40,167,69,128,136,9,203,72,199,22,112,207,80,111,131,160,189,130,12,188,159,25,54,200,73,
232,137,134,198,96,227,81,218,193,8,82,209,125,88,215,38,165,154,27,52,179,74,146,214,87,224,47,174,153,35,162,55,114,173,183,56,115,145,63,122,226,99,157,68,195,79,138,147,20,168,109,23,141,212,94,44,103,220,98,225,107,126,51,178,119,60,142,37,155,124,6,59,118,64,180,156,49,40,167,69,128,136,9,203,199,22,239,112,207,80,111,131,160,189,130,12,188,159,25,181,54,200,73,
199,188,33,58,167,108,123,203,26,74,146,87,47,165,153,35,114,173,56,115,174,145,141,155,126,162,103,100,159,112,25,54,130,189,101,160,73,72,131,111,118,60,10,69,63,99,39,98,157,195,109,80,79,20,107,
126,94,142,124,180,122,64,156,59,119,178,49,138,220,44,37,212,23,20,79,168,109,195,157,225,98,99,63,69,128,155,103,136,9,203,199,22,112,207,80,40,167,60,118,111,131,160,189,130,12,188,159,107,25,54,141,73,200,145,115,56,173,114,55,162,35,153,174,47,224,87,146,74,179,27,154,165,38,215,88,125,209,
228,239,137,232,147,218,193,136,81,227,96,198,94,134,103,107,114,145,25,142,124,180,122,64,118,59,60,51,178,119,146,214,87,183,56,115,47,174,224,168,109,173,55,181,54,141,23,199,22,40,167,49,203,226,99,159,130,62,189,188,82,209,160,200,73,131,79,138,68,195,153,212,63,69,128,157,74,162,44,155,37,125,27,154,220,98,225,207,165,38,156,215,88,52,179,
193,147,218,136,81,227,96,198,94,134,142,124,180,122,64,156,59,119,51,178,207,49,130,189,12,188,82,209,160,131,79,138,68,195,153,212,69,128,225,98,157,25,155,37,74,103,162,44,63,179,215,88,107,145,27,154,125,159,226,99,203,40,167,22,199,73,200,141,23,181,54,55,114,173,109,168,224,38,165,47,174,115,183,56,214,87,146,60,118,220,
188,199,203,167,160,118,112,111,189,130,159,103,162,155,69,63,60,73,131,99,98,157,195,168,109,80,79,20,107,25,54,141,145,174,115,56,173,114,35,153,165,47,87,146,74,
160,118,111,112,126,189,130,159,103,162,155,69,63,60,73,72,131,99,98,157,195,109,80,79,20,107,25,54,141,145,174,115,56,173,114,35,153,165,47,87,146,74,
219,148,114,179,52,88,215,156,38,165,207,225,98,220,154,27,125,37,155,44,162,74,157,128,69,63,212,153,195,68,138,79,131,73,200,160,119,60,178,51,228,146,59,118,64,122,180,239,124,134,193,96,87,214,13,137,142,113,181,54,94,232,173,55,234,147,218,159,136,198,227,168,109,81,199,22,183,56,115,174,224,141,23,40,167,49,99,226,203,130,62,189,188,82,209,
179,154,38,88,107,27,145,25,125,155,103,162,74,98,157,128,69,63,153,195,79,131,73,160,209,188,189,130,159,99,203,167,22,199,200,141,54,55,114,173,109,168,224,47,165,174,115,56,87,146,60,118,
234,228,113,239,137,232,147,218,193,136,81,227,96,198,94,134,142,124,180,122,64,118,59,60,51,178,119,146,214,87,183,56,115,174,224,168,109,173,55,181,54,141,23,199,22,40,167,49,203,226,99,159,130,62,189,188,82,209,160,200,73,131,79,138,68,195,153,212,63,69,128,157,74,162,44,155,37,125,27,154,220,98,225,207,165,38,156,215,88,52,179,
101,114,107,126,39,97,80,109,115,141,112,54,165,47,108,123,146,26,103,145,58,111,72,130,33,69,35,153,99,100,
202,210,205,86,198,54,181,94,193,66,134,136,227,96,218,147,81,232,137,239,166,113,240,172,148,233,102,234,228,219,31,142,124,180,60,119,51,178,207,157,49,79,138,93,220,162,44,82,209,37,155,27,154,212,153,173,55,141,23,199,160,62,189,130,128,168,109,98,225,214,87,146,174,183,56,115,203,224,68,195,159,188,131,200,73,118,59,125,74,165,38,156,215,88,52,179,226,99,167,40,64,63,122,
204,244,149,237,122,63,64,40,167,99,226,179,52,88,215,156,38,165,74,125,59,118,73,200,131,188,159,195,68,224,203,115,56,183,174,19,146,87,214,225,98,109,168,128,130,189,62,160,228,233,148,207,172,166,137,232,173,55,81,199,102,218,96,37,155,234,147,205,202,86,239,180,83,210,94,212,153,181,113,240,134,193,66,18,136,71,198,227,219,31,142,124,60,119,51,178,157,49,79,138,220,93,162,44,141,23,82,209,27,154,
238,248,230,130,146,141,247,235,241,67,44,201,74,79,37,65,36,161,34,55,153,31,68,195,52,179,198,71,181,122,180,183,124,85,212,94,142,193,66,134,51,178,160,136,224,125,154,220,93,162,227,168,96,87,214,232,46,173,137,166,73,200,172,113,240,148,207,102,219,239,128,90,217,233,174,204,86,222,216,157,225,98,202,155,28,205,244,234,109,236,59,118,149,237,246,119,228,210,83,64,82,209,199,81,147,203,159,218,188,49,40,167,99,226,131,62,189,156,88,215,138,
202,210,205,86,198,181,94,193,66,134,136,227,96,218,147,81,232,137,239,166,113,240,172,148,233,102,234,228,219,31,142,124,180,60,119,51,178,207,157,49,79,138,93,220,162,44,82,209,37,155,154,212,153,173,55,141,23,199,160,62,189,130,128,168,109,98,225,214,87,146,174,183,56,115,203,224,68,195,159,188,131,200,73,118,59,125,74,165,38,156,215,88,52,179,226,99,167,40,64,63,122,
202,210,205,86,60,44,130,141,109,146,38,74,79,37,68,195,52,179,198,181,122,180,56,183,124,212,94,142,193,66,134,51,178,160,136,81,199,73,200,82,209,64,173,232,55,207,148,203,119,239,137,166,219,102,228,147,118,59,31,234,233,174,172,153,113,240,159,218,188,49,40,167,99,226,131,62,189,156,88,215,157,225,98,128,138,155,96,214,87,168,227,162,220,93,154,125,224,
80,109,195,79,157,99,131,73,60,63,69,155,25,54,141,145,174,115,56,173,114,35,153,47,165,107,146,74,162,103,159,130,
185,197,192,231,160,219,237,178,51,122,249,181,240,113,172,148,207,46,173,232,82,209,81,208,199,216,157,128,166,225,138,226,167,65,36,163,230,201,175,84,211,67,194,64,241,248,235,238,61,188,93,220,152,29,156,203,174,137,195,68,247,162,102,229,168,227,96,155,214,75,202,86,213,204,77,119,246,90,217,233,222,244,245,118,236,59,186,147,234,205,149,161,34,228,210,83,142,224,136,218,159,32,134,193,66,125,179,52,88,215,200,124,183,94,85,212,71,198,180,189,62,239,154,190,242,104,151,196,243,131,169,
160,199,167,203,188,209,131,73,99,79,195,153,141,54,173,168,109,165,189,130,159,56,115,174,146,87,60,118,63,69,157,98,74,162,155,125,
212,189,130,160,157,128,173,55,199,168,109,155,37,209,154,162,44,220,138,79,49,98,225,207,178,119,60,141,87,146,174,56,115,203,224,195,159,188,131,200,73,118,59,125,153,74,215,88,179,165,38,156,99,167,40,64,63,122,180,124,142,
191,197,169,185,186,81,208,199,147,234,93,220,229,102,218,227,168,233,226,167,183,124,154,188,61,136,138,224,137,166,225,200,142,214,223,96,156,215,88,212,85,221,94,239,180,209,82,179,149,236,244,89,216,222,204,77,217,90,128,246,119,245,152,211,84,230,201,194,67,241,247,62,189,248,235,32,161,190,238,151,83,210,163,231,104,162,68,195,192,65,242,196,243,125,155,48,175,205,213,86,202,75,134,66,193,71,198,219,160,105,232,203,228,172,113,240,249,122,181,178,237,148,207,46,
155,162,69,63,60,73,131,195,79,157,99,47,174,145,173,115,54,141,56,114,153,165,107,146,74,103,159,130,109,
146,123,108,47,141,112,80,126,115,114,165,107,103,145,58,111,72,
165,63,60,88,74,153,125,162,188,159,209,79,195,167,115,56,174,203,87,146,155,38,109,168,199,141,173,55,128,99,157,98,160,130,189,131,73,118,
236,217,222,216,204,244,149,237,205,83,210,86,202,219,228,234,102,233,148,172,240,113,166,239,137,232,200,246,119,207,173,64,82,209,199,81,59,118,147,203,174,159,218,188,49,167,226,131,62,189,156,88,215,157,128,98,225,138,155,214,96,168,227,162,93,220,154,125,224,136,160,178,51,134,66,193,142,94,212,124,183,180,122,181,71,198,179,52,195,68,
235,247,241,67,201,84,211,248,230,238,152,175,65,36,137,203,174,61,188,162,220,93,168,227,68,195,155,214,96,167,226,138,225,128,157,199,81,209,82,64,232,46,173,207,166,172,113,240,181,122,51,178,237,148,102,219,160,216,75,202,86,204,119,246,90,217,233,222,244,245,118,236,59,147,234,205,149,161,34,228,210,83,142,224,136,218,159,134,193,66,125,179,52,156,88,215,200,124,183,94,85,212,71,198,180,189,62,239,154,
160,128,125,187,171,158,232,105,198,71,227,237,178,148,207,236,181,240,113,212,85,215,156,214,218,247,226,200,147,234,175,48,142,229,102,136,96,223,194,67,197,192,65,94,221,66,193,134,228,244,185,116,243,199,186,191,163,104,231,225,166,77,204,233,201,152,84,211,83,210,151,239,180,205,161,93,220,202,75,169,42,219,224,241,182,154,86,213,167,138,124,242,183,168,206,188,61,238,179,184,57,89,216,245,209,248,222,235,45,172,230,217,90,149,208,119,246,137,196,190,249,122,76,203,
153,219,228,234,102,233,148,172,240,113,166,239,137,232,55,200,119,207,173,64,82,209,199,81,59,118,147,203,174,159,218,188,49,167,226,131,62,189,156,88,215,157,128,98,225,138,155,87,214,96,168,227,162,93,220,154,125,224,136,160,178,51,134,66,193,142,94,212,124,183,180,122,181,198,179,52,195,68,
162,155,190,242,163,104,151,196,243,195,68,65,189,62,161,235,247,241,194,67,201,84,211,245,248,230,238,152,175,205,210,83,213,86,75,202,71,198,219,160,232,203,228,125,172,113,240,249,122,181,134,66,193,178,237,148,207,46,119,246,128,90,217,77,204,222,216,244,236,149,179,82,209,180,239,94,85,212,88,215,156,96,214,142,200,225,166,137,224,138,136,61,188,154,124,183,167,226,233,168,227,218,102,220,93,234,147,199,208,81,
58,123,112,126,111,72,80,145,103,107,108,114,39,
236,217,222,216,204,244,149,237,205,83,210,86,202,219,228,234,102,233,148,172,240,113,166,246,119,178,147,118,59,224,136,160,218,159,134,66,193,179,52,156,88,215,200,142,124,183,181,122,94,212,71,198,180,189,62,239,154,125,207,173,232,64,82,209,81,199,157,128,225,138,226,167,96,214,155,195,68,227,168,93,220,162,188,174,203,137,
130,69,103,146,107,114,141,115,165,145,47,
157,174,118,162,155,195,68,65,189,62,205,210,83,86,202,71,198,219,160,232,203,228,125,172,113,240,122,181,134,66,193,178,237,148,207,173,46,119,246,128,217,204,222,216,244,236,149,179,82,209,180,239,94,212,88,215,156,96,214,142,200,225,166,137,224,138,136,188,154,124,183,167,226,233,168,227,218,102,220,93,234,147,199,81,
207,154,225,220,178,224,200,203,87,174,195,188,159,162,209,155,168,167,79,138,199,173,55,128,98,157,160,189,131,73,118,125,153,74,88,179,
203,146,87,174,195,79,188,159,162,209,155,109,168,167,199,141,173,55,128,98,157,99,160,130,189,131,73,118,125,153,74,88,
114,108,107,103,145,80,72,111,126,112,123,58,
64,156,119,178,179,88,125,59,118,220,188,159,224,195,87,203,174,225,49,167,138,154,153,207,162,44,160,189,131,209,155,168,199,173,55,200,128,157,98,
177,135,240,113,181,214,220,161,248,225,166,193,215,202,75,237,151,210,180,239,211,84,152,190,249,213,137,196,243,116,77,204,233,194,223,229,197,192,221,228,169,198,226,241,182,148,207,246,187,158,201,142,230,171,178,156,219,222,163,136,200,217,90,149,208,206,147,134,89,216,105,232,76,203,179,238,209,247,91,218,236,175,234,57,184,45,172,104,231,242,183,85,212,205,224,235,186,245,185,244,191,227,
206,182,167,138,124,168,154,188,61,57,224,93,220,161,205,239,180,83,210,152,211,84,241,233,204,77,202,75,89,216,245,238,179,209,219,248,222,235,201,172,230,217,90,119,246,149,137,196,151,86,213,242,183,190,122,249,208,203,166,225,231,104,163,191,186,199,243,185,244,169,228,134,193,221,65,192,197,67,194,223,136,102,229,142,48,175,234,147,200,226,247,218,214,156,215,85,212,113,240,181,236,207,148,178,237,227,71,198,105,232,
143,150,176,178,179,209,135,139,177,158,171,206,182,187,76,200,230,201,90,217,246,238,216,89,241,226,232,105,219,247,91,218,236,149,208,175,234,184,57,95,222,163,172,104,231,242,183,85,212,78,205,147,224,235,148,207,186,245,185,244,191,227,198,169,228,221,192,197,229,223,194,233,204,77,116,243,196,137,213,249,190,152,84,211,239,180,210,151,110,237,202,215,193,166,225,248,161,220,214,181,240,
207,153,154,225,203,87,174,195,224,188,159,162,220,209,155,168,167,138,199,173,55,200,128,98,157,160,189,131,118,125,88,179,178,
136,142,134,158,171,206,182,187,203,76,179,209,156,178,200,230,201,90,217,246,238,216,89,241,226,232,105,219,247,218,236,149,208,175,234,184,57,222,163,172,104,231,242,183,85,212,205,147,224,235,148,207,186,245,185,244,191,227,198,169,228,221,192,197,229,223,194,233,204,77,116,243,196,137,213,249,190,152,84,211,239,180,210,151,237,75,202,215,193,166,225,248,161,220,214,181,113,240,
236,217,222,216,204,244,149,237,94,181,122,239,180,207,148,178,246,119,209,134,172,240,113,193,66,125,179,128,215,156,96,214,142,200,225,166,137,224,138,136,188,154,124,183,212,167,226,233,168,227,218,102,93,220,234,147,199,81,228,203,232,160,219,198,71,202,86,83,210,205,
145,165,115,114,107,103,
186,185,169,192,197,191,221,223,136,142,134,199,203,229,102,194,208,190,242,163,231,104,151,249,213,196,243,137,193,166,225,175,234,147,183,200,226,247,218,214,156,215,244,212,85,228,113,240,181,236,207,148,178,237,227,198,105,232,149,246,90,217,230,172,201,235,222,248,219,209,179,238,245,216,75,202,77,204,233,241,84,211,152,210,180,239,205,161,220,224,
156,131,189,225,167,138,128,98,157,155,168,220,162,188,159,174,203,88,199,209,64,173,207,119,178,200,179,59,118,154,125,224,195,160,
198,183,164,140,144,170,133,143,150,176,135,139,177,214,78,205,210,151,152,211,236,247,204,233,175,215,172,231,202,219,194,76,223,232,105,163,95,222,192,221,206,193,213,184,116,243,229,171,230,187,246,158,217,226,197,212,239,181,240,182,241,166,228,169,235,196,201,227,91,218,191,248,249,190,161,185,244,242,238,208,149,110,237,186,245,89,216,234,
134,142,156,215,94,212,124,180,122,198,189,225,226,167,138,128,157,214,96,155,227,168,220,162,188,159,174,203,88,81,199,209,64,173,207,119,178,82,200,179,59,118,154,125,224,136,195,160,
142,156,215,94,212,198,181,122,180,124,183,193,134,218,189,160,136,195,224,125,154,118,147,88,179,82,200,119,178,207,173,64,209,81,199,157,128,225,138,226,167,96,214,155,68,227,168,220,162,188,174,203,
212,181,170,164,144,133,140,143,150,176,193,166,214,149,172,215,206,197,184,243,116,248,202,105,232,221,192,163,95,222,91,218,120,247,152,211,240,182,241,205,78,196,227,219,161,190,249,226,139,89,216,245,186,177,236,235,191,231,239,210,151,213,242,233,204,201,110,237,208,117,244,185,228,169,135,194,223,234,175,158,217,187,246,229,230,171,238,
130,165,109,146,115,141,153,99,
199,167,168,209,98,162,195,155,188,159,173,203,87,174,128,157,160,189,131,118,125,
130,141,79,157,131,153,146,159,173,109,174,99,73,
186,185,191,221,192,197,223,229,169,194,148,207,224,147,212,183,242,172,198,227,163,222,231,104,235,205,234,175,233,204,77,243,196,137,213,249,190,152,211,239,180,210,151,237,202,228,244,215,193,245,166,225,248,161,220,214,181,240,208,149,236,218,247,219,105,232,226,241,89,216,238,246,217,201,230,200,
112,126,111,72,
203,174,159,188,162,220,168,155,167,138,225,128,157,199,209,64,173,207,178,200,179,88,118,154,125,224,195,160,189,
173,130,109,159,146,141,153,99,
175,152,238,230,248,245,211,84,154,136,199,207,148,181,203,201,142,172,240,113,228,202,227,168,198,156,215,244,67,241,188,247,233,204,216,219,234,147,205,218,200,226,178,237,179,232,246,236,209,222,193,134,235,149,90,217,210,180,239,161,220,102,224,137,214,166,225,85,212,183,
232,189,218,147,137,214,96,193,134,226,167,136,183,124,125,154,160,128,239,180,181,122,209,198,199,81,227,168,212,94,215,156,203,188,179,142,82,200,224,220,207,178,119,225,138,
165,130,109,146,141,153,99,
173,207,178,200,179,118,154,125,88,224,195,189,160,199,157,128,225,138,167,155,168,220,162,188,209,174,203,
236,246,217,222,216,244,149,204,86,219,232,203,228,199,147,234,220,102,218,198,227,168,233,226,212,124,183,154,188,136,224,137,166,225,138,214,156,215,202,210,179,205,200,142,83,113,172,193,134,209,93,239,180,237,178,181,240,207,148,
125,128,179,215,156,96,214,225,166,224,137,200,142,113,172,193,134,209,93,119,178,180,239,240,122,181,207,148,138,136,188,154,124,183,212,167,226,233,168,227,198,218,102,220,234,147,199,228,203,232,160,219,
188,168,233,204,216,219,234,147,205,200,226,218,215,156,244,198,227,241,202,228,172,203,201,142,113,240,181,207,148,178,237,179,232,246,236,209,222,193,134,235,149,217,90,247,210,180,239,161,220,102,224,137,214,166,225,85,212,183,199,136,154,
218,189,214,96,134,226,167,136,183,124,125,154,160,128,180,122,209,198,199,81,227,168,212,94,215,156,203,188,179,142,82,200,224,220,207,178,119,225,138,
146,165,141,115,
205,170,164,144,143,196,194,135,150,208,139,197,176,235,206,121,248,190,249,191,210,151,233,204,231,192,133,221,120,247,241,182,213,240,211,201,237,110,169,163,95,222,236,177,216,186,245,175,242,184,116,243,117,244,185,238,229,230,171,158,217,187,246,223,140,
219,232,203,228,199,147,234,220,102,218,198,227,168,233,167,226,212,183,124,154,188,200,142,224,137,166,225,138,214,156,215,202,86,210,179,205,113,172,193,134,209,93,239,180,119,178,122,181,240,207,148,136,
126,112,111,
174,173,159,153,131,157,79,
195,162,174,173,159,153,131,157,79,
85,240,181,178,237,232,228,148,207,227,198,244,156,215,218,226,200,183,212,234,175,147,225,166,214,193,247,236,90,149,246,217,230,172,201,235,222,248,219,209,179,238,245,216,202,84,204,233,241,211,152,210,180,239,205,161,220,224,137,
187,184,212,181,182,206,171,158,193,166,197,226,223,232,105,194,219,213,239,231,172,202,229,215,221,192,163,222,241,228,169,235,196,230,201,217,246,227,218,191,243,248,249,190,161,185,244,242,238,208,149,237,240,186,245,89,216,234,175,233,204,247,236,211,152,151,210,205,214,
243,196,213,249,237,202,228,211,152,239,180,210,151,175,234,204,233,205,235,104,163,222,227,198,172,183,242,212,244,215,193,245,166,225,190,248,161,220,214,181,240,208,149,236,218,247,219,232,226,241,216,238,246,217,201,230,137,200,147,224,207,148,194,
227,226,177,139,245,186,216,235,249,190,191,241,182,211,152,240,247,222,163,192,221,218,91,232,161,219,205,202,231,239,210,151,213,242,233,204,236,201,237,208,244,185,228,169,196,135,194,223,234,175,158,217,187,246,229,230,171,238,248,116,243,184,197,206,
153,159,173,174,157,131,
145,
198,209,122,180,125,154,199,160,128,124,136,212,94,215,156,203,188,179,142,200,224,220,168,207,119,178,225,138,167,134,
198,209,122,180,125,154,199,160,128,124,136,212,94,215,156,203,188,179,142,200,224,220,168,207,119,178,225,138,167,134,
205,210,202,179,215,156,214,225,166,224,137,200,142,113,172,193,134,209,93,237,178,180,239,240,181,207,148,138,136,188,154,183,212,226,233,168,227,198,218,102,220,234,147,199,228,203,232,219,
245,209,172,248,222,235,230,201,217,246,236,247,238,204,216,241,152,219,205,233,210,149,161,220,224,137,239,180,193,214,166,225,147,175,234,212,183,200,226,218,215,244,198,227,207,148,228,232,237,202,181,240,
241,179,201,240,181,202,178,237,232,228,148,207,227,198,244,215,218,226,200,205,147,234,219,172,216,204,233,217,246,236,209,222,193,235,149,90,247,210,180,239,161,220,224,137,214,166,225,212,183,
205,210,202,179,215,156,214,225,166,224,137,200,142,113,172,193,134,209,93,178,180,239,240,181,207,148,138,136,188,154,124,183,212,226,233,168,227,198,218,102,220,234,147,199,228,203,232,219,
189,162,195,155,159,173,174,157,131,
189,195,160,199,128,167,155,168,162,188,209,203,125,
215,222,163,235,230,201,217,246,241,228,169,196,229,202,231,172,239,213,219,227,194,223,232,105,226,197,192,221,218,191,243,248,249,190,161,185,244,242,238,208,149,237,240,186,245,216,234,175,233,204,247,236,211,152,151,210,205,214,166,193,
247,235,236,246,217,222,216,209,204,172,219,205,233,210,149,220,224,137,239,180,193,214,166,225,147,234,212,183,200,226,218,215,244,198,227,207,148,228,232,237,202,181,240,
239,232,219,202,161,205,210,151,233,242,213,231,163,222,221,192,247,240,182,241,152,211,191,249,190,235,216,245,186,204,236,201,237,208,244,185,228,169,196,135,194,223,234,175,116,158,217,187,246,229,230,171,238,248,243,184,197,206,
196,194,121,246,187,208,197,139,242,184,243,213,186,245,158,120,238,140,150,211,241,182,185,129,247,221,143,171,230,236,177,206,117,235,176,248,192,133,249,132,191,144,231,164,223,170,229,
233,154,188,138,136,207,148,178,180,239,209,168,227,198,218,220,102,226,181,183,212,234,147,199,228,203,232,219,134,193,172,113,142,200,137,224,166,225,214,156,215,179,
136,215,128,160,124,212,125,154,180,122,209,199,119,156,203,188,179,142,200,224,220,168,207,178,225,138,167,
210,151,233,240,204,231,221,192,247,241,182,211,191,249,190,235,176,206,197,208,135,194,196,248,139,150,237,143,201,110,169,163,222,236,177,216,186,245,116,175,242,213,184,243,244,185,238,229,230,171,158,217,187,246,223,
226,167,138,225,207,168,220,224,200,142,179,188,203,214,178,119,199,209,122,180,154,212,124,128,156,215,160,134,136,198,

189,162,195,155,159,173,174,157,131,
153,141,146,109,


203,199,219,234,183,212,147,181,226,218,198,227,228,134,193,232,172,113,142,200,166,225,214,215,156,179,137,224,209,239,180,220,178,148,207,136,

190,198,183,212,215,172,193,166,245,161,248,163,222,235,205,233,204,234,175,210,239,211,152,228,202,237,244,227,214,181,240,208,149,236,218,247,219,232,226,241,216,238,246,217,201,230,
239,232,227,226,223,221,219,218,191,243,197,213,192,231,229,194,196,228,169,202,241,246,217,201,230,235,163,222,248,249,190,161,185,244,242,238,208,237,240,186,245,216,234,175,233,204,247,236,211,152,151,210,205,
182,150,140,238,241,247,143,230,187,245,129,221,144,231,176,170,133,249,223,248,132,243,184,213,242,164,229,177,206,


146,
216,222,201,237,175,169,150,143,139,177,236,186,245,184,243,242,213,185,244,238,229,171,230,158,217,187,246,223,248,196,194,135,208,197,206,176,235,190,249,191,211,182,241,247,192,221,231,


232,228,227,198,218,226,239,181,193,147,134,183,212,225,215,214,156,179,142,200,137,224,209,180,220,178,207,

165,
194,196,169,185,244,201,236,237,175,204,186,245,217,158,216,229,238,248,171,230,184,243,187,246,208,223,197,206,235,190,249,191,211,241,182,240,247,192,221,222,163,231,213,242,233,
185,158,150,143,140,211,238,182,241,221,247,245,177,206,176,235,248,192,133,249,191,144,231,164,223,170,229,230,171,213,243,184,242,139,197,208,187,246,
189,174,157,162,195,155,
156,203,188,179,200,224,207,178,220,168,167,138,225,199,209,154,
185,158,150,143,140,211,238,182,241,221,247,245,236,177,206,176,235,248,192,133,249,191,144,231,164,223,170,229,230,171,213,243,184,242,139,197,208,187,246,
182,150,164,140,242,184,213,229,243,223,231,144,191,249,133,143,230,170,248,235,206,177,245,187,247,221,241,176,238,
154,209,180,199,124,156,203,188,179,142,200,224,220,168,207,178,138,225,

156,203,188,179,200,224,207,178,220,168,138,225,199,180,209,154,
209,188,203,168,167,199,160,

221,231,176,170,249,223,243,164,
209,188,203,168,167,199,160,
221,231,176,170,249,223,243,242,164,
146,141,
174,173,159,
206,221,231,176,170,249,223,243,229,242,164,
230,170,248,206,177,245,187,247,221,241,176,238,144,231,223,249,243,229,213,184,242,
215,156,212,225,179,200,224,209,178,180,220,207,142,
196,194,217,158,229,238,248,171,230,244,185,187,246,208,223,197,206,235,190,249,191,211,241,182,247,192,221,231,213,242,243,184,245,186,236,
215,156,212,225,179,200,224,209,178,180,220,207,142,
200,183,212,214,147,225,193,180,224,220,207,181,226,218,215,198,227,
188,179,200,224,178,220,168,225,199,203,209,154,
208,197,246,243,230,241,248,238,229,171,223,187,245,177,206,235,249,191,211,182,247,192,221,231,184,213,242,
241,248,164,229,184,242,243,223,249,170,176,231,221,187,245,177,206,

180,178,209,224,200,179,207,220,225,156,
176,238,213,242,184,206,177,150,241,230,243,247,221,182,248,229,249,223,231,245,187,
247,241,238,176,231,223,249,243,221,229,184,242,187,245,177,206,248,


193,180,224,225,220,207,181,226,218,215,198,227,214,212,183,
234,226,181,239,218,215,228,214,212,183,227,198,193,232,
244,237,202,228,239,210,240,214,227,233,234,205,218,219,232,226,
230,247,241,248,229,221,182,243,249,223,231,187,245,177,206,184,242,213,238,
242,244,190,248,222,235,230,201,217,246,163,241,208,237,211,240,245,216,175,233,204,238,247,236,
210,205,240,241,216,233,204,175,238,247,237,236,246,217,201,230,235,222,248,244,

209,203,199,
195,162,
225,220,207,179,200,224,209,178,
174,
208,197,246,243,230,241,248,238,229,171,223,245,206,235,249,191,211,182,247,192,221,231,213,242,


204,233,240,201,247,205,234,237,236,210,246,217,235,222,244,216,202,

211,240,241,245,216,233,204,175,238,247,237,236,246,217,201,230,235,222,248,244,
243,223,170,

228,234,214,227,218,239,226,232,219,193,

203,199,
196,194,236,244,186,245,229,238,190,248,235,241,211,231,192,208,247,213,242,217,246,197,249,185,243,230,

206,235,223,191,249,182,247,221,231,245,213,242,229,238,248,241,230,243,
228,234,214,227,218,239,226,232,219,193,


238,247,237,236,246,217,201,230,235,222,248,244,216,241,
231,223,249,243,221,
221,243,249,223,231,229,242,245,206,
209,224,200,
209,
224,225,220,207,
226,218,215,227,214,212,
231,245,213,242,229,238,248,241,247,221,230,243,249,223,
226,227,214,212,215,198,
248,221,243,249,223,231,229,242,245,206,
231,211,208,213,242,192,246,197,249,243,230,247,241,235,248,238,229,245,
236,211,246,208,197,249,243,230,247,241,235,248,238,229,245,242,213,
248,221,243,249,223,231,229,242,245,206,
199,

236,244,211,217,230,241,248,235,238,245,246,247,208,
231,249,243,230,247,241,235,248,238,229,242,245,213,
246,197,249,243,230,247,241,235,248,238,229,245,242,213,
226,218,227,214,
249,208,247,246,245,238,235,248,241,230,211,213,242,236,

242,236,211,230,241,248,235,238,245,246,247,208,
249,243,230,247,241,235,248,238,229,242,245,213,
215,212,

224,
247,237,236,246,217,235,222,244,216,
234,210,240,233,205,

244,240,237,
233,240,210,
242,231,223,249,243,221,
225,
246,245,238,235,248,241,247,230,

240,233,
246,245,238,235,248,241,247,230,

245,242,238,248,241,247,230,


244,222,
246,244,236,

234,

243,249,223,
244,
243,





249,243,242,
247,241,248,238,
249,243,
239,





248,241,











Past links sets, 





0,2,
0,3,4,
1,
1,4,
2,6,
3,5,
1,
6,8,
11,

1,


1,16,
1,16,
1,9,10,

2,7,12,13,
6,7,8,13,15,18,

12,7,20,
3,5,14,
7,12,13,2,15,16,
17,
21,

15,17,18,19,
21,24,
5,14,
17,29,
14,20,
17,29,
17,19,23,
19,23,27,
33,
17,19,23,

30,

40,
30,41,
32,36,
25,26,35,
24,42,
28,31,40,

7,8,13,28,3,29,31,
4,7,13,28,31,34,

14,15,22,25,
37,38,31,44,
19,22,23,25,27,
42,43,45,
26,39,
34,49,51,
19,22,23,25,27,
32,29,42,
7,13,28,31,32,34,36,
22,23,25,27,
52,59,
32,36,42,
28,30,31,34,46,
17,61,
8,32,36,52,
25,22,35,

1,28,34,16,42,46,
10,58,
37,38,56,
22,37,25,38,
29,32,45,48,
43,45,50,
32,48,57,
43,50,53,
73,74,
20,26,39,
0,46,51,62,68,
0,51,62,68,
1,16,28,34,46,65,
43,61,75,
43,67,75,
15,18,65,19,71,
10,9,22,55,
32,36,37,44,38,64,
53,57,24,76,
85,
41,78,

66,83,86,
6,81,30,82,
43,50,53,70,
51,62,66,68,
14,
9,22,10,49,55,
38,54,17,56,60,63,
5,14,
5,14,
48,67,93,
39,47,
77,
48,89,

39,47,
26,39,
99,
95,
9,72,
9,72,
13,45,102,
11,39,47,
23,27,47,54,69,
45,91,95,
70,53,92,
9,22,10,36,55,64,
49,71,94,96,
70,53,92,
70,92,
23,71,94,96,
26,39,
86,122,
22,66,88,55,94,
6,72,

88,55,94,96,
92,106,
35,38,54,17,56,60,63,
21,79,87,98,
92,106,
50,106,117,120,121,
81,82,96,113,
91,110,
45,94,96,102,
4,62,84,77,90,113,
37,44,64,93,119,124,
110,78,117,120,
50,106,117,120,121,
69,99,26,130,
122,134,136,
106,110,117,120,121,
133,
47,80,
69,109,26,130,
8,52,137,
84,77,90,11,102,
16,28,34,46,84,89,90,65,104,
143,
77,91,95,105,
84,91,104,105,
31,44,79,99,
12,2,67,138,
25,87,88,98,118,
75,119,124,142,
87,98,79,118,
76,116,117,120,135,
59,60,131,
9,10,125,128,
84,85,91,104,105,
74,155,
104,116,151,
129,132,127,140,
63,115,
84,90,89,102,104,
5,9,119,125,128,
9,67,128,125,138,
21,105,110,116,
133,164,
139,158,
84,90,89,102,104,
36,60,64,131,
131,157,
110,152,163,
129,132,127,140,143,144,
41,139,140,144,150,
85,138,156,
2,12,85,138,156,
124,142,147,
53,76,104,147,148,
42,150,171,
50,3,68,104,147,148,
76,116,135,139,140,144,150,
120,135,117,169,
92,135,169,
76,116,135,139,140,144,150,
5,9,67,128,125,138,
68,87,62,88,98,118,
135,151,104,169,
105,121,171,
139,158,185,
147,148,166,172,
77,92,135,169,
74,155,
77,92,135,169,
186,192,
81,82,96,183,
102,154,168,188,
12,137,178,
161,175,
86,149,83,161,
5,45,102,154,168,
16,28,34,65,90,152,161,46,163,
70,152,202,
42,177,132,171,184,187,
44,64,156,37,180,
139,158,185,186,190,194,196,
84,90,125,128,154,178,179,
95,205,
75,61,139,158,163,185,186,190,194,196,
23,134,136,181,198,
133,182,191,194,197,
0,96,149,181,183,193,
23,89,134,136,181,198,
28,34,46,65,90,201,
28,46,65,90,34,190,201,
3,68,78,105,149,181,193,
11,91,105,149,166,172,
138,156,180,
105,176,182,206,
216,
164,221,
180,200,
138,207,
78,96,149,181,105,183,193,
78,149,51,181,105,183,193,
7,91,105,113,148,149,166,172,
177,182,187,191,132,184,197,
17,175,208,211,213,
176,182,185,191,206,
4,91,105,113,148,149,62,166,172,
163,93,210,
13,148,202,219,
90,191,197,201,208,211,
120,186,194,196,217,
83,149,201,204,
144,230,
232,
66,204,210,
85,140,238,
129,196,206,213,151,229,
77,223,229,231,
149,204,217,222,
84,177,184,208,211,187,213,
192,208,211,217,
90,144,201,230,
184,187,238,
194,221,229,231,
Future links sets, 
82,81,214,6,5,
71,19,83,18,15,11,8,20,7,
179,154,27,22,9,5,
183,51,26,218,10,6,
232,137,52,8,6,
203,188,167,100,33,26,101,10,
94,23,12,126,9,
228,52,27,51,25,62,23,22,
147,68,23,51,12,
188,168,167,160,118,112,87,111,98,20,
160,118,87,98,72,20,
219,148,114,13,
200,179,154,27,25,22,
234,52,51,27,62,23,113,22,
101,97,54,100,35,33,26,
86,54,31,27,23,
204,27,149,71,19,83,18,
230,130,40,37,36,99,34,31,67,28,
86,31,23,
86,60,56,40,38,37,31,
80,35,25,
169,131,32,29,
118,98,87,74,63,125,60,69,56,54,
215,122,60,212,56,40,38,115,63,37,
89,48,32,
155,74,63,69,56,54,60,47,
146,141,108,80,123,58,47,
115,63,60,56,38,
216,217,204,83,149,71,66,52,51,62,49,
61,51,75,36,34,
66,45,94,42,
66,55,52,51,153,62,49,
77,68,65,88,75,62,61,46,
39,
216,217,204,83,149,71,66,62,59,52,
130,69,47,
173,118,68,65,88,62,46,
207,88,74,138,73,55,
130,88,74,99,73,55,
114,108,107,103,80,123,58,
49,44,
177,91,45,
206,71,182,65,57,61,48,
95,85,84,78,76,57,
207,138,153,88,55,
203,136,116,113,76,75,57,
216,217,204,83,81,149,71,66,
145,115,114,107,103,
105,102,77,75,
119,98,59,
183,140,133,95,78,76,
227,96,82,81,59,
147,68,64,
181,120,95,89,117,78,
130,115,99,
128,125,118,98,87,
130,99,73,
89,77,
72,
159,64,
173,159,130,99,
211,84,67,
232,189,137,96,82,81,
165,130,99,
207,173,138,118,88,
217,204,149,216,86,83,
240,125,96,93,
188,168,154,102,85,
218,189,183,96,82,81,
146,141,115,
205,120,117,121,95,
122,119,86,
126,112,111,
79,
195,162,79,
211,156,85,84,
187,181,184,158,89,
243,196,194,151,148,137,104,
227,226,218,139,91,
153,157,131,
145,
134,198,94,
134,198,94,
237,202,93,
245,209,172,166,152,149,161,148,137,
241,179,178,161,90,
202,124,93,
189,155,157,131,
189,155,128,125,
215,172,166,149,105,
247,216,235,209,217,204,172,166,149,148,137,
228,232,219,152,151,161,135,116,
196,132,194,129,186,121,120,117,
233,138,102,
136,128,125,122,119,
210,151,116,110,
198,214,136,134,128,226,122,119,

189,155,157,131,
153,141,109,


203,199,172,166,148,136,113,

190,183,181,172,166,163,161,152,149,
228,227,232,219,218,221,169,226,161,191,152,151,
143,140,133,132,129,


146,
175,169,143,139,135,


232,228,137,134,

165,
187,169,163,184,158,
158,143,140,139,185,133,
189,157,155,
167,156,138,
236,158,143,140,139,185,133,
191,143,140,133,
142,124,

180,156,138,
209,188,168,167,160,

176,164,
209,188,168,167,160,
176,242,164,
146,141,
174,173,159,
206,176,229,164,
213,170,144,
215,212,142,
196,194,190,187,186,185,184,158,
215,212,142,
200,147,
225,188,179,178,220,168,154,
211,208,192,187,177,184,171,
187,184,241,176,177,164,

180,156,
176,150,
247,238,187,184,177,176,


183,181,193,180,
234,228,232,193,183,181,
237,226,232,219,244,218,227,214,228,202,
187,184,182,177,
242,190,163,
205,204,175,

209,203,199,
195,162,
220,207,179,178,
174,
211,208,192,171,


204,202,201,

233,211,204,175,
223,170,

228,232,219,193,

203,199,
196,194,190,186,185,

206,191,182,
228,232,219,193,


230,201,
231,221,
229,245,206,
209,200,
209,
224,220,207,
226,218,215,227,214,212,
231,229,221,213,
226,227,214,198,
248,229,245,206,
211,208,231,192,
211,208,236,197,
248,229,245,206,
199,

217,211,208,
235,231,229,213,
246,197,
226,218,227,214,
249,236,213,211,208,

242,236,211,208,
235,229,213,
215,212,

224,
247,237,235,217,216,
234,205,

244,240,237,
210,
242,231,221,
225,
246,245,235,230,

240,233,
246,245,235,230,

245,242,230,


222,
246,244,236,

234,

249,223,
244,
243,





249,243,242,
247,238,
249,243,
239,





248,241,











Coordinates
0.00906843,0.958851
0.0854604,0.993271
0.00866915,0.906311
0.052775,0.94744
0.0627168,0.955724
0.0149009,0.882028
0.0632251,0.916258
0.114003,0.930278
0.107272,0.920874
0.068705,0.850611
0.061489,0.825159
0.159316,0.914947
0.108799,0.848343
0.165518,0.902647
0.004826,0.740791
0.19469,0.926273
0.215142,0.937653
0.26349,0.961081
0.218605,0.912594
0.240902,0.901816
0.0857247,0.731472
0.35529,0.966227
0.184,0.775301
0.229439,0.800044
0.403455,0.969181
0.129053,0.688624
0.054,0.610885
0.215884,0.755186
0.342343,0.875726
0.371482,0.904318
0.459474,0.990252
0.31609,0.834893
0.40458,0.92001
0.0471499,0.545103
0.377504,0.86161
0.106655,0.581239
0.390421,0.859849
0.280297,0.740929
0.259884,0.715791
0.0514792,0.499866
0.297355,0.73434
0.542909,0.974432
0.494212,0.924165
0.570671,0.996126
0.313662,0.7121
0.545214,0.93828
0.443756,0.815899
0.130205,0.496158
0.540131,0.884158
0.345386,0.687754
0.64452,0.983533
0.375444,0.709995
0.387187,0.721307
0.660388,0.993445
0.2084,0.514278
0.335833,0.638734
0.253381,0.540404
0.58634,0.86621
0.0589317,0.330029
0.3809,0.647155
0.248075,0.506666
0.534098,0.791287
0.438084,0.694724
0.23516,0.486451
0.388418,0.638904
0.517125,0.765951
0.465341,0.70736
0.535393,0.771191
0.437634,0.666688
0.194485,0.413379
0.759508,0.977343
0.50037,0.712468
0.0621477,0.271652
0.285119,0.492531
0.289312,0.495469
0.565189,0.769909
0.657381,0.86163
0.593583,0.791872
0.696024,0.890008
0.293339,0.479065
0.102518,0.284852
0.44657,0.627585
0.443674,0.62452
0.52001,0.697893
0.581817,0.752977
0.571359,0.739174
0.517915,0.684429
0.336992,0.490315
0.406989,0.555812
0.662512,0.803703
0.581105,0.719593
0.718834,0.847794
0.855318,0.984053
0.521689,0.648895
0.4643,0.584623
0.76303,0.880414
0.481688,0.598612
0.00625961,0.121566
0.354193,0.464859
0.273505,0.373221
0.0445436,0.142035
0.0253939,0.115664
0.541244,0.625169
0.144048,0.227432
0.640566,0.719132
0.696003,0.766273
0.901721,0.965889
0.154449,0.202233
0.0567946,0.104506
0.274025,0.321483
0.798199,0.844241
0.0723538,0.1109
0.0721957,0.0980517
0.55288,0.574176
0.164887,0.180558
0.234414,0.249115
0.774812,0.787035
0.87219,0.871936
0.396662,0.395372
0.50222,0.499569
0.870449,0.866986
0.894911,0.886499
0.513108,0.502883
0.0551381,0.0372531
0.51898,0.490755
0.476123,0.445482
0.0663453,0.0316015
0.978687,0.940306
0.489721,0.425694
0.973844,0.905113
0.272642,0.20023
0.364945,0.289209
0.966466,0.885067
0.908088,0.822749
0.556254,0.468814
0.842867,0.750646
0.551611,0.455285
0.595663,0.495224
0.525344,0.422713
0.876864,0.757393
0.928703,0.808995
0.27399,0.146816
0.55814,0.428487
0.902188,0.765065
0.920714,0.782859
0.140191,0.00165571
0.278309,0.138004
0.605944,0.455968
0.631626,0.476772
0.686537,0.529911
0.905944,0.746804
0.767349,0.599763
0.758762,0.57544
0.332816,0.14768
0.537807,0.351895
0.411197,0.22084
0.570185,0.376994
0.400033,0.202041
0.875481,0.672256
0.384885,0.175476
0.492473,0.280566
0.754896,0.542476
0.412027,0.196464
0.777557,0.559176
0.995471,0.757103
0.240273,0.00130261
0.675531,0.435902
0.506543,0.264021
0.536341,0.289771
0.841629,0.59214
0.998062,0.743572
0.890415,0.633984
0.674523,0.41695
0.395845,0.118244
0.402308,0.124168
0.800975,0.518068
0.980211,0.697222
0.958576,0.673908
0.578218,0.292357
0.572794,0.260678
0.61061,0.297156
0.660644,0.345016
0.906435,0.589645
0.652152,0.333125
0.943995,0.61838
0.87462,0.547189
0.865829,0.536516
0.942405,0.612353
0.536329,0.19295
0.440515,0.0952517
0.843557,0.483166
0.895303,0.533301
0.883882,0.517054
0.677601,0.303342
0.865577,0.491103
0.432932,0.053948
0.862552,0.472535
0.889972,0.495069
0.65505,0.259463
0.541829,0.143064
0.598373,0.193229
0.828405,0.411304
0.757083,0.333076
0.551323,0.117803
0.791969,0.348412
0.760108,0.306439
0.970962,0.504495
0.624861,0.155793
0.881433,0.410291
0.583096,0.104298
0.765133,0.280409
0.877425,0.3907
0.660745,0.13376
0.912124,0.384051
0.691247,0.146731
0.663821,0.11899
0.839154,0.286426
0.846099,0.293142
0.707895,0.146781
0.753553,0.180147
0.624859,0.0504231
0.991,0.404762
0.839719,0.246998
0.997202,0.390419
0.61089,0.00225717
0.626922,0.0146664
0.702863,0.0879379
0.703934,0.0820242
0.748812,0.118402
0.968115,0.335751
0.915864,0.262167
0.990056,0.33232
0.745165,0.0816532
0.785767,0.113398
0.758713,0.0692832
0.899929,0.208027
0.871742,0.176758
0.830305,0.13455
0.925346,0.212251
0.747663,0.0243294
0.793703,0.00274811
0.928737,0.119145
0.973957,0.14432
0.997552,0.159306
0.849942,0.00527757
0.959548,0.104225
0.889285,0.0332711
0.923169,0.0333755
0.947076,0.0278116
0.995276,0.0674847