Storage option,sets
Size,250
Dimension,2
Shape,cube
Spacetime,BlackHole
Past sets, 

0,
0,
0,

4,
4,5,

0,6,4,5,3,
1,2,0,6,4,5,3,
7,8,0,6,4,5,3,
2,1,10,7,8,0,6,4,5,3,9,
5,4,6,7,
10,7,8,0,6,4,5,3,2,1,
7,

1,2,3,0,8,12,7,14,5,4,6,10,
10,6,4,5,14,7,12,8,0,3,2,1,16,
15,10,6,4,5,14,7,12,8,0,3,2,1,16,
9,11,17,0,10,6,4,5,14,7,12,8,3,2,1,16,15,13,
15,10,6,4,5,14,7,12,8,0,3,2,1,16,
5,4,15,14,7,6,

9,11,13,17,20,6,7,14,15,4,5,21,10,12,8,0,3,2,1,16,18,
3,0,8,10,21,5,4,15,14,7,6,12,
22,
9,11,13,17,18,16,1,2,24,7,3,20,0,8,10,21,4,5,22,15,14,6,12,
5,6,22,7,4,15,14,
9,11,13,17,18,16,1,2,24,7,3,20,0,8,10,21,4,5,22,15,14,6,12,
26,9,11,13,17,18,16,1,2,24,7,3,20,0,8,10,21,4,5,22,15,14,6,12,23,

19,26,9,11,13,17,18,16,1,2,24,7,3,20,0,8,10,21,4,5,22,15,14,6,12,23,
22,15,25,
19,26,9,11,13,17,18,16,1,2,24,7,3,20,0,8,10,21,4,5,22,15,14,6,12,23,
17,18,16,1,2,24,25,14,15,4,27,7,22,6,5,3,0,8,10,21,12,20,
23,12,6,14,15,22,5,21,10,8,0,20,3,7,24,2,1,16,18,17,13,11,9,26,19,4,33,
22,15,25,30,
25,15,22,32,
9,34,5,17,18,16,1,2,24,25,14,15,4,27,7,22,6,3,0,8,10,21,12,20,13,

26,28,9,11,13,17,18,16,1,2,24,7,3,20,0,8,10,21,4,5,22,15,14,6,12,27,
28,29,33,4,19,26,9,11,13,17,18,16,1,2,31,24,7,3,20,0,8,10,21,5,22,15,14,6,12,23,
22,25,30,
18,16,1,2,24,25,14,15,4,27,7,22,6,5,3,0,8,10,21,12,20,
13,20,12,21,10,8,0,3,6,22,7,27,4,15,14,25,24,2,1,16,18,17,5,34,9,38,
28,29,31,35,6,23,12,14,15,22,5,21,10,8,0,20,3,7,24,2,1,16,18,17,13,11,9,26,19,4,33,
39,
22,25,30,39,
38,9,34,5,17,18,16,1,2,24,25,14,4,27,7,22,6,3,0,8,10,21,12,20,13,15,44,
9,13,17,34,43,20,18,16,1,24,2,25,14,15,4,27,7,22,6,5,3,0,8,10,21,12,
45,8,28,29,31,35,6,23,12,14,15,22,5,21,10,0,20,3,7,24,2,1,16,18,17,13,11,9,26,19,4,41,33,
30,39,25,22,47,
23,11,28,26,40,43,48,38,9,34,5,17,18,16,1,2,24,25,14,4,27,7,22,6,3,0,8,10,21,12,20,13,15,44,
46,51,25,39,22,30,47,
27,45,8,28,29,31,35,6,23,12,14,15,22,5,21,10,0,20,3,7,24,2,1,16,18,17,13,11,9,26,19,4,41,33,
39,
4,7,14,36,32,15,37,22,39,47,30,25,42,
4,7,14,36,32,15,37,5,22,39,47,30,25,42,
36,32,15,37,46,51,42,25,39,22,30,47,
39,55,
42,46,51,25,47,39,22,53,30,
36,32,15,37,42,46,51,25,47,39,22,53,30,
14,47,30,22,39,25,42,51,46,37,15,32,36,7,58,
22,46,39,30,25,
35,40,23,31,11,26,19,33,29,28,44,15,13,20,12,21,10,8,0,3,6,22,7,27,4,14,25,24,2,1,16,18,17,5,34,9,38,48,41,
48,12,21,10,8,0,3,6,22,7,27,4,15,25,2,24,1,16,18,14,43,5,34,17,13,9,20,49,38,44,37,32,36,30,28,11,26,
36,32,15,37,60,42,46,51,25,47,39,22,53,30,
4,56,53,61,47,30,22,39,62,25,42,14,51,46,37,15,32,36,7,58,
30,59,39,55,46,
65,24,48,7,12,21,10,8,49,0,3,44,6,22,27,4,15,25,2,43,1,16,18,14,5,34,17,13,9,20,38,37,32,36,30,28,11,26,40,
68,30,59,22,39,46,55,
30,59,39,55,46,

32,15,36,53,47,51,42,55,46,63,39,22,59,25,30,68,60,
72,
15,51,42,60,25,47,70,36,59,46,53,30,63,68,22,32,55,39,

75,15,51,42,60,25,47,70,36,59,46,53,30,63,68,22,32,55,39,73,
35,30,36,32,37,31,19,33,29,41,52,15,23,11,48,28,26,40,3,43,6,38,1,9,34,5,17,18,16,2,24,25,14,4,27,7,44,22,0,8,10,21,12,49,20,13,
46,55,30,74,59,39,72,
46,55,76,30,74,59,39,72,
37,66,75,15,51,42,60,25,71,47,70,36,59,46,53,77,30,63,68,22,32,55,39,73,
49,50,43,52,45,54,64,23,35,40,31,11,26,19,33,29,28,44,3,15,13,20,12,21,10,8,0,41,6,22,7,48,27,4,14,25,24,2,1,16,18,17,5,34,9,38,
76,74,39,72,55,
32,49,50,43,52,45,54,64,23,35,40,31,11,26,19,33,29,28,44,3,15,13,20,12,21,10,8,0,41,6,22,7,48,27,4,14,25,24,2,1,16,18,17,5,34,9,38,
35,30,36,32,37,31,19,33,29,41,52,15,23,11,48,28,26,40,3,43,6,38,1,9,34,5,17,18,16,2,24,25,14,4,27,7,44,22,0,8,10,21,12,49,20,13,
56,61,58,37,7,66,75,46,15,14,73,51,81,22,42,71,60,25,47,70,36,59,30,53,77,4,63,68,39,32,55,62,
38,12,21,10,8,0,3,6,27,2,24,1,16,18,20,43,34,17,13,9,58,36,32,46,51,4,60,37,14,61,42,25,62,15,39,22,47,7,30,53,56,67,57,5,49,
76,
58,37,7,66,75,46,15,14,73,51,81,22,42,71,60,25,47,70,36,59,30,53,77,63,68,39,32,61,55,
38,12,21,10,8,0,3,6,27,2,24,1,16,18,20,43,34,17,13,9,66,58,36,32,46,51,4,37,14,61,42,25,62,15,39,22,47,7,30,53,56,67,60,57,5,49,
29,19,31,23,52,42,47,39,57,69,28,65,24,48,7,12,21,10,8,49,0,3,44,6,22,27,4,15,25,2,43,1,16,18,14,5,34,17,13,9,20,38,37,32,36,30,11,26,40,
38,12,21,10,8,0,3,6,27,2,24,1,16,18,20,43,34,17,13,9,66,58,36,32,46,51,4,37,14,61,42,25,62,15,39,22,47,7,30,53,56,67,60,63,57,5,55,49,
40,26,11,30,36,32,37,20,9,13,17,34,5,14,18,1,43,2,25,15,27,22,6,44,3,0,49,8,10,21,7,48,24,12,65,28,16,69,4,57,39,47,42,52,23,31,19,29,38,91,
55,88,76,74,39,72,

32,38,9,34,5,17,18,16,2,24,25,14,4,27,48,7,22,6,41,0,8,10,21,12,20,13,15,3,44,28,33,19,26,31,40,35,23,11,64,1,54,45,52,43,50,49,29,82,


94,39,72,83,55,88,76,74,
71,32,68,63,53,36,70,47,25,60,51,15,75,72,55,74,39,76,22,59,80,83,46,30,42,79,
51,93,40,26,11,30,36,32,37,20,9,13,17,34,5,14,18,1,43,2,25,15,27,22,6,44,3,56,0,49,8,10,21,7,48,24,12,65,28,16,69,4,57,39,47,42,52,23,31,19,29,38,91,
31,19,33,29,41,42,23,52,69,28,65,24,48,7,12,21,10,8,49,0,3,44,6,22,27,4,15,25,2,43,1,16,18,14,5,34,17,13,9,20,38,37,32,36,30,11,26,40,
29,19,31,23,40,26,11,30,36,32,37,38,20,9,13,17,34,5,14,18,16,1,43,2,25,15,4,27,22,6,44,3,0,49,8,10,21,12,7,48,24,65,28,69,62,47,39,42,51,46,58,57,56,53,52,
84,31,32,49,50,43,52,45,54,1,64,11,23,35,40,26,19,33,29,82,28,44,3,15,13,20,12,21,10,8,0,41,6,22,7,48,27,4,14,25,24,2,16,18,17,5,34,9,38,

79,59,46,80,71,94,39,72,83,55,88,30,76,74,
19,29,23,40,26,11,30,36,32,37,38,20,9,13,17,34,5,14,18,16,1,43,2,25,15,4,27,22,6,44,3,0,49,8,10,21,12,7,48,24,65,28,69,62,47,39,42,51,46,58,61,53,57,56,52,
95,
76,95,
38,12,21,10,8,0,3,6,27,2,24,1,16,18,20,43,34,17,13,9,49,5,57,68,30,59,60,22,63,39,25,66,46,42,47,55,14,36,53,15,56,51,32,73,70,67,4,61,62,37,7,58,
72,95,88,76,74,
19,29,23,52,40,26,11,28,44,48,65,69,87,38,12,21,10,57,8,0,47,3,6,53,27,2,49,24,1,16,18,20,67,43,34,17,13,60,9,56,58,36,32,46,51,4,37,14,61,42,25,62,15,39,22,7,30,5,
105,
68,70,106,72,55,79,22,59,80,71,88,94,76,39,46,83,30,74,25,99,
42,45,64,65,69,85,32,35,30,36,37,31,19,33,29,41,52,15,23,11,48,28,26,40,3,43,6,38,1,9,34,5,17,18,16,2,24,25,78,14,4,27,7,44,22,0,8,10,21,12,49,20,13,
67,31,107,48,19,29,23,40,26,11,30,36,32,37,38,20,9,13,17,34,5,14,18,16,1,43,2,61,25,15,4,27,22,6,65,44,103,3,62,0,49,8,10,69,21,12,7,24,28,47,39,42,51,46,58,53,57,56,52,
50,45,54,64,65,85,32,35,30,36,37,31,19,33,29,41,52,15,23,11,48,28,26,40,3,43,6,38,1,9,34,5,17,18,16,2,24,25,78,14,4,27,7,44,22,0,8,10,21,12,49,20,13,
46,83,39,99,109,94,111,59,76,55,72,95,88,74,
59,40,26,11,28,44,48,65,69,87,92,39,38,12,21,10,63,8,61,0,53,3,56,6,27,2,55,24,1,16,18,20,43,34,17,13,66,9,62,58,5,36,32,46,51,4,57,37,90,14,67,42,25,15,22,47,7,60,30,49,
50,45,54,78,25,35,30,36,32,37,31,19,33,29,41,52,15,23,11,64,48,28,26,40,3,43,6,38,1,9,34,5,17,18,16,2,24,14,4,27,7,44,22,0,8,10,21,12,49,20,13,
29,23,52,59,40,26,11,28,44,48,65,69,87,92,39,38,12,21,10,63,8,61,0,53,3,56,6,27,2,55,24,1,16,18,20,43,34,17,13,66,9,62,58,5,36,32,46,51,4,57,37,90,14,67,42,25,15,22,47,7,60,30,49,
33,61,91,93,103,44,29,19,31,23,40,26,11,30,36,32,37,38,20,9,13,17,34,5,14,18,16,1,43,2,25,15,4,27,22,6,65,3,62,0,49,8,10,69,21,12,7,48,24,28,47,39,42,101,51,46,58,57,56,53,52,
68,70,95,106,72,55,79,22,59,80,71,88,94,76,39,46,83,30,74,99,
97,98,
33,91,93,103,44,29,19,31,23,40,26,11,30,36,32,37,38,20,9,13,17,34,5,14,18,16,1,43,2,25,15,4,27,22,6,65,3,62,0,49,8,10,69,21,12,7,48,24,28,47,39,42,101,51,46,58,57,56,53,52,
60,91,116,67,6,31,107,46,48,19,29,23,40,26,11,30,36,32,37,38,20,9,13,17,34,5,14,18,16,1,62,43,2,61,0,25,15,4,65,27,22,44,103,42,3,49,8,69,10,21,12,7,24,28,47,39,51,58,53,57,56,52,
67,91,93,31,107,48,19,29,23,40,26,11,30,36,32,37,38,20,9,13,17,34,5,14,18,16,1,43,2,61,25,15,4,27,22,6,65,44,103,3,62,0,49,8,10,69,21,12,7,24,28,47,39,42,51,46,58,53,57,56,52,
121,29,23,90,52,59,40,26,11,28,44,48,65,69,2,87,20,92,25,39,38,12,21,10,63,8,61,0,67,53,3,56,6,27,55,24,1,16,18,43,34,17,13,66,9,62,58,5,36,32,46,51,4,57,37,14,42,15,22,47,7,60,30,49,19,
98,97,124,
79,30,118,80,46,83,99,94,59,39,76,55,109,72,95,88,111,74,
77,71,81,75,86,90,110,51,38,12,21,10,8,67,0,59,3,62,6,27,2,61,24,1,60,16,18,20,43,34,17,13,9,68,49,5,57,30,22,63,4,39,25,66,7,46,42,47,55,14,73,36,53,15,56,32,70,37,58,92,
52,53,56,57,58,46,51,42,39,47,28,48,7,12,21,10,8,49,0,62,3,65,6,22,27,4,15,25,69,2,43,1,16,18,14,5,101,34,17,13,9,20,38,37,32,30,11,40,23,31,19,29,44,36,103,26,93,24,91,61,33,122,
60,87,112,116,67,6,31,107,46,48,19,29,23,40,26,11,30,36,32,37,38,20,9,13,17,34,5,14,18,16,1,62,43,2,61,0,25,15,4,65,27,22,44,103,42,3,49,8,69,10,21,12,7,24,28,47,39,51,58,53,57,56,52,
39,47,78,35,102,49,31,19,33,29,41,42,23,52,69,16,28,65,12,24,48,7,21,10,8,0,3,44,6,22,27,4,15,25,2,43,1,18,14,5,34,17,13,9,20,38,37,32,85,36,30,11,26,40,
79,30,80,118,46,83,99,94,59,39,76,55,109,72,95,88,111,74,108,
112,128,61,121,29,23,90,52,59,40,26,11,28,44,48,65,69,2,87,20,92,25,39,38,12,21,10,63,8,0,67,53,3,56,6,27,55,24,1,16,18,43,34,17,13,66,9,62,58,5,36,32,46,51,4,57,37,14,42,15,22,47,7,60,30,49,19,
98,113,97,108,105,95,
105,118,46,83,99,94,59,39,76,55,109,72,95,88,111,74,108,
91,93,101,31,107,48,19,29,23,40,26,11,30,36,32,37,38,20,9,13,17,34,5,14,18,16,1,43,2,61,25,15,4,27,22,6,65,44,103,3,62,0,49,8,10,69,21,12,7,24,28,47,39,42,51,46,58,53,57,56,52,
97,105,98,113,
59,90,55,63,66,92,112,51,19,29,23,52,40,26,87,11,28,44,48,65,4,69,8,38,12,21,10,57,0,61,47,3,6,67,53,27,2,49,24,1,62,16,18,20,43,34,17,13,60,9,56,58,36,32,46,107,37,14,42,25,15,39,22,7,30,5,
75,70,73,68,119,59,40,26,11,28,44,48,65,69,2,87,20,92,25,39,38,12,21,10,63,8,61,0,67,53,3,56,6,27,55,24,1,16,18,43,110,34,17,13,66,9,62,58,5,36,32,46,51,4,57,37,90,14,42,15,22,47,7,60,30,49,
29,23,119,52,59,40,26,11,28,44,48,65,69,2,87,20,92,25,39,38,12,21,10,63,8,61,0,67,53,3,56,6,27,55,24,1,16,18,43,34,17,13,66,9,62,58,5,36,32,46,51,4,57,37,90,14,42,15,22,47,7,60,30,49,
9,13,17,55,32,63,61,30,59,36,39,70,3,47,25,60,71,4,53,22,89,81,14,51,42,73,6,77,10,15,46,75,8,66,7,74,68,1,37,58,86,56,62,72,5,67,0,57,43,18,16,2,24,27,21,12,20,34,
17,55,32,63,61,30,59,36,39,70,3,47,25,60,71,4,53,22,89,81,14,51,42,73,6,77,10,15,46,75,8,66,7,74,68,1,37,58,86,56,62,79,12,72,5,76,67,0,57,43,18,16,2,24,27,21,20,34,
95,113,97,98,105,140,
87,131,77,10,71,4,81,14,75,8,86,90,110,43,51,38,12,21,67,0,59,3,70,62,6,73,27,2,61,24,1,68,60,16,18,20,34,17,13,9,49,5,57,30,22,89,63,39,25,92,66,7,46,42,47,55,36,53,15,56,32,37,58,
78,35,85,91,47,39,57,56,93,51,102,49,31,19,33,29,41,42,23,52,69,16,28,65,12,24,48,101,7,21,10,8,0,3,44,6,22,27,4,15,25,2,43,1,18,14,5,34,17,13,9,20,38,37,32,36,30,11,26,40,
71,75,77,70,73,68,119,59,40,26,11,28,44,48,65,69,2,87,20,92,25,39,38,12,21,10,63,8,61,0,67,53,3,56,6,27,55,24,1,16,18,43,110,34,17,13,66,9,62,58,5,36,32,46,51,4,57,37,90,14,42,15,22,47,7,60,30,49,
77,71,75,81,70,73,68,119,59,40,26,11,28,44,48,65,69,2,87,20,92,25,39,38,12,21,10,63,8,61,0,67,53,3,56,6,27,55,24,1,16,18,43,110,34,17,13,66,9,62,58,5,36,32,46,51,4,57,37,90,14,42,15,22,47,7,60,30,49,
70,73,68,9,29,23,90,119,52,59,40,26,11,28,44,48,65,69,2,87,20,92,25,39,38,12,21,10,63,8,61,0,67,53,3,56,143,6,27,55,24,1,16,18,43,110,34,17,13,66,62,58,5,36,32,46,51,4,57,37,14,42,15,22,47,7,60,30,49,
97,98,124,129,
15,36,53,47,51,42,60,63,25,130,83,74,111,88,135,109,55,108,39,59,106,94,46,95,72,118,71,80,76,123,99,30,79,68,70,22,114,
105,129,124,98,97,
19,121,128,112,9,29,23,90,119,52,59,40,26,11,28,44,48,65,69,2,136,87,20,92,25,39,38,12,21,10,63,8,61,0,67,53,3,56,143,6,27,55,24,1,16,18,43,34,17,13,66,62,58,5,36,32,46,51,4,57,37,14,42,15,22,47,7,60,30,49,
80,79,108,111,88,72,30,113,109,74,137,95,76,39,59,94,135,83,46,99,118,105,55,138,97,98,
75,32,100,71,30,15,36,118,53,135,94,88,51,42,83,60,63,105,22,47,130,74,111,153,70,109,68,138,55,25,108,39,80,59,106,46,95,72,76,123,99,79,114,
73,42,75,15,51,60,47,36,53,63,32,100,25,130,83,74,111,88,135,109,55,108,39,59,106,94,46,95,72,118,71,80,76,123,99,30,79,68,70,22,114,
80,109,138,79,108,137,111,88,30,72,130,113,55,74,95,98,39,156,97,94,76,135,83,105,46,99,59,118,
77,121,75,142,9,70,73,151,2,68,29,23,90,119,48,52,59,40,26,11,28,44,65,69,87,16,20,92,21,25,39,110,38,12,10,63,8,61,0,67,53,3,56,143,1,6,27,55,24,18,43,34,17,13,66,62,58,5,36,32,46,51,4,57,37,14,42,15,22,47,7,60,30,49,
37,77,138,153,105,158,72,73,30,42,75,32,118,15,51,94,60,47,36,79,53,63,106,100,157,68,130,83,74,88,109,55,108,111,22,39,59,135,46,95,71,25,114,80,123,76,99,70,
55,83,39,94,137,140,105,98,97,74,95,72,113,108,111,88,76,146,99,109,
129,98,97,124,152,
63,66,90,126,127,67,116,112,87,60,5,91,24,93,26,101,34,31,107,40,48,19,29,23,11,30,36,103,32,37,38,20,9,13,17,14,18,16,1,43,139,2,69,61,25,15,4,27,22,6,65,44,3,62,0,49,8,10,21,12,7,28,47,39,42,51,46,58,53,57,56,52,133,
123,25,159,80,111,109,140,71,138,76,79,108,70,137,88,97,30,72,130,99,46,113,55,74,105,95,98,106,39,22,156,94,68,135,83,59,118,
89,86,131,142,8,77,6,71,149,0,75,4,81,10,70,73,2,68,119,48,59,40,26,11,28,44,65,69,87,16,20,92,21,25,39,110,38,12,63,61,67,53,3,56,27,55,24,150,1,18,43,34,17,13,66,9,62,58,5,36,32,46,51,57,37,90,14,42,15,22,47,7,60,30,49,
88,74,111,108,97,124,129,109,72,146,95,98,105,154,137,76,113,140,
15,53,60,47,114,123,25,159,80,111,42,109,140,71,138,76,79,108,70,137,88,97,30,72,63,130,99,46,113,55,74,105,95,98,106,39,22,156,94,68,135,83,59,51,118,
91,103,31,116,133,121,128,141,59,90,19,55,63,66,92,21,112,51,29,23,52,40,26,87,16,11,28,44,48,65,136,4,69,8,38,12,10,57,0,61,47,3,6,67,53,27,2,49,24,1,62,18,20,43,34,17,13,60,9,56,58,36,107,32,46,37,14,42,25,15,39,22,7,30,5,
88,108,97,124,129,109,146,95,98,105,154,137,76,113,140,
86,142,81,75,71,77,9,70,73,151,2,68,29,23,90,119,48,52,59,40,26,11,28,44,65,69,87,16,20,92,21,25,39,110,38,12,10,63,8,61,149,0,67,53,3,56,143,150,1,6,27,55,24,18,43,34,17,13,66,62,58,5,36,32,46,51,4,57,37,14,42,15,22,47,7,60,30,49,
108,97,124,129,146,95,98,105,154,137,152,113,140,
75,107,141,110,68,73,70,9,19,92,121,48,128,55,112,39,29,23,90,17,119,46,52,59,40,26,11,28,44,65,69,136,63,87,14,20,25,38,12,21,10,8,61,0,67,53,3,56,143,155,6,27,24,1,16,18,43,34,13,66,62,58,5,2,151,36,32,51,4,57,37,42,15,22,47,7,60,30,49,
29,23,52,86,131,142,8,77,6,71,149,0,75,4,81,10,70,73,2,68,119,48,59,40,26,11,28,44,65,69,87,16,20,92,21,25,39,110,38,12,63,61,67,53,3,56,27,55,24,150,1,18,43,34,17,13,66,9,62,58,5,36,32,46,51,57,37,90,14,42,15,22,47,7,60,30,49,
55,83,39,94,167,98,88,111,74,97,108,154,124,129,109,72,95,105,137,76,146,99,113,140,
83,80,100,76,72,79,74,13,87,20,131,77,147,10,71,4,81,14,75,86,90,110,43,51,38,12,21,67,0,59,3,70,62,6,73,27,2,61,24,1,68,60,16,18,34,17,9,49,5,57,30,22,89,63,39,25,92,66,144,7,46,42,47,55,36,53,15,56,32,37,58,8,145,
105,163,129,98,97,124,152,
68,31,103,107,9,19,92,121,48,128,55,112,39,29,23,90,17,119,46,52,59,40,26,11,28,44,65,69,2,136,63,87,14,20,25,38,12,21,10,8,61,0,67,53,3,56,143,155,6,27,24,1,16,18,43,34,13,66,62,58,5,36,32,51,4,57,37,42,15,22,47,7,60,30,49,141,
92,83,80,100,49,38,110,13,9,55,32,63,2,61,0,30,59,36,39,70,3,47,25,86,60,71,10,4,53,22,17,144,89,81,20,14,75,51,42,73,12,6,67,77,16,15,76,46,8,66,5,7,68,74,1,62,37,58,56,79,145,18,72,57,43,24,27,21,34,
114,63,146,165,83,123,118,80,39,111,70,109,68,140,99,71,97,159,76,162,79,25,108,137,138,55,88,72,30,113,130,46,74,156,95,98,106,105,22,94,135,59,
103,31,116,133,121,128,141,59,90,19,55,63,66,92,21,112,51,29,23,52,40,26,87,16,11,28,44,48,65,136,4,69,8,38,12,10,57,0,61,47,3,6,67,53,27,2,49,24,1,62,18,20,43,34,17,13,60,9,56,58,36,107,32,46,37,14,42,25,15,39,22,7,30,5,
80,69,65,48,44,28,11,26,40,119,76,72,79,74,13,87,20,131,77,147,10,71,4,81,14,75,86,90,110,43,51,38,12,21,67,0,59,3,70,62,6,73,27,2,61,24,1,68,60,16,18,34,17,9,49,5,57,30,22,89,63,39,25,92,66,144,7,46,42,47,55,36,53,15,56,32,37,58,8,145,
108,152,124,97,98,129,163,146,95,154,137,105,113,140,
124,146,165,83,123,118,80,39,111,70,109,68,140,99,154,71,97,159,76,162,79,25,108,137,138,55,88,72,30,113,130,129,46,74,156,95,98,106,105,22,94,135,59,
19,128,112,136,149,81,71,160,2,77,121,42,75,142,63,9,70,73,151,68,29,23,90,11,119,40,48,52,59,26,28,44,65,69,87,8,16,20,92,13,21,25,39,110,38,12,10,61,0,67,53,3,56,143,1,6,27,55,24,18,43,34,17,66,62,58,5,36,32,46,51,4,57,37,14,15,22,47,7,60,30,49,150,
44,18,83,4,80,1,100,21,76,72,79,0,74,13,92,87,8,20,131,77,147,68,10,89,71,81,2,14,75,86,7,90,110,43,51,38,12,67,59,3,70,62,6,73,27,61,24,60,16,34,17,176,9,49,5,57,30,22,63,39,25,66,145,144,46,42,47,55,36,53,15,56,32,37,58,48,
88,108,97,124,129,95,172,98,105,154,137,152,76,113,140,146,109,
92,88,94,83,80,100,49,38,110,13,9,55,32,63,2,61,0,30,59,36,39,70,3,47,25,86,60,71,10,4,53,22,17,144,89,81,20,14,75,51,42,73,12,6,67,77,16,15,76,46,8,66,5,7,68,74,1,62,37,58,56,79,145,18,72,57,43,24,27,21,34,
89,143,151,16,29,23,52,131,86,174,7,142,63,8,87,77,6,71,150,149,70,0,75,171,4,81,2,10,73,68,119,40,48,59,26,11,90,28,44,65,69,20,92,13,21,25,39,110,38,12,61,67,53,3,56,27,55,24,1,18,43,34,17,66,9,62,58,5,36,32,46,51,57,37,14,42,15,22,47,60,30,49,
75,32,100,36,153,146,162,74,15,109,53,60,47,94,114,123,76,25,72,159,80,111,42,140,46,168,71,118,138,79,108,70,137,88,135,97,30,63,130,83,99,113,55,105,95,98,51,106,156,59,39,22,165,68,
186,44,18,83,4,80,1,100,21,76,72,79,0,74,13,92,87,8,20,131,77,147,68,10,89,71,81,2,14,75,86,7,90,11,110,43,51,38,12,67,59,3,70,62,6,73,27,61,24,60,16,34,17,176,9,49,5,57,30,22,63,39,25,66,145,144,46,42,47,55,36,53,15,56,32,37,58,48,
172,98,108,152,124,97,129,163,183,146,95,154,137,105,113,140,177,
100,88,83,94,80,106,49,38,110,13,9,55,32,63,2,61,0,30,59,36,39,70,3,47,25,86,60,71,10,4,53,22,17,144,89,81,20,14,75,51,42,73,12,6,67,77,16,15,76,46,8,66,5,7,68,74,1,62,37,58,56,79,145,18,72,57,43,24,27,21,34,
75,36,153,124,32,129,154,51,42,47,60,53,15,39,114,63,146,99,118,180,83,130,123,76,80,111,70,109,165,68,162,140,46,97,159,79,25,72,108,137,138,55,88,135,30,113,74,71,168,95,98,106,156,59,105,22,94,
30,80,59,118,79,138,162,152,175,88,146,55,83,97,94,109,39,98,170,111,140,74,167,108,137,124,154,95,129,72,46,105,76,99,113,172,
25,71,22,106,70,68,99,76,135,105,46,72,129,95,154,124,137,108,167,74,140,111,170,98,39,109,94,97,156,83,113,55,146,88,175,162,159,80,138,79,30,130,59,118,123,
71,107,136,112,128,19,160,2,77,121,42,75,142,63,9,70,73,151,68,29,23,90,11,119,40,48,52,59,26,28,44,65,69,87,8,16,20,92,13,21,25,39,110,38,12,10,61,0,67,53,3,56,143,1,6,27,55,24,18,43,34,17,66,62,58,5,36,32,46,51,4,57,37,14,15,22,47,7,60,30,49,155,
36,153,51,42,47,60,53,15,63,114,184,137,124,30,146,99,118,168,71,130,123,76,80,39,83,180,111,167,70,109,165,68,162,140,46,154,97,159,79,25,72,108,138,55,88,135,113,32,129,74,95,98,106,156,59,105,22,94,
23,52,76,79,72,74,144,166,8,87,89,10,86,7,131,142,63,77,6,71,150,149,70,0,75,4,81,2,73,68,147,119,40,48,59,26,11,90,28,44,65,69,16,20,92,13,21,25,39,110,38,12,61,67,53,3,56,27,55,24,1,18,43,34,17,66,9,62,58,5,36,32,46,51,57,37,14,42,15,22,47,60,30,49,
184,194,76,135,75,36,154,95,153,94,124,129,70,51,42,47,165,106,60,15,74,39,98,114,55,63,146,99,118,59,53,180,83,130,71,123,80,111,109,168,68,162,140,22,46,105,97,156,32,159,79,138,25,72,108,137,88,30,113,
83,142,149,16,80,69,65,48,131,44,28,11,26,40,119,36,76,72,79,74,13,87,4,20,77,147,10,71,81,14,75,86,3,90,7,110,27,43,51,38,12,21,67,150,0,59,70,62,145,6,89,73,2,61,144,24,1,68,60,18,34,17,9,92,49,5,57,30,22,63,39,25,66,46,42,47,55,53,182,15,56,32,37,58,8,
11,88,94,186,44,18,83,4,80,1,100,21,76,72,79,0,74,13,92,87,8,20,131,77,147,68,10,89,71,81,2,14,75,86,7,90,110,43,51,38,179,12,67,59,3,70,62,6,73,27,61,24,60,16,34,17,176,9,49,5,57,30,22,63,39,25,66,145,144,46,42,47,55,36,53,15,56,32,37,58,48,
83,16,80,69,65,48,131,44,28,11,26,40,119,36,76,72,79,74,13,87,4,20,77,147,10,71,81,14,75,86,3,90,7,110,27,43,51,38,12,21,67,0,59,70,62,145,6,89,73,2,61,144,24,1,68,60,18,34,17,100,9,92,49,5,57,30,22,63,39,25,66,46,42,47,55,53,182,15,56,32,37,58,8,
95,113,105,140,163,97,152,129,98,124,177,154,
83,150,149,142,16,80,69,65,48,131,44,28,11,26,40,119,36,76,72,79,74,13,87,4,20,77,147,10,71,81,14,75,86,3,90,7,110,27,43,51,38,12,21,67,0,166,59,70,62,145,6,89,73,2,61,144,24,1,68,60,18,34,17,9,92,49,5,57,30,22,63,39,25,66,46,42,47,55,53,182,15,56,32,37,58,8,
99,90,147,131,87,34,24,43,57,18,72,145,56,58,62,1,74,68,5,66,46,67,79,6,12,42,51,14,20,8,81,16,89,17,22,53,77,4,144,71,60,25,76,3,70,39,188,36,59,30,179,73,0,61,75,2,63,32,55,9,86,13,37,110,38,49,106,7,80,21,94,10,83,15,88,27,176,100,47,193,92,
69,65,28,11,26,40,186,44,18,83,4,80,1,100,21,76,72,79,0,74,13,92,87,8,20,131,77,147,68,10,89,71,81,2,14,75,86,7,90,110,43,51,38,12,67,59,3,70,62,6,73,27,61,24,60,16,34,17,176,9,49,5,57,30,22,63,39,25,66,145,144,46,42,47,55,36,53,15,56,32,37,58,48,119,
39,72,111,74,177,95,140,113,154,137,183,163,129,88,170,105,146,187,124,152,108,98,172,97,76,192,109,167,
49,100,114,99,83,94,88,80,106,95,123,13,9,55,32,63,2,61,0,30,59,36,39,70,3,47,25,86,60,71,10,4,53,22,17,144,89,81,20,14,75,51,42,73,12,6,67,77,16,15,76,46,8,66,5,7,68,74,1,62,37,58,56,79,145,18,72,57,43,24,27,21,34,
59,162,170,99,72,74,111,167,39,83,55,94,177,95,140,113,154,137,183,163,129,88,105,146,187,124,152,108,98,172,97,76,192,109,175,
8,37,32,15,53,47,46,66,39,63,22,57,5,49,9,17,34,18,60,68,24,55,144,61,2,73,6,56,145,62,70,59,89,0,67,12,38,51,43,27,21,110,7,1,90,92,3,86,75,14,81,71,10,58,147,77,20,182,4,87,13,74,79,72,76,36,30,119,40,26,100,11,28,44,42,131,48,65,69,80,16,83,25,203,
100,111,114,99,83,94,88,80,106,95,123,13,9,55,32,63,2,61,0,30,59,36,39,70,3,47,25,86,60,71,10,4,53,22,17,144,89,81,20,14,75,51,42,73,12,6,67,77,16,15,76,46,8,66,5,7,68,74,1,62,37,58,56,79,145,18,72,57,43,24,27,21,34,
40,26,28,65,69,25,186,20,44,18,83,0,4,87,80,1,100,17,21,76,72,79,74,13,92,8,131,48,77,147,68,10,9,176,89,6,71,81,2,14,75,86,3,7,90,11,110,27,43,51,38,179,12,67,59,70,62,145,73,61,144,191,24,60,16,34,49,5,57,30,22,63,39,66,46,42,47,55,36,53,15,56,32,37,58,
46,79,80,195,210,99,138,59,170,72,183,146,30,109,74,111,88,167,118,39,76,162,83,55,129,94,140,95,154,137,163,105,124,152,187,108,177,98,172,97,113,192,175,
46,79,80,195,210,99,138,59,170,72,183,146,30,109,74,111,88,167,118,39,76,162,83,55,129,94,140,95,154,137,163,105,124,152,187,108,177,98,172,97,113,192,175,
100,114,111,109,118,99,83,94,88,80,106,95,123,13,9,55,32,63,2,61,0,30,59,36,39,70,3,47,25,86,60,71,10,4,53,22,17,144,89,81,20,14,75,51,42,73,12,6,67,77,16,15,76,46,8,66,5,7,68,74,1,62,37,58,56,79,145,18,72,57,43,24,27,21,34,
59,99,94,83,55,177,146,39,163,72,111,208,74,167,162,95,140,109,113,154,137,183,152,129,98,88,170,175,108,187,124,105,172,97,76,192,
99,94,83,55,177,146,39,163,72,111,208,74,167,162,95,140,109,113,154,137,183,152,129,98,88,170,175,108,187,124,105,172,97,76,192,
114,48,44,186,99,16,90,7,147,131,87,4,34,24,43,57,18,72,145,62,56,58,1,74,68,5,88,66,46,67,79,6,89,42,51,14,20,8,81,17,100,22,53,77,144,61,71,60,25,76,3,86,70,206,39,36,59,30,12,179,13,73,0,83,75,2,63,32,55,92,37,110,27,193,38,49,106,80,188,21,94,10,9,176,15,47,
114,48,44,186,99,16,90,7,147,131,87,4,34,24,43,57,18,72,145,62,56,58,1,74,68,5,88,66,46,67,79,6,89,42,51,14,20,8,81,17,100,22,53,77,144,61,71,60,25,76,3,86,70,206,39,36,59,30,12,179,13,73,0,83,75,2,63,32,55,92,37,110,27,193,38,49,106,80,188,21,94,10,9,176,15,47,
183,172,175,170,15,137,76,163,36,97,153,51,42,47,108,187,60,114,63,124,184,123,30,146,99,118,168,46,198,71,130,80,39,83,22,53,180,111,167,106,70,109,165,195,68,129,162,140,79,154,32,159,98,152,25,72,138,55,88,135,74,196,113,95,156,59,105,94,
135,74,46,140,187,79,163,99,146,138,59,170,76,72,183,30,124,109,208,111,88,167,214,215,118,39,162,83,80,177,129,94,154,137,105,55,152,108,195,98,95,192,172,97,210,113,175,
36,153,51,42,47,60,53,15,168,63,114,180,165,79,138,80,177,159,175,113,130,83,97,94,156,59,109,39,98,195,111,74,167,70,108,137,30,124,154,95,192,129,140,46,105,88,135,123,170,76,146,99,196,162,68,106,22,118,71,72,25,55,152,172,163,183,187,184,
108,130,110,38,193,49,216,58,100,21,114,111,32,109,30,118,39,99,20,83,4,94,15,88,9,80,1,106,27,95,16,123,13,55,63,2,81,61,0,79,59,36,70,3,47,25,86,7,60,71,10,89,53,22,17,144,14,75,51,209,42,73,12,6,67,77,76,46,8,66,145,5,68,74,62,37,56,18,72,57,43,24,34,212,
55,177,146,39,163,72,111,208,74,167,95,140,109,113,154,204,137,183,152,129,98,88,170,108,187,124,105,172,97,76,192,
137,146,183,108,204,95,163,129,76,113,105,97,152,172,98,124,192,140,177,154,
119,40,26,65,69,25,8,20,44,18,83,89,4,87,176,80,1,90,0,179,100,11,17,21,110,76,72,79,74,13,92,182,3,131,42,48,77,147,58,68,10,9,6,71,81,2,14,75,86,186,7,27,43,51,38,191,12,67,59,70,62,145,56,73,61,144,55,24,60,16,213,34,49,5,57,30,22,63,39,66,46,47,36,53,15,32,37,28,207,
111,48,44,186,92,193,38,110,87,131,147,90,51,49,100,188,21,114,99,20,83,4,94,15,88,176,9,80,1,106,27,95,16,123,13,55,32,63,2,81,61,0,79,30,59,36,70,3,47,25,86,7,60,71,10,89,53,22,17,144,14,75,209,42,73,179,12,6,67,77,76,46,8,66,145,5,68,74,62,37,58,56,18,72,57,43,24,34,39,206,
142,149,150,176,8,37,211,32,15,53,47,46,66,39,63,22,57,5,49,9,17,34,18,60,68,55,144,61,2,73,6,56,145,62,70,59,89,0,67,12,38,51,43,27,21,110,186,7,1,90,92,86,75,14,81,71,10,58,147,77,20,3,182,4,87,13,74,79,72,76,36,30,119,40,26,100,11,44,42,131,48,65,69,80,16,83,25,24,203,28,207,
87,90,131,135,92,224,46,108,130,110,21,38,15,49,58,100,114,25,111,22,32,109,20,118,39,99,10,83,4,94,5,88,188,9,80,1,106,17,27,95,6,16,123,34,212,13,55,144,63,2,81,61,179,0,89,79,59,36,70,3,47,86,7,60,71,53,193,14,75,51,30,209,42,73,12,67,77,76,8,66,145,56,68,74,62,216,37,18,72,57,43,24,
109,88,226,137,183,146,108,177,154,204,95,163,187,140,129,170,76,113,152,105,97,172,192,98,124,
167,109,187,170,88,74,111,72,39,226,137,183,146,192,55,108,154,95,163,140,152,129,76,113,105,97,172,204,98,177,124,208,
40,26,28,65,69,106,202,36,11,94,88,5,186,20,44,18,83,0,4,87,80,1,100,17,188,21,76,72,79,74,13,92,8,131,48,77,147,68,10,9,176,89,6,71,81,2,14,75,86,3,7,90,110,27,43,51,38,179,12,67,59,70,62,145,73,61,144,191,24,60,16,34,49,57,30,22,63,39,25,66,46,42,47,55,53,15,56,32,37,58,
109,228,131,34,111,14,48,145,44,186,89,92,193,38,110,87,147,90,51,49,100,3,188,21,114,17,99,2,20,83,4,94,15,88,176,79,9,106,80,1,27,95,16,123,55,32,63,81,61,0,30,59,36,70,47,144,25,86,60,71,209,10,53,22,75,42,73,179,12,7,206,6,67,77,76,46,8,66,5,68,74,62,37,58,56,18,13,212,72,57,43,24,39,
147,230,36,87,90,131,34,135,38,92,30,46,108,130,110,21,118,15,49,58,100,3,114,224,25,111,14,22,17,216,32,109,12,20,39,99,2,209,10,83,4,94,5,88,188,9,106,80,1,27,95,6,16,123,13,212,18,55,144,47,63,81,61,179,0,89,79,176,59,70,86,7,60,71,53,193,75,51,42,73,67,77,76,8,66,145,56,68,74,62,37,72,57,43,24,
214,118,30,138,210,195,80,79,46,218,192,113,105,124,108,187,170,88,167,172,98,177,152,137,154,95,204,97,208,129,74,111,163,76,39,183,109,72,146,225,140,55,99,94,83,162,175,217,59,215,
83,94,99,204,109,72,183,225,146,39,76,170,167,88,232,74,111,226,137,113,192,55,187,108,154,95,163,140,105,97,129,208,172,177,98,124,152,231,
175,94,140,146,72,215,162,109,39,163,217,111,74,76,129,208,97,95,154,137,204,98,225,172,167,88,170,187,177,124,105,113,192,59,218,99,152,46,79,80,195,210,138,83,30,118,55,108,214,183,236,
98,172,97,152,113,170,140,129,187,192,105,76,163,124,95,177,154,183,108,137,226,204,146,88,109,231,
109,88,226,137,183,146,108,177,154,204,95,163,187,140,129,170,76,113,152,105,97,172,192,98,124,
44,105,153,158,147,230,235,36,87,90,131,34,135,38,92,30,46,108,130,110,21,118,15,49,58,100,3,114,224,25,111,14,22,17,216,32,109,12,20,39,99,2,209,10,83,4,94,5,88,188,9,106,80,1,27,95,6,16,123,13,212,18,55,144,47,63,81,61,179,0,89,79,176,59,70,86,206,7,60,71,53,193,75,51,42,73,67,77,76,8,66,145,56,68,74,62,37,72,57,43,24,
210,59,217,175,162,237,170,97,109,146,204,137,226,108,183,154,177,124,163,76,105,172,239,187,129,140,113,98,95,232,152,83,231,94,99,72,88,225,39,167,74,208,111,192,55,218,
98,113,157,158,105,153,138,161,147,230,235,36,87,90,131,34,135,38,92,30,46,108,130,110,21,118,15,49,58,100,3,114,224,25,111,14,22,17,216,32,109,12,20,39,99,2,209,10,83,4,94,5,88,188,9,106,80,1,27,95,6,16,123,13,212,18,55,144,47,63,81,61,179,0,89,79,176,59,70,86,7,60,71,53,193,75,51,42,73,67,77,76,8,66,145,56,68,74,62,37,72,57,43,24,
157,158,105,153,138,161,147,230,235,36,87,90,131,34,135,38,92,30,46,108,130,110,21,118,15,49,58,100,3,114,224,25,111,14,22,17,216,32,109,12,20,39,99,2,209,10,83,4,94,5,88,188,9,106,80,1,27,95,6,16,123,13,212,18,55,144,47,63,81,61,179,0,89,79,176,59,70,86,7,60,71,53,193,75,51,42,73,67,77,76,8,66,145,56,68,74,62,37,72,57,43,24,
72,240,109,88,146,204,137,226,108,124,183,95,154,177,163,76,105,74,192,187,129,140,111,170,152,239,97,231,113,172,98,
24,43,57,72,37,62,74,68,56,66,8,76,77,73,42,51,75,193,53,71,60,7,86,59,67,176,89,70,179,61,81,63,47,144,55,18,212,13,16,95,27,80,106,79,188,88,94,83,10,99,39,20,0,109,32,216,123,14,2,111,6,224,5,114,3,209,100,58,15,9,118,1,110,21,130,108,46,30,92,135,34,22,131,90,87,145,36,17,235,12,230,38,147,161,138,153,105,49,158,157,4,113,98,25,243,
105,153,158,186,44,48,228,147,230,235,36,87,90,131,34,135,38,92,30,46,108,130,110,21,118,15,49,58,100,3,114,224,25,111,14,22,17,216,32,109,12,20,39,99,2,209,10,83,4,94,5,88,188,9,106,80,1,27,95,6,16,123,13,212,18,55,144,47,63,81,61,179,0,89,79,176,59,70,86,206,7,60,71,53,193,75,51,42,73,67,77,76,8,66,145,56,68,74,62,37,72,57,43,24,
48,157,138,161,44,147,105,2,153,158,55,230,24,235,36,87,90,193,131,34,135,32,38,92,241,30,46,108,130,27,110,7,21,118,15,49,58,100,3,209,106,114,18,25,111,8,14,22,17,5,216,10,109,6,12,20,123,39,99,83,4,94,88,188,9,80,212,1,95,16,224,13,144,47,63,81,61,179,76,0,206,89,79,176,73,59,70,86,60,71,53,75,51,42,145,67,77,66,56,68,74,62,37,72,57,43,
46,138,79,118,80,30,195,242,210,59,111,175,162,218,109,237,170,97,146,98,137,226,217,108,55,154,177,124,163,76,129,105,172,225,239,187,240,140,113,204,95,232,152,231,72,94,88,39,167,183,74,99,208,83,192,
Future sets, 
10,24,8,3,1,128,34,18,145,17,144,43,20,147,16,143,9,136,212,85,216,209,82,155,28,173,126,141,103,230,107,234,197,31,78,205,125,178,104,96,139,50,229,102,133,54,181,233,101,228,64,191,243,116,115,117,244,164,134,84,211,127,185,19,169,132,93,220,33,160,199,52,179,112,29,91,174,38,121,248,171,44,151,23,150,202,189,26,148,65,69,213,166,41,207,45,224,227,48,182,149,120,247,203,142,35,201,122,40,219,92,119,246,11,193,110,188,131,90,176,49,235,206,241,87,186,13,2,
34,18,145,17,43,20,16,9,136,212,85,216,144,209,82,155,28,173,126,141,103,230,107,234,197,31,78,205,125,178,104,96,139,50,229,102,133,54,181,233,101,228,64,191,243,116,115,117,244,164,134,84,211,127,185,19,169,132,93,220,33,160,199,52,179,112,29,91,174,38,121,248,171,44,151,23,150,202,189,143,26,148,65,69,213,166,41,207,128,45,224,227,48,182,149,120,247,203,142,35,201,122,40,219,92,119,246,11,193,110,188,131,90,147,176,49,235,206,241,87,186,13,
34,18,145,17,43,20,16,9,136,212,85,216,144,209,82,155,28,173,126,141,103,230,107,234,197,31,78,205,125,178,104,96,139,50,229,102,133,54,181,233,101,228,64,191,243,116,115,117,244,164,134,84,211,127,185,19,169,132,93,220,33,160,199,52,179,112,29,91,174,38,121,248,171,44,151,23,150,202,189,143,26,148,65,69,213,166,41,207,128,45,224,227,48,182,149,120,247,203,142,35,201,122,40,219,92,119,246,11,193,110,188,131,90,147,176,49,235,206,241,87,186,13,
8,38,193,224,110,188,131,90,235,206,241,87,186,48,92,219,176,49,216,11,202,246,119,40,122,201,35,142,203,247,120,149,182,227,45,128,207,41,233,166,213,69,65,148,26,16,143,189,150,23,44,171,248,121,174,91,29,112,179,52,199,160,33,243,116,220,93,132,169,229,102,19,185,127,211,84,134,164,244,117,115,191,64,228,101,181,54,133,50,139,96,85,212,13,104,178,125,205,78,31,197,209,82,234,107,230,103,141,126,173,28,155,136,9,147,20,43,144,17,145,18,34,151,24,10,
86,67,5,142,6,143,27,164,21,12,149,8,145,38,193,56,224,87,110,247,188,131,90,227,235,206,69,241,104,186,49,48,185,92,229,219,82,176,216,11,148,202,65,246,119,40,122,201,64,35,203,120,182,45,128,207,41,178,233,96,166,29,213,26,16,189,52,150,13,23,160,44,181,171,34,248,121,174,91,228,112,179,199,33,243,116,220,93,230,132,169,102,19,127,211,84,134,244,107,117,115,191,54,101,133,50,139,85,212,125,205,78,31,197,209,234,103,141,126,173,28,155,18,136,9,147,10,20,43,144,17,151,24,57,
6,143,27,164,21,12,149,8,145,38,193,224,87,110,247,188,131,90,227,235,206,69,241,104,186,49,48,185,92,229,219,82,176,216,11,148,202,65,246,119,40,122,201,64,35,142,203,120,182,45,128,207,41,178,233,96,166,29,213,26,16,189,52,150,13,23,160,44,181,171,34,248,121,174,91,228,112,179,199,33,243,116,220,93,230,132,169,102,19,127,211,84,134,244,107,117,115,191,54,101,133,50,139,85,212,125,205,78,31,197,209,234,103,141,126,173,28,155,18,136,9,147,10,20,43,144,17,151,24,57,
27,21,12,8,38,193,224,110,188,131,90,235,206,241,87,186,48,92,219,176,49,216,11,202,246,119,40,122,201,35,142,203,247,120,149,182,227,45,128,207,41,233,166,213,69,65,148,26,16,143,189,150,23,44,171,248,121,174,91,29,112,179,52,199,160,33,243,116,220,93,132,169,229,102,19,185,127,211,84,134,164,244,117,115,191,64,228,101,181,54,133,50,139,96,85,212,13,104,178,125,205,78,31,197,209,82,234,107,230,103,141,126,173,28,155,136,9,147,20,43,144,17,145,18,34,151,24,10,
21,27,56,67,86,57,62,89,14,10,24,151,34,18,145,17,144,43,20,147,136,155,28,173,126,141,103,230,107,234,82,209,197,31,78,205,125,178,104,13,212,85,96,139,12,50,133,54,181,101,228,64,191,115,117,244,164,134,84,211,127,185,19,102,229,169,132,93,220,116,243,33,160,199,52,179,112,29,91,174,121,248,171,44,23,150,189,143,16,26,148,65,69,213,166,233,41,207,128,45,227,182,149,120,247,203,142,35,201,122,40,119,246,202,11,216,49,176,219,92,48,186,87,241,206,235,90,131,188,110,224,193,38,
38,193,224,110,188,131,90,235,206,241,87,186,48,92,219,176,49,216,11,202,246,119,40,122,201,35,142,203,247,120,149,182,227,45,128,207,41,233,166,213,69,65,148,26,16,143,189,150,23,44,171,248,121,174,91,29,112,179,52,199,160,33,243,116,220,93,132,169,229,102,19,185,127,211,84,134,164,244,117,115,191,64,228,101,181,54,133,50,139,96,85,212,13,104,178,125,205,78,31,197,209,82,234,107,230,103,141,126,173,28,155,136,147,20,43,144,17,145,18,34,151,24,10,
212,216,144,209,136,155,173,126,141,103,107,82,197,31,78,125,178,104,96,139,50,229,133,54,233,101,64,243,115,117,164,134,84,181,127,185,19,102,169,132,85,93,116,33,199,52,112,29,91,174,38,121,171,151,23,202,189,160,143,26,205,148,65,244,69,248,213,166,150,41,220,207,28,128,45,224,211,227,48,182,149,120,203,142,35,201,122,40,219,191,119,11,193,110,179,188,92,131,90,147,246,176,235,206,230,241,44,87,186,234,247,228,49,
24,34,18,145,17,43,20,136,155,173,126,141,103,107,82,197,31,230,78,125,178,104,13,212,96,139,50,133,54,101,64,115,117,164,134,84,181,127,185,19,102,169,132,85,93,116,33,199,52,112,29,228,91,174,121,171,151,23,189,160,143,26,148,65,69,213,166,233,150,41,207,128,45,244,211,227,28,182,149,120,203,142,35,234,201,229,122,205,40,191,119,202,11,216,144,209,49,248,220,219,48,247,186,87,241,206,44,243,235,176,246,147,90,131,92,188,179,110,224,193,38,16,
202,191,40,205,229,201,142,203,149,182,28,227,211,207,150,119,166,213,233,69,65,26,143,160,189,151,171,121,174,29,52,199,93,85,132,35,169,122,102,127,33,112,181,84,134,164,117,120,23,41,115,64,148,101,54,133,139,45,50,96,104,178,116,19,125,78,31,128,82,107,103,197,141,126,173,155,91,185,136,
16,143,20,147,43,17,144,48,247,120,220,93,191,64,186,87,44,171,243,116,219,92,248,121,49,176,241,202,206,235,246,119,90,131,188,179,52,110,224,193,38,209,82,216,212,85,145,18,40,205,78,229,102,201,142,203,149,182,28,155,227,211,84,207,150,23,166,213,34,233,69,65,26,160,33,189,151,24,174,228,101,29,199,132,234,107,35,169,122,127,112,181,54,134,164,117,244,41,115,148,133,139,45,50,96,104,178,19,125,230,103,31,128,197,141,126,173,91,185,136,
212,216,144,209,49,248,220,219,191,48,247,186,87,241,202,206,44,243,235,176,246,147,90,131,92,188,179,110,224,193,38,40,205,229,201,142,203,149,182,28,227,211,207,150,119,166,213,233,69,65,26,143,160,189,151,171,121,174,228,29,52,199,93,85,132,234,35,169,122,102,127,33,112,181,84,134,164,117,120,23,41,115,64,148,101,54,133,139,244,45,50,96,104,178,116,19,125,78,230,31,128,82,107,103,197,141,126,173,155,91,185,136,
89,62,57,86,67,56,27,24,16,143,20,147,43,17,144,48,247,120,220,93,191,64,186,87,44,171,243,116,219,92,248,121,49,176,241,202,206,235,246,119,90,131,188,179,52,110,224,193,38,209,82,216,212,85,145,18,40,205,78,229,102,201,142,203,149,182,28,155,227,211,84,207,150,23,166,213,34,233,69,65,26,160,33,189,151,174,228,101,29,199,132,234,107,35,169,122,127,112,181,54,134,164,117,244,41,115,148,21,133,139,45,50,96,104,178,19,125,230,103,31,128,197,141,126,173,91,185,136,
168,153,223,19,40,142,203,149,227,207,213,69,65,141,199,35,151,166,29,174,115,112,182,45,104,189,136,150,23,33,160,128,54,181,122,185,126,132,28,155,233,96,229,102,197,91,169,125,50,211,84,143,31,133,173,201,205,78,178,41,148,134,139,127,26,164,34,85,212,216,144,82,209,38,193,224,110,52,179,188,131,101,228,90,147,117,244,119,246,235,206,103,230,202,241,176,49,121,248,92,219,116,243,171,44,87,186,107,234,64,191,93,220,120,247,48,43,145,18,20,21,24,27,32,221,198,100,190,157,194,200,75,77,158,73,161,58,81,66,61,89,62,37,86,57,67,56,36,
20,43,17,144,48,247,120,220,93,191,64,186,87,44,171,243,116,219,92,248,121,49,176,241,202,206,235,246,119,147,90,131,188,179,52,110,224,193,38,209,82,216,212,85,145,18,40,205,78,229,102,201,142,203,149,182,28,155,227,211,84,207,150,23,166,213,34,233,69,65,26,143,160,33,189,151,174,228,101,29,199,132,234,107,35,169,122,127,112,181,54,134,164,117,244,41,115,148,133,139,45,50,96,104,178,19,125,230,103,31,128,197,141,126,173,91,185,136,
48,247,220,191,186,87,44,243,219,248,49,241,202,206,235,176,246,147,90,131,92,188,179,110,224,193,38,209,144,216,212,145,40,205,229,201,142,203,149,182,28,227,211,207,150,119,166,213,34,233,69,65,26,143,160,189,151,171,121,174,228,29,52,199,93,85,132,234,35,169,122,102,127,33,112,181,84,134,164,117,120,23,41,115,64,148,101,54,133,139,244,45,50,96,104,178,116,19,125,78,230,31,128,82,107,103,197,141,126,173,155,91,185,136,
43,48,247,220,191,234,186,87,44,243,219,248,49,241,202,230,206,235,176,246,244,147,90,228,131,92,188,179,110,224,193,38,209,144,216,212,145,34,93,164,26,85,127,139,134,148,41,178,78,117,64,201,173,133,31,143,84,103,50,125,169,116,91,197,120,102,96,233,155,132,126,185,122,181,128,54,107,101,160,23,136,189,52,104,45,182,112,171,121,115,174,29,166,151,33,35,199,141,82,65,69,213,119,150,207,211,227,149,203,142,229,205,40,28,
128,136,185,155,173,141,197,107,35,31,116,178,104,96,50,84,82,45,133,54,91,64,101,115,78,41,120,148,117,134,112,33,181,102,139,122,169,132,126,127,85,164,93,125,103,
43,48,247,220,191,234,186,87,44,243,219,248,49,241,202,230,206,235,176,246,244,147,90,228,131,92,188,179,110,224,193,38,209,144,216,212,145,34,93,164,26,85,127,139,134,148,41,178,78,117,64,201,173,133,31,143,84,103,50,125,169,116,91,197,120,102,96,233,155,132,126,185,122,181,128,54,107,101,160,23,136,189,52,104,45,182,112,171,121,115,174,29,166,151,33,35,199,141,82,65,69,213,119,150,207,211,227,149,203,142,229,205,40,28,
166,119,150,211,182,149,142,213,34,201,26,205,207,28,145,216,144,209,38,193,110,179,188,92,131,90,147,65,244,246,176,235,206,230,241,228,49,69,248,40,219,44,87,186,234,191,247,227,48,43,202,23,82,141,199,52,35,212,33,151,29,174,115,121,171,112,224,45,104,189,136,160,101,107,233,54,128,181,122,185,126,132,155,96,102,120,197,91,116,169,178,125,229,50,103,84,143,31,133,173,243,64,117,78,220,41,148,134,139,127,85,164,93,203,24,
123,70,28,27,40,35,33,29,45,54,50,31,41,25,174,196,47,184,165,114,180,63,212,53,202,51,200,43,60,209,168,42,191,153,223,36,185,48,197,44,193,64,213,49,198,52,201,82,38,32,181,221,96,104,84,233,211,62,100,227,78,190,157,194,67,216,73,75,224,77,158,243,116,161,34,58,207,85,234,188,61,120,247,205,56,81,230,66,169,69,115,134,102,229,117,244,220,93,65,164,37,186,89,189,121,248,145,166,126,142,203,149,178,90,173,246,119,143,128,176,235,86,132,182,241,92,219,144,206,57,103,155,141,171,112,147,127,160,87,131,107,179,151,110,199,133,150,136,228,101,125,148,122,139,91,26,
199,52,35,33,29,82,174,121,171,151,45,189,136,160,107,54,128,181,185,132,155,102,112,120,141,197,91,116,169,178,125,96,50,103,84,31,104,133,143,173,64,117,101,115,78,41,148,134,139,122,126,127,85,164,93,
43,48,247,220,191,234,186,87,44,243,219,248,49,241,202,230,206,235,176,246,244,147,90,228,131,92,188,179,110,224,193,38,209,144,216,212,145,35,29,82,174,121,171,151,136,160,28,107,185,155,181,102,33,112,141,197,91,116,169,178,125,96,50,84,189,31,104,54,133,173,143,64,117,101,115,78,139,127,85,164,93,126,205,122,201,34,142,45,203,149,103,182,132,211,128,207,40,229,150,119,166,134,213,233,120,41,199,52,148,227,69,65,26,
196,184,165,114,180,63,53,51,47,43,60,168,42,153,223,36,48,44,64,49,52,82,38,32,221,198,96,104,84,211,100,227,190,157,194,67,200,73,75,202,77,158,243,116,161,34,58,185,85,212,188,61,120,247,78,205,181,81,66,193,169,69,115,134,102,229,117,244,220,93,65,164,37,89,216,62,189,121,248,224,145,166,126,142,203,149,207,197,178,90,173,246,119,143,201,128,176,235,132,182,241,92,219,86,213,144,174,206,103,230,191,155,141,171,112,147,127,160,57,87,131,234,107,179,151,110,199,133,150,233,136,209,228,101,125,148,122,186,139,56,91,
65,69,52,199,233,213,166,119,150,207,211,227,182,149,203,142,201,229,205,93,164,85,127,126,122,139,134,148,41,78,115,101,117,64,173,143,133,104,31,84,103,50,96,125,178,169,116,91,197,141,120,112,102,155,132,185,181,128,54,107,160,136,189,45,151,171,121,174,82,29,33,35,40,
54,43,34,145,248,212,216,144,247,209,38,244,141,193,90,96,199,224,121,127,230,110,213,207,104,179,82,185,188,85,91,92,189,131,234,228,125,147,44,246,143,40,52,155,149,176,235,132,206,103,133,202,241,65,174,171,151,48,49,201,64,160,136,233,173,197,178,78,181,115,101,84,117,220,164,182,93,139,116,219,120,102,205,126,229,122,142,203,243,211,128,150,119,166,69,87,134,148,227,107,186,112,191,169,
65,50,54,40,107,174,205,229,134,142,203,136,69,149,82,45,182,115,227,93,160,211,207,150,119,166,213,102,169,199,132,116,139,85,164,117,181,84,151,120,101,148,125,78,133,122,52,189,103,197,141,126,173,112,155,91,185,121,128,233,96,143,104,171,127,201,64,178,41,
174,171,151,189,160,128,121,136,185,155,112,173,141,197,107,116,178,96,50,84,104,82,45,133,54,91,143,64,101,115,78,120,41,148,117,134,181,102,139,122,169,132,126,127,85,164,93,125,103,
80,135,159,130,222,156,195,215,249,238,214,236,79,106,71,114,123,184,165,196,70,68,180,63,53,51,47,60,168,36,198,221,223,153,85,212,120,247,78,205,100,227,190,157,194,67,200,73,75,202,161,77,158,81,66,193,69,115,134,102,229,117,244,65,61,188,89,216,62,189,121,248,166,142,203,149,207,181,197,178,90,173,246,119,201,211,128,176,235,182,241,92,219,164,174,220,93,206,191,86,213,169,42,155,171,185,58,112,147,230,103,243,116,160,87,131,179,234,107,151,141,224,57,110,199,127,144,143,133,150,233,136,126,209,228,101,145,148,122,132,125,186,139,56,91,
116,178,96,50,84,104,82,45,133,54,91,64,101,115,78,120,41,148,117,134,181,102,139,122,169,132,126,127,85,164,93,125,103,
221,198,96,104,84,100,190,157,194,200,75,77,158,73,243,161,58,85,188,120,78,181,81,66,169,69,115,134,102,205,117,220,65,61,164,89,62,121,224,37,248,145,166,229,126,142,203,149,207,197,178,90,193,173,246,143,201,211,128,176,235,132,182,241,92,119,202,189,86,247,144,174,206,103,191,155,244,141,171,185,112,147,230,127,160,57,87,131,234,179,67,151,110,213,116,219,199,227,133,216,150,233,212,136,209,228,125,101,148,122,186,107,139,56,91,93,
125,132,102,35,120,122,85,134,117,148,64,41,78,115,96,45,82,104,54,84,50,
145,212,216,144,209,38,193,96,224,127,110,207,179,82,188,91,92,189,131,228,90,147,244,246,52,149,176,235,206,230,133,202,241,65,174,171,151,49,248,104,201,64,143,160,121,136,233,185,173,197,178,78,125,115,101,84,181,117,164,85,182,93,139,116,213,120,199,102,126,205,122,219,142,203,103,132,229,243,44,141,211,128,150,119,166,69,87,134,148,227,107,186,155,234,112,191,220,169,247,48,
85,134,148,78,64,45,115,82,104,120,54,117,84,50,96,
198,221,223,153,85,120,78,100,190,157,194,200,75,161,77,158,73,81,66,69,115,134,102,117,65,61,89,62,121,248,166,229,142,203,149,207,181,197,178,90,173,246,201,211,128,176,235,182,241,92,119,202,189,164,247,174,220,206,191,86,169,155,244,171,185,112,147,230,243,160,87,131,188,179,234,67,151,141,224,57,110,193,116,199,127,227,144,143,133,216,150,233,212,219,136,126,209,228,145,213,101,148,205,122,132,125,186,103,107,139,56,91,93,58,
161,85,120,78,81,66,69,115,134,102,117,65,61,89,62,121,248,166,229,142,203,149,207,181,197,178,90,173,246,201,211,128,176,235,182,241,92,119,202,189,164,247,174,220,206,191,86,169,155,244,171,185,112,147,230,243,160,87,131,188,179,234,67,151,141,224,57,110,193,116,199,127,227,144,143,133,216,150,233,212,219,136,126,209,228,145,213,101,148,205,122,132,125,186,103,107,139,56,91,93,58,
193,224,110,179,188,92,131,90,147,246,176,235,243,244,206,230,202,241,65,174,171,151,104,189,64,143,96,160,121,136,185,91,173,197,178,133,82,78,125,115,101,84,117,164,85,93,139,116,120,199,181,102,126,205,122,201,142,203,103,182,132,44,211,128,207,229,150,119,166,87,134,213,233,148,227,69,107,186,155,234,247,112,191,52,219,141,220,149,228,169,248,127,48,
208,242,83,210,217,59,99,237,175,218,162,94,225,232,55,56,101,148,51,57,91,93,134,46,138,118,80,135,159,130,222,156,195,58,215,249,112,238,214,77,236,79,216,106,243,71,114,123,184,47,165,196,70,207,68,205,180,63,200,62,199,53,190,125,228,103,206,116,219,127,230,67,107,244,139,122,132,235,60,197,157,168,198,61,221,223,86,126,229,92,153,209,133,87,224,100,203,66,194,161,174,158,164,169,110,247,213,181,90,227,193,128,136,233,147,141,186,89,144,150,176,73,220,149,246,143,202,131,234,189,241,173,191,119,201,160,248,145,151,211,142,166,121,212,75,182,188,179,178,171,185,81,155,
205,229,201,142,203,149,182,227,211,207,150,119,166,213,233,107,102,199,116,139,93,85,132,164,117,181,84,134,120,101,148,115,125,78,82,133,178,169,122,103,197,141,126,173,112,155,91,185,136,121,128,160,96,143,189,104,151,171,127,174,52,64,69,
85,134,102,148,78,115,64,120,54,82,104,117,84,50,96,
115,134,102,61,81,75,73,66,158,77,161,200,194,157,190,100,153,223,221,198,168,60,89,62,121,248,166,229,142,203,149,207,181,197,178,90,173,246,201,211,128,176,235,182,241,92,119,202,189,164,247,174,220,206,191,86,169,155,244,171,185,112,147,230,243,160,87,131,188,179,234,67,151,141,224,57,110,193,116,199,127,227,144,143,133,216,150,233,212,219,136,126,209,228,145,213,101,148,205,122,132,125,186,103,107,139,56,91,93,58,
145,212,216,144,243,209,112,193,96,224,127,110,207,179,82,188,91,92,189,131,228,78,205,69,166,128,233,136,115,174,213,116,107,234,181,84,122,219,133,230,134,178,119,246,149,52,150,247,169,126,185,139,101,160,103,132,229,148,93,220,211,125,164,197,141,173,171,155,227,182,85,151,49,248,199,102,203,142,201,104,143,121,117,244,147,65,120,87,191,206,186,202,241,235,176,90,
241,65,52,174,171,151,104,189,64,143,96,160,121,136,185,91,173,197,178,133,82,78,125,115,101,84,117,164,85,93,139,116,120,199,181,102,126,205,122,201,142,203,103,182,132,211,128,207,229,150,119,166,134,213,233,148,227,69,107,186,155,234,247,112,191,202,219,141,220,149,228,169,248,127,48,
115,120,54,82,104,117,84,50,96,
138,118,80,135,159,130,222,156,195,215,249,238,214,236,79,106,71,114,123,184,165,196,70,68,180,63,62,53,125,228,103,206,116,219,127,230,67,107,139,122,132,235,60,157,168,198,221,223,126,229,153,112,209,133,87,190,100,203,197,194,200,161,58,77,174,158,61,164,66,169,110,213,207,181,90,193,199,128,136,233,147,244,141,186,89,247,144,150,176,73,220,149,246,143,202,131,234,189,86,92,243,241,173,191,119,216,201,160,248,145,151,211,142,166,121,224,205,212,182,188,179,75,178,171,227,185,81,155,
134,93,91,57,51,160,148,101,62,171,53,125,234,228,119,103,212,206,116,219,110,127,230,121,67,176,107,216,139,248,122,132,241,235,126,60,169,157,168,198,89,221,112,223,229,153,209,100,133,87,190,81,203,197,194,200,161,58,77,186,174,158,61,164,66,213,207,181,90,199,193,128,136,233,147,244,141,247,144,150,73,182,220,149,246,143,202,131,189,86,92,201,243,173,191,145,151,211,142,166,224,205,188,179,75,178,227,185,155,56,
248,228,220,219,202,191,247,234,186,69,233,213,166,119,150,207,211,227,182,149,203,142,201,229,205,107,102,199,116,139,93,85,132,164,117,181,84,134,120,101,148,115,125,78,82,133,178,169,122,103,197,141,126,173,112,155,91,185,136,121,128,160,96,143,189,104,151,171,127,174,52,64,65,
209,193,224,110,179,188,92,131,78,205,69,128,233,115,174,213,107,234,166,181,122,133,116,243,134,178,119,246,91,150,169,126,185,139,127,101,228,160,103,230,132,148,207,93,220,211,84,125,164,197,141,173,112,171,155,136,227,182,149,151,199,203,142,201,102,229,189,143,121,248,117,244,65,120,247,82,104,96,85,87,191,206,186,219,202,241,235,176,147,90,
120,82,104,117,84,96,
148,101,62,53,125,228,103,206,116,219,127,230,67,107,139,122,132,235,60,157,168,198,221,223,126,229,153,112,209,133,87,190,100,203,197,194,200,161,58,77,174,158,61,164,66,169,110,213,207,181,90,193,199,128,136,233,147,244,141,186,89,247,144,150,176,73,220,149,246,143,202,131,234,189,86,92,243,241,173,191,119,216,201,160,248,145,151,211,142,166,121,224,205,212,182,188,179,75,178,171,227,185,81,155,
174,171,151,189,143,160,128,121,136,185,155,112,173,141,197,91,122,84,96,133,104,178,82,78,115,148,199,120,134,117,169,132,126,127,85,164,93,139,125,101,103,116,102,181,107,
125,103,116,127,67,107,139,122,132,60,157,168,198,221,223,126,153,112,209,133,230,87,100,197,190,194,200,161,77,174,158,61,66,110,207,181,90,199,128,136,233,147,244,186,89,247,150,176,220,149,246,202,131,228,189,92,243,206,144,241,73,229,173,191,119,216,201,234,160,248,151,211,203,213,142,219,166,121,205,145,212,141,193,182,86,235,164,188,179,75,224,171,227,185,81,178,143,155,169,
120,82,104,117,84,96,
232,225,94,92,162,218,175,237,99,59,217,210,141,136,249,169,181,68,128,241,121,234,143,155,119,138,118,135,248,159,130,243,222,156,195,215,214,236,123,106,219,151,178,70,153,228,145,149,196,83,165,86,199,184,71,206,202,89,198,221,142,168,80,193,247,81,194,180,114,227,197,110,223,230,147,209,200,173,158,242,75,188,157,224,190,77,161,244,131,160,235,144,211,220,185,233,150,212,174,166,171,179,100,213,79,246,189,182,176,229,205,203,216,207,201,191,186,73,238,
107,103,139,125,132,122,148,101,213,145,209,136,212,67,216,143,144,127,126,199,193,224,151,110,179,188,131,87,233,160,205,230,112,185,171,244,228,155,169,191,206,133,147,220,174,247,186,219,234,116,189,243,202,92,241,182,86,235,176,128,201,246,173,119,178,164,197,181,141,227,211,150,207,149,90,203,142,229,166,248,121,
145,209,212,216,144,193,224,110,179,188,122,132,125,148,139,127,126,91,131,87,205,103,230,112,171,101,228,169,191,206,147,244,185,233,174,186,92,219,160,213,247,107,234,116,243,93,220,202,143,241,182,235,176,128,246,119,178,164,173,197,155,181,133,141,136,227,211,150,207,149,90,151,199,203,142,201,229,166,189,248,121,
145,228,107,122,205,139,132,125,103,186,213,209,126,136,219,212,233,150,216,133,143,144,227,127,199,116,193,110,224,141,151,67,234,179,188,131,87,160,243,230,147,112,185,171,244,155,169,86,191,206,220,174,247,164,189,202,119,92,241,182,235,176,128,211,201,246,173,90,178,197,181,207,149,203,142,62,229,166,248,121,89,
217,210,141,136,169,181,128,121,143,155,119,138,118,135,159,130,222,156,195,215,249,214,236,106,151,234,178,70,153,228,145,149,196,165,86,184,123,206,202,198,221,142,168,80,247,248,81,89,180,114,197,193,110,230,147,209,200,194,173,158,242,75,241,157,224,190,161,244,77,160,243,68,235,144,227,223,211,220,219,199,185,233,150,212,174,166,171,179,100,79,246,188,189,182,176,229,205,213,203,216,207,201,131,191,186,73,238,71,
168,198,221,223,153,126,112,133,87,100,190,157,194,200,161,77,158,66,110,181,90,199,128,207,136,147,233,186,247,176,220,149,202,131,189,243,206,144,73,229,244,173,191,228,119,201,234,89,160,248,211,150,203,213,142,219,166,121,205,216,145,212,141,209,246,193,182,86,235,164,92,241,188,179,75,224,171,174,227,185,230,81,143,197,151,178,155,169,
132,122,139,107,89,213,145,209,136,212,67,216,143,144,127,126,199,193,224,151,110,179,188,131,87,233,160,205,230,112,185,171,244,228,155,169,191,206,133,147,220,174,247,186,219,234,116,189,243,202,92,241,182,86,235,176,128,201,246,173,119,178,164,197,181,141,227,211,150,207,149,90,203,142,229,166,248,121,
107,122,139,132,125,103,213,145,209,136,212,67,216,143,144,127,126,199,193,224,151,110,179,188,131,87,233,160,205,230,112,185,171,244,228,155,169,191,206,133,147,220,174,247,186,219,234,116,189,243,202,92,241,182,86,235,176,128,201,246,173,119,178,164,197,181,141,227,211,150,207,149,90,203,142,229,166,248,121,
180,168,164,198,221,223,153,136,169,181,128,155,178,143,141,190,157,194,200,73,158,92,219,142,81,203,151,212,173,234,77,199,161,220,197,160,185,119,246,244,145,206,100,227,166,174,235,233,171,110,230,224,179,188,247,186,241,182,243,176,193,209,150,211,205,144,147,86,213,121,248,189,89,216,207,201,131,228,191,229,75,202,149,
120,115,82,104,117,84,96,
117,121,143,189,205,229,102,201,142,203,199,151,149,182,227,136,155,171,112,173,141,197,164,125,211,93,207,148,132,103,160,101,127,139,185,126,169,150,91,119,178,134,116,133,122,181,166,107,213,174,115,233,128,69,
110,90,199,207,147,233,186,247,220,202,189,243,206,144,229,176,244,191,228,119,131,201,92,89,248,211,234,150,203,213,219,166,230,121,205,216,212,209,145,246,193,182,235,241,188,179,224,171,174,227,86,185,81,164,141,142,143,160,197,173,151,178,149,155,128,181,169,136,
145,209,212,216,144,127,126,193,224,110,179,188,131,87,205,230,112,171,228,169,191,206,147,244,185,233,174,186,92,219,160,213,247,234,116,243,220,202,143,241,182,235,176,128,246,119,178,164,173,197,155,181,133,141,136,227,211,150,207,149,90,151,199,203,142,201,229,166,189,248,121,
178,70,228,149,196,165,86,184,123,202,198,153,221,142,168,247,89,180,114,193,151,230,209,200,194,173,158,157,224,145,190,244,77,235,144,223,211,161,220,197,160,227,219,199,185,75,233,212,174,241,166,171,179,100,246,188,110,189,182,176,243,150,229,205,213,203,234,81,248,216,207,201,131,191,206,147,186,73,
233,213,128,107,166,181,122,133,116,134,178,119,91,150,169,126,185,139,127,101,160,103,132,148,207,93,211,125,164,197,141,173,112,171,155,136,115,174,227,182,149,151,199,203,142,201,102,229,205,189,143,121,
196,165,184,123,198,153,221,168,180,114,151,142,209,200,194,173,158,157,224,190,77,144,211,161,228,220,223,86,197,160,227,219,81,199,185,244,145,75,212,174,241,233,166,171,230,179,246,188,110,247,182,235,176,243,193,150,205,213,203,234,100,248,189,216,149,89,207,201,131,191,229,206,147,202,186,
197,149,168,194,153,200,114,223,123,221,180,184,165,196,106,161,158,157,190,81,185,86,227,174,171,224,179,188,241,235,182,193,246,145,212,216,205,230,166,219,213,203,150,234,211,248,198,89,201,199,131,228,191,244,176,229,144,206,209,100,243,189,202,220,247,186,233,147,207,
198,223,180,184,196,211,100,249,179,209,203,114,193,248,159,230,190,99,188,241,243,94,224,135,206,176,213,244,161,235,186,220,194,212,123,202,247,158,229,80,191,246,157,228,168,79,222,216,234,145,205,219,130,201,182,106,195,215,238,214,165,236,199,221,83,232,217,237,175,210,153,242,218,162,227,138,207,118,200,111,208,225,167,156,245,233,144,74,
158,142,151,173,77,161,220,197,160,219,81,199,185,244,145,227,174,233,171,230,224,179,188,247,241,182,235,176,193,246,209,150,212,205,166,86,213,203,144,234,211,248,189,216,89,207,201,131,228,110,191,229,206,147,243,202,149,186,
144,245,167,225,208,111,118,138,162,218,242,210,175,237,217,232,83,221,199,236,165,214,238,215,195,182,201,130,205,145,216,156,227,222,79,228,157,191,80,229,158,233,219,202,123,194,234,220,186,235,161,207,244,213,176,247,206,135,94,243,168,241,188,190,230,159,193,114,224,153,203,246,209,212,179,249,100,99,248,106,211,196,184,180,223,200,198,
200,194,173,142,158,157,190,77,161,220,197,160,219,81,199,185,244,145,174,233,171,230,224,179,188,247,241,182,235,176,193,246,209,150,212,205,166,86,213,203,144,234,211,248,189,216,89,207,201,131,228,191,229,206,147,243,202,149,186,227,100,
226,199,145,109,111,94,231,232,208,225,167,245,170,240,239,187,83,159,198,194,200,221,184,196,106,211,216,212,130,209,179,246,203,248,99,114,193,230,227,188,241,180,247,224,157,158,206,243,176,213,165,244,207,168,235,186,153,220,100,249,234,190,123,135,202,219,233,229,80,191,161,228,222,223,156,205,201,195,215,182,238,236,214,217,237,88,175,210,242,218,162,138,118,
161,197,160,81,185,86,227,174,171,224,179,188,241,235,182,193,246,145,209,212,216,205,230,166,219,213,203,150,234,211,248,89,201,199,131,228,191,244,176,229,144,206,243,189,202,149,220,247,186,233,147,207,
148,115,120,117,134,
199,236,214,238,249,215,195,182,201,205,145,156,222,228,191,229,233,219,202,123,234,220,186,235,161,207,244,165,213,176,206,243,158,157,247,168,241,188,227,190,230,193,114,224,203,246,209,130,212,179,100,216,248,211,106,196,184,180,221,223,200,153,194,198,159,135,
236,214,238,249,215,195,201,205,182,156,222,228,191,229,233,219,202,123,234,220,186,235,161,207,244,165,213,176,206,243,158,157,247,168,241,188,227,190,230,193,114,224,203,246,209,130,212,179,100,216,248,211,106,196,184,180,221,223,200,153,194,198,159,135,
185,86,227,171,179,188,235,193,145,224,209,212,216,205,230,166,213,203,234,211,248,201,174,199,246,131,228,191,176,144,241,206,243,182,229,219,189,202,220,150,247,89,186,233,147,244,207,
104,96,
205,201,179,191,229,106,233,202,186,207,213,176,188,193,203,211,99,217,158,237,206,175,234,210,242,218,159,227,100,162,221,198,235,209,138,244,248,130,194,135,123,246,153,212,224,165,200,161,220,223,190,249,118,236,180,168,230,228,157,216,243,184,247,219,241,114,195,238,214,215,156,222,196,
104,
148,134,117,115,
171,179,188,193,145,224,209,212,216,131,205,230,166,203,234,211,248,174,199,228,191,246,176,213,235,147,206,243,182,219,241,201,189,202,220,247,186,244,207,233,227,229,144,
230,228,191,206,244,233,186,219,213,247,234,243,220,202,241,235,176,246,119,178,164,173,197,155,181,185,133,112,171,141,169,136,227,211,182,150,207,149,151,199,203,174,142,201,229,205,166,160,189,143,248,121,128,147,
187,239,240,170,245,167,225,208,232,231,94,161,228,202,135,188,193,233,217,158,237,206,175,242,234,210,218,159,162,221,198,235,168,209,138,244,114,130,194,123,190,246,153,220,212,224,157,165,200,223,156,249,118,99,236,180,247,230,216,106,243,184,219,241,195,238,214,215,222,196,248,111,
189,166,147,144,216,179,212,209,246,145,224,193,230,203,211,248,205,176,213,199,188,235,241,201,202,220,243,206,234,247,219,182,186,233,227,244,207,229,191,228,
164,141,233,244,186,213,247,243,191,220,202,219,241,206,147,235,176,228,234,230,201,142,143,189,160,166,205,229,171,174,203,197,185,199,173,151,178,246,119,149,207,155,248,121,150,182,211,227,128,181,169,136,131,
169,126,127,93,139,148,125,132,122,164,101,
188,179,141,233,244,186,213,247,243,191,220,202,219,241,206,147,235,176,228,234,230,201,142,143,189,160,166,205,229,171,174,203,197,185,199,173,151,178,246,119,149,207,155,248,121,150,182,211,227,128,181,169,136,131,
127,139,125,132,122,164,148,101,
202,188,193,99,217,158,237,206,175,234,210,242,218,159,162,221,198,235,209,138,244,248,130,194,135,123,246,153,212,224,165,233,106,200,161,220,223,190,249,118,236,180,168,230,228,157,216,243,184,247,219,241,114,195,238,214,215,156,222,196,
204,146,209,123,212,228,216,130,234,226,167,224,165,137,196,208,198,108,235,244,157,243,184,172,231,156,215,230,159,218,161,232,248,190,249,153,241,170,200,247,221,162,180,239,168,194,135,223,109,236,246,187,175,158,217,222,183,242,192,118,245,240,237,225,210,214,111,238,195,138,

146,170,208,198,239,196,184,225,200,237,194,245,156,249,163,204,214,236,183,226,137,187,177,221,192,223,152,195,238,222,154,240,217,232,218,129,175,242,231,215,172,167,210,124,162,165,168,180,190,159,140,
246,243,146,170,208,198,239,196,184,225,200,237,194,245,156,249,163,204,214,236,183,226,137,187,177,221,192,223,152,195,238,222,154,240,217,232,218,129,175,242,231,215,172,167,210,124,162,165,168,180,190,159,140,
237,206,175,217,210,242,218,162,198,235,209,138,244,248,194,123,246,153,224,241,200,161,223,190,221,118,180,234,168,230,159,228,157,243,212,247,216,219,158,220,114,195,238,214,236,165,215,156,222,196,249,130,184,135,
216,212,209,211,203,224,193,190,188,230,241,247,157,248,158,243,206,176,213,244,207,246,161,235,186,220,234,202,219,233,227,229,191,228,179,
148,164,122,132,125,139,
148,134,
178,127,125,132,139,122,169,126,116,133,181,164,

241,177,154,157,161,248,244,243,246,137,190,146,204,223,170,180,183,236,226,192,245,187,240,172,225,215,162,231,159,239,196,140,249,175,218,165,232,208,237,184,194,198,168,221,242,156,217,200,210,167,113,222,214,238,195,247,138,
233,206,193,196,165,184,158,219,216,212,243,230,157,224,234,247,180,221,123,190,223,228,161,200,241,220,153,246,194,114,248,244,209,168,235,198,
197,141,173,139,178,127,169,126,116,133,181,164,
224,137,208,198,235,244,157,243,172,156,230,159,161,232,248,190,153,241,170,200,247,221,184,180,168,239,194,223,165,236,196,246,175,158,222,135,183,192,187,226,231,245,240,237,225,162,242,217,218,210,214,238,167,249,215,195,138,
234,187,231,170,175,232,208,237,225,167,217,210,118,242,159,200,195,238,239,156,214,215,222,246,230,180,138,221,168,224,247,223,196,236,153,235,194,249,190,130,165,248,243,216,240,157,198,161,244,245,162,184,241,158,218,135,
224,193,188,179,173,171,160,197,185,131,205,151,230,166,203,234,211,248,174,199,149,228,191,246,176,213,235,147,206,243,182,219,241,201,189,202,220,247,186,244,207,233,227,150,229,142,
228,234,212,175,232,208,237,225,167,217,210,118,242,159,200,195,238,156,214,215,222,246,230,180,138,221,168,224,247,223,196,236,153,235,194,249,190,130,165,248,243,216,157,198,161,244,245,162,184,241,158,218,135,
173,197,178,155,185,141,164,169,136,181,133,
246,243,146,204,140,223,180,183,137,226,192,187,172,215,231,159,239,196,240,175,218,232,208,165,237,194,225,198,162,236,168,242,245,156,184,221,217,200,190,210,167,222,214,238,195,170,249,
220,219,216,212,228,230,224,234,180,168,221,247,223,200,241,153,190,194,157,248,243,158,244,209,246,235,198,161,

169,181,126,164,133,

195,238,214,236,138,215,156,222,159,246,230,180,168,224,165,223,196,221,247,200,241,153,249,190,130,248,161,216,157,244,184,243,158,235,198,194,135,
227,211,182,150,155,207,149,178,151,173,199,185,197,203,174,142,171,229,205,166,160,189,143,201,

173,128,197,178,155,181,185,169,136,160,
132,
216,161,198,235,246,209,158,243,248,157,194,190,153,241,200,223,221,184,244,165,180,247,168,196,234,224,230,228,212,
172,231,242,175,210,232,217,240,222,238,215,223,192,221,177,218,187,226,236,154,195,183,214,204,163,245,152,194,200,225,184,237,196,239,198,208,249,167,170,129,

164,
164,
173,178,197,155,181,185,169,136,
167,198,196,184,200,194,152,245,214,183,195,226,187,249,218,154,221,192,223,215,238,163,225,222,208,177,170,237,240,217,232,236,210,204,175,242,231,239,172,
230,224,180,168,165,196,159,184,221,247,223,200,241,153,190,194,157,248,243,158,244,246,235,198,161,
230,166,205,234,203,211,199,228,246,176,235,147,206,182,241,201,189,248,219,202,220,191,243,247,213,186,244,174,233,227,207,229,

181,169,164,

222,158,159,196,165,168,180,184,221,247,223,200,241,153,190,230,156,194,157,248,243,244,246,235,198,161,
185,181,169,155,197,178,173,
183,192,187,226,172,231,245,239,240,175,232,208,237,225,196,198,162,236,165,168,242,194,184,221,223,180,217,200,190,156,218,210,222,214,159,238,170,249,215,195,167,
222,236,214,238,249,215,195,244,246,248,243,156,190,200,180,223,221,184,168,165,161,198,196,159,194,157,
164,
204,168,146,187,183,192,226,172,231,190,239,198,240,184,225,217,170,194,223,200,221,180,249,167,208,215,238,214,237,196,236,195,222,175,210,242,218,245,162,232,165,
181,178,173,169,
199,185,197,174,229,160,171,205,166,189,201,
173,189,185,151,197,160,171,178,155,
216,212,209,224,193,203,211,205,230,176,199,246,188,235,241,201,248,202,179,220,243,234,247,213,219,186,233,227,244,207,182,229,206,191,228,
216,212,209,224,193,203,211,205,230,176,246,188,235,241,201,248,202,179,220,243,234,247,213,219,186,233,227,244,207,182,229,206,191,228,
183,192,187,226,172,231,245,239,240,184,217,170,194,223,200,221,198,180,249,215,238,214,167,190,237,236,222,175,210,196,242,195,218,162,225,208,232,
203,211,205,176,199,246,235,241,201,248,202,220,243,234,247,213,219,186,233,227,244,207,206,191,228,229,182,

201,229,185,174,189,171,205,166,199,
201,229,185,174,189,171,205,166,199,
173,189,185,197,160,171,
195,187,221,192,215,238,245,163,222,208,237,240,217,226,249,223,214,225,232,177,236,239,210,218,204,242,183,231,172,
247,223,221,198,200,194,241,190,157,248,243,244,246,161,
204,194,200,184,183,192,187,226,170,217,196,242,195,222,175,249,215,238,198,245,221,223,232,218,210,208,214,167,237,225,236,240,239,231,172,
197,178,173,
221,200,180,223,184,194,168,190,165,196,198,159,
243,248,246,244,161,
247,244,161,246,248,241,243,
196,165,190,168,184,180,194,223,200,198,221,
197,185,
244,246,248,243,
218,242,210,196,222,236,214,238,249,215,198,200,223,194,217,180,221,184,190,195,
221,215,238,245,222,231,208,237,240,217,226,249,223,214,225,232,177,236,192,239,210,218,204,242,183,

190,184,180,194,223,200,221,198,
205,199,
225,237,208,217,210,218,232,195,223,221,238,175,249,215,198,214,236,222,242,196,
221,223,190,200,194,198,

240,239,245,231,196,222,236,214,237,238,215,249,221,223,242,195,218,208,217,232,225,210,
189,
226,187,210,240,217,245,222,231,208,223,221,214,237,215,238,225,232,249,236,192,239,195,242,218,

189,
217,210,218,195,223,221,249,215,238,214,236,222,242,196,
246,235,241,248,186,220,234,247,213,202,219,233,227,244,207,229,191,228,243,206,
215,238,245,222,231,208,240,217,226,249,223,214,237,225,232,236,192,239,210,242,218,204,

235,246,244,230,227,213,206,228,233,202,248,234,247,241,219,243,220,
223,194,200,198,221,

227,205,201,211,203,229,
221,218,242,210,239,236,232,225,237,214,223,249,226,217,240,208,231,222,245,238,215,192,
200,221,223,198,

234,247,213,191,202,233,227,207,229,219,220,228,
240,245,231,223,221,214,215,208,237,222,217,238,225,232,249,236,239,210,242,218,
233,235,246,244,206,228,248,234,247,241,219,230,243,220,


227,233,213,
245,231,240,226,223,214,215,208,237,222,217,238,225,232,249,236,239,210,242,218,
230,244,246,235,206,228,248,234,241,219,243,220,247,224,
200,
223,221,215,249,238,214,236,222,
223,221,

221,



233,
229,211,
239,245,231,240,226,225,242,232,249,236,238,237,

248,234,247,241,219,220,228,
229,227,
237,222,217,238,232,249,225,242,236,218,
234,235,246,224,247,244,248,243,241,230,228,
242,215,249,238,214,236,222,
229,
234,230,241,243,248,244,247,246,235,224,
227,
238,236,222,
238,236,222,
230,241,243,248,244,247,246,235,224,
249,242,238,236,
249,242,238,236,





235,246,247,244,248,243,241,230,
242,236,249,238,237,
240,231,245,237,242,232,249,239,

247,234,

243,248,241,244,247,246,235,
245,237,242,249,239,
249,242,237,


247,244,241,246,248,243,
238,
249,242,

245,249,242,
249,245,
248,
249,
246,






Past links sets, 

0,
0,
0,

4,
5,

3,6,
2,3,1,6,
7,8,
9,10,
6,7,
1,2,10,
7,

14,1,12,2,10,
16,
15,16,
11,13,15,17,
15,16,
6,14,15,

11,13,21,20,18,17,
10,12,21,
22,
17,13,24,11,22,20,18,
6,14,15,22,
17,13,24,11,22,20,18,
23,26,

19,23,26,
15,25,
19,23,26,
17,18,27,25,20,24,
33,
15,25,30,
32,
13,9,34,

26,27,28,
29,31,28,33,
25,30,
18,27,25,20,24,
38,
28,29,31,35,
39,
25,30,39,
44,
9,34,13,43,
41,45,
47,
40,23,43,48,
46,51,
27,41,45,
39,
42,4,37,14,47,36,
5,42,37,14,47,36,
36,51,46,42,37,
55,
42,53,
36,37,42,53,
14,58,
25,30,46,
35,40,41,48,
28,49,26,48,37,36,
36,37,60,
56,61,62,
30,46,59,
40,65,
22,68,
30,46,59,

32,68,63,60,36,
72,
32,70,60,63,36,

73,75,
35,36,37,49,52,41,
30,46,59,74,
76,46,30,74,59,
66,71,77,
49,64,54,52,50,
55,74,76,
49,64,32,54,52,50,
35,36,37,49,52,41,
62,56,61,81,
67,57,38,60,49,
76,
14,58,61,81,
67,57,66,38,49,
29,69,57,52,31,
38,49,67,57,55,66,63,
91,
55,74,88,

32,82,


83,94,
71,83,80,75,79,
51,56,93,
41,42,52,69,
52,31,53,69,29,62,57,56,
82,84,

71,79,94,83,80,
19,52,56,69,29,62,57,61,
95,
76,95,
38,49,57,73,70,67,66,
74,88,95,
87,19,52,69,29,
105,
25,70,99,106,
85,45,78,69,42,64,
103,67,107,
50,85,54,65,78,64,
46,111,109,99,59,
59,92,87,90,69,
50,54,64,78,
29,52,59,92,87,90,69,
61,101,33,103,
70,95,99,106,
97,98,
101,33,103,
60,91,116,
93,103,67,107,
19,121,
124,
79,80,118,
86,92,90,110,
122,
112,116,
78,85,47,102,
79,80,108,118,
112,128,
97,98,108,113,
105,108,118,
101,103,107,
97,98,113,
107,59,92,112,90,
75,110,119,
52,29,119,
43,13,57,74,9,86,34,89,67,
34,67,89,57,79,86,43,76,
95,140,
87,89,131,
78,85,101,102,
71,77,110,119,
81,110,119,
110,143,
129,
60,63,36,135,130,123,114,
105,129,
136,143,
135,137,138,
100,138,153,
73,100,135,130,123,114,
130,156,
77,142,121,151,
37,77,157,158,
99,146,111,137,109,
152,
63,90,139,133,127,126,
123,25,140,159,
89,150,149,142,131,
109,154,146,111,137,
60,159,15,114,63,140,123,
133,91,136,141,
88,154,109,146,137,
86,151,150,149,142,
146,137,152,154,
141,151,75,155,
52,29,150,149,142,131,
99,167,
144,100,145,147,
105,163,
68,103,141,155,
92,145,110,100,144,
63,114,162,165,
133,136,141,
80,147,145,144,119,
137,146,154,163,
154,162,165,
136,149,150,160,
48,176,
88,109,172,
92,94,145,110,100,144,
171,89,174,
100,168,153,165,162,
11,186,
172,177,183,
145,110,100,144,106,
75,180,168,153,154,
79,80,138,175,170,172,162,
25,123,175,162,170,159,
71,107,155,160,
32,153,184,180,168,167,
52,76,147,166,144,79,
184,194,
142,150,83,182,149,
94,179,11,186,
100,182,
95,140,154,177,
83,166,182,
193,188,179,99,176,
119,186,
39,187,167,192,170,
49,100,144,114,145,123,
59,162,187,175,192,170,
203,
100,111,144,114,145,123,
69,179,191,
195,210,
195,210,
114,100,144,145,123,118,
59,162,175,208,
162,175,208,
114,186,206,
114,186,206,
183,196,195,198,187,
208,214,135,215,
153,168,180,196,184,195,192,187,
108,130,216,212,209,193,
55,204,208,
76,192,204,
182,207,213,
111,186,206,209,
142,211,207,150,149,
87,131,224,188,179,135,
170,187,226,
55,208,226,
69,202,191,106,188,
109,212,228,
176,230,
214,225,215,218,217,
99,225,231,232,
236,
231,
170,187,226,
44,105,206,235,158,153,
210,237,239,217,218,
98,113,161,235,
161,235,
111,239,240,
243,
105,228,235,158,153,
48,161,241,
195,240,242,
Future links sets, 
3,2,1,
16,13,9,
16,13,9,
9,8,
56,5,
57,6,
27,8,9,12,21,
14,12,10,
10,
144,49,38,11,
24,13,16,11,
19,23,28,202,191,26,
24,16,
49,38,19,144,23,28,26,
62,57,21,89,56,16,27,
168,36,27,18,19,20,32,21,
20,18,17,
19,34,23,28,26,
43,28,26,23,34,
128,31,33,107,112,
43,28,26,23,34,
24,23,
25,70,26,27,28,
52,33,31,29,
34,43,28,26,
165,114,63,43,32,196,42,34,47,36,
65,31,33,29,40,
43,40,54,34,
41,65,45,40,
174,143,121,112,107,41,91,45,103,
71,79,68,42,80,36,47,63,
103,45,91,41,
198,96,37,75,73,84,
122,41,125,35,
145,144,49,38,
78,64,85,45,
58,57,153,61,56,78,65,66,73,75,85,
161,85,66,65,78,56,61,57,58,
110,44,87,92,90,
208,55,47,46,
69,64,52,
102,85,50,54,64,78,
61,56,57,102,58,115,60,
145,52,144,49,
241,48,
54,115,50,
71,53,80,58,118,63,79,68,
134,57,56,51,
248,52,64,65,186,
209,110,92,90,85,87,65,78,82,84,
120,84,117,82,
101,58,53,
143,85,199,107,84,174,82,78,91,102,103,112,121,
103,61,60,
120,84,117,82,
232,225,94,83,59,92,
107,67,86,101,103,
144,110,107,87,103,92,145,90,91,
89,62,
210,121,141,119,217,118,71,68,79,80,
168,126,66,73,75,153,87,
107,86,122,67,89,
103,86,107,67,
168,73,164,153,75,180,92,
120,117,84,82,115,
117,69,
92,110,90,81,
144,127,116,87,92,145,90,110,
178,73,70,
121,119,115,233,112,91,102,107,213,103,
123,114,110,75,
197,81,106,100,149,
74,
158,110,77,
144,111,79,80,94,83,
194,77,142,100,173,
199,145,80,226,83,88,109,
160,149,161,81,
148,115,120,117,134,
195,145,199,100,130,135,106,
195,182,100,130,135,106,
150,89,86,
104,96,
99,100,205,106,201,
104,
148,134,117,115,
145,144,171,131,
230,112,147,119,121,
187,170,111,94,
189,145,147,144,166,
121,164,131,119,141,
169,126,93,
188,179,121,131,119,141,
127,101,
202,188,106,99,
204,146,108,123,109,111,

140,137,124,
243,140,137,124,
237,175,114,123,206,118,162,
179,190,212,176,209,158,188,216,193,157,203,
148,139,125,122,
148,134,
178,139,122,116,127,125,

247,241,113,138,154,177,
233,193,123,114,
197,141,116,127,139,
224,138,137,135,
234,187,118,162,167,170,
188,179,151,131,142,193,149,150,
228,118,162,167,245,212,
141,136,133,
243,140,137,
216,220,209,219,153,212,168,158,180,

133,126,

216,138,135,130,
207,142,143,182,149,150,

160,128,
132,
216,196,153,158,212,168,209,165,
129,

164,
164,
136,
154,152,
224,159,158,153,
230,174,166,147,

181,169,164,

230,153,158,156,222,
181,169,185,155,
183,172,162,156,167,170,
195,157,156,
164,
204,168,165,146,
181,178,173,169,
201,166,160,171,229,174,
155,151,
216,209,176,212,179,193,182,199,188,
216,209,176,212,179,193,182,188,
162,167,183,172,170,
199,182,176,

201,166,171,229,174,185,
201,166,171,229,174,185,
173,171,160,
172,163,
247,241,223,157,190,194,198,
204,184,167,170,194,172,183,
197,178,173,
159,
161,
247,241,161,
196,168,165,
197,185,
244,248,243,
210,218,196,180,190,217,195,184,
183,177,

184,190,180,
205,199,
208,198,175,
223,198,194,190,

231,195,210,240,196,208,
189,
195,192,187,

189,
210,218,196,195,217,
235,206,186,
204,192,

230,213,206,202,
223,198,194,

227,205,203,201,
221,192,
200,223,198,

228,220,191,202,207,219,
240,231,208,223,210,221,
233,230,206,


233,213,
226,210,223,208,
224,206,
200,
249,214,215,221,223,
223,221,

221,



233,
211,
226,225,

241,228,220,219,
229,227,
232,217,222,218,225,
228,224,
242,215,214,
229,
234,224,
227,
236,222,
236,222,
224,
242,236,
242,236,





230,
237,236,
240,232,231,

247,234,

235,
239,237,
237,


247,244,243,241,
238,
242,

245,242,
249,245,
248,
249,
246,






Coordinates,
1.21462,2.01087,
0.407448,1.98262,
1.35908,1.98204,
3.52478,2.00839,
0.388022,2.05423,
0.894833,2.04629,
1.46884,2.04928,
0.593816,2.0923,
3.08817,1.97312,
0.897514,1.91738,
2.90397,1.9687,
0.0313126,1.86021,
3.21314,2.03192,
1.14781,1.91034,
1.0091,2.11124,
0.0156361,2.22648,
2.67026,1.93784,
1.89648,1.90051,
2.19868,1.90215,
0.0667338,1.69852,
2.8964,1.92525,
3.34169,2.06045,
0.0790097,2.36979,
0.579416,1.68274,
3.96604,1.93419,
0.546995,2.40168,
1.20107,1.68112,
3.31174,2.11356,
1.35768,1.67132,
0.897955,1.58357,
0.296403,2.5643,
0.550205,1.48943,
1.3194,2.35075,
0.293608,1.40958,
2.71222,1.81764,
0.101995,1.32022,
1.32746,2.37123,
1.85729,2.28694,
2.0557,1.73611,
0.166275,2.69365,
1.41574,1.61581,
0.331292,1.32516,
1.26737,2.4276,
3.05048,1.82402,
1.82867,1.66921,
0.142552,1.2275,
0.540625,2.63818,
1.27004,2.45227,
1.84045,1.6583,
2.27044,1.71574,
0.123889,1.16449,
1.36327,2.45692,
1.27066,1.49365,
1.45268,2.46852,
0.210569,1.11152,
0.496835,2.77495,
3.2751,2.1975,
3.62925,2.1677,
2.68571,2.27183,
0.71184,2.73345,
1.65928,2.46658,
2.62776,2.28954,
3.16718,2.22177,
1.46215,2.53395,
0.403017,1.03887,
1.84719,1.51856,
2.60592,2.33044,
3.76487,2.18624,
1.34418,2.63354,
1.81182,1.49332,
1.43882,2.62635,
1.39947,2.6654,
0.804171,2.92228,
2.3773,2.42438,
0.833875,2.92012,
2.1716,2.47623,
0.667288,3.02201,
2.54468,2.41197,
0.652213,0.88636,
1.33224,2.81256,
1.33436,2.81845,
3.04385,2.34842,
0.276072,0.606767,
1.1109,2.9192,
0.342594,0.546794,
0.72049,0.795054,
3.83743,2.25388,
2.69904,1.54914,
0.977227,3.09559,
3.55912,2.30372,
2.76982,1.54527,
1.21992,0.993224,
2.82619,1.5475,
1.2003,0.972746,
1.26898,2.99754,
0.815426,3.27751,
0.227423,0.259508,
0.00953773,3.96689,
0.173775,3.82041,
1.38113,3.00679,
2.69333,2.52294,
1.13713,0.853218,
0.879671,0.674824,
1.3701,0.960678,
0.266624,0.195033,
0.626543,3.54489,
1.97717,2.80107,
1.52202,0.972115,
1.05078,3.30438,
1.22469,3.19924,
3.06044,1.51219,
1.44414,3.10459,
1.69399,1.02408,
1.05344,3.41599,
2.34137,2.74874,
0.76126,0.337365,
1.42974,0.802602,
0.56156,0.143052,
1.80873,3.00056,
2.28785,1.20536,
0.500549,0.0342982,
1.84361,0.993231,
1.18035,0.596415,
2.3047,2.80032,
0.51581,3.98633,
1.12271,0.5193,
1.41408,0.707687,
1.34543,0.658823,
1.8171,0.937209,
0.572652,3.99039,
2.16691,2.89776,
3.09872,1.43048,
1.20022,0.524152,
1.47389,0.702721,
0.833061,0.206571,
2.15172,2.92908,
1.76959,0.874398,
1.35861,3.38353,
1.94252,3.03805,
1.29471,0.562416,
1.24287,3.48807,
1.65576,0.789011,
2.28252,1.09954,
1.98173,0.940801,
3.48827,1.49482,
3.91678,1.58521,
1.38573,3.49038,
3.11535,1.36867,
0.884829,0.0657364,
2.33498,1.06031,
2.36778,1.0731,
1.99841,0.836973,
0.980651,3.94935,
3.01546,2.70993,
1.40232,3.60068,
1.79821,0.639943,
2.44476,2.99439,
3.36621,2.62873,
3.46772,2.59816,
2.50024,2.98641,
2.01551,0.726147,
3.62663,2.57548,
2.14356,3.22647,
1.24784,3.95967,
1.36177,0.117745,
2.8096,2.91921,
2.39092,0.823051,
2.12418,3.34778,
3.15397,2.80801,
1.58175,0.218055,
2.06143,3.41238,
2.11461,0.614398,
1.86625,3.58973,
1.82266,0.373912,
2.1867,0.643626,
2.28985,3.31689,
3.3525,1.21528,
1.58378,3.92551,
1.70454,0.168242,
3.50141,1.24546,
3.07297,2.93495,
1.59916,0.0420326,
2.64624,0.829734,
1.9755,3.64068,
3.0199,2.97963,
1.96804,0.341427,
3.19211,1.09656,
2.14975,3.52931,
3.5511,1.21981,
2.16982,0.427749,
3.69709,2.73491,
3.05757,0.952747,
2.12319,3.67663,
3.65594,1.21856,
3.66211,2.7797,
2.71462,3.27098,
3.11749,3.04501,
1.87614,0.0387231,
3.60674,2.8379,
2.42209,0.475591,
3.73422,2.79183,
2.60631,0.538835,
3.1619,0.885713,
2.75019,0.610109,
2.18202,3.86876,
2.54014,0.43671,
3.41059,0.983255,
2.80954,0.590546,
2.63007,3.54962,
3.84311,1.13794,
2.8443,3.43472,
2.76942,0.502099,
3.92808,1.14785,
2.905,0.570928,
3.0629,3.35376,
3.06568,3.3592,
3.98914,1.14034,
2.94015,3.48713,
2.91826,3.51505,
3.3643,0.773561,
3.32557,0.728983,
3.95852,2.93546,
3.30747,3.31023,
3.95753,2.97222,
3.88897,0.980133,
2.93923,3.65802,
2.72465,3.86557,
2.8698,0.199284,
3.52663,0.692566,
2.7154,0.0228024,
3.81776,0.851196,
2.95718,3.78642,
3.06918,3.71964,
3.00635,0.217513,
3.53465,0.624599,
3.79139,0.775431,
3.45374,3.46118,
3.17781,3.70985,
3.54183,3.48167,
3.10986,3.8472,
3.2429,3.94843,
3.69259,0.322299,
3.63302,3.74943,
3.9006,0.462095,
3.7758,0.320363,
3.5373,3.98982,
3.90507,0.336437,
3.66136,0.0746592,
3.71437,0.0459013,
3.92722,3.78569,
