Storage option,sets
Size,150
Dimension,2
Shape,cube
Spacetime,BlackHole
Past sets, 

0,

0,
0,
0,
0,1,

4,0,2,1,
2,3,6,1,0,4,
1,7,2,4,0,
3,4,6,1,0,5,
3,4,6,1,0,5,
0,2,7,
4,2,0,7,1,10,
5,9,2,3,6,1,0,4,8,
10,1,7,0,2,4,14,
3,4,6,1,0,5,
5,8,6,3,9,10,1,7,0,2,4,
7,10,15,4,5,9,2,3,6,1,0,8,
7,11,15,4,5,9,2,3,6,1,0,8,
2,12,1,3,4,6,0,11,5,
14,18,5,8,6,3,9,10,1,7,0,2,4,
4,0,13,2,7,
2,7,
0,2,7,
20,3,7,11,15,4,5,9,2,6,1,0,8,10,
13,7,0,4,2,23,
8,9,17,21,2,12,1,3,4,6,0,11,5,
11,13,16,15,22,5,14,18,1,8,6,3,9,10,7,0,2,19,4,
14,18,10,20,3,7,11,15,4,5,9,2,19,6,1,0,8,
8,6,3,13,7,0,4,2,23,16,10,1,14,9,
8,9,17,21,2,12,1,3,4,6,0,11,5,
9,17,21,2,12,1,3,4,6,0,11,5,
25,0,24,2,7,
3,6,8,14,1,10,16,13,2,7,27,4,0,23,
5,11,6,3,1,12,2,4,21,0,17,9,33,
8,14,10,16,1,24,13,7,27,4,0,23,2,25,
12,13,16,22,26,30,11,14,18,10,20,1,3,7,15,4,5,9,2,19,0,6,8,
32,8,9,17,0,21,4,2,12,1,3,6,11,28,5,
4,19,2,0,7,10,9,3,8,1,18,14,5,22,15,16,13,11,6,29,
10,15,7,20,28,11,8,9,26,17,0,21,4,2,12,1,3,6,5,
28,11,6,3,1,12,2,4,21,0,17,9,8,32,5,39,
19,18,5,22,15,11,31,14,8,6,23,3,13,7,0,4,2,16,10,1,9,29,
19,18,5,22,15,11,31,14,8,6,23,3,13,7,0,4,2,16,10,1,9,29,
9,6,3,8,25,14,10,27,16,1,35,24,7,13,4,37,0,23,2,
26,22,16,13,29,30,11,14,18,10,20,1,3,7,15,4,5,9,2,19,0,6,8,
2,23,0,4,13,7,24,1,16,27,10,14,25,8,37,
8,36,2,5,11,6,3,1,12,4,21,0,17,9,33,32,
33,26,20,7,15,10,4,28,9,11,6,3,42,1,39,12,2,21,41,0,17,8,32,5,
12,23,46,26,22,16,13,29,0,30,1,11,40,14,18,10,20,3,7,15,4,5,9,2,19,6,8,
21,38,9,12,13,16,22,26,30,1,11,14,18,10,20,3,7,15,4,5,2,19,0,29,6,8,
15,39,28,48,8,36,17,2,21,5,11,6,3,12,4,1,42,0,9,33,32,
25,0,24,2,7,
25,0,24,2,7,
25,0,24,2,7,
24,25,27,35,44,15,19,18,5,22,11,31,2,14,43,8,6,23,3,13,7,0,29,4,16,10,1,9,
19,18,14,30,22,16,13,41,10,15,38,7,20,28,5,11,8,9,26,3,17,0,21,4,2,12,1,6,
20,27,35,40,44,15,19,18,5,22,11,31,2,14,43,8,6,23,3,13,7,0,29,4,16,10,1,9,
15,19,5,18,22,45,9,6,3,8,31,25,2,14,37,10,27,4,16,1,24,35,7,13,0,23,
21,17,28,38,9,12,13,16,22,26,30,1,11,14,18,10,20,3,7,15,4,5,2,19,0,29,6,8,
18,19,36,49,20,33,4,26,7,15,10,39,28,9,11,6,3,32,42,1,12,41,2,21,0,17,8,5,48,
21,38,43,31,44,50,12,23,46,26,22,16,13,29,0,30,1,11,40,14,18,10,20,3,7,15,4,5,9,2,19,6,8,
31,40,46,23,51,22,21,50,38,9,12,13,16,26,30,1,11,14,18,10,20,3,7,15,4,5,2,19,0,29,6,8,
24,25,26,58,27,20,35,4,40,9,44,13,15,19,18,5,22,11,31,0,2,14,43,8,6,23,3,7,29,16,10,1,30,
14,18,19,36,49,20,33,4,26,7,15,10,39,28,9,11,6,3,32,42,1,12,41,2,21,0,17,8,5,48,
46,60,29,21,17,28,38,7,9,12,13,16,22,26,30,1,11,14,18,10,20,51,3,15,4,5,2,19,0,6,8,
5,37,0,8,45,25,14,10,47,27,16,1,24,7,4,23,2,13,9,6,3,35,34,31,
34,1,15,19,5,18,47,22,45,16,9,6,35,3,8,37,31,2,25,14,10,27,4,24,7,13,59,0,23,
29,32,39,42,33,57,26,19,18,49,14,30,22,16,13,41,10,15,38,7,20,28,5,11,8,9,3,17,0,21,4,2,12,1,6,
36,19,18,14,30,22,16,13,49,20,33,4,26,7,15,10,39,28,9,38,11,6,3,32,42,1,12,41,2,21,0,17,8,5,
20,40,47,29,43,11,44,1,15,19,5,18,22,45,16,9,6,35,3,8,37,31,2,25,14,10,27,56,4,24,7,13,59,0,23,
27,35,62,21,38,1,43,6,31,44,7,50,13,12,23,46,9,26,22,16,29,0,30,11,40,3,14,51,18,10,20,15,4,5,2,19,8,
32,46,51,41,60,29,21,17,28,38,7,9,12,13,16,22,26,57,30,1,11,14,18,10,20,3,15,4,5,2,19,0,6,8,
27,17,28,44,43,63,26,31,40,3,46,9,23,51,14,22,21,50,13,38,1,12,16,30,11,18,10,20,7,15,4,5,2,19,0,29,6,8,62,
23,59,13,7,24,27,10,25,2,0,31,8,4,35,9,14,45,22,16,47,18,5,19,15,1,3,34,37,6,68,
23,40,41,66,29,46,9,60,21,17,28,38,1,7,12,13,16,22,26,30,11,14,51,18,10,20,57,3,15,4,5,2,19,0,6,8,
22,30,52,65,28,14,18,19,36,49,12,20,33,4,41,26,7,15,10,39,2,9,11,48,6,3,32,42,5,1,21,0,17,8,61,
41,43,50,23,40,31,66,29,46,9,60,21,17,28,38,1,7,12,13,16,22,26,63,30,11,14,51,18,10,20,3,15,4,5,2,19,0,6,8,
14,1,10,2,24,7,0,34,25,55,4,54,27,13,23,53,16,
57,61,48,70,33,36,19,18,14,30,22,16,13,49,12,20,4,41,26,7,15,10,39,2,28,65,9,38,1,11,6,3,32,42,5,21,0,17,8,
12,46,30,58,26,64,71,20,40,3,47,10,29,43,6,11,44,7,1,15,19,56,5,18,22,59,45,8,16,9,35,37,0,31,2,25,14,27,4,24,13,23,
34,58,71,20,40,3,47,10,29,43,6,11,44,7,1,15,19,56,5,18,22,59,45,8,16,9,35,37,0,31,2,25,14,27,4,24,13,23,
61,8,17,0,21,1,5,42,32,6,48,11,9,2,39,10,7,26,41,4,33,20,12,49,36,19,18,14,28,65,15,52,30,22,3,77,
58,35,72,74,27,17,28,44,3,43,2,63,22,26,31,40,46,5,9,50,23,51,10,14,21,62,13,38,1,12,16,30,11,18,20,7,15,4,19,0,29,6,8,
37,56,58,25,24,72,31,27,35,62,21,38,1,43,2,6,44,3,7,50,9,13,12,23,64,46,5,26,22,16,29,0,30,11,40,14,51,10,18,20,15,4,19,8,
15,19,18,9,5,34,37,67,8,0,45,16,25,14,10,47,27,1,24,7,4,23,2,31,13,6,35,3,22,
43,29,11,44,75,1,23,59,22,13,7,24,27,10,47,25,2,0,37,31,68,8,45,4,35,9,14,16,18,5,19,15,3,34,6,67,
52,60,29,69,80,39,57,16,61,20,48,7,70,33,36,19,18,14,30,22,13,49,8,12,4,41,0,26,15,10,2,28,65,9,38,1,42,11,6,3,32,5,21,17,
59,24,15,86,19,18,9,5,34,3,37,6,8,67,0,31,45,14,16,47,25,10,27,68,1,7,4,35,23,2,13,22,
44,49,33,42,39,69,32,73,57,76,78,41,0,43,2,50,9,23,40,31,66,29,46,5,60,19,21,17,28,38,1,7,12,13,16,22,63,26,30,11,14,51,10,18,20,3,15,4,6,8,
53,59,24,15,86,19,18,9,5,34,3,37,6,8,67,0,31,45,14,16,47,25,10,27,68,1,7,4,35,23,2,13,22,
63,28,17,74,45,59,47,71,85,38,37,56,9,58,11,25,72,24,31,27,35,62,15,21,1,43,2,6,44,3,50,7,13,12,23,64,46,5,26,22,16,29,0,30,40,14,51,4,10,18,20,19,8,81,
32,25,24,64,57,76,60,66,41,84,58,11,35,72,74,27,17,28,44,3,50,43,2,63,16,22,26,31,78,40,46,5,9,23,51,4,10,14,21,62,15,13,38,1,12,30,18,20,7,19,0,29,6,8,
37,8,6,47,79,1,10,2,24,7,0,34,53,25,14,55,4,23,16,27,54,13,
45,59,60,66,63,28,17,74,85,38,37,84,56,9,58,11,25,72,24,31,27,35,62,15,21,1,43,2,6,44,3,50,7,13,12,23,64,46,5,26,22,16,29,0,30,40,14,51,4,10,18,20,19,8,
50,38,21,62,68,64,26,30,46,12,82,0,34,58,71,20,40,81,3,44,47,6,10,29,43,2,11,7,1,15,56,19,5,18,59,22,45,4,8,16,9,35,37,31,25,14,27,24,13,23,
54,91,53,16,59,22,24,15,19,18,55,9,5,34,3,37,0,6,8,45,67,31,68,14,47,10,25,27,1,86,7,4,35,23,2,13,
61,48,65,36,90,44,49,33,42,39,69,16,32,73,20,57,4,76,23,78,41,0,43,2,50,9,40,31,66,13,29,46,5,60,7,19,21,17,70,28,38,1,12,22,63,10,26,30,11,14,51,18,3,15,6,8,
29,11,44,54,55,75,91,53,16,59,22,24,15,19,18,9,5,34,3,37,0,6,8,45,67,31,68,14,47,89,10,25,27,1,86,7,4,35,23,2,13,
73,51,46,66,40,23,88,41,52,5,60,13,29,76,69,22,80,33,39,57,10,16,61,14,20,48,1,7,70,36,19,18,65,30,49,2,8,12,4,0,26,15,28,9,38,42,11,6,3,32,21,17,
50,67,68,75,64,26,30,46,12,82,0,34,58,71,20,40,81,3,44,47,6,10,29,43,2,11,7,1,15,56,19,5,18,59,22,45,4,8,16,9,35,37,31,25,14,27,24,13,23,
39,42,73,56,37,93,32,25,84,24,64,5,57,76,17,60,1,66,7,41,58,11,35,72,13,74,15,27,28,44,3,62,50,43,2,63,4,16,22,26,85,31,78,19,40,46,9,23,51,10,14,21,38,12,30,18,20,0,29,6,8,
96,43,50,38,21,62,9,68,15,64,11,26,30,46,12,82,29,0,34,58,5,71,18,20,40,81,3,56,44,47,6,59,10,2,7,1,19,22,75,45,4,8,16,35,37,31,25,14,27,24,13,23,
36,62,27,74,72,35,58,90,44,49,33,42,39,69,16,32,73,20,57,4,76,23,78,41,0,43,2,50,9,40,31,84,66,13,29,46,5,60,7,19,21,17,28,38,1,12,22,63,10,26,30,11,14,51,18,3,15,6,8,
39,45,73,56,37,93,32,25,84,24,64,5,57,76,17,60,1,66,7,41,58,11,35,72,13,74,15,27,28,44,3,62,50,43,2,63,4,16,22,26,85,31,78,19,40,46,9,23,51,10,14,21,38,12,30,18,20,0,29,6,8,
50,100,41,73,14,51,46,66,7,40,23,88,29,52,5,60,1,13,76,17,69,10,22,80,21,33,39,57,16,61,2,20,48,70,11,36,19,18,77,65,6,30,49,8,12,4,0,26,15,28,9,38,42,3,32,
17,63,68,81,45,59,47,71,34,85,38,37,56,9,58,11,25,72,24,31,27,35,82,62,15,21,1,43,2,6,44,3,50,7,13,12,23,64,46,5,26,22,16,29,0,30,40,14,51,4,10,18,20,19,8,
27,52,62,98,39,61,2,48,65,6,36,90,31,44,49,33,42,69,10,16,32,73,14,20,57,4,63,76,17,23,78,19,41,0,43,50,9,40,66,7,13,29,46,5,60,1,21,80,70,11,28,38,12,22,26,30,51,18,3,15,8,
47,78,41,76,57,32,95,45,59,0,60,1,66,7,63,4,28,17,74,15,85,26,38,37,84,25,56,9,58,11,72,13,24,31,27,35,62,3,21,43,2,6,44,50,12,23,64,5,46,22,16,29,30,40,14,51,10,18,20,19,8,93,
67,103,44,96,37,43,50,38,21,62,3,9,68,15,64,5,11,26,30,46,12,71,82,23,29,0,59,34,58,18,20,40,81,22,56,47,6,10,2,7,1,19,75,16,45,4,8,35,31,25,14,27,24,13,101,
26,30,56,40,20,71,58,75,44,11,29,43,15,59,22,24,19,18,9,5,34,82,3,37,0,6,45,67,31,68,14,16,47,89,10,25,27,1,86,7,4,35,23,2,13,8,87,
63,51,72,103,44,96,37,43,50,38,21,62,3,9,68,15,64,5,11,26,85,30,46,12,71,82,23,29,0,59,34,58,18,20,40,81,22,56,47,6,10,2,7,1,19,75,16,45,4,8,35,31,25,14,27,24,13,
49,33,69,59,95,42,105,38,39,45,73,6,56,37,93,26,32,25,84,17,24,64,5,72,57,76,9,60,1,66,7,74,41,58,11,78,35,102,13,15,27,28,44,3,62,50,43,2,63,4,16,22,85,18,31,19,40,46,23,51,10,14,21,12,30,20,0,29,8,
33,42,102,73,39,109,47,78,11,41,76,9,57,32,95,28,45,59,0,60,1,66,7,74,63,4,17,84,15,85,18,26,93,38,105,37,25,56,58,72,5,13,24,31,27,35,62,3,21,43,2,6,44,50,12,23,64,46,22,16,29,30,40,14,51,10,20,19,8,
79,13,29,11,54,44,1,55,75,5,53,99,10,16,59,22,24,67,15,19,18,9,34,3,37,89,0,86,6,97,8,45,91,2,31,68,25,14,47,4,27,7,35,23,
20,40,56,79,43,87,13,29,11,54,44,1,55,75,5,53,99,10,16,59,22,24,67,15,19,18,9,34,3,37,89,0,86,6,97,8,45,91,2,31,68,25,14,47,4,27,7,35,23,
79,13,29,11,54,44,1,55,75,5,53,99,10,16,59,22,24,67,15,19,18,9,34,3,37,89,0,86,6,97,8,45,91,2,31,68,25,14,47,4,27,7,35,23,
56,40,20,71,79,43,87,13,29,11,54,44,1,55,75,5,53,99,10,16,59,22,24,67,15,19,18,9,34,3,37,89,0,86,6,97,8,45,91,2,31,68,25,14,47,4,27,7,35,23,
61,48,65,70,102,69,42,33,49,90,36,105,38,39,45,73,6,56,37,104,93,26,32,25,84,17,24,64,5,72,57,76,9,60,1,66,7,74,41,58,11,78,35,13,15,27,28,44,3,62,50,43,2,63,4,16,22,85,18,31,19,40,46,23,51,10,14,21,12,30,20,0,29,8,
57,41,78,92,84,74,28,66,60,95,75,96,107,17,63,4,68,9,81,22,45,59,0,47,71,12,34,85,26,38,37,56,58,11,25,72,13,24,31,27,35,82,23,62,3,15,21,1,43,2,6,44,103,50,7,64,5,46,16,29,30,40,14,51,10,18,20,19,8,
62,21,38,96,81,12,46,64,50,58,5,26,30,56,3,40,20,71,18,75,22,44,11,29,82,43,15,68,59,6,24,19,9,34,87,37,0,45,67,14,31,16,47,89,10,25,27,1,86,7,4,35,23,111,2,13,8,101,
32,57,76,41,78,92,84,74,28,66,60,95,75,96,107,17,63,4,68,9,81,22,45,59,0,47,71,12,34,85,26,38,37,56,58,11,25,72,13,24,31,27,35,82,23,62,3,15,21,1,43,2,6,44,103,50,7,64,5,46,16,29,30,40,14,51,10,18,20,19,8,
80,98,113,59,95,47,109,119,40,61,48,65,70,102,23,69,42,33,49,90,11,36,105,26,38,39,45,73,6,85,56,37,104,25,93,14,32,84,5,17,24,64,72,57,76,9,60,1,66,7,74,41,58,78,35,114,13,15,27,28,44,3,62,50,43,2,63,4,16,22,18,31,19,46,51,10,21,12,30,20,0,29,8,
50,79,64,46,12,81,97,53,91,55,54,58,5,26,30,56,3,40,20,71,18,75,22,44,11,29,82,43,15,68,59,6,24,19,9,34,87,37,0,45,67,14,31,16,47,89,10,25,27,1,86,7,4,35,23,111,2,13,8,99,
73,93,109,120,122,32,57,76,3,41,78,5,92,19,84,11,74,1,28,66,60,95,22,75,2,96,23,107,34,17,63,4,68,9,82,81,8,45,59,0,47,71,12,85,26,38,37,56,58,25,72,13,24,31,27,35,62,15,21,43,6,44,103,30,50,7,64,46,16,29,40,14,51,10,18,20,
88,81,71,92,52,123,80,98,9,113,24,59,95,6,47,109,20,119,30,40,61,48,65,70,102,13,23,69,42,33,49,90,1,11,36,105,16,26,38,39,45,73,85,56,37,104,15,25,114,93,4,14,32,84,5,17,64,72,57,76,60,66,7,74,41,58,78,35,27,28,44,3,62,50,43,2,63,22,18,31,19,108,46,51,10,21,12,0,29,8,
51,72,85,97,53,91,55,54,99,103,121,62,1,21,82,38,96,35,81,20,12,46,64,3,50,111,58,5,26,87,30,56,40,101,71,10,18,75,14,22,44,11,29,43,15,68,7,59,6,67,24,19,9,34,37,0,45,31,16,47,89,25,86,27,4,23,2,13,8,110,
87,101,67,110,125,46,73,93,14,109,30,120,41,122,43,32,57,76,3,82,78,5,84,92,13,19,11,74,1,28,107,66,60,95,16,22,75,2,81,96,17,23,34,63,4,68,9,8,45,59,0,47,71,12,85,6,26,38,37,56,58,25,72,24,103,31,27,35,62,15,21,44,50,7,64,29,40,51,10,18,20,112,
90,36,104,69,49,20,18,10,51,14,40,29,16,46,64,7,50,30,103,44,6,43,21,15,62,35,27,31,24,13,72,25,58,56,37,38,26,85,12,71,47,0,59,45,8,81,82,9,68,4,63,17,34,107,23,96,2,75,22,95,60,66,28,1,74,11,84,19,92,5,78,41,3,76,57,32,122,114,33,42,102,73,39,109,93,105,113,
67,101,112,69,49,113,105,39,102,42,33,125,46,73,93,14,109,30,120,41,122,43,32,57,76,3,82,78,5,84,92,13,19,11,74,1,28,107,66,60,95,16,22,75,2,81,96,17,23,34,63,4,68,9,8,45,59,0,47,71,12,85,6,26,38,37,56,58,25,72,24,103,31,27,35,114,62,15,21,44,50,7,64,29,40,51,10,18,20,
60,84,74,28,92,17,107,101,110,87,86,89,67,111,112,63,4,51,72,13,103,44,96,37,43,50,38,21,62,3,9,68,15,64,5,11,26,85,30,46,12,71,82,23,29,0,59,34,58,18,20,40,81,22,56,47,6,10,2,7,1,19,75,16,45,8,35,31,25,14,27,24,
87,86,89,101,67,110,112,120,57,41,78,7,92,21,84,13,74,3,28,66,60,95,24,75,4,96,25,107,17,63,68,9,81,10,22,45,59,0,71,47,12,34,85,14,26,38,37,56,58,11,82,72,1,31,27,35,23,62,15,43,2,6,44,103,50,64,5,46,16,29,30,40,51,18,20,19,8,
48,65,70,112,120,125,129,40,90,1,36,104,15,69,49,20,109,18,107,10,51,14,103,29,16,105,46,64,7,96,50,30,44,6,95,43,21,62,35,27,31,24,113,13,102,72,25,114,58,56,37,38,26,85,12,71,47,0,59,45,8,81,82,9,68,4,93,63,17,34,23,2,75,22,60,66,28,74,11,84,19,92,3,5,78,41,76,57,32,122,33,42,73,39,
101,67,133,36,48,65,70,112,15,120,23,125,28,129,32,40,90,1,104,7,69,49,20,109,12,18,107,10,51,14,103,6,29,16,113,105,8,46,64,96,50,30,44,95,43,21,62,35,27,31,24,13,102,5,72,25,122,114,17,58,56,37,38,26,85,71,47,0,59,45,81,82,9,68,4,93,63,34,2,75,22,60,66,74,11,84,19,92,3,78,41,76,57,33,130,42,73,39,
57,41,78,66,95,121,99,54,55,91,53,97,131,60,84,5,74,28,107,92,13,17,96,101,22,110,31,87,8,86,7,89,10,67,111,112,63,4,51,72,103,24,44,37,43,50,38,21,62,3,82,9,68,15,64,11,26,85,6,30,46,12,71,23,29,0,59,34,58,18,20,40,81,2,56,47,1,19,75,16,45,35,25,14,27,127,
70,110,87,128,104,36,90,130,33,67,101,4,112,15,69,49,113,16,105,8,39,102,5,42,125,28,46,73,93,14,109,12,30,120,23,41,122,25,43,32,129,57,76,3,82,78,84,92,13,19,11,74,1,107,10,66,60,95,22,75,2,81,96,17,114,34,63,68,9,45,59,0,47,71,85,6,103,26,38,37,56,58,72,24,31,27,35,62,21,44,50,7,64,29,40,51,18,20,
111,76,32,122,109,93,73,125,132,87,8,86,7,89,10,101,22,67,110,31,112,120,41,57,78,92,13,21,84,5,74,3,82,28,107,66,60,95,16,24,103,75,4,96,17,25,63,68,9,81,2,45,59,0,71,47,12,34,85,6,14,26,38,37,56,58,11,72,1,27,35,23,62,15,43,44,50,64,46,29,30,40,51,18,20,19,
20,18,51,40,29,64,50,44,21,62,35,31,24,72,58,56,37,38,85,71,47,103,0,59,45,68,63,34,96,81,75,95,60,66,74,114,11,13,92,84,78,82,3,76,57,26,129,32,43,19,122,41,23,17,120,30,12,6,109,14,93,73,46,28,22,125,42,5,102,39,8,2,105,16,10,113,49,69,15,9,112,107,4,101,67,27,130,90,36,1,104,25,128,87,7,110,70,33,136,
55,53,91,42,102,39,105,121,128,137,111,22,76,32,122,109,20,93,4,73,125,132,43,87,8,86,7,96,89,0,10,101,12,67,110,21,31,120,112,23,41,57,78,92,3,13,84,5,74,82,28,107,18,66,60,95,6,16,24,103,14,75,17,25,63,68,9,81,2,45,59,71,47,34,85,26,38,37,56,58,11,72,1,27,35,62,15,44,50,64,46,29,30,40,51,19,131,
76,79,120,135,46,57,41,78,66,95,6,121,99,10,54,55,91,2,53,97,8,131,60,84,5,74,28,107,18,92,3,13,17,96,7,101,12,22,111,110,21,31,87,86,89,0,67,112,23,63,4,51,72,103,14,24,44,37,43,132,50,38,127,62,82,9,68,15,64,11,26,85,30,71,29,59,34,58,20,40,81,56,47,1,19,75,16,45,35,25,27,
118,120,79,135,46,57,41,78,66,95,6,121,99,10,54,55,91,2,53,97,8,131,60,84,5,74,28,107,18,92,3,13,17,96,7,101,12,22,111,110,21,31,87,86,89,0,67,112,23,63,4,51,72,103,14,24,44,37,43,50,38,127,62,82,9,68,15,64,11,26,85,30,71,29,59,34,58,20,40,81,56,47,1,19,75,16,45,35,124,25,27,
87,100,110,108,61,119,98,80,123,52,88,134,31,101,67,133,30,36,48,65,70,112,9,15,120,17,23,126,125,22,28,129,26,32,40,90,1,104,7,69,49,20,109,6,12,18,107,4,10,113,51,14,103,0,29,16,105,2,8,46,64,96,50,44,95,43,21,62,35,27,130,24,13,102,5,72,25,122,19,114,11,58,56,37,38,85,71,47,59,45,81,82,68,93,63,34,75,60,66,74,84,92,3,78,41,76,57,33,42,73,39,
49,33,114,115,116,125,73,93,109,122,32,137,128,105,39,102,42,139,132,76,141,44,118,21,120,23,79,135,38,46,57,41,78,66,95,6,103,121,24,99,2,10,107,54,55,91,53,97,0,8,131,34,60,84,5,74,28,18,92,3,13,110,17,96,7,101,4,12,22,111,14,31,87,86,89,67,112,15,63,51,72,37,43,140,50,127,30,62,82,9,68,64,11,26,85,71,29,59,58,20,40,81,56,47,1,19,75,16,45,35,124,27,25,
70,104,36,90,139,27,25,45,16,75,19,1,47,56,81,40,20,58,59,29,71,85,26,11,64,68,9,82,62,30,127,50,35,132,37,44,72,51,63,15,112,67,89,86,87,31,21,14,111,22,12,4,101,7,96,17,110,13,3,92,18,28,74,5,84,60,34,131,8,0,97,53,91,55,54,107,10,2,99,24,121,103,6,95,66,78,41,57,46,38,135,23,120,79,76,43,140,42,102,39,105,128,137,32,122,109,93,73,125,130,69,49,113,33,114,129,
36,90,118,124,114,33,113,49,69,130,125,73,93,109,122,32,137,128,105,39,102,42,140,43,76,79,120,23,135,38,46,57,41,78,66,95,6,103,121,24,99,2,10,107,54,55,91,53,97,0,8,131,34,60,84,5,74,28,18,92,3,13,110,17,96,7,101,4,12,22,111,14,21,31,87,86,89,67,112,15,63,51,72,44,37,132,35,50,127,30,62,82,9,68,64,11,26,85,71,29,59,58,20,40,81,56,47,1,19,75,16,45,25,27,139,
36,90,117,113,69,143,16,49,33,114,115,116,125,73,93,109,122,32,137,10,128,1,105,39,102,42,139,12,132,5,76,141,14,44,118,21,120,23,79,135,8,38,46,57,41,78,66,95,6,103,121,24,99,2,107,54,55,91,53,97,0,127,131,4,34,60,84,74,28,18,92,3,130,13,140,110,17,96,7,101,22,111,31,87,86,89,67,112,15,63,51,72,37,43,50,30,62,82,9,68,64,11,26,85,71,29,59,58,20,40,81,56,47,19,75,45,35,124,27,25,
124,65,48,133,134,136,144,17,70,104,36,90,139,12,27,25,45,16,75,19,1,128,47,56,81,40,20,58,59,29,71,85,26,11,138,64,68,9,82,62,30,127,0,50,35,132,5,37,44,72,51,63,15,112,67,89,86,87,31,21,14,111,22,4,131,101,7,96,110,13,140,3,130,92,18,28,74,84,60,34,8,135,97,53,91,55,54,107,10,137,2,129,99,24,121,103,6,95,66,78,41,57,46,38,23,120,79,76,43,42,102,39,105,32,122,109,93,73,125,69,49,113,33,114,
100,116,108,61,119,98,80,123,52,88,126,141,118,147,20,124,65,48,133,6,134,7,136,9,144,17,70,104,36,90,139,12,27,25,45,16,75,19,1,128,47,56,81,40,58,59,29,71,85,26,11,138,64,68,82,62,30,127,0,50,35,132,5,37,44,72,51,63,15,112,67,89,86,87,31,21,14,111,22,4,131,101,96,110,13,140,3,130,92,18,145,28,74,84,60,34,8,135,97,53,91,55,54,107,10,137,2,129,99,24,121,103,95,66,78,41,57,46,38,23,120,79,76,43,42,102,39,105,32,122,109,93,73,125,69,49,113,33,114,
108,61,119,98,80,123,52,88,126,145,118,141,116,115,143,117,147,20,124,65,48,133,6,134,7,136,9,144,17,70,104,36,90,139,12,27,25,45,16,75,19,146,1,128,47,56,81,40,58,59,29,71,85,26,11,138,64,68,82,62,30,127,0,50,35,132,5,37,44,72,51,63,15,112,67,89,86,87,31,21,14,111,22,4,131,101,96,110,13,140,3,130,92,18,28,74,84,60,34,8,135,97,53,91,55,54,107,10,137,2,129,99,24,121,103,95,66,78,41,57,46,38,23,120,79,76,43,42,102,39,105,32,122,109,93,73,125,69,49,113,33,114,
Future sets, 
34,53,54,55,25,13,5,23,27,4,1,138,79,16,14,10,147,37,47,6,143,94,35,17,12,149,21,9,146,136,45,36,33,48,32,67,31,39,42,28,22,15,142,124,52,49,41,26,135,19,128,122,86,65,61,75,89,91,97,68,59,57,80,70,38,20,141,77,83,29,11,148,132,118,69,88,60,40,46,51,140,3,66,73,99,117,115,44,133,30,139,56,145,8,18,87,129,111,116,100,76,58,71,82,81,64,50,121,109,106,101,78,137,98,90,62,108,110,103,96,72,131,125,119,107,92,74,112,127,84,104,120,93,43,85,144,63,134,95,113,102,114,130,105,123,126,
79,16,14,10,37,47,6,143,94,35,17,12,149,21,9,146,136,45,36,33,48,32,67,31,39,42,28,22,15,142,124,52,49,41,26,135,19,128,122,86,65,61,75,89,91,97,68,59,57,80,70,38,147,20,141,77,83,29,138,11,148,132,118,69,88,60,40,46,51,140,66,73,99,117,115,44,133,30,139,56,145,8,18,87,129,111,116,100,76,58,71,82,81,64,50,121,109,106,101,78,137,98,90,62,108,110,103,96,72,131,125,119,107,92,74,112,127,84,104,120,93,43,85,144,63,134,95,113,102,114,130,105,123,126,
25,34,53,54,55,24,21,27,23,13,79,16,14,10,33,36,8,135,47,94,37,45,35,48,32,67,31,39,42,28,22,149,15,142,124,52,49,41,26,19,146,128,122,86,65,61,75,89,91,97,68,59,57,80,70,38,147,20,141,77,83,29,138,132,118,69,88,60,40,46,51,140,66,73,99,117,115,44,133,30,139,56,145,18,87,143,129,111,116,100,76,58,71,82,81,64,50,121,109,106,101,78,137,98,90,62,108,110,103,96,72,131,125,119,107,92,74,112,127,84,104,120,93,43,85,144,63,134,148,95,113,102,114,136,9,130,105,123,126,
35,17,12,21,9,136,45,36,33,48,32,67,31,39,42,28,22,149,15,142,124,52,49,41,26,135,19,146,128,122,86,65,61,75,89,91,97,68,59,57,80,70,38,147,20,141,77,83,29,138,11,132,118,69,88,60,40,46,51,140,66,73,99,117,115,44,133,30,139,56,145,18,87,143,129,111,116,100,76,58,71,82,81,64,50,121,109,106,101,78,137,98,90,62,108,110,103,96,72,131,125,119,107,92,74,112,127,84,104,120,93,43,85,144,63,134,148,95,113,102,114,130,105,123,126,
27,23,17,12,21,11,79,16,14,10,33,36,8,135,47,94,37,45,35,48,32,67,31,39,42,28,22,149,15,142,124,52,49,41,26,19,146,128,122,86,65,61,75,89,91,97,68,59,57,80,70,38,147,20,141,77,83,29,138,132,118,69,88,60,40,46,51,140,66,73,99,117,115,44,133,30,139,56,145,18,87,143,129,111,116,100,76,58,71,82,81,64,50,121,109,106,101,78,137,98,90,62,108,110,103,96,72,131,125,119,107,92,74,112,127,84,104,120,93,43,85,144,63,134,148,95,113,102,114,136,9,130,105,123,126,
67,22,18,17,59,68,97,91,89,75,86,19,15,11,120,43,40,149,87,56,44,115,117,99,126,123,105,136,114,102,113,95,142,33,92,30,139,119,128,93,104,84,108,74,98,78,90,107,112,63,125,137,28,66,76,100,106,72,85,73,122,134,80,88,146,57,51,140,69,131,143,60,145,36,62,110,103,96,141,32,70,121,12,127,38,147,83,77,144,61,148,39,65,132,138,29,49,129,20,135,26,46,81,133,50,130,21,41,124,101,64,111,58,82,71,118,116,109,48,42,52,
94,35,17,12,21,9,136,45,36,33,48,32,67,31,39,42,28,22,149,15,142,124,52,49,41,26,135,19,146,128,122,86,65,61,75,89,91,97,68,59,57,80,70,38,147,20,141,77,83,29,138,11,132,118,69,88,60,40,46,51,140,66,73,99,117,115,44,133,30,139,56,145,18,87,143,129,111,116,100,76,58,71,82,81,64,50,121,109,106,101,78,137,98,90,62,108,110,103,96,72,131,125,119,107,92,74,112,127,84,104,120,93,43,85,144,63,134,148,95,113,102,114,130,105,123,126,
25,34,53,54,55,24,20,27,23,10,137,41,49,26,19,146,61,14,141,127,65,30,143,16,77,83,129,125,79,57,80,70,38,147,47,94,37,45,35,148,144,31,59,68,97,91,89,75,67,86,29,142,138,118,69,88,60,149,22,40,51,140,13,66,73,46,135,99,117,115,44,133,56,145,18,87,111,116,100,76,58,71,82,81,64,50,139,121,109,124,106,101,78,98,90,62,108,110,103,96,72,131,119,107,92,74,112,84,104,120,93,132,43,85,122,63,134,128,95,113,102,114,136,130,105,123,126,
47,94,37,45,35,48,32,67,31,39,42,28,22,15,124,52,49,41,26,135,19,128,122,86,65,61,75,89,91,97,68,59,57,80,70,38,147,141,77,83,29,138,132,118,69,88,60,149,40,46,51,140,66,73,99,117,115,44,133,30,139,56,145,87,143,129,20,111,116,100,76,58,71,142,82,81,64,50,121,109,106,101,78,137,98,90,62,108,110,103,96,72,131,125,119,107,92,74,112,127,18,84,104,120,93,146,43,85,144,63,134,148,95,113,102,114,136,130,105,123,126,
45,36,33,48,32,67,31,39,42,28,22,15,124,52,49,41,26,135,19,128,122,86,65,61,75,89,91,97,68,59,57,80,70,38,147,141,77,83,29,138,132,118,69,88,60,149,40,46,51,140,66,73,99,117,115,44,133,30,139,56,145,87,143,129,20,111,116,100,76,58,71,142,82,81,64,50,121,109,106,101,78,137,98,90,62,108,110,103,96,72,131,125,119,107,92,74,112,127,18,84,104,120,93,146,43,85,144,63,134,148,95,113,102,114,136,130,105,123,126,
41,49,26,19,61,14,127,65,30,143,77,83,16,129,125,79,57,80,70,38,147,47,94,37,146,45,35,148,144,31,59,68,97,91,89,75,67,86,29,142,138,118,69,88,60,149,40,51,140,66,73,46,135,22,99,117,115,44,133,56,145,87,111,116,100,76,58,71,82,81,64,50,139,121,109,124,106,101,78,137,98,90,62,108,110,103,96,72,131,18,119,107,92,74,112,84,104,120,141,93,132,43,85,122,63,134,128,95,113,102,114,136,130,105,123,126,
43,40,87,56,44,115,117,99,126,123,105,136,114,102,113,95,142,92,30,119,128,93,120,104,84,108,74,98,78,90,107,112,63,125,137,66,76,100,106,72,85,73,122,134,80,88,146,57,51,140,69,131,143,149,60,145,62,110,103,96,141,70,121,127,38,83,77,144,61,148,65,132,138,49,129,135,46,81,133,139,50,130,41,124,101,64,111,26,147,58,82,71,118,116,109,20,21,36,33,48,28,42,52,39,32,29,
81,101,124,50,21,104,96,103,110,121,38,62,145,107,112,63,146,72,127,85,51,134,36,119,33,48,131,28,95,92,84,74,141,66,149,133,60,143,78,76,125,42,137,70,73,140,57,93,109,122,39,120,132,49,65,148,135,52,128,61,144,69,136,100,77,126,142,130,113,88,129,105,108,41,138,147,80,106,123,90,102,98,139,114,83,32,
57,80,70,38,40,46,73,66,51,60,88,69,23,120,100,76,106,50,147,62,78,98,90,43,140,44,141,63,27,124,110,108,79,74,47,144,130,94,37,134,35,132,118,72,145,93,64,137,84,104,58,131,85,102,45,142,128,31,112,119,105,86,59,126,29,123,56,139,129,114,109,113,95,82,149,68,67,92,81,148,75,71,138,135,127,115,107,96,143,97,91,89,136,122,116,133,125,101,103,146,87,99,121,111,117,
65,30,77,83,16,125,79,57,80,70,38,147,47,94,37,146,45,35,144,59,68,97,91,89,75,67,86,29,138,118,69,88,60,149,40,51,140,31,66,73,46,135,99,117,115,44,133,56,145,87,129,111,116,100,76,58,71,142,82,81,64,50,139,121,109,124,106,101,78,137,98,90,62,108,110,103,96,72,143,131,22,119,107,92,74,112,127,84,104,120,141,93,132,43,85,122,63,134,128,148,95,113,102,114,136,130,105,123,126,
52,49,41,26,19,122,86,65,61,75,89,91,97,68,59,57,80,70,38,141,77,83,29,132,118,69,88,60,149,46,51,140,66,73,135,99,117,115,44,147,133,30,56,145,87,40,143,129,111,116,100,76,58,71,142,82,81,64,50,139,121,109,124,106,101,78,137,98,90,62,108,110,103,96,72,131,125,119,107,92,74,112,127,84,104,120,93,146,43,85,144,138,63,134,128,148,95,113,102,114,136,130,105,123,20,126,
79,57,80,70,38,47,94,37,45,35,59,68,97,91,89,75,67,86,29,118,69,88,60,149,51,140,66,73,46,135,99,117,115,44,133,56,145,87,40,129,111,116,100,76,147,58,71,142,82,81,64,50,139,121,109,124,106,101,78,137,98,90,62,108,110,103,96,72,143,131,125,119,107,92,74,112,127,84,104,120,31,141,93,146,132,43,85,144,138,122,63,134,128,148,95,113,102,114,136,130,105,123,126,
107,36,33,48,28,95,92,84,74,141,66,133,131,60,78,145,76,143,125,137,70,73,140,93,109,42,122,120,132,65,135,128,61,57,119,52,148,69,136,100,77,144,134,126,142,130,113,88,129,105,146,149,108,41,138,104,147,80,106,39,123,90,49,102,98,139,114,83,32,
65,61,22,125,86,83,77,75,89,91,97,68,59,57,80,70,29,132,118,69,88,60,149,46,51,140,66,73,135,99,117,115,44,147,133,30,56,145,87,40,143,129,111,116,100,76,58,71,142,82,81,64,50,139,121,109,124,106,101,78,137,98,90,62,108,110,103,96,72,131,119,107,92,74,112,127,38,141,84,104,120,93,146,43,85,144,138,122,63,134,128,148,95,113,102,114,136,130,105,123,126,
86,65,61,75,89,91,97,68,59,57,80,70,38,77,83,29,118,69,88,60,149,51,140,66,73,46,135,99,117,115,44,133,56,145,87,40,129,111,116,100,76,147,58,71,142,82,81,64,50,139,121,109,124,106,101,78,137,98,90,62,108,110,103,96,72,143,131,125,119,30,107,92,74,112,127,84,104,120,141,93,146,132,43,85,144,138,122,63,134,128,148,95,113,102,114,136,130,105,123,126,
116,118,71,82,58,26,109,111,64,147,101,124,41,50,133,81,46,129,49,132,65,148,61,144,77,83,38,121,70,141,96,103,110,62,145,60,143,131,69,140,57,88,80,51,134,122,73,85,127,72,106,100,76,135,66,149,137,125,63,146,112,107,90,78,98,74,108,84,104,120,93,128,138,119,139,92,142,95,113,30,102,114,136,130,105,123,126,
96,103,110,121,62,107,112,63,72,127,85,51,36,33,48,28,95,92,84,74,141,66,133,131,60,78,145,76,143,125,137,70,73,140,93,109,42,122,120,132,65,135,128,61,57,119,52,148,69,136,100,77,144,134,126,142,130,113,88,129,105,146,149,108,41,138,104,147,80,106,39,123,90,49,102,98,139,114,83,32,
86,83,77,75,89,91,97,68,59,57,80,70,29,118,69,88,60,149,51,140,66,73,46,135,99,117,115,44,133,56,145,87,40,129,111,116,100,76,147,58,71,142,82,81,64,50,139,121,109,124,106,101,78,137,98,90,62,108,110,103,96,72,143,131,125,119,107,92,74,112,127,38,84,104,120,141,93,146,132,43,85,144,138,122,63,134,128,148,95,113,102,114,136,130,105,123,126,
100,76,106,50,62,78,98,90,43,44,63,27,110,108,79,74,47,130,94,37,120,35,118,72,145,93,64,147,137,84,104,58,141,131,85,102,45,128,112,119,105,86,59,142,132,126,123,56,139,129,114,31,109,113,95,82,149,68,67,140,134,92,81,148,75,71,144,138,135,127,115,107,96,143,97,91,89,136,122,116,133,125,101,124,103,146,87,99,121,111,117,
93,64,56,55,54,53,71,81,92,95,113,109,47,114,123,126,59,105,119,45,85,102,124,143,34,148,146,37,117,141,111,99,145,127,116,137,131,68,121,86,139,118,115,91,144,97,138,136,101,134,142,89,130,110,107,149,96,128,75,112,133,67,120,125,122,129,103,132,79,147,94,135,82,140,87,
93,64,56,55,54,53,71,81,92,95,113,109,47,114,123,126,59,105,119,45,85,102,124,143,34,148,146,37,117,141,111,99,145,127,116,137,131,68,121,86,139,118,115,91,144,97,138,136,101,134,142,89,130,110,107,149,96,128,75,112,133,67,120,125,122,129,103,132,79,147,94,135,82,140,87,
111,64,101,124,50,81,46,49,65,61,77,83,38,109,70,141,96,103,110,121,62,133,60,131,69,140,88,80,51,122,73,144,132,85,127,72,143,106,100,76,147,135,66,137,125,63,134,112,41,107,90,149,78,98,145,74,108,84,104,120,93,128,57,138,148,119,139,92,142,95,113,102,114,136,130,146,105,123,129,126,
108,79,74,47,94,37,35,72,145,93,64,137,84,104,58,131,85,102,45,118,112,119,105,86,59,132,126,123,56,129,114,109,113,95,82,149,141,68,67,140,134,92,81,148,75,71,144,138,130,135,127,115,107,96,143,97,91,89,136,142,122,116,133,120,125,139,101,124,103,146,87,99,128,121,111,147,117,110,
92,84,74,95,66,131,60,78,76,125,137,73,93,109,122,120,141,132,135,128,140,57,133,119,148,65,69,100,77,70,134,52,126,142,144,61,130,113,88,129,105,146,149,108,136,138,145,104,147,106,123,90,49,143,102,98,139,114,83,42,80,39,41,
69,88,60,51,66,73,46,99,117,115,44,56,87,40,111,116,100,76,147,118,71,142,82,81,64,135,58,129,50,121,109,124,106,101,78,149,137,98,90,62,133,108,110,103,96,72,143,131,125,119,107,92,145,74,139,112,127,84,104,120,141,140,93,146,132,85,144,138,122,63,134,128,148,95,113,102,114,43,136,130,105,123,126,
111,83,77,64,101,124,50,81,38,109,70,141,96,103,110,121,62,133,60,131,69,140,88,80,51,122,73,144,132,85,127,72,143,106,100,76,147,135,66,137,125,63,134,112,107,90,149,78,98,145,74,108,84,104,120,93,128,57,138,148,119,139,92,142,95,113,102,114,136,130,146,105,123,129,126,46,
86,67,63,75,89,91,97,68,59,99,117,115,44,43,110,87,90,98,78,145,74,141,72,139,108,62,129,93,64,131,84,104,58,125,56,123,109,116,105,119,102,114,113,95,148,81,71,138,124,118,111,134,122,132,96,149,82,85,136,92,130,146,103,147,128,142,101,144,133,135,137,107,140,143,120,126,127,112,121,
109,93,137,128,73,48,122,39,80,125,42,83,114,139,98,102,143,49,90,123,106,147,104,145,138,136,108,149,146,105,129,88,113,130,61,144,142,126,52,134,70,77,100,69,65,148,119,133,
114,130,113,90,143,49,36,129,98,104,69,136,138,133,134,88,65,149,126,142,108,144,77,61,123,148,48,106,83,119,52,145,100,80,147,146,70,
82,94,79,103,129,122,125,120,133,112,75,96,107,67,149,110,130,89,134,101,142,128,87,136,138,97,144,115,118,147,132,91,139,121,131,137,135,116,86,127,145,99,140,111,141,117,146,148,143,124,68,
72,93,64,84,104,58,85,102,45,112,119,105,86,59,126,118,123,56,114,109,113,95,82,149,141,67,134,92,81,148,140,71,138,130,68,135,127,115,107,96,143,97,144,91,89,136,75,142,122,116,133,120,125,129,139,101,124,103,146,87,99,128,121,131,137,111,147,132,145,117,110,
129,104,144,136,138,133,134,88,65,149,126,80,108,61,148,119,48,142,77,123,106,83,100,147,146,52,145,98,70,
102,85,94,45,112,119,105,86,59,126,118,123,114,47,109,113,95,82,149,141,67,134,92,81,148,140,71,138,130,68,135,127,115,107,96,143,97,144,91,89,136,75,142,122,116,133,120,125,129,139,101,124,103,146,87,99,128,121,131,137,111,147,132,145,117,110,
70,96,103,110,121,62,60,69,88,80,51,73,132,85,144,127,72,131,106,100,76,135,66,125,63,122,112,107,90,149,137,78,98,145,108,74,133,84,143,104,120,141,140,93,134,128,109,138,148,119,139,92,142,95,113,102,114,136,147,130,146,105,123,129,126,57,
42,83,114,139,98,102,143,49,90,123,106,147,104,145,138,136,108,149,146,105,129,88,113,130,61,144,142,126,52,134,70,77,100,69,65,148,80,119,133,
116,100,76,118,71,82,81,64,111,58,50,109,124,106,101,78,137,98,90,149,62,121,108,110,103,96,72,131,125,119,107,92,145,139,112,127,74,133,84,143,104,120,141,140,93,146,132,85,144,138,122,63,135,134,128,148,95,142,113,102,114,136,147,130,105,123,129,126,
57,136,133,147,134,119,80,148,69,83,100,77,88,149,70,61,140,98,126,142,65,144,130,113,129,90,146,108,145,138,104,106,143,123,49,128,135,132,141,120,122,109,93,73,137,125,102,139,114,105,76,78,
114,139,102,49,123,143,106,104,138,136,145,108,146,90,129,113,130,144,65,142,126,52,98,61,70,149,88,77,100,83,69,148,80,119,134,147,133,
87,90,98,78,74,72,108,62,93,64,84,104,58,56,109,116,105,119,102,123,114,113,95,148,71,124,118,111,81,134,122,132,139,96,149,138,85,136,145,92,130,146,103,147,128,142,101,144,133,135,82,137,107,125,140,141,143,120,129,126,131,110,127,112,121,
115,117,99,98,90,87,74,72,108,62,93,64,84,104,58,56,109,116,105,119,102,123,114,113,95,148,71,124,118,111,81,134,122,132,139,96,149,138,85,136,145,92,130,146,103,147,128,142,101,144,133,135,82,137,107,125,140,141,143,120,129,126,131,110,127,112,121,
119,105,86,59,118,123,114,109,113,95,82,141,126,67,92,81,140,71,130,68,127,115,107,96,143,97,144,91,138,89,148,136,75,134,122,116,112,133,120,125,129,139,135,101,124,103,146,87,99,128,121,131,137,149,111,147,132,142,145,117,110,
81,73,100,76,66,50,109,124,106,101,78,137,98,90,149,62,121,108,110,103,96,72,131,125,119,107,92,145,139,112,127,74,133,84,143,104,120,141,140,93,146,132,85,144,138,122,63,135,134,128,148,95,142,113,102,114,136,147,130,105,123,129,126,
123,114,109,94,82,126,92,81,68,124,143,148,146,117,141,111,140,99,145,127,86,116,135,137,131,121,139,91,132,147,118,115,144,97,138,136,87,128,142,101,134,89,130,110,149,67,107,96,75,112,133,120,125,122,129,103,71,
133,134,108,149,61,148,119,126,100,77,106,142,83,147,88,52,80,123,65,98,
143,104,138,136,145,146,90,129,113,130,144,65,108,142,126,98,61,70,149,88,77,123,106,100,83,69,148,80,119,134,147,133,
124,106,101,78,98,90,62,108,121,110,103,96,149,72,125,119,107,92,145,139,112,127,74,84,137,131,104,120,141,140,93,146,132,85,138,122,135,134,128,109,148,95,142,113,143,102,114,136,147,130,105,123,129,126,144,133,63,
73,85,127,72,106,100,76,66,63,112,107,90,137,98,145,108,74,84,131,125,78,104,120,141,140,93,132,122,135,134,128,109,138,148,119,139,92,142,95,113,143,102,149,114,136,147,130,146,105,123,129,126,144,133,
88,83,106,77,100,149,126,148,142,108,
127,99,135,97,139,91,147,144,124,141,145,94,115,149,148,79,116,146,143,140,117,118,
99,127,135,97,147,144,124,141,145,94,115,149,148,79,116,146,143,140,117,118,
139,99,127,135,97,147,144,124,141,145,94,115,149,148,79,116,146,143,140,117,118,
116,105,119,102,123,114,109,113,95,71,118,111,81,124,122,132,139,96,138,136,145,130,146,103,147,128,85,134,142,101,144,133,92,135,137,148,107,125,82,140,141,143,149,120,129,126,131,110,127,112,121,
135,132,141,120,80,122,109,93,140,73,123,108,144,134,147,88,104,133,138,136,145,146,149,90,129,100,126,113,142,106,119,148,130,98,69,128,137,125,102,139,143,114,105,76,
104,84,111,64,93,146,105,119,102,123,114,109,113,95,148,81,134,122,124,132,139,138,85,136,145,92,130,147,128,142,101,133,137,96,149,144,103,107,125,140,141,143,120,129,126,131,135,82,110,127,112,121,
123,114,109,113,95,82,126,92,81,71,68,115,107,96,143,97,144,91,138,89,136,75,122,116,112,133,120,125,129,139,135,148,101,124,141,103,146,99,87,134,128,127,121,131,137,149,140,111,147,118,132,142,145,117,130,110,
131,88,66,113,95,142,120,73,141,132,135,78,125,76,123,140,93,130,146,109,104,126,149,102,139,148,108,145,98,105,119,144,134,147,100,137,90,133,138,129,136,128,143,106,114,122,
119,80,148,83,100,106,123,77,88,149,98,126,142,108,
108,121,110,103,96,72,119,107,92,139,112,127,84,131,125,104,145,120,141,140,93,132,85,122,135,134,137,128,109,138,148,142,95,113,143,102,149,114,136,147,130,146,105,123,129,126,144,133,74,
112,107,90,98,108,74,84,125,131,104,145,120,141,140,132,122,135,93,134,137,128,109,138,148,119,78,139,142,113,143,102,114,136,95,147,130,146,105,123,129,126,149,144,133,92,
93,105,119,102,123,114,109,113,95,81,122,124,132,139,138,136,145,130,146,147,128,134,142,101,133,92,137,96,144,103,148,107,125,140,141,143,149,120,129,126,85,131,135,110,127,112,121,
134,147,133,119,80,148,83,100,106,123,77,88,149,98,126,142,108,
95,120,141,132,135,78,76,113,140,93,130,123,146,109,104,126,149,102,139,148,108,145,142,105,119,98,144,134,147,100,137,133,138,129,136,90,125,128,143,106,114,122,
110,130,134,101,128,136,138,142,144,115,97,118,147,132,139,121,131,137,135,116,86,145,99,140,111,141,117,87,146,89,148,127,149,91,143,124,
107,96,97,91,89,75,116,112,133,120,125,122,129,139,135,148,143,124,141,144,103,146,87,128,127,121,131,137,149,140,99,111,147,118,136,138,132,142,101,145,117,115,134,130,110,
130,148,119,106,142,113,126,100,129,90,149,146,145,136,138,133,104,88,147,134,144,98,108,123,
138,136,147,133,144,98,134,88,123,100,80,149,126,148,119,142,106,108,
118,111,81,122,124,132,139,138,136,145,130,146,147,128,134,142,101,133,92,137,96,144,103,148,107,125,140,141,143,149,120,129,126,131,135,110,127,112,121,82,
107,92,112,127,84,125,131,104,145,120,141,140,132,122,135,93,134,137,128,109,138,148,119,139,142,113,143,102,114,136,95,147,130,146,105,123,129,126,85,149,144,133,
128,137,125,100,147,123,146,104,126,149,102,148,108,142,119,98,145,144,134,133,138,129,136,90,106,139,143,114,113,130,105,
84,125,131,104,145,120,141,140,132,122,135,93,134,137,128,109,138,148,119,139,142,113,143,102,114,136,95,147,130,146,105,123,129,126,149,144,133,92,
112,133,120,125,122,129,139,135,148,143,124,141,144,146,87,127,121,131,137,149,140,111,147,118,99,128,136,138,132,142,145,116,117,115,101,134,130,110,103,
140,93,123,146,104,126,149,102,148,108,142,119,98,145,144,134,147,100,133,138,129,136,90,137,125,128,109,139,143,114,113,130,105,106,122,
106,83,
135,122,132,140,141,93,123,146,104,126,149,102,148,108,142,119,98,145,144,134,147,133,138,129,136,90,137,125,128,109,139,143,114,113,130,105,120,
144,147,124,145,115,148,149,116,146,143,140,94,117,141,118,
88,123,100,149,126,148,142,106,108,
124,132,139,138,136,122,145,130,146,147,128,134,142,133,137,144,148,96,125,140,141,143,149,120,129,126,131,135,92,103,110,127,112,121,101,107,
124,111,107,96,133,103,140,134,129,122,125,120,130,110,147,141,142,137,132,131,139,138,101,136,127,128,144,149,112,143,148,135,145,146,121,

131,104,120,141,140,132,122,135,93,125,137,128,109,138,148,119,139,142,113,143,114,136,147,130,145,146,123,129,126,102,149,144,133,134,105,95,
127,112,95,132,139,138,136,122,145,130,146,147,128,134,142,133,137,144,148,125,140,141,143,149,120,129,126,131,135,92,113,109,114,123,102,119,105,107,
97,118,147,132,139,121,131,137,135,116,145,99,140,111,144,115,141,117,146,89,148,127,149,91,143,124,
142,132,138,136,128,118,111,149,137,131,121,140,127,146,144,141,124,143,148,135,116,147,145,139,
149,100,126,148,142,106,
132,139,121,131,137,118,135,116,99,140,144,141,117,148,115,146,127,149,111,143,124,145,147,
145,136,129,138,133,147,134,144,98,119,142,108,148,149,126,104,146,123,
139,97,135,116,144,118,140,99,141,117,148,115,146,127,149,143,124,145,147,
135,131,126,129,120,143,141,140,125,148,144,137,133,142,134,128,147,146,130,149,145,122,136,138,139,132,
125,137,128,109,148,139,119,142,143,114,113,136,147,130,145,146,123,129,126,102,149,144,138,133,134,105,

135,122,132,140,141,120,113,109,139,128,137,114,133,143,145,126,149,146,123,129,148,125,130,142,144,138,136,147,134,
103,134,129,122,125,120,130,133,110,141,142,137,132,131,139,138,136,127,140,128,144,149,143,112,148,135,147,145,146,121,
135,140,144,118,141,117,148,115,146,116,149,143,145,124,147,127,
108,142,149,148,126,123,
135,140,144,118,141,117,148,115,146,116,149,143,145,124,147,127,
148,142,106,
134,130,110,142,137,132,131,139,138,136,127,140,141,128,144,121,149,143,148,135,147,145,146,
139,119,143,114,113,147,130,145,146,129,126,148,149,142,123,144,138,136,133,134,
129,122,125,120,134,130,133,110,142,137,132,131,139,138,136,127,140,141,128,144,149,143,148,135,112,147,145,146,
134,147,133,138,144,129,136,119,126,148,149,142,123,
139,119,143,114,113,147,130,145,146,129,126,148,149,142,123,144,138,136,133,134,

135,131,129,120,143,141,140,125,148,144,137,133,142,134,128,147,146,130,149,145,122,136,138,139,132,
142,148,149,126,
139,128,137,114,133,143,145,126,146,129,148,149,130,142,123,144,125,138,136,147,134,
142,137,132,131,139,138,136,127,140,141,128,144,149,143,148,135,147,145,146,
137,131,121,127,144,140,141,124,149,143,148,135,147,145,146,139,
133,137,139,138,148,147,149,136,145,130,143,144,146,128,134,142,131,135,140,141,132,
145,146,129,126,148,149,142,123,144,138,136,133,147,130,134,
143,145,146,129,126,148,149,142,123,144,138,136,133,147,130,134,
146,149,143,
146,149,148,143,
149,146,
141,148,146,149,143,145,
126,148,149,142,123,
141,140,125,144,137,133,142,134,128,147,146,143,130,149,145,136,148,138,139,132,
127,140,141,144,149,143,148,135,147,145,146,139,
125,144,137,133,142,134,128,147,146,143,130,149,145,136,148,129,138,139,
142,148,149,126,
147,141,148,146,149,143,145,
137,133,142,134,128,146,144,143,130,145,136,149,147,148,138,139,
149,148,142,
141,144,149,143,148,147,145,140,146,135,
146,144,143,145,136,147,149,148,138,139,
144,138,136,133,147,142,149,148,134,
146,145,144,138,134,148,149,142,147,136,
139,135,146,140,145,147,148,143,149,144,141,
137,148,146,144,149,143,147,145,139,140,
147,142,149,148,134,
148,149,147,142,
140,145,147,148,143,149,144,146,141,
147,149,148,138,
146,144,149,143,148,147,145,139,
148,149,147,
145,147,148,143,149,144,146,
145,147,148,143,149,144,146,
146,149,148,143,

149,146,
148,149,147,
149,148,
149,
149,148,


Past links sets, 

0,

0,
0,
0,
1,

1,2,4,
2,3,4,6,
1,4,2,7,
3,4,5,6,
3,4,5,6,
0,2,7,
10,
5,8,9,
14,
3,4,5,6,
8,9,5,10,
10,15,
7,11,15,
11,2,12,
14,18,
4,13,
2,7,
0,2,7,
10,20,
23,
8,9,17,21,
11,22,19,16,13,
18,14,19,20,
9,16,8,23,
8,9,17,21,
9,17,21,
24,25,
3,27,16,6,8,
33,
8,25,24,27,16,
12,13,30,26,16,22,
28,32,
29,
26,28,
39,
29,31,
29,31,
9,35,37,
26,29,30,
37,
32,36,
33,41,42,
12,23,40,46,
21,29,38,
15,42,48,
24,25,
24,25,
24,25,
44,43,24,35,25,
38,41,
20,44,43,40,35,
19,22,31,45,
29,28,38,
18,48,19,49,
50,44,21,43,38,
50,31,51,
24,30,58,25,26,
14,49,19,48,18,
46,51,60,
5,47,45,34,31,
47,34,59,
29,49,57,
36,38,49,
20,59,56,47,40,
35,51,62,
32,60,51,57,46,
27,62,28,63,
68,
23,40,57,66,
22,65,61,30,52,
43,63,41,66,
16,27,55,54,34,53,
57,61,65,70,
12,64,46,71,
34,58,71,
77,
58,72,74,
56,64,37,72,
19,22,67,
43,44,67,75,
52,69,60,80,
68,86,
44,78,73,76,69,
53,68,86,
74,81,85,
84,64,78,32,76,
6,47,79,
66,59,84,85,
68,81,62,82,
54,55,91,
61,65,70,90,
54,91,89,75,44,55,
76,73,88,
50,82,67,81,75,
42,85,73,93,
75,96,
36,84,90,
39,93,73,85,45,
77,50,100,
17,63,85,82,81,68,
27,98,80,62,52,
47,93,95,
101,103,
26,89,87,82,30,
85,63,103,
69,102,95,105,
33,102,105,109,
97,79,99,
40,56,99,79,20,97,87,
97,79,99,
71,99,79,97,87,
65,61,105,70,104,102,
57,78,107,92,103,95,
96,101,111,
32,76,78,107,92,103,95,
119,114,80,113,98,
50,79,111,81,99,97,
73,109,120,122,
92,88,108,123,
85,121,110,99,97,
87,112,110,125,
113,104,114,122,
125,114,113,101,112,
60,84,92,112,107,111,110,
87,120,110,112,89,
65,129,125,70,112,
130,133,
57,131,127,95,78,
128,129,70,130,
111,125,132,
136,
91,102,105,137,131,55,121,128,
76,79,132,135,
118,124,120,135,
87,134,126,110,100,
114,49,115,141,116,140,139,
70,130,139,140,129,
90,118,140,130,139,36,124,
36,143,130,90,117,
138,124,134,144,
100,116,147,145,141,126,
145,126,146,147,
Future links sets, 
13,1,25,3,4,5,
10,8,6,
25,8,24,13,9,21,10,
35,9,11,12,17,
17,23,12,8,9,10,11,
18,11,67,12,17,15,
35,9,11,12,94,17,
25,10,20,13,24,
35,32,37,15,18,28,31,
45,33,32,15,18,28,31,
26,18,19,14,
29,21,20,
50,38,81,21,
29,38,23,
65,30,22,16,
52,20,19,
38,29,31,79,35,37,
107,32,33,28,
61,65,30,22,
86,65,29,59,30,61,
116,26,71,30,58,
28,33,32,62,51,
86,29,59,38,77,
50,76,31,27,
55,56,34,54,37,64,53,
55,56,34,54,37,64,53,
111,38,41,46,64,
108,37,74,35,79,
60,41,74,39,
69,60,51,40,43,44,46,
111,38,46,64,77,
67,43,63,44,59,
122,39,48,73,93,
114,49,36,
79,68,82,67,
72,58,56,45,
146,48,70,145,104,
47,85,45,
70,57,51,62,60,
105,42,
116,50,58,71,76,
78,57,49,
102,52,49,
87,58,56,78,62,
99,90,56,58,62,87,
105,67,59,
73,81,66,50,
109,67,68,71,94,
65,61,52,
143,61,65,70,69,
124,63,101,62,106,
72,66,73,63,
108,88,77,
91,79,
97,99,79,
97,139,99,79,
85,116,71,
73,120,76,135,69,80,
82,84,64,
95,71,68,
88,73,131,66,
119,98,80,77,
108,96,74,72,
112,107,78,74,
93,85,81,
133,77,80,98,119,
95,78,76,
87,101,86,
75,89,91,107,96,
90,113,88,
136,80,98,144,133,119,
118,82,81,
85,84,
125,90,100,105,102,
92,84,
103,101,99,87,
140,90,93,100,122,
106,83,
135,90,120,93,122,
124,140,118,115,94,116,117,
123,108,88,
124,92,107,96,101,
107,111,101,96,

131,104,95,93,
112,107,92,102,95,127,105,
91,89,
142,132,111,116,118,128,
126,100,
132,111,99,
146,145,104,98,
139,99,97,
131,126,122,120,
109,105,102,

135,113,109,120,122,
121,103,
124,115,127,116,117,118,
123,108,
124,115,127,116,117,118,
148,142,106,
121,130,110,
139,119,114,113,
122,112,120,110,
129,119,
139,119,114,113,

131,122,120,
126,
125,114,
127,132,128,142,131,
137,124,131,121,
133,128,130,131,132,
130,129,123,
130,129,143,123,
143,
148,143,
146,
145,141,
123,
141,132,125,
139,127,
129,125,
126,
147,145,141,
137,130,133,128,
149,148,142,
135,
139,136,
144,136,133,
146,144,136,134,145,
139,135,
140,137,
134,
147,142,
141,140,
138,
139,
147,
145,144,143,
145,144,143,
148,143,

146,
147,
149,148,
149,
149,148,


Coordinates,
0.197524,9.59358,
1.35156,9.08256,
0.0390902,7.33737,
2.19918,9.47846,
1.01862,8.27556,
2.45163,9.61799,
2.08265,8.84326,
0.0238443,6.35035,
1.80123,7.53865,
2.23708,7.74679,
1.4039,6.81162,
3.40442,8.78762,
4.60112,9.33555,
0.970056,5.67611,
1.44854,6.1119,
3.00054,7.61252,
1.56636,5.92447,
5.83744,9.89382,
2.86952,6.92455,
3.00074,7.02002,
3.67211,7.65109,
5.13926,9.01685,
2.95086,6.58384,
1.25137,4.69034,
0.0782814,3.50581,
0.309722,3.61034,
4.49552,7.78838,
1.28952,4.23497,
5.94324,8.81195,
3.40818,6.16644,
4.42397,7.11075,
2.24489,4.77585,
7.25993,9.60777,
7.68242,9.82021,
0.856484,2.91123,
2.21207,4.20685,
7.98028,9.9151,
1.90315,3.79641,
4.99603,6.87547,
7.60963,9.43951,
3.63171,5.41926,
6.74759,8.53095,
7.64392,9.41217,
3.5352,5.11572,
3.42526,4.95433,
2.24379,3.73704,
4.54274,5.91946,
2.03856,3.3977,
8.63434,9.91723,
7.77466,8.83664,
4.66563,5.67958,
5.46674,6.36171,
9.15339,9.97286,
0.741007,1.48454,
0.666561,1.36749,
0.734021,1.42732,
3.59704,4.26136,
6.78656,7.44906,
3.99789,4.64322,
3.10718,3.73331,
6.5148,7.06547,
8.85457,9.15527,
5.15358,5.42901,
5.72462,5.8261,
4.52956,4.57167,
8.6693,8.70417,
6.61561,6.51578,
2.52274,2.40169,
3.16842,3.00268,
7.88493,7.6642,
8.38125,8.10725,
3.95438,3.65537,
5.49671,5.13557,
7.35038,6.83364,
5.97731,5.41727,
3.39419,2.80678,
7.1745,6.57516,
9.79195,9.10171,
6.78054,6.06095,
1.7796,1.00754,
9.07313,8.27934,
4.61797,3.80504,
4.1482,3.31864,
9.89629,9.06656,
6.25061,5.31045,
5.7063,4.74119,
3.06172,2.07433,
3.53935,2.44307,
9.24272,8.03286,
3.36358,2.01043,
7.94452,6.41075,
3.2985,1.43163,
6.05524,4.13939,
7.29566,5.35889,
2.08469,0.114753,
6.71428,4.60902,
5.28652,3.17664,
3.36045,1.24209,
8.8978,6.73333,
3.45281,1.25525,
9.72242,7.46602,
4.93874,2.62696,
7.65725,5.30797,
5.42455,3.04979,
8.31393,5.87687,
7.62619,5.15114,
9.81805,7.29802,
5.85342,3.33059,
9.23147,6.67564,
7.34808,4.55665,
5.45504,2.65076,
4.52182,1.64706,
5.76174,2.84281,
7.90475,4.94294,
7.72041,4.65053,
3.49867,0.415687,
3.68473,0.487583,
3.46433,0.254988,
3.95945,0.543783,
8.87774,5.3793,
6.92356,3.23679,
5.37438,1.53599,
7.26249,3.39652,
9.13984,5.03878,
4.9201,0.69018,
7.39295,3.1196,
9.28593,4.85631,
5.71962,1.18898,
7.54976,2.77726,
8.35422,3.57435,
7.91795,3.03656,
6.56941,1.59986,
7.024,1.66822,
8.72067,3.33589,
8.75353,3.17509,
6.7885,1.15524,
8.41552,2.74885,
7.51587,1.63053,
8.52648,2.63361,
7.67294,1.37551,
7.24099,0.841092,
7.02385,0.49821,
9.76268,3.17244,
7.79372,0.356379,
8.41075,0.828231,
8.26867,0.526424,
8.18776,0.186648,
8.81657,0.568558,
9.75149,0.434438,
9.54439,0.166835,
