Storage option,sets
Size,100
Dimension,2
Shape,cube
Spacetime,BlackHole
Past sets, 


0,
0,2,
0,
1,0,2,
1,2,4,0,3,



5,6,1,2,4,0,3,
7,8,
7,8,
1,2,9,4,0,3,



8,7,11,
15,

0,4,12,7,8,9,
8,7,11,
12,17,7,8,11,
15,18,
17,21,11,8,7,
16,15,18,
16,15,18,23,
8,14,
16,15,18,23,
8,14,
8,14,29,
14,8,27,
12,17,21,24,7,11,8,
14,19,
4,9,22,8,12,0,17,7,11,
9,12,22,0,17,4,21,24,7,11,8,
16,
6,5,10,11,3,2,1,20,9,0,4,12,7,8,13,
1,2,3,11,20,9,0,4,12,7,8,17,
0,4,14,9,32,21,12,17,24,7,11,22,8,
22,14,32,21,12,17,24,7,11,8,27,
0,22,14,9,32,21,12,17,24,7,11,8,27,
2,3,20,21,24,12,4,9,22,0,34,11,8,17,7,
14,26,19,16,23,15,18,
25,28,16,23,15,18,26,
19,25,28,16,23,15,18,26,
2,14,20,3,32,34,35,9,22,12,0,17,4,21,8,24,11,7,
23,18,15,16,30,19,8,14,33,29,27,26,
6,13,35,1,38,42,8,2,3,20,21,4,24,7,12,9,22,0,34,17,11,
19,31,8,7,30,14,33,11,27,29,15,
14,19,25,28,16,23,15,18,26,
9,19,0,29,30,31,14,27,22,32,21,8,12,17,24,40,11,7,
28,31,47,30,23,18,15,16,33,19,8,14,29,27,26,43,
6,13,1,38,5,42,8,2,3,20,21,4,24,7,12,9,22,0,34,17,11,
18,26,15,16,28,14,25,19,23,45,
19,29,30,31,4,41,24,7,0,17,22,14,9,32,21,12,11,8,27,40,
21,18,23,49,19,31,8,7,33,30,14,27,11,29,15,
11,12,21,14,22,40,17,0,24,41,27,4,8,31,7,30,29,19,32,9,55,
15,33,11,24,40,17,12,21,22,27,14,8,31,7,30,29,0,19,32,9,51,
18,15,16,36,25,
41,12,15,33,58,11,24,40,17,21,22,27,14,8,31,7,30,29,0,19,32,9,4,51,
39,32,14,46,2,6,13,35,12,48,1,24,38,42,8,3,20,21,4,7,9,22,0,34,11,17,
15,28,18,26,43,14,54,25,19,16,45,23,50,
7,11,52,33,14,28,47,31,30,23,18,15,16,19,8,27,29,26,43,25,
25,52,33,14,28,47,31,50,30,23,18,15,16,19,8,27,29,26,43,
17,24,25,43,26,16,47,28,21,18,23,49,52,15,56,19,31,14,8,7,33,30,27,11,29,
43,26,19,16,15,23,30,27,50,8,31,47,28,14,33,29,52,25,18,64,
23,28,18,59,25,15,36,16,
9,32,19,30,7,8,14,27,51,22,21,17,24,40,11,0,29,58,4,33,15,12,41,31,60,
9,24,17,32,22,40,26,16,47,21,18,23,12,49,15,56,19,31,14,8,7,33,30,27,11,29,
40,27,32,3,39,14,46,17,61,2,6,35,13,42,12,41,48,1,24,38,9,8,20,21,4,7,22,0,34,11,
10,37,39,32,14,46,35,7,53,6,13,48,1,24,38,5,42,8,2,3,20,21,4,12,9,22,0,34,11,17,
16,36,25,15,59,18,28,23,67,
33,28,8,45,15,18,26,43,14,54,62,25,19,16,50,23,44,
26,23,28,44,18,59,25,15,36,16,
45,11,54,7,43,26,66,19,15,23,30,27,50,8,31,47,28,14,33,29,52,25,18,64,16,63,
24,17,32,22,40,43,26,16,47,28,21,18,23,12,49,52,15,56,19,31,14,8,7,33,30,27,11,29,
35,39,55,68,9,32,19,30,7,8,14,27,51,22,21,17,24,40,11,0,29,58,4,33,15,12,41,31,60,57,
14,36,45,23,19,25,28,16,15,26,18,44,
43,28,52,51,4,0,58,41,69,40,11,9,24,17,32,22,26,16,47,18,21,23,12,49,15,56,27,19,31,60,14,8,7,33,30,29,
4,41,51,0,58,25,65,9,76,14,24,17,32,22,40,43,12,26,16,47,28,21,52,18,49,23,15,56,19,31,8,7,69,33,30,27,11,29,
80,4,41,0,51,58,17,25,65,24,9,76,14,32,22,40,43,12,26,16,47,28,69,21,52,11,18,49,8,23,15,56,19,60,31,7,33,30,27,29,
17,44,49,21,56,45,75,16,11,54,25,43,14,26,7,66,8,19,15,23,52,30,27,50,31,47,18,28,33,62,29,64,63,
29,30,31,10,37,5,70,40,3,27,32,39,2,14,46,9,17,61,24,6,35,13,42,12,41,4,48,11,1,38,8,20,21,7,22,0,34,53,
4,41,50,51,0,58,63,25,65,9,76,14,24,17,32,22,40,43,12,26,16,47,28,21,52,18,49,23,15,56,19,31,8,7,69,33,30,27,11,29,
19,67,26,23,36,28,15,44,18,59,72,25,45,74,16,
29,30,36,73,54,16,33,14,28,8,45,26,15,18,43,62,25,44,19,50,23,
7,36,11,52,29,47,31,27,30,73,54,16,33,14,28,8,45,26,15,18,43,62,66,25,44,19,50,64,23,
31,36,27,29,30,47,73,54,16,33,14,28,8,45,26,15,18,43,62,25,44,19,50,23,
63,87,25,7,36,11,73,52,29,47,16,31,62,27,30,54,23,33,64,14,45,28,8,26,15,18,43,66,44,19,50,
52,64,30,31,36,88,29,47,18,15,44,54,25,16,45,33,62,73,14,43,28,27,86,8,26,19,50,23,
14,85,19,36,67,16,26,23,74,28,45,15,44,18,59,25,72,
43,50,54,14,78,85,19,36,67,16,26,23,74,28,45,15,44,18,59,25,72,
72,59,30,31,36,88,29,47,18,74,15,44,54,25,16,45,33,62,73,14,43,28,27,86,67,8,26,78,19,50,23,
54,78,91,15,72,14,28,19,36,74,16,67,26,45,23,85,44,25,18,59,
29,8,33,23,43,50,54,14,78,85,16,19,36,59,67,91,44,73,26,74,28,92,45,62,15,18,72,25,
91,85,19,72,59,30,67,31,36,73,88,93,14,29,47,18,92,74,15,44,54,25,62,16,45,8,33,43,28,27,86,26,78,50,23,
17,49,21,56,75,66,63,89,64,52,19,72,59,30,67,31,36,73,88,93,14,29,47,18,74,15,44,54,25,62,16,11,90,45,87,8,33,43,28,27,7,86,26,78,50,23,
21,49,75,85,66,63,89,64,52,19,72,59,30,67,31,36,73,88,93,14,29,47,18,74,15,44,54,25,62,16,11,90,45,87,8,33,43,28,27,7,86,26,78,50,23,
33,29,91,8,23,54,43,74,50,19,14,45,78,16,36,67,59,95,28,44,73,26,30,62,15,85,18,72,92,25,
Future sets, 
58,51,41,34,20,57,60,35,77,39,55,79,68,80,84,5,42,13,46,48,10,61,38,6,37,71,3,70,53,81,2,83,4,
38,37,71,83,10,61,53,70,5,6,48,13,
3,71,37,6,38,61,10,53,70,48,46,83,13,42,5,
46,42,6,38,61,53,10,70,71,48,83,37,13,
80,68,79,55,39,77,35,60,13,84,37,83,48,71,70,57,10,61,38,53,6,20,46,42,81,34,
53,10,71,83,37,
53,10,71,61,83,70,48,37,
20,11,58,87,40,75,89,42,63,49,37,84,98,51,56,17,82,35,97,60,38,32,79,69,22,65,80,41,70,21,68,57,39,76,55,77,46,83,71,24,34,81,48,61,53,12,
73,99,95,86,30,29,90,66,52,64,88,96,93,31,47,27,20,11,58,87,40,75,89,42,63,49,37,84,98,51,56,17,82,35,97,60,38,32,79,69,22,65,80,41,70,21,68,57,39,76,55,77,46,83,71,24,34,81,48,61,53,12,
69,58,51,80,57,55,68,79,71,48,84,37,83,70,61,38,20,53,60,13,46,42,81,34,35,77,39,41,
71,83,37,
87,75,89,63,49,37,98,56,17,82,97,60,38,32,69,65,80,51,41,70,58,21,57,79,42,68,39,76,55,84,40,77,35,46,83,71,34,48,61,24,53,22,81,
42,83,53,71,37,70,22,48,61,20,38,79,46,41,58,80,39,57,68,60,55,84,51,69,76,35,81,40,34,77,32,
53,61,83,70,37,48,71,
91,78,94,54,50,46,62,92,43,61,71,39,73,33,99,95,86,30,27,68,47,88,41,82,70,29,31,93,52,56,97,96,55,51,83,57,98,64,87,75,89,66,63,90,49,81,40,80,65,76,79,69,84,60,77,58,
68,77,60,58,18,59,23,76,56,67,72,25,78,26,79,73,50,97,44,91,69,28,81,75,47,94,88,54,95,45,98,92,86,74,85,43,96,90,84,63,66,99,52,93,64,80,62,65,82,89,87,49,
36,98,93,89,88,95,86,73,97,87,50,74,85,92,94,78,45,82,90,75,91,54,84,66,64,96,59,67,72,63,65,44,81,80,99,62,25,26,69,47,43,52,79,76,28,
82,97,38,32,65,80,51,41,70,58,57,79,68,39,60,55,84,69,40,76,35,46,71,42,48,77,61,53,83,24,22,81,34,
59,23,56,67,72,25,26,73,50,97,91,44,69,28,75,47,94,88,54,95,45,92,86,74,85,78,43,90,84,63,96,66,99,52,93,64,81,79,98,76,80,62,65,82,89,87,
57,55,51,50,54,94,78,85,91,45,62,92,33,86,49,95,58,73,68,77,60,97,56,93,47,84,96,88,65,99,52,89,98,75,90,79,76,80,43,81,63,82,66,87,64,69,
46,38,61,83,37,71,48,70,53,42,
82,97,56,53,65,42,71,48,77,35,55,84,41,70,58,81,80,51,57,32,61,79,68,98,39,60,24,83,69,40,46,76,
41,58,80,57,79,68,60,55,84,51,69,76,35,46,71,48,61,83,70,53,42,81,34,77,39,40,
56,67,72,26,50,91,69,28,47,88,54,95,45,86,74,85,44,94,78,43,84,92,63,96,66,99,73,93,52,64,81,90,79,98,76,80,62,65,82,89,75,97,87,
65,53,42,48,35,55,41,58,81,80,57,32,79,68,60,83,84,61,51,69,46,71,70,76,39,77,40,
80,81,65,63,72,67,59,64,66,84,54,62,75,90,82,78,94,44,91,92,45,85,74,50,97,73,96,99,86,95,88,89,87,93,98,
50,69,47,54,45,74,85,91,94,78,43,92,63,96,88,95,66,86,99,73,44,93,64,52,81,90,79,98,76,80,62,65,84,82,89,75,97,87,
47,41,70,31,68,93,56,96,88,51,83,57,55,64,87,75,89,52,66,63,90,81,80,65,76,79,69,98,82,84,97,60,49,77,40,58,
72,98,93,87,89,88,95,86,99,52,96,73,97,50,74,85,45,92,91,44,94,78,82,90,75,62,54,84,66,64,79,76,80,81,65,63,67,
30,86,49,83,57,55,58,95,68,60,97,77,56,93,47,84,96,88,51,65,99,52,89,98,75,90,79,76,80,81,63,82,66,87,64,69,
86,83,57,55,58,68,60,77,56,47,93,49,96,88,65,99,52,51,98,75,90,79,76,80,81,84,63,82,66,89,97,87,64,69,
93,96,88,83,57,55,64,87,75,89,66,63,90,81,52,80,51,65,76,79,69,98,56,82,84,97,68,49,77,60,58,
41,58,81,80,57,79,68,60,55,84,51,69,46,83,61,71,70,76,39,77,40,
86,95,73,68,77,60,58,56,47,93,49,96,88,65,99,52,98,75,90,79,76,80,81,84,63,82,66,89,97,87,64,69,
42,53,70,83,61,48,71,46,
77,46,70,83,48,71,61,
88,89,87,90,86,93,74,91,94,92,99,95,78,67,59,96,97,98,85,72,
83,71,
48,83,71,61,70,53,
77,71,61,83,70,
76,70,69,51,84,77,55,83,60,68,79,57,80,81,58,
84,79,68,77,55,81,70,60,83,57,80,
48,83,71,61,70,53,
92,96,88,95,86,99,73,93,52,90,79,98,76,80,81,62,65,84,63,82,66,89,75,97,87,64,
82,78,94,92,91,85,74,73,99,86,95,88,89,87,93,96,90,97,98,
91,85,78,92,73,94,75,96,82,62,99,90,86,54,95,88,89,87,93,97,98,
70,83,71,61,
96,88,93,52,90,79,98,76,80,81,65,84,63,82,66,89,75,97,87,64,69,
70,83,71,61,
98,97,82,56,79,76,65,69,80,84,81,
92,84,66,75,96,82,62,99,73,90,86,95,88,89,87,93,97,98,64,
77,60,68,79,81,84,80,58,
79,76,80,81,65,90,63,66,89,84,98,75,97,87,64,82,
83,71,
94,92,96,82,62,99,73,90,86,95,88,89,87,93,97,98,75,
77,57,
97,82,79,76,65,69,80,84,81,
77,
84,81,79,60,77,68,80,
74,93,94,92,99,95,91,67,96,97,98,85,72,
81,79,77,68,
83,70,
82,73,99,86,95,88,89,87,93,96,90,97,98,
89,84,98,75,97,82,
90,82,97,75,98,87,89,66,
84,81,80,
89,87,98,75,97,82,
93,94,92,99,95,91,96,97,98,85,72,
77,
81,80,84,79,
83,

97,85,96,98,91,95,99,92,94,93,
99,95,88,89,87,86,93,96,90,97,98,
97,85,96,98,91,95,99,92,94,93,
98,97,82,
84,81,80,

94,97,98,93,92,96,99,95,

81,




98,91,96,95,99,92,94,
96,90,98,93,97,
97,98,89,
96,90,98,93,97,
98,97,
98,97,
96,95,99,94,
96,99,95,
98,97,96,

99,




Past links sets, 


0,
2,
0,
1,2,
1,3,4,



5,6,
7,8,
7,8,
1,3,4,9,



11,
15,

4,9,12,
11,
12,17,
18,
17,21,
16,18,
16,23,
8,14,
16,23,
8,14,
29,
27,
12,24,
14,19,
4,9,22,
22,4,9,24,
16,
11,13,10,20,
1,3,17,20,
4,32,22,14,9,
22,27,32,
32,27,0,22,9,
3,20,24,34,
14,19,26,
25,26,28,
19,25,26,28,
3,14,35,20,34,32,
26,27,30,33,
6,42,38,13,35,
11,33,31,30,15,
28,26,14,25,19,
0,40,9,31,30,19,
31,28,43,47,
42,5,38,13,6,
14,45,
4,31,40,19,41,30,
21,23,49,
55,
15,33,51,
25,36,
4,41,58,
39,46,48,
43,50,54,
11,25,52,
50,52,
24,25,52,56,
64,
28,59,
60,
9,40,47,56,
40,41,61,
53,37,48,46,39,
67,
8,33,44,62,
44,59,
54,63,66,
40,52,56,
35,39,57,68,
36,14,44,45,
52,60,69,
4,41,76,65,69,58,
60,80,
17,75,62,56,44,
30,70,37,53,31,
4,50,58,69,76,65,41,63,
45,72,74,
30,36,73,
11,36,66,73,
31,36,47,73,
63,87,
64,86,88,
14,85,
85,50,78,43,54,
72,88,78,86,74,
54,78,91,
29,73,91,92,
91,92,93,
17,93,90,75,56,89,
21,75,49,93,90,85,89,
30,95,
Future links sets, 
51,41,4,2,
38,13,6,5,
5,3,
6,46,13,38,42,
84,80,60,55,39,6,35,13,20,34,
53,10,
53,48,10,
12,11,
11,12,27,73,29,
69,51,41,39,20,13,35,34,
37,
63,17,37,87,21,49,
32,22,20,
53,48,37,
91,78,46,54,43,27,29,50,39,33,
49,58,18,
28,36,26,25,
97,22,24,82,38,
25,23,
51,55,33,43,45,50,
46,38,42,37,
98,56,24,
41,34,39,35,40,
28,56,26,
65,35,42,32,
65,63,44,59,45,50,
50,43,44,45,47,
47,40,41,31,
44,67,45,50,52,
95,30,
86,83,47,49,51,99,55,
83,49,51,52,88,55,
46,41,40,39,
73,58,49,47,
46,42,
77,48,46,
88,59,78,86,87,
83,71,
53,48,
77,71,61,
76,51,55,70,69,
84,55,60,70,80,
53,48,
92,62,52,
82,74,78,73,
85,78,54,
71,61,
88,69,52,
71,61,
98,56,
84,64,92,62,
58,
79,63,64,65,76,
83,71,
94,75,92,62,
57,
97,69,65,76,82,
77,
84,80,60,
74,67,
81,79,68,
70,
82,73,
89,84,75,
90,66,
84,80,
87,75,
72,
77,
80,84,79,
83,

93,85,
95,88,87,86,
93,85,
98,97,82,
84,80,

94,93,92,

81,




98,92,91,
93,90,
89,
93,90,
98,97,
98,97,
96,95,94,
96,95,
98,97,96,

99,




Coordinates,
1.44854,2.21207,
0.197524,1.56636,
8.52648,2.01043,
4.61797,1.90315,
2.86952,2.24489,
0.309722,0.856484,
2.03856,1.36749,
1.25137,3.17664,
0.666561,3.68473,
3.42526,2.52274,
2.19918,0.526424,
2.23708,3.5352,
3.36045,2.95086,
4.42397,1.43163,
0.970056,5.49671,
0.0782814,7.72041,
0.0238443,8.63434,
3.49867,3.33589,
0.741007,7.94452,
1.4039,6.35035,
9.28593,2.08469,
3.67211,3.57435,
4.52956,3.10718,
1.28952,7.6642,
4.1482,3.40818,
1.35156,8.27934,
1.7796,7.35038,
3.36358,4.52182,
1.80123,7.74679,
3.16842,4.95433,
3.39419,4.85631,
3.59704,4.60902,
4.99603,3.31864,
3.46433,5.35889,
8.72067,2.24379,
7.77466,2.45163,
2.08265,9.89382,
5.42455,0.434438,
7.65725,1.48454,
7.34808,2.62696,
5.76174,3.39652,
6.61561,3.06172,
8.75353,1.63053,
3.95438,6.1119,
3.2985,8.31393,
3.53935,7.78838,
9.54439,1.66822,
4.9201,5.42901,
7.98028,1.24209,
5.46674,4.74119,
4.49552,6.56941,
6.92356,3.45281,
5.28652,5.37438,
7.26249,0.734021,
4.54274,7.06547,
7.79372,3.00054,
5.97731,4.57167,
7.88493,3.00074,
7.29566,3.40442,
3.99789,9.97286,
7.90475,3.17244,
8.26867,1.01862,
5.15358,6.74759,
5.83744,5.45504,
5.85342,5.67611,
6.71428,4.66563,
6.05524,5.71962,
4.60112,9.82021,
8.41075,3.23679,
7.51587,3.95945,
8.8978,1.00754,
7.68242,0.0390902,
4.93874,9.79195,
5.94324,6.78054,
5.13926,9.15527,
6.5148,5.72462,
7.64392,4.13939,
9.89629,2.77726,
5.7063,8.41552,
8.81657,3.50581,
8.87774,3.61034,
9.07313,3.63171,
7.67294,5.31045,
9.24272,0.356379,
9.13984,3.80504,
6.25061,9.72242,
7.1745,7.02385,
7.39295,6.51578,
7.25993,6.92455,
7.60963,6.57516,
7.54976,6.78656,
7.024,9.81805,
7.91795,8.81195,
8.35422,7.62619,
8.38125,9.59358,
8.85457,8.6693,
9.15339,8.18776,
9.75149,6.7885,
9.76268,7.24099,
9.23147,8.83664,
