Storage option,sets
Size,75
Dimension,2
Shape,cube
Spacetime,BlackHole
Past sets, 

0,
0,


0,1,
3,
0,1,3,4,
3,5,0,1,4,
1,0,2,
2,7,8,1,3,5,0,4,
0,2,
1,0,2,
6,7,8,1,3,5,0,4,
4,0,5,3,1,8,7,2,10,
6,7,8,1,3,5,0,4,
6,7,8,1,3,5,0,4,
10,2,7,8,1,3,5,0,4,6,
10,2,7,8,1,3,5,0,4,6,

1,11,0,2,
2,13,16,5,6,7,8,1,3,0,4,15,
18,5,10,2,7,8,1,14,3,0,4,6,
5,7,0,1,3,4,6,
1,5,7,23,0,3,4,6,8,
3,4,5,9,2,12,1,0,
1,19,11,0,2,
21,4,2,13,16,5,6,7,8,1,3,0,15,10,
15,0,3,1,8,7,6,5,16,13,2,4,21,10,27,
12,20,9,26,1,11,0,19,2,
9,20,1,11,0,2,12,
14,17,10,21,4,2,13,16,5,6,7,8,1,18,3,0,15,
10,15,16,13,2,8,6,4,3,0,23,7,5,1,24,21,
17,18,28,15,0,3,1,8,7,6,5,16,13,2,4,21,10,27,
8,3,4,5,9,25,2,12,1,0,11,
9,17,15,16,13,22,5,18,1,10,2,7,8,14,3,0,4,21,6,
11,10,7,8,3,14,4,5,9,25,2,12,1,0,
2,19,0,11,26,9,20,1,12,29,
6,11,10,7,8,3,14,4,5,9,25,2,12,1,0,
19,26,30,9,20,1,12,11,0,2,29,
36,2,11,10,7,8,25,3,14,4,5,9,12,1,0,6,
35,9,17,15,16,13,22,5,18,1,10,2,7,8,31,14,3,0,4,21,6,
9,17,15,16,13,22,5,18,1,10,2,7,8,14,3,0,4,21,6,
13,22,0,1,12,2,25,9,5,4,3,18,10,7,8,14,6,17,
22,23,24,14,33,10,17,18,28,5,15,0,3,1,8,31,7,6,16,13,2,4,27,21,
17,18,22,4,6,11,10,7,8,25,3,14,5,9,2,12,38,1,0,
22,14,31,24,23,33,10,17,18,28,5,15,0,3,1,8,7,6,16,13,2,4,27,21,32,
23,24,31,27,28,35,9,17,15,16,13,22,5,18,1,10,33,2,7,8,14,3,0,4,21,6,
27,28,41,18,35,9,17,15,16,13,22,5,1,10,2,7,8,31,14,3,0,4,21,6,
22,14,31,24,23,33,10,17,18,28,5,15,0,3,1,8,7,6,16,13,2,4,27,21,32,
27,28,41,18,35,9,17,15,16,13,22,5,1,10,2,7,8,31,14,3,0,4,21,6,
47,18,23,24,31,2,27,28,35,6,9,17,15,44,16,13,22,5,1,10,33,4,7,8,14,3,0,21,
20,40,2,36,11,10,7,8,25,6,3,14,4,5,9,12,1,0,34,
15,36,13,45,22,17,18,4,6,11,10,7,8,25,2,3,14,5,9,12,38,1,0,43,
15,36,40,13,45,22,17,18,4,6,11,10,7,8,25,2,3,14,5,9,12,38,1,0,43,
33,42,50,21,27,28,41,18,35,6,9,17,15,16,13,22,5,1,10,2,31,7,8,14,3,0,4,48,
12,25,31,35,42,9,17,15,16,13,22,5,18,41,1,10,2,7,8,14,3,0,4,21,6,
34,54,25,15,36,7,40,11,13,45,22,17,18,4,6,10,8,2,3,14,43,5,9,38,12,1,0,53,
11,21,16,15,43,13,22,0,1,12,2,25,9,5,4,3,18,10,7,8,14,6,17,42,
18,19,26,29,30,6,20,40,2,25,36,11,34,10,7,8,3,14,4,52,5,9,12,1,0,38,
30,34,20,54,25,15,36,7,40,11,13,45,22,17,18,4,6,10,8,2,3,14,43,5,9,38,12,1,0,52,
57,34,3,54,25,15,36,5,7,38,40,9,11,13,45,14,22,53,17,18,4,6,10,8,2,43,12,1,0,20,
32,44,24,23,47,55,33,2,42,50,21,27,28,41,10,18,35,4,6,9,17,48,15,16,13,22,5,1,31,0,7,8,14,3,51,
31,35,41,38,58,0,11,21,16,45,15,43,14,13,42,22,1,12,2,25,9,5,4,3,18,10,7,8,6,17,
34,37,29,20,30,26,19,40,2,36,11,10,7,8,25,6,3,14,4,5,9,12,1,39,0,
11,27,56,12,41,25,31,2,35,6,42,13,9,17,15,16,22,5,18,1,10,7,8,14,43,3,0,4,21,
20,21,16,57,34,3,54,25,15,36,5,7,38,40,9,11,42,13,45,14,22,53,17,18,4,6,10,8,2,43,12,1,0,
27,36,53,63,31,35,41,4,38,1,58,21,0,11,16,45,8,15,43,6,14,13,42,5,22,12,2,25,9,3,18,10,7,17,56,
6,29,0,2,11,12,1,30,20,9,19,26,39,10,37,8,36,7,3,14,4,5,34,25,
33,48,28,50,36,53,45,58,38,63,65,3,11,42,27,56,25,12,43,41,10,31,0,2,35,4,6,13,9,17,15,16,22,5,18,1,7,8,14,21,
12,25,46,62,32,44,7,24,23,47,10,55,18,33,2,42,5,50,13,21,27,28,41,4,35,6,9,17,48,15,16,22,1,31,0,8,14,51,3,
30,33,48,28,50,52,61,65,40,54,34,57,20,66,67,27,36,53,16,63,31,35,41,4,38,1,58,21,0,11,45,8,15,43,6,14,13,42,5,22,12,2,25,9,3,18,10,7,17,56,
44,24,23,47,51,55,71,18,30,33,48,28,50,52,61,8,65,12,40,54,1,34,57,4,20,66,13,67,14,27,36,53,0,16,69,63,10,31,35,41,38,58,5,21,11,45,15,43,6,42,22,2,25,9,3,56,7,17,
19,26,29,32,72,11,44,24,23,47,51,55,71,10,18,30,33,48,28,50,52,61,0,8,69,65,4,12,40,54,1,34,57,20,66,5,13,67,6,14,27,36,53,16,63,2,31,35,41,38,58,21,45,15,43,42,22,25,9,3,56,7,17,60,
59,73,6,19,26,29,32,72,5,11,44,24,23,47,51,55,71,4,10,18,30,33,48,28,50,52,61,0,67,8,69,2,65,12,40,54,1,34,57,20,66,13,14,27,36,53,16,63,31,35,41,38,58,21,45,15,43,42,22,25,9,3,56,7,17,60,62,
Future sets, 
11,1,72,26,20,12,29,37,39,30,9,7,5,64,25,8,67,34,24,16,15,74,21,10,69,63,32,28,27,18,71,33,14,73,2,57,38,59,52,40,68,36,22,65,49,46,47,13,35,31,55,62,56,50,48,41,70,17,51,42,66,58,43,60,54,53,61,44,45,23,
26,20,12,29,37,39,30,9,7,5,64,25,8,67,34,24,16,15,74,21,10,69,63,32,28,27,18,71,33,14,73,57,38,59,52,40,68,36,22,65,49,46,47,72,13,35,31,55,62,56,50,48,41,70,17,51,42,66,58,43,60,54,53,61,44,45,23,
21,12,26,20,11,44,17,31,46,49,22,14,33,18,27,28,32,53,40,69,38,67,64,66,61,45,74,57,43,59,63,34,71,60,36,65,58,56,70,54,68,25,72,29,37,39,73,30,35,51,41,48,50,62,55,47,42,52,9,10,
25,34,65,49,55,48,46,51,33,28,47,44,67,50,31,72,41,56,63,32,73,42,35,27,58,62,74,21,43,60,53,57,61,54,66,13,69,16,70,17,45,71,18,22,23,24,38,40,64,52,15,68,59,6,7,10,14,36,8,
25,34,7,66,24,23,16,15,74,21,10,69,63,32,28,27,18,71,33,14,73,67,8,57,38,59,52,64,40,68,36,22,65,49,46,47,72,13,35,31,55,62,56,50,48,41,70,17,51,42,58,43,60,54,53,61,44,45,
25,8,67,34,24,16,15,74,21,10,69,63,32,28,27,18,71,33,14,73,57,38,59,52,64,40,68,36,22,65,49,46,47,72,13,35,31,55,62,56,50,48,41,70,17,51,42,66,58,43,60,54,53,61,44,45,23,
68,52,64,40,38,24,23,22,59,18,45,17,16,13,54,61,57,53,60,43,21,62,58,27,66,35,42,73,32,63,56,15,41,72,31,50,67,44,47,70,28,69,74,33,51,46,71,48,55,49,65,
24,23,16,15,21,10,63,32,28,27,18,71,33,14,67,57,38,59,52,64,40,68,36,22,65,49,46,47,72,35,74,31,55,62,56,69,50,48,41,70,17,51,73,42,66,13,58,43,60,54,53,61,44,45,
34,24,16,15,21,10,63,32,28,27,18,71,33,14,67,57,38,59,52,64,40,68,36,22,65,49,46,47,72,35,74,31,55,62,56,69,50,48,41,70,17,51,73,42,66,13,58,43,60,54,53,61,44,45,
42,47,55,62,50,48,41,51,35,30,39,37,29,25,54,70,56,58,65,36,73,60,71,34,63,59,72,43,57,74,45,52,61,66,64,68,67,38,69,40,53,
32,28,27,18,33,14,57,38,59,52,64,40,68,36,22,65,49,46,47,72,35,74,31,55,62,71,56,69,50,67,48,63,41,70,51,73,42,66,58,43,60,17,54,53,61,44,45,
65,58,45,63,38,53,54,40,69,67,68,60,59,64,30,74,37,39,73,36,29,66,52,72,61,71,34,20,57,26,
30,39,37,29,25,54,70,56,58,65,36,73,60,71,34,63,59,72,43,57,74,45,52,61,66,64,68,67,38,69,40,53,
61,57,53,54,60,43,21,58,27,66,35,42,73,32,63,56,41,72,50,67,44,47,70,28,74,51,69,46,71,48,55,33,49,62,31,65,
38,59,52,64,40,68,36,22,49,46,47,72,35,74,55,62,71,56,69,50,67,48,65,63,41,70,51,73,42,66,58,43,60,54,53,57,61,44,45,31,
60,54,61,57,53,21,58,27,66,35,42,73,32,63,56,41,72,50,67,44,47,70,28,74,51,69,46,71,48,55,33,49,62,31,65,
65,31,62,49,33,55,48,71,46,69,51,74,28,70,47,44,67,50,72,41,56,63,32,73,42,35,66,27,58,21,
45,61,57,53,54,60,43,58,66,42,35,31,49,72,47,70,46,69,51,74,41,63,65,48,71,67,44,50,73,56,33,62,55,
59,33,22,49,46,47,72,35,74,55,62,71,56,69,50,67,48,65,63,41,70,51,73,42,66,58,43,60,54,53,57,61,44,45,31,
29,73,74,68,64,39,59,37,26,
66,61,71,72,52,29,73,74,30,59,60,37,68,64,39,
58,66,42,35,32,56,63,41,50,73,67,44,47,70,28,27,74,51,69,46,71,48,55,33,72,49,62,65,31,
49,46,47,72,74,55,62,71,56,69,50,67,48,65,63,41,70,51,73,35,42,66,58,43,60,54,53,57,61,44,45,
62,49,44,70,73,47,72,46,74,51,32,24,
32,51,74,46,47,70,72,49,73,62,44,
70,56,58,65,36,73,60,71,34,59,72,57,74,52,61,66,64,68,67,69,40,54,53,38,63,45,43,
39,64,68,37,59,74,73,29,
67,47,50,28,69,71,55,33,74,72,44,62,73,51,70,49,46,65,48,
50,71,55,72,44,62,73,74,51,49,69,46,33,70,47,48,
73,74,59,37,68,64,39,
72,68,59,64,39,74,60,71,73,
49,47,46,51,41,63,65,48,67,50,56,73,70,71,69,62,55,72,74,44,
74,46,70,49,73,62,
71,55,44,62,73,74,51,49,72,69,46,70,47,
68,64,66,61,52,74,72,73,59,71,60,57,
51,41,63,65,48,67,50,56,73,70,71,69,62,55,72,74,47,
68,67,69,40,57,74,64,61,66,52,72,73,59,71,54,60,53,
68,64,
59,67,66,73,72,61,74,57,69,53,71,54,60,63,45,
68,64,
64,57,61,66,52,74,72,73,59,71,60,54,
63,65,67,56,70,48,71,69,62,55,72,73,50,74,
66,63,70,74,72,55,73,56,62,67,65,71,69,58,
65,63,58,60,54,53,69,57,61,72,74,73,66,71,67,
70,74,62,73,72,51,
63,60,54,53,69,57,61,72,74,73,66,71,67,
70,
70,74,62,73,72,51,
71,69,62,73,55,72,74,70,

71,69,62,73,55,72,74,70,
73,62,72,74,70,
72,73,59,74,71,60,
69,57,61,72,74,73,66,71,67,
60,71,66,73,74,72,61,57,
73,62,72,74,70,
67,65,72,71,69,74,73,
61,72,74,73,66,71,
69,71,73,72,67,74,63,
74,
74,73,
72,74,73,71,
74,70,
67,74,72,73,71,69,

71,69,74,73,72,
72,74,73,71,
72,74,73,71,

73,74,72,

73,74,72,
74,73,
74,

Past links sets, 

0,
0,


1,
3,
1,3,4,
3,4,5,
1,2,
2,7,8,
2,
1,2,
6,7,8,
10,
6,7,8,
6,7,8,
6,10,
6,10,

1,11,
2,13,15,16,
14,18,
5,6,7,
8,23,
3,12,9,4,5,
1,11,19,
10,21,
27,
9,12,20,26,
9,12,20,
14,17,18,21,
10,21,24,
17,18,28,
8,11,25,
9,21,17,22,
11,14,25,
29,
6,11,14,25,
29,30,
6,36,
31,35,
9,21,17,22,
13,17,22,25,
22,24,31,33,
17,22,38,
31,22,32,33,
24,31,33,35,
28,41,
31,22,32,33,
28,41,
44,47,
34,20,40,
36,43,15,45,
43,15,40,45,
42,33,48,50,
25,41,42,
53,34,54,
11,42,43,
38,52,30,18,29,
30,52,54,
20,57,
32,51,55,
41,45,58,
37,34,39,40,
27,43,11,56,
20,42,57,
27,56,53,63,
6,39,34,37,36,
33,48,65,50,63,53,
25,46,62,
48,30,52,67,33,66,50,61,65,
55,69,51,71,
29,60,32,72,
59,62,73,
Future links sets, 
2,1,
26,5,7,12,20,9,
9,21,10,11,12,
25,8,7,6,
25,8,7,
25,23,8,
23,40,18,68,13,15,38,16,17,
23,10,15,13,16,
34,10,15,24,13,16,
42,25,30,35,29,
32,14,17,27,18,
65,38,20,26,58,36,34,
29,30,25,
43,21,
38,36,31,22,
54,53,21,
21,
45,43,33,35,31,42,
59,33,31,22,
26,
66,29,30,52,61,
27,32,42,31,35,
49,45,46,35,42,43,44,
24,
44,47,32,
70,56,34,36,38,43,
29,
67,65,28,
50,48,33,
73,59,39,37,
71,60,59,39,
49,41,46,44,47,
73,62,49,46,
55,44,71,49,46,69,47,
68,64,57,52,
47,41,
68,53,40,
68,64,
59,45,
68,64,
64,54,52,
56,50,63,48,
58,66,56,55,
65,54,58,53,
51,
54,63,53,
70,
51,
71,69,55,

71,69,55,
72,62,
71,60,59,
69,67,57,
60,57,
72,62,
67,65,
66,61,
63,
74,
73,
71,
74,70,
69,67,

71,69,
71,
71,

72,

72,
73,
74,

Coordinates,
0.0391407,3.95237,
0.333281,3.97226,
0.0987622,3.67404,
1.58421,4.86121,
1.43476,4.4489,
1.11854,4.09388,
2.0741,4.94814,
1.6971,4.31717,
1.68022,4.20537,
0.644762,2.85981,
1.71263,3.83647,
0.154861,1.97719,
0.625687,2.33281,
2.71228,4.33465,
1.73217,3.28471,
2.85315,4.37676,
3.2574,4.61574,
2.57679,3.80481,
2.46005,3.51192,
0.0119222,1.04234,
0.485028,1.50027,
3.3078,4.26324,
2.49801,3.39328,
4.17711,4.90903,
4.19063,4.89598,
1.64925,2.30056,
0.370503,1.01928,
3.75794,4.20776,
3.84121,4.15696,
0.675781,0.951575,
0.8898,1.12244,
3.62996,3.67519,
4.53657,4.56992,
3.94247,3.82196,
1.68179,1.53086,
3.58725,3.3738,
1.99895,1.7676,
0.72427,0.428242,
2.30899,1.81586,
1.04133,0.509311,
2.24776,1.70221,
3.63125,2.98866,
3.35714,2.68719,
2.73337,1.97972,
4.40828,3.6205,
2.64326,1.79852,
4.77219,3.81309,
4.36033,3.39027,
3.89686,2.92671,
4.88134,3.86021,
3.88733,2.86231,
4.42728,3.39425,
2.27137,1.22581,
2.97162,1.74933,
2.88087,1.55359,
4.13433,2.72752,
3.69648,2.26091,
3.02762,1.50037,
3.512,1.83605,
2.46937,0.783179,
2.91872,1.09959,
3.1253,1.26137,
4.62136,2.74836,
3.64783,1.76967,
2.26478,0.36701,
3.82863,1.84237,
3.46178,1.47543,
3.77488,1.70409,
2.21198,0.0195451,
3.99014,1.72641,
4.87575,2.56963,
3.95897,1.12189,
4.43887,1.10604,
4.5767,0.900613,
4.64297,0.70195,
