Storage option,sets
Size,250
Dimension,2
Shape,cube
Spacetime,BlackHole
Past sets, 









0,
6,




8,

13,
1,
7,6,5,10,
1,
8,
11,12,
0,
8,
4,8,15,
2,3,
11,12,
0,23,
1,2,3,
1,4,
0,9,
10,6,7,5,19,

8,21,
10,6,7,5,19,
13,17,
33,
0,9,
11,13,17,
33,37,
32,35,7,10,6,5,19,
13,27,12,17,11,
8,30,1,15,4,18,
2,18,30,20,1,4,
4,20,18,29,1,2,3,
0,9,33,
28,23,0,9,
18,8,30,25,1,15,4,
38,0,9,31,
9,0,31,
9,8,40,0,33,37,21,
5,17,6,7,13,35,10,32,19,41,
3,14,16,32,10,6,7,5,2,19,
15,8,44,25,2,18,30,1,4,20,43,
3,13,41,19,32,10,35,7,6,5,16,14,
14,16,41,19,32,10,35,13,7,6,17,5,
10,16,5,6,7,26,2,14,3,19,
8,15,3,44,2,18,29,30,20,1,4,
15,4,18,8,30,48,25,24,1,20,43,
10,16,5,6,7,26,2,14,3,19,
33,9,31,38,0,49,
23,0,31,9,28,
9,23,0,28,47,
24,15,4,25,1,34,8,33,21,
8,38,37,40,46,31,9,0,33,
24,15,4,25,1,34,8,33,21,
45,1,4,20,18,29,2,3,30,
14,16,5,6,35,10,32,19,7,41,13,3,55,
24,15,4,1,34,8,21,25,
21,33,8,34,1,25,4,15,24,64,
24,34,15,38,51,40,9,8,33,37,21,0,46,
24,34,15,38,51,40,9,8,33,37,21,0,46,
24,21,8,40,0,33,4,15,37,34,
53,14,16,3,32,35,6,19,10,7,5,2,41,
25,43,8,2,3,58,29,15,44,18,4,20,30,1,
38,49,50,23,9,0,62,28,31,
21,20,15,4,43,18,8,48,25,24,59,30,1,
10,5,6,7,17,39,11,13,36,27,12,19,
37,40,66,33,15,4,25,24,1,34,8,21,
1,29,10,16,3,5,57,6,19,7,26,60,2,14,
21,49,65,38,37,40,8,31,9,46,0,33,
50,23,9,0,62,28,31,
15,24,51,40,9,8,0,33,37,21,34,
47,28,0,23,9,31,
26,53,14,16,3,32,19,10,7,5,2,6,35,
30,4,1,18,44,15,29,20,3,2,43,8,25,58,75,
53,10,16,32,3,5,57,6,19,7,26,60,2,14,
83,73,15,24,51,40,9,37,8,21,34,0,4,33,
37,40,50,33,23,46,0,9,31,61,38,49,
34,1,24,8,25,21,4,33,15,66,40,37,79,
9,21,34,24,8,37,40,0,33,4,73,15,25,
21,34,15,4,18,8,30,48,25,24,1,20,43,
85,26,19,2,14,53,16,3,32,10,7,5,6,57,35,
1,29,18,20,4,10,45,16,3,5,57,6,19,7,26,60,2,14,
11,36,52,3,5,14,16,41,7,56,19,32,10,35,13,6,17,55,
31,63,0,28,9,23,47,
35,32,41,78,10,27,39,6,7,17,11,13,36,19,12,5,42,
18,35,29,1,87,19,2,10,53,16,32,3,5,20,57,7,26,60,14,6,80,
64,51,88,79,66,38,1,91,40,46,83,9,21,4,34,24,8,25,0,37,33,73,90,15,
14,16,10,5,19,45,1,4,20,18,6,29,2,26,3,7,30,
12,39,95,3,11,36,13,6,52,5,14,16,41,7,56,10,19,32,55,35,17,68,
32,94,2,1,29,6,18,20,4,45,16,3,26,5,10,57,80,19,7,60,14,
41,74,29,1,60,87,85,26,93,19,2,14,53,16,3,32,10,7,5,80,6,20,57,35,
34,51,62,76,8,28,65,21,89,38,40,23,50,33,37,0,46,9,31,61,49,81,
54,24,48,59,86,18,67,30,4,44,15,29,20,3,2,43,45,8,25,21,58,1,75,
80,94,5,14,57,16,10,29,60,19,26,7,1,20,45,4,100,18,6,2,3,30,
52,17,55,13,68,41,74,85,26,56,93,19,2,14,53,16,3,32,10,7,5,6,57,35,
34,54,44,29,2,3,77,43,58,21,4,20,15,18,8,25,59,48,24,1,75,30,
75,24,30,1,59,8,18,20,4,43,48,77,3,2,58,29,15,44,25,54,34,21,108,
5,14,16,10,29,19,67,26,7,1,20,45,4,100,18,6,2,44,3,30,
54,59,24,48,86,18,30,4,44,15,29,20,77,3,2,43,45,8,25,21,58,1,75,
30,69,70,64,51,88,1,79,21,66,8,37,38,9,91,4,33,99,40,46,25,34,83,24,0,73,15,90,
49,63,62,50,38,84,47,28,0,23,9,31,82,
2,27,42,101,14,12,41,39,10,68,97,3,32,11,95,36,7,13,6,35,52,5,16,56,78,19,55,17,
37,2,44,54,66,69,64,33,70,59,24,21,4,34,15,92,18,1,8,25,30,48,20,43,40,77,
47,104,46,34,51,62,33,76,8,37,28,65,21,50,89,31,38,9,40,81,0,61,49,23,82,
29,1,60,107,52,17,55,13,68,10,41,74,16,26,85,56,93,6,35,19,2,14,53,3,32,7,5,57,87,
49,62,82,50,96,63,31,9,28,0,23,47,38,84,
71,4,83,9,46,49,61,24,31,0,37,33,50,23,40,38,89,15,51,8,21,34,81,65,28,76,62,72,
15,8,58,80,60,18,5,14,110,16,57,10,29,19,44,26,3,7,30,1,67,20,45,4,6,100,2,94,
44,53,67,32,106,19,80,94,7,5,14,57,16,45,10,29,2,26,60,1,30,20,4,100,18,6,3,102,
87,35,30,102,32,94,2,1,29,53,100,6,18,20,98,4,45,16,3,26,5,10,57,80,19,7,60,14,
37,2,44,54,66,69,64,33,70,59,24,21,4,34,15,92,18,1,8,25,30,48,20,43,3,40,77,
33,61,62,28,49,63,50,38,84,47,0,23,46,9,31,82,113,76,
98,30,45,4,18,103,74,16,100,41,29,87,1,60,2,85,26,93,6,94,35,19,14,53,3,32,10,7,5,80,20,57,102,
118,50,49,62,96,28,113,82,31,63,9,0,23,84,47,38,
33,61,62,28,49,63,50,38,84,47,37,0,23,46,9,31,82,113,76,
51,63,76,21,81,62,8,82,65,28,89,38,40,23,50,33,47,84,37,0,46,9,31,61,49,
118,50,49,62,96,28,76,113,82,31,63,9,0,23,84,47,38,
71,15,24,72,116,0,47,76,104,46,34,51,62,33,8,37,28,65,21,50,89,31,38,9,40,81,61,49,23,82,84,
71,15,24,72,116,0,47,76,104,46,34,51,62,33,8,37,28,65,21,50,89,31,38,9,40,81,61,49,23,82,84,
52,17,56,55,13,68,45,4,18,103,74,16,41,29,87,1,60,2,85,26,93,6,94,35,19,14,53,3,32,10,7,5,80,20,57,98,
28,69,70,71,72,65,81,49,61,23,50,64,51,88,1,79,21,66,8,37,38,9,91,4,33,99,40,46,25,34,83,24,0,73,15,31,90,89,
96,63,31,9,28,0,23,47,84,
44,67,41,122,29,60,4,30,35,102,32,94,1,2,53,100,74,7,6,85,18,80,87,20,98,5,45,14,16,3,93,26,57,10,19,106,
38,46,51,88,90,73,9,115,37,66,8,2,44,15,54,25,69,40,64,4,91,70,0,59,1,30,83,24,21,34,33,92,48,18,77,79,20,43,
29,73,90,115,37,66,8,2,44,15,54,25,69,40,123,64,4,70,0,59,1,30,24,21,34,33,92,48,18,77,79,20,43,3,
5,7,6,10,14,26,111,24,54,25,59,30,1,48,86,77,18,105,4,44,15,29,58,20,3,2,43,45,67,8,21,16,75,
5,7,14,26,34,111,24,54,25,59,30,1,48,86,77,18,105,4,44,15,29,58,20,3,2,43,45,67,8,21,16,75,
21,8,65,40,89,127,33,61,38,62,28,96,49,63,50,84,37,47,0,23,46,9,124,31,82,113,76,
73,83,4,131,71,34,15,89,24,61,72,0,116,37,47,84,76,25,104,46,88,9,62,33,8,82,28,65,21,50,31,38,119,40,81,49,23,51,130,
16,8,45,2,20,21,58,29,15,4,105,18,3,77,86,48,75,1,67,30,59,25,54,24,111,26,14,10,43,6,44,7,5,138,
73,91,83,4,131,71,34,15,89,24,61,72,0,116,37,47,84,76,25,104,46,88,9,62,33,8,82,28,65,21,50,31,38,119,40,81,49,23,51,130,
16,8,45,2,20,21,58,29,15,4,105,18,3,77,86,48,75,1,67,30,59,25,54,24,111,26,14,10,43,6,44,7,5,138,
62,76,51,28,69,70,71,72,31,65,24,81,40,49,90,61,23,64,133,50,9,8,91,88,1,79,38,21,66,25,37,119,4,33,99,46,34,83,0,73,15,89,
24,48,25,43,110,58,75,8,15,54,121,44,106,67,5,32,94,1,86,19,80,18,7,100,14,45,57,26,16,10,29,60,2,30,20,4,6,3,102,53,120,
56,8,58,55,13,68,110,121,52,135,94,53,44,3,67,26,41,122,29,60,45,30,35,19,102,103,20,32,1,85,2,125,17,100,18,74,7,6,80,4,87,5,15,98,16,57,14,93,10,106,
63,71,34,15,89,24,61,72,0,116,37,47,84,76,104,46,9,130,51,62,33,8,82,28,65,21,50,31,38,40,81,23,49,128,
124,127,148,0,63,71,113,34,15,89,24,61,72,37,116,47,84,76,104,46,9,130,51,62,33,8,82,28,65,21,50,31,38,40,81,23,49,128,131,
25,43,147,94,41,56,3,8,58,5,55,2,68,121,15,4,57,52,29,53,106,44,67,14,120,135,26,13,122,60,7,45,98,30,35,19,16,125,102,103,20,32,85,110,1,17,100,18,74,6,80,87,93,10,
47,82,104,30,145,51,4,62,76,28,69,70,23,71,24,72,25,119,31,65,15,112,81,34,40,49,90,61,64,133,50,9,8,91,88,1,79,38,21,66,37,33,99,46,83,0,73,89,
47,18,82,104,30,48,145,51,4,62,76,28,69,70,23,71,24,72,25,119,31,65,15,112,81,34,40,49,90,61,64,133,50,9,8,91,88,1,79,38,21,66,37,33,99,46,83,0,73,89,
48,54,55,13,68,75,25,43,110,58,8,120,121,135,94,53,44,86,3,67,26,41,122,29,60,45,30,35,19,102,103,20,32,1,85,2,125,17,100,18,74,7,6,80,4,87,5,15,98,16,57,14,93,10,106,
20,43,18,82,104,30,48,145,51,4,62,76,28,69,70,23,71,24,72,25,119,31,65,15,112,81,34,40,49,90,61,64,133,50,9,8,91,88,1,79,38,21,66,37,33,99,46,83,0,73,89,
46,61,33,124,126,38,113,76,62,50,118,84,23,47,0,28,9,31,63,49,96,134,82,129,
34,110,120,102,60,57,19,106,53,121,144,16,8,45,2,20,100,21,58,29,94,15,4,142,18,3,77,48,75,80,1,67,30,25,54,24,32,111,105,26,14,10,43,6,44,86,7,5,59,138,
28,71,72,65,81,49,61,31,23,50,89,99,136,54,38,79,46,51,88,90,73,92,9,8,91,115,33,37,66,25,2,43,44,15,69,40,64,4,70,59,18,1,0,83,30,112,24,21,34,48,77,20,
151,47,154,48,20,73,152,43,18,71,82,104,51,30,83,145,4,62,9,76,23,28,81,69,70,72,25,119,66,31,65,15,112,34,40,49,90,37,61,8,64,24,133,50,91,38,88,1,79,21,33,99,46,0,89,
63,99,66,79,90,1,64,70,69,133,143,73,116,91,83,40,4,47,131,88,71,28,34,46,24,61,15,104,72,89,0,37,84,76,33,119,25,9,62,8,51,82,65,21,50,31,38,81,49,23,130,141,
31,45,71,72,86,75,91,9,88,51,46,38,58,137,108,29,66,73,90,115,83,4,37,8,2,15,54,25,136,69,40,77,3,44,123,64,70,112,33,59,1,109,30,24,21,34,92,18,48,0,79,99,20,43,
23,50,61,71,72,31,65,49,81,99,136,54,38,79,46,51,88,90,73,92,9,8,91,115,33,37,66,25,2,43,44,15,69,40,64,4,70,59,18,1,0,83,30,112,24,21,34,48,77,20,
24,34,104,46,23,82,118,76,47,113,84,63,49,28,9,0,127,96,37,38,61,62,33,31,89,40,65,124,8,126,50,21,140,81,129,128,51,116,
22,78,36,39,95,12,27,114,107,117,30,132,52,100,17,56,55,97,14,13,68,45,101,18,74,16,57,98,41,29,4,87,5,1,60,102,19,42,125,2,85,3,26,6,11,94,53,35,32,93,10,7,80,103,20,
76,38,82,113,62,50,118,84,23,47,0,28,9,31,63,49,96,134,126,
77,59,125,98,87,85,74,35,122,41,135,60,24,21,110,67,48,25,43,86,58,15,75,8,5,94,54,32,121,44,1,106,20,19,80,18,7,100,103,14,146,57,45,2,26,105,16,102,10,53,29,30,93,4,6,3,120,
52,56,59,24,94,35,48,54,55,13,68,75,16,25,43,102,110,58,67,120,2,121,3,8,135,17,53,44,103,86,153,26,85,41,100,122,4,29,60,1,45,30,20,32,125,7,18,74,15,6,80,87,19,146,5,98,57,14,93,10,106,
31,90,45,71,72,86,75,91,88,29,51,46,38,58,137,108,66,73,115,83,24,4,37,8,2,15,54,25,9,136,77,18,69,40,99,3,44,123,64,70,112,160,33,92,59,0,1,109,30,21,34,48,79,20,43,65,
13,55,138,111,165,106,77,18,59,125,7,98,87,85,26,74,142,15,35,94,122,4,41,100,60,1,24,21,80,110,67,135,8,48,25,43,102,86,58,75,16,5,54,32,121,3,44,103,20,146,19,14,57,45,2,120,105,10,53,29,30,93,6,
118,96,140,119,88,25,4,73,141,149,124,127,83,0,82,63,71,113,72,31,34,15,89,24,148,65,61,37,130,47,84,76,129,46,128,9,50,51,62,104,21,116,33,8,49,131,28,38,40,81,23,
49,31,90,45,71,72,86,75,91,88,29,51,46,38,58,137,108,66,73,115,83,24,4,37,8,2,15,54,25,9,136,77,18,69,40,99,3,44,123,64,70,112,160,33,92,59,0,1,109,30,21,34,48,79,20,43,65,
81,51,129,140,82,23,49,63,118,31,50,134,47,76,84,113,96,28,155,37,9,0,127,38,124,65,62,33,61,46,126,8,21,40,89,128,
39,54,75,86,36,11,95,107,117,150,32,25,43,102,29,94,35,41,100,56,3,121,67,58,55,2,120,68,15,74,4,122,57,52,53,106,44,103,14,5,132,8,135,17,26,85,13,60,1,7,125,45,98,30,19,16,147,20,110,18,6,80,87,93,10,
104,119,133,76,62,28,71,72,65,81,49,61,2,31,90,23,50,89,157,30,99,40,77,54,38,79,20,46,51,88,73,92,33,136,9,8,91,115,37,66,25,43,44,15,69,64,4,70,59,0,1,83,24,112,21,34,48,18,145,
104,43,20,77,92,30,59,54,44,18,115,48,145,51,4,62,112,15,76,28,69,70,23,71,24,72,25,119,31,65,81,34,40,49,90,61,64,133,50,9,8,91,88,1,79,38,21,66,37,33,2,99,46,83,0,73,89,136,
34,168,13,80,55,122,4,111,44,165,98,106,77,10,18,85,59,125,58,144,7,74,87,20,26,93,8,75,15,35,102,94,41,100,60,138,1,135,24,21,110,43,67,48,25,86,19,16,142,5,54,121,32,3,103,146,14,57,45,2,120,53,105,29,30,6,
51,89,40,21,8,126,46,61,33,62,65,124,38,127,9,37,155,96,113,84,76,47,134,50,31,118,0,28,63,49,23,82,81,140,129,
124,33,46,118,76,38,84,129,82,113,62,50,49,96,164,23,0,47,28,9,31,63,61,155,134,126,
81,51,129,140,82,23,49,63,118,31,50,134,47,76,84,113,96,28,155,37,9,0,127,38,124,65,62,33,61,46,126,8,21,40,89,128,
46,33,61,118,76,38,84,113,62,50,49,96,164,23,0,47,28,9,31,63,134,126,82,129,
36,11,95,107,117,24,52,56,94,35,48,54,55,13,68,75,16,25,43,102,110,58,67,120,2,121,3,8,135,17,53,44,103,86,153,26,85,41,100,122,4,29,60,1,45,30,146,19,147,20,32,150,125,7,18,74,15,6,80,87,132,5,98,57,14,93,10,106,
69,70,90,1,66,79,64,99,118,129,96,140,23,81,40,38,28,131,49,8,91,33,116,21,104,62,51,50,9,128,46,76,84,47,130,37,61,65,148,24,89,15,34,31,72,113,71,63,82,0,83,127,124,149,143,73,4,25,88,119,141,
126,162,169,63,116,65,96,34,119,88,141,25,131,73,71,127,83,0,82,4,113,72,140,31,84,124,15,89,24,21,130,148,61,8,37,47,76,129,23,46,128,118,9,62,50,51,104,33,49,28,81,38,149,40,
112,48,30,145,18,43,20,159,63,99,40,66,79,90,31,128,1,119,64,70,69,133,15,143,84,152,25,73,116,91,83,151,24,47,4,131,72,88,71,130,28,34,46,61,104,89,0,37,76,33,9,62,8,51,82,23,141,65,21,50,38,81,49,154,
3,174,104,43,20,81,77,92,31,157,30,91,59,54,115,44,79,48,18,145,23,51,112,4,65,62,1,15,76,28,89,69,8,70,71,24,72,133,25,119,161,34,40,49,90,61,0,64,50,88,38,99,21,66,37,33,2,173,46,83,73,9,136,
80,9,91,60,57,94,108,138,59,5,7,86,44,123,6,43,10,14,26,105,111,24,54,25,30,109,67,1,75,48,77,3,18,142,4,15,29,58,137,21,100,20,2,45,8,16,144,139,34,73,90,115,37,66,69,40,64,70,0,79,33,92,110,19,
28,89,111,81,61,50,23,49,108,31,90,45,71,72,86,75,91,88,29,51,46,38,58,137,66,73,115,83,24,4,37,8,2,15,54,25,9,136,77,18,69,167,40,99,3,44,123,64,70,112,160,33,92,59,0,1,109,30,21,161,34,48,79,20,170,43,65,
71,15,34,24,171,89,81,40,47,140,82,0,23,49,8,63,118,31,113,50,9,51,134,76,84,96,28,72,155,37,127,38,124,65,62,104,21,116,33,61,129,46,128,126,162,
15,34,24,171,89,81,40,47,140,82,0,23,49,8,63,118,31,113,50,9,51,134,76,84,96,28,72,155,37,127,38,124,65,62,104,21,116,33,61,129,46,128,126,162,
124,63,33,62,179,61,31,76,47,134,38,9,84,113,50,49,46,164,118,0,28,126,96,155,23,82,129,
91,182,126,8,162,169,51,63,116,65,124,96,37,34,119,88,141,82,23,25,84,143,4,131,72,73,71,130,9,83,24,127,0,118,113,140,81,31,149,15,89,148,21,61,47,76,129,46,128,62,50,104,33,49,28,38,40,
84,116,82,154,47,174,104,43,20,81,77,92,157,30,91,59,54,115,44,79,48,18,145,23,51,112,4,65,62,1,15,76,28,89,69,8,70,71,151,24,72,133,152,25,119,34,40,49,90,61,0,64,50,88,38,99,21,66,37,33,2,46,83,73,9,136,31,158,
23,26,50,61,81,67,105,111,49,108,31,90,45,71,72,86,75,91,88,29,51,46,38,58,137,66,73,115,83,24,4,37,8,2,15,54,25,9,136,77,18,69,167,40,99,3,44,123,64,70,112,160,33,92,59,0,1,109,30,21,34,48,79,20,170,43,65,
129,82,126,28,0,23,164,49,50,113,84,9,96,38,134,47,76,31,118,61,62,33,46,63,179,
14,26,50,61,81,67,105,111,49,108,31,90,45,71,72,86,75,91,88,29,51,46,38,58,137,66,73,115,83,24,4,37,8,2,15,54,25,9,136,77,18,69,167,40,99,3,44,123,64,70,112,160,33,92,59,0,1,109,30,21,34,48,79,20,170,43,65,
25,73,88,4,119,131,72,15,71,162,24,148,65,34,63,128,23,82,83,0,118,76,130,47,46,129,113,31,84,49,8,28,9,50,127,96,37,38,61,62,104,21,116,33,89,40,81,124,126,140,134,51,149,
90,1,66,79,64,99,126,91,169,63,116,65,96,143,34,119,88,141,25,131,73,71,127,83,0,82,4,113,72,140,31,84,124,15,89,24,21,130,148,61,8,37,47,76,129,23,46,128,118,9,62,50,51,104,33,49,28,81,38,149,40,
32,51,106,80,9,91,24,60,57,94,108,4,59,86,19,44,111,123,6,73,43,110,10,77,7,144,14,26,105,54,25,92,30,109,67,138,1,75,5,142,8,185,48,115,3,0,137,70,18,15,29,58,21,100,33,20,139,2,69,45,16,34,90,37,66,40,64,79,120,
59,77,92,112,30,145,18,43,20,48,154,159,63,99,40,66,79,90,158,31,128,1,119,64,70,69,133,15,143,84,152,25,73,116,91,83,151,24,47,4,131,72,88,71,130,28,34,46,61,104,89,0,37,76,33,9,62,8,51,82,23,141,65,21,50,38,81,49,
40,89,189,124,63,33,62,179,61,31,76,47,134,38,127,9,84,113,50,49,46,164,177,118,0,28,126,37,96,155,23,82,129,
65,6,138,16,67,105,111,26,14,7,5,31,90,45,71,72,86,75,91,88,29,51,46,38,58,10,137,108,66,73,115,83,24,4,37,8,2,15,54,25,9,136,77,18,69,40,99,3,44,123,64,70,112,160,33,92,59,0,1,109,30,21,139,34,48,79,20,43,
77,92,59,54,44,2,115,112,30,145,18,43,20,48,154,159,63,99,40,66,79,90,158,31,1,119,64,70,69,133,15,143,84,152,25,73,116,91,83,151,24,47,4,131,72,88,71,130,28,34,46,61,104,89,0,37,76,33,9,62,8,51,82,23,141,65,21,50,38,81,49,
33,61,118,76,38,84,113,62,50,49,96,164,23,0,47,28,9,31,63,134,126,82,129,
44,113,127,148,59,130,77,92,21,112,30,145,18,89,43,20,91,48,119,154,83,159,88,63,99,28,40,66,79,8,90,31,128,1,143,72,64,70,141,69,133,62,15,84,152,81,25,73,116,2,151,158,9,24,47,4,131,71,0,183,34,46,61,104,33,37,76,51,82,23,65,50,38,198,49,
176,164,177,71,188,47,0,15,62,34,178,81,24,171,124,89,40,140,46,187,82,129,23,49,96,8,63,128,31,113,50,9,51,76,84,134,37,28,72,155,61,127,33,38,104,118,21,65,162,116,126,
44,54,59,130,77,92,21,112,30,145,18,89,43,20,91,48,119,154,83,159,88,63,99,28,40,66,79,8,90,31,128,1,143,72,64,70,141,69,133,62,15,84,152,81,25,73,116,2,151,158,9,24,47,4,131,71,0,183,34,46,61,104,33,37,76,51,82,23,65,50,38,198,49,
87,35,98,146,121,53,102,32,51,106,80,9,91,20,24,60,57,94,108,37,4,75,59,86,15,19,90,44,115,111,40,123,6,77,73,144,2,43,185,110,10,156,7,14,26,105,34,54,25,92,21,30,109,67,138,1,5,142,0,8,79,197,48,3,137,66,70,18,29,100,58,33,139,69,45,16,64,120,
44,54,59,130,77,92,21,112,30,145,18,89,43,20,91,48,119,154,83,159,88,63,99,28,40,66,79,8,90,31,128,1,143,72,64,70,141,69,133,62,15,84,152,81,25,73,116,2,151,158,9,24,47,4,131,71,0,183,34,46,61,104,33,37,76,51,82,23,65,50,38,198,49,
5,7,16,28,89,161,23,123,14,26,50,61,81,67,105,34,111,40,49,108,37,31,90,194,45,71,0,72,1,86,15,75,4,91,20,88,29,51,46,38,109,58,137,66,73,2,115,44,83,24,8,79,54,25,9,136,65,77,167,18,160,69,99,3,64,70,112,33,92,170,21,59,30,48,192,43,
87,35,98,99,83,88,46,38,136,146,121,53,102,32,51,106,80,9,91,20,24,60,57,94,108,37,4,75,59,86,15,19,90,44,115,111,40,123,6,77,73,144,2,43,185,110,10,156,7,14,26,105,34,54,25,92,21,30,109,67,138,1,5,142,0,8,79,197,48,3,137,66,70,18,29,100,58,33,139,69,45,16,64,120,
133,159,70,69,196,129,62,90,23,1,66,79,64,131,99,126,91,24,169,63,130,116,49,65,96,143,76,9,34,119,88,21,162,25,73,140,71,141,4,127,83,0,82,15,149,113,46,72,31,84,124,89,148,81,61,128,145,8,37,104,47,181,118,51,50,33,28,38,40,
60,81,100,19,110,142,144,49,58,65,136,6,77,138,67,16,105,34,111,40,26,14,7,5,31,90,45,71,0,72,1,86,15,75,4,91,20,88,29,200,51,46,38,109,10,137,66,108,37,73,2,115,44,83,24,8,79,54,25,9,167,18,160,69,99,3,123,64,70,112,33,92,170,21,59,30,139,48,43,
178,71,129,46,82,96,179,28,37,0,155,72,118,177,49,176,9,164,81,127,38,23,189,134,51,84,47,113,76,61,31,62,33,199,116,63,50,124,126,89,40,15,34,24,171,140,8,65,104,188,21,187,128,162,
18,134,112,30,151,190,133,62,159,88,70,141,69,140,129,90,23,1,143,72,66,79,8,64,131,99,28,126,91,162,24,169,63,130,116,49,65,96,25,76,9,34,119,21,73,71,4,127,83,82,15,0,149,113,46,31,84,124,89,148,81,210,61,128,145,37,104,182,33,196,47,118,181,51,50,38,40,
116,82,154,47,119,133,76,62,145,104,115,44,28,99,89,160,111,40,81,61,50,23,49,108,186,37,31,90,161,45,71,0,72,1,86,15,75,4,91,20,88,29,51,46,38,109,58,137,66,73,151,2,83,173,24,157,8,79,54,174,25,18,167,158,9,136,65,77,69,152,3,123,64,70,112,33,92,170,21,59,30,34,48,43,184,
5,16,62,76,133,161,89,28,23,123,14,26,50,61,81,67,105,34,111,40,49,108,186,37,31,90,194,45,71,0,72,1,86,15,75,4,91,20,88,29,51,46,38,109,58,137,66,73,2,115,44,83,24,157,8,79,54,25,9,136,65,77,167,18,160,69,99,3,64,70,112,33,92,170,21,59,30,48,192,43,
96,124,149,136,157,174,115,148,127,113,203,128,49,44,54,133,59,130,51,77,92,21,112,33,30,145,66,18,89,43,20,99,91,48,119,207,40,154,83,4,159,1,88,9,63,28,79,158,0,8,90,198,31,143,64,72,151,70,141,62,69,15,84,152,73,81,2,25,183,104,116,37,191,24,47,131,71,201,34,46,61,76,82,23,65,50,205,38,
31,71,72,85,93,112,122,120,87,35,98,9,99,10,83,88,46,38,136,146,57,121,32,53,142,102,51,106,80,91,2,20,109,24,60,94,5,108,19,37,4,75,59,86,15,90,1,44,115,26,111,40,123,34,77,73,144,43,6,185,7,110,21,156,67,14,105,16,54,25,92,3,209,30,138,0,8,79,48,137,66,70,197,18,29,100,58,33,139,69,45,64,206,
71,72,103,112,93,85,74,122,41,135,120,87,35,98,9,99,10,83,88,46,38,136,146,57,121,32,53,142,102,51,106,80,91,2,20,109,24,60,94,5,108,19,37,4,75,59,86,15,90,1,44,115,26,111,40,123,34,77,73,144,43,6,185,7,110,21,156,67,14,105,16,54,25,92,3,209,30,138,0,8,79,48,137,66,70,197,18,29,100,58,33,139,69,45,64,206,
124,28,33,62,179,61,31,76,47,38,96,9,202,84,113,50,49,46,164,134,193,118,0,63,126,23,82,129,
212,71,129,46,82,23,96,164,37,179,188,61,155,28,118,49,176,9,0,127,81,72,199,140,38,134,193,178,51,84,47,113,76,31,189,62,33,116,63,177,50,124,65,126,8,89,40,15,34,24,171,104,21,187,128,162,
43,48,30,59,21,33,70,64,69,18,160,77,65,136,92,9,79,157,24,44,115,2,73,66,54,137,58,38,46,51,112,29,8,91,170,4,75,15,3,86,167,1,72,83,0,71,45,7,90,31,37,20,186,25,108,34,105,67,81,61,192,109,26,14,40,123,23,194,111,28,89,161,50,133,76,62,99,16,88,5,49,215,
59,92,126,169,149,124,127,113,148,140,96,129,118,116,49,112,48,30,18,43,20,154,159,25,63,130,99,40,66,133,79,90,23,31,128,61,1,119,64,131,70,69,152,15,82,143,76,9,84,151,73,91,24,83,47,181,71,72,88,158,21,28,34,183,46,104,37,89,0,33,62,145,8,51,4,141,65,50,38,81,
176,178,70,69,181,155,182,190,134,196,129,62,90,23,1,66,79,64,131,99,126,91,24,169,63,130,116,49,65,96,143,76,9,171,34,119,88,21,162,25,73,140,71,141,4,127,83,0,82,15,149,113,46,72,31,84,124,89,148,81,61,128,195,8,37,104,47,118,188,51,187,50,33,28,38,40,
48,155,134,18,112,33,30,151,72,133,62,141,159,1,88,9,70,149,69,148,140,61,129,50,90,169,190,23,181,143,64,66,145,79,0,8,131,210,99,195,28,126,47,91,162,4,83,24,63,130,51,116,37,49,128,65,96,25,104,76,34,113,119,40,21,73,71,127,82,182,15,213,46,31,84,124,89,81,196,38,118,
54,149,124,140,96,129,118,203,44,113,34,127,48,148,69,59,130,51,77,92,21,112,33,30,145,66,18,89,43,20,99,91,119,40,154,83,4,159,1,88,9,63,28,79,158,0,8,90,198,31,128,49,143,64,72,151,70,141,62,133,15,84,152,73,81,169,2,25,183,104,116,37,24,47,131,71,46,61,76,82,23,181,65,50,38,
128,21,8,65,140,81,51,178,199,129,82,23,126,63,118,46,176,49,177,50,113,84,202,9,0,127,96,164,37,38,134,193,47,76,31,61,179,33,155,28,40,89,62,189,124,
173,119,145,104,174,221,43,48,137,30,59,21,33,70,64,69,18,160,71,77,65,136,92,3,9,79,157,24,44,133,115,26,2,91,73,66,54,58,38,46,51,112,23,29,8,170,81,4,75,86,167,1,90,72,161,83,0,89,45,186,7,31,37,215,20,109,25,108,34,123,105,15,194,16,67,61,192,14,40,111,28,50,76,62,99,88,49,5,184,
37,66,69,64,33,70,27,78,92,12,101,108,109,139,39,172,105,142,21,138,144,59,77,111,34,180,36,107,11,95,24,117,52,56,94,35,106,48,54,125,55,13,68,75,153,4,146,165,16,87,25,43,102,110,58,67,120,2,121,3,74,8,135,166,17,53,44,103,32,86,15,85,14,41,100,29,122,60,150,1,45,30,168,19,147,5,20,156,7,18,6,80,132,98,57,93,10,26,175,
133,176,178,70,69,181,155,182,190,134,196,129,62,90,23,1,66,79,64,131,99,126,91,24,169,63,130,116,49,65,96,143,76,9,171,34,119,88,21,162,25,73,140,71,141,4,127,83,0,82,15,149,113,46,72,31,84,124,89,148,81,61,128,195,8,37,104,47,118,188,51,187,50,33,28,38,40,
36,107,117,132,147,150,156,153,17,68,56,52,79,64,40,66,37,90,34,16,45,69,2,139,20,33,100,21,58,29,166,15,18,70,137,0,3,115,48,185,8,142,5,75,1,138,67,109,30,92,25,54,105,26,14,144,7,77,10,110,43,73,6,123,111,44,19,86,59,4,175,108,94,57,60,24,91,9,146,80,168,13,55,122,165,98,106,85,125,74,87,93,35,102,41,135,121,32,103,120,53,
133,159,178,70,69,181,155,182,190,134,196,129,62,90,23,1,66,79,64,131,99,126,91,24,169,63,130,116,49,65,96,143,76,9,171,34,119,88,21,162,25,73,140,71,141,4,127,83,0,82,15,149,113,46,72,31,84,124,89,148,81,61,128,195,8,37,104,47,118,188,51,187,50,33,28,38,40,
40,125,37,66,69,172,64,33,70,27,78,92,12,101,108,5,109,6,139,36,39,142,105,2,21,138,35,144,41,59,77,180,111,8,34,107,4,11,95,24,117,14,52,56,94,106,3,48,54,55,13,68,75,153,146,43,165,16,87,25,102,110,7,58,67,120,228,17,121,18,74,135,32,166,53,156,44,147,103,86,15,85,100,29,132,122,19,60,150,1,45,30,168,20,80,98,57,93,10,26,175,42,
223,71,133,178,99,70,149,69,148,181,155,76,24,23,190,134,196,38,129,50,229,62,141,90,169,1,66,79,0,64,143,131,126,47,91,63,130,51,116,37,49,128,65,96,176,9,88,34,113,119,40,162,171,4,83,25,104,73,140,61,127,82,182,15,46,72,31,84,124,89,81,8,118,21,188,187,33,195,28,
126,47,54,143,149,124,140,51,96,129,40,118,25,44,133,113,203,24,34,127,38,48,148,59,69,158,130,77,92,21,112,23,33,30,119,145,66,18,89,0,222,43,20,198,99,91,181,2,154,65,83,159,70,1,90,88,9,63,152,28,79,8,31,128,49,64,72,151,62,141,15,104,84,73,81,169,4,183,116,37,131,71,225,46,61,76,82,50,
38,46,83,88,197,51,206,24,36,139,107,4,117,14,132,29,147,44,150,156,53,153,17,120,68,56,52,79,64,40,66,37,90,34,137,16,45,69,2,105,20,123,33,100,21,58,166,15,18,121,70,0,103,3,106,115,48,185,8,111,142,5,108,75,1,138,35,67,109,6,30,92,25,54,26,144,41,7,110,77,10,43,146,73,230,19,122,86,59,175,94,57,60,91,9,80,168,13,55,165,98,85,125,74,87,93,102,135,32,
28,89,87,35,98,146,121,53,102,156,161,23,61,50,194,120,94,57,80,106,32,45,60,81,100,19,110,142,59,144,49,58,65,136,6,77,160,138,67,16,99,105,34,111,40,123,26,109,14,7,90,5,88,31,71,83,72,1,0,167,86,15,75,4,3,170,91,8,20,29,112,51,46,38,10,137,54,66,108,192,25,37,73,2,115,211,44,24,79,9,92,185,18,69,64,70,200,33,21,197,30,139,48,43,
53,102,133,157,120,94,57,80,106,32,194,61,50,23,161,89,28,45,60,81,100,186,19,110,142,59,144,49,58,65,136,6,77,160,138,67,16,99,105,34,111,40,123,26,109,14,7,90,5,88,31,71,83,72,1,0,167,86,15,75,4,3,170,91,8,20,29,112,51,46,38,10,137,54,66,108,192,25,37,73,2,115,211,44,24,79,9,92,185,18,69,64,70,200,33,21,197,30,139,48,43,208,
77,44,203,196,162,134,222,59,92,9,126,210,43,2,169,149,66,124,127,113,30,148,65,140,96,129,118,116,33,49,112,48,131,18,20,154,71,159,76,25,63,130,47,46,213,99,40,133,50,79,90,190,23,198,31,128,61,1,84,119,64,70,69,152,182,15,181,82,143,151,73,91,8,24,83,0,72,88,158,21,104,28,34,183,37,89,62,145,51,4,141,38,81,
6,116,139,82,152,154,47,151,158,33,173,76,119,145,48,104,7,174,77,221,43,137,40,30,59,21,70,167,64,161,69,18,115,160,71,65,136,92,3,79,157,24,44,133,26,123,2,99,91,73,170,66,54,58,38,46,51,112,15,23,29,8,105,81,4,75,86,1,90,72,83,0,194,89,186,45,31,37,20,109,25,108,34,215,16,67,61,192,14,111,9,208,227,28,50,62,88,49,5,184,
145,119,104,173,139,10,138,6,144,142,110,19,100,60,221,43,48,137,30,59,200,21,33,211,70,64,69,18,160,71,77,65,136,92,3,9,79,157,24,44,133,115,26,2,91,73,66,54,58,38,46,51,112,23,208,29,8,170,81,4,75,86,167,1,90,72,161,83,0,89,45,186,7,31,37,215,20,109,25,108,34,123,105,15,194,16,67,61,192,14,40,111,28,50,76,62,99,88,5,49,
49,147,153,17,68,56,52,166,167,125,165,55,13,168,175,160,65,200,31,115,71,72,103,0,206,112,9,93,85,74,122,19,41,144,135,32,120,87,35,138,98,99,10,83,88,46,38,136,33,146,43,57,121,18,53,156,142,102,51,106,3,209,80,91,2,105,20,123,109,24,60,94,197,5,108,37,4,75,59,86,15,90,1,44,26,111,8,40,34,137,77,73,185,218,7,110,21,67,14,16,54,25,92,30,79,48,66,70,29,100,58,139,69,45,64,6,217,
36,107,117,132,147,150,153,17,68,56,52,166,125,165,55,13,168,175,31,115,71,72,103,0,206,112,9,93,85,74,122,19,41,144,135,32,120,87,35,138,98,99,10,83,88,46,38,136,33,146,43,57,121,18,53,156,142,102,51,106,3,209,80,91,2,105,20,123,109,24,60,94,197,5,108,37,4,75,59,86,15,90,1,44,26,111,8,40,34,137,77,73,185,218,7,110,21,67,14,16,54,25,92,30,79,48,66,70,29,100,58,139,69,45,64,6,217,
86,108,58,75,109,123,29,137,124,149,173,161,3,184,136,157,174,115,148,127,113,203,128,49,44,54,133,59,130,51,77,92,21,112,33,30,145,66,18,89,43,20,99,91,48,119,207,40,154,83,4,159,1,88,9,63,28,79,158,0,8,90,198,31,143,64,72,151,70,141,62,69,15,84,152,73,81,2,25,183,104,116,37,191,24,47,131,71,201,34,46,61,76,82,23,65,50,205,38,
34,171,219,38,65,140,46,51,81,178,84,199,226,129,179,82,176,23,164,126,63,21,118,49,177,50,113,8,202,61,155,9,0,47,127,33,37,134,40,96,193,76,128,31,28,89,62,189,124,
6,131,139,84,191,152,158,151,47,154,82,116,33,173,76,119,145,48,104,7,174,77,221,43,137,40,30,59,21,70,167,64,161,69,18,115,160,71,65,136,92,3,208,9,79,157,24,44,133,26,123,2,99,91,73,170,66,54,58,38,46,51,112,23,29,8,105,81,4,75,86,1,90,72,83,0,194,89,186,45,31,37,20,15,214,109,25,108,34,215,16,67,61,192,14,111,227,28,50,62,88,49,5,184,
70,69,181,182,190,204,162,128,1,187,21,148,104,171,24,34,15,40,89,8,126,65,124,50,177,63,116,33,62,189,31,76,113,47,84,51,178,134,38,140,199,72,81,127,0,9,176,49,118,28,155,61,188,179,37,164,96,23,82,46,129,71,212,196,90,66,79,64,99,91,169,143,119,88,141,25,131,4,73,83,130,149,195,
179,189,199,177,164,223,65,178,99,70,149,69,148,181,155,76,24,23,190,134,196,38,129,50,62,141,90,169,1,66,79,0,64,143,131,126,47,91,63,130,51,116,49,128,96,176,9,88,34,113,119,40,162,171,4,83,25,104,73,140,61,71,127,82,182,15,46,37,204,72,31,84,124,89,81,8,118,21,188,187,33,195,28,
173,205,201,191,115,174,157,136,126,47,54,143,149,124,140,51,96,129,40,118,25,44,133,113,203,24,34,127,38,48,148,59,69,158,130,77,92,21,112,23,33,30,119,145,66,18,89,0,222,43,20,198,99,91,181,2,154,65,83,159,70,1,90,88,9,63,152,207,28,79,8,31,128,49,64,72,151,62,141,15,104,84,73,81,169,4,183,116,216,37,131,71,225,46,61,76,82,50,
141,130,136,6,115,131,139,30,84,191,82,152,43,158,49,151,47,154,45,116,7,33,173,64,76,119,145,48,157,104,174,65,77,186,221,3,112,137,28,40,59,21,70,167,58,161,69,245,18,160,51,71,92,208,99,9,79,24,133,44,26,123,14,2,111,91,73,170,61,66,54,38,46,23,29,8,105,214,81,4,75,184,86,1,90,72,83,192,227,0,109,194,89,31,37,20,15,25,108,34,143,215,16,67,50,62,88,5,
Future sets, 
137,73,28,9,185,230,91,83,220,88,225,197,206,51,188,63,200,47,184,46,183,71,208,218,81,72,209,99,236,112,249,136,235,31,158,242,217,160,23,96,233,223,134,84,221,211,167,65,202,192,62,199,189,82,219,49,186,176,152,241,104,170,118,245,126,229,113,240,216,89,226,129,164,61,198,194,193,179,76,213,203,161,127,224,155,116,243,177,50,187,247,133,157,140,237,215,124,227,212,171,244,141,178,128,231,207,145,248,222,119,246,143,174,130,154,148,173,169,151,214,191,204,210,131,234,159,238,162,239,201,195,181,190,196,205,182,149,38,
69,90,79,66,99,70,133,246,229,210,231,145,233,159,181,223,196,64,112,151,30,80,117,29,103,236,213,98,207,152,43,224,115,44,153,211,102,214,105,167,58,200,168,59,242,75,184,197,230,121,185,215,106,48,157,218,109,221,54,163,138,170,175,92,201,144,227,239,156,235,86,186,77,208,173,18,245,136,174,165,248,139,216,108,217,191,228,240,232,123,161,111,194,206,146,192,180,249,166,172,205,142,225,234,125,67,137,203,94,222,238,247,20,198,160,243,150,237,154,45,183,241,132,158,209,100,135,110,120,147,122,
114,74,53,207,115,201,173,174,248,184,216,191,157,161,123,205,136,225,234,54,203,238,180,132,122,29,168,230,163,218,121,135,236,102,241,80,147,98,237,232,93,165,26,139,206,67,153,166,175,242,103,146,185,120,156,217,150,197,58,100,239,200,117,107,235,138,228,94,57,106,245,240,144,211,85,110,249,209,142,172,125,192,87,221,208,215,60,194,227,137,109,86,75,214,45,170,167,160,186,111,108,105,243,44,
123,95,114,68,74,243,105,108,111,186,160,167,170,184,45,214,75,86,109,137,227,55,194,60,215,208,221,87,53,192,125,172,142,209,249,110,85,211,144,101,240,245,106,57,94,228,138,235,107,117,200,239,100,58,197,150,217,156,120,185,146,103,242,175,166,153,67,206,139,26,165,93,232,237,98,147,80,241,102,236,135,121,218,163,230,168,29,122,132,180,
119,88,73,102,94,132,45,44,58,67,43,135,121,110,120,147,100,163,125,122,106,25,152,195,150,182,169,141,143,190,91,218,86,213,75,69,196,90,217,79,206,192,185,214,186,59,111,238,248,108,235,200,230,242,115,197,70,221,54,181,142,175,48,227,160,239,112,168,77,156,139,243,109,236,173,249,170,241,92,174,105,232,184,208,137,216,191,64,228,194,123,240,161,157,30,165,198,207,203,234,167,209,138,205,136,215,144,211,245,166,222,201,225,146,180,183,237,158,153,154,224,172,231,247,223,159,233,66,145,210,229,246,151,133,99,
221,227,208,245,249,139,144,142,200,153,110,215,78,106,147,185,120,53,94,228,32,166,85,60,197,239,102,236,68,135,209,240,103,100,237,19,156,80,217,150,146,165,122,55,175,41,242,206,97,125,218,107,241,232,95,121,93,230,163,87,57,168,101,98,235,35,172,56,117,180,211,74,114,52,132,138,
245,10,144,142,200,153,110,78,106,35,147,218,185,114,120,53,94,165,228,32,103,166,237,95,85,156,197,55,102,135,60,209,138,240,98,249,100,232,80,68,217,146,150,122,175,41,97,19,168,239,125,107,241,121,242,93,235,230,163,236,87,206,57,101,172,56,117,180,211,74,52,132,
227,221,208,245,249,139,144,142,200,153,110,78,106,147,185,120,53,94,228,32,166,85,60,197,239,102,236,68,135,209,240,103,100,237,19,156,80,217,150,146,165,122,55,175,41,242,206,97,125,218,107,241,232,95,121,93,230,163,87,57,168,101,98,235,35,172,56,117,180,211,74,114,52,132,138,
65,24,51,104,162,116,244,34,176,171,178,226,128,81,140,15,152,83,220,88,225,73,210,188,72,209,130,131,119,148,149,187,204,212,75,71,208,120,147,58,195,25,150,182,169,141,143,190,91,228,218,86,223,213,69,206,196,59,90,227,217,79,216,192,185,48,214,77,186,111,248,238,108,245,235,200,230,242,105,115,197,70,207,221,54,191,181,142,175,160,239,112,249,168,156,139,243,109,246,236,99,173,170,43,180,241,92,229,174,232,184,137,64,201,194,123,240,161,157,165,198,203,66,234,167,138,205,136,215,144,211,166,222,146,183,237,158,21,153,154,224,172,231,247,159,233,145,151,133,
185,230,91,83,88,197,206,51,63,47,46,71,218,72,99,209,112,136,235,31,158,242,217,160,96,223,134,84,211,167,200,65,192,62,189,82,49,176,152,241,170,118,245,221,126,229,113,240,216,89,81,208,184,129,164,61,188,202,194,193,179,76,203,161,127,224,155,219,116,243,177,50,186,247,236,133,157,199,140,237,215,124,227,212,171,244,141,178,226,128,231,104,225,207,145,248,222,119,246,143,174,233,130,154,148,173,213,249,169,151,214,191,204,210,131,234,187,159,238,162,239,183,201,195,220,181,198,190,196,205,182,149,38,
144,142,200,153,110,78,106,147,185,120,53,94,228,32,166,85,60,197,102,236,68,135,209,240,103,100,237,19,156,80,217,150,146,165,122,55,175,41,242,206,97,125,218,107,241,232,95,121,93,230,163,87,57,168,101,98,235,35,172,56,117,180,211,74,114,52,132,138,
95,172,180,42,97,27,228,163,232,101,78,22,114,39,
42,97,27,228,163,232,22,114,78,101,
68,168,175,17,39,97,242,150,228,230,172,56,52,78,153,132,180,117,235,163,95,36,147,101,42,107,166,241,114,232,55,
215,208,221,194,239,245,249,139,144,142,200,138,110,100,211,240,227,60,80,102,185,106,197,120,94,55,121,242,153,236,117,85,168,107,230,147,172,166,125,206,165,209,150,232,218,135,132,103,175,93,87,228,146,180,98,163,122,241,74,156,237,217,53,235,68,114,101,95,56,57,
83,88,73,188,72,130,131,119,148,149,187,220,204,212,71,120,147,58,25,152,195,150,182,169,141,143,190,91,218,86,213,75,69,196,90,217,79,206,192,185,214,186,59,111,238,248,108,235,200,230,242,115,197,70,221,54,181,142,175,48,227,160,239,112,168,77,156,139,243,109,236,173,249,170,43,241,92,174,105,232,184,208,137,216,191,64,228,194,123,240,161,157,165,198,207,203,234,167,209,138,205,136,215,144,211,245,166,222,201,225,146,180,183,237,158,153,154,224,172,231,247,223,159,233,66,145,210,229,246,151,133,99,
221,215,208,239,245,249,139,144,142,200,138,110,100,211,240,227,60,80,102,185,106,197,120,94,55,121,242,153,236,117,85,168,107,230,147,172,166,125,206,165,209,150,232,218,135,132,103,175,93,87,228,146,180,98,163,122,241,74,156,237,217,53,235,68,114,101,95,56,57,
39,150,228,117,114,97,52,78,95,132,153,232,180,101,230,235,163,242,172,36,147,42,166,107,241,56,
213,98,152,224,44,211,214,167,105,200,168,242,75,197,230,185,215,48,218,221,54,138,170,175,92,144,227,239,156,235,86,186,208,201,173,245,174,165,248,184,216,108,191,228,240,157,232,161,111,194,206,123,217,146,192,109,180,249,166,236,153,172,205,136,207,142,59,225,58,234,67,137,203,139,222,238,115,198,160,243,77,150,237,154,183,241,158,209,43,135,121,110,120,147,45,122,163,125,132,94,102,106,100,
110,78,240,60,80,185,106,120,94,32,85,197,211,102,68,100,209,103,156,153,217,146,93,98,236,122,175,228,237,147,206,97,41,150,125,218,107,95,121,230,55,87,57,166,168,135,172,165,56,117,101,180,74,114,242,163,52,235,232,241,132,53,35,
158,183,154,103,98,92,77,198,222,59,100,106,102,94,132,125,163,122,238,135,218,121,110,120,203,241,150,147,230,137,67,234,142,136,205,172,243,160,153,236,166,249,237,180,109,192,146,217,123,206,194,111,161,232,157,240,228,191,108,216,208,184,248,165,174,245,173,201,115,186,86,235,156,239,227,144,170,209,138,54,221,139,215,185,197,75,242,168,44,211,45,200,207,225,58,175,105,167,214,
140,105,81,144,168,142,138,111,165,77,128,226,178,171,176,34,161,244,175,156,139,109,236,108,235,116,243,162,104,231,92,83,210,91,218,88,215,73,200,188,99,184,173,221,234,203,205,213,207,201,248,225,198,71,112,239,191,64,245,136,192,160,72,186,208,237,70,197,158,211,249,170,241,115,242,194,183,157,69,196,214,240,227,174,217,90,133,185,151,230,206,79,209,216,137,167,246,119,123,232,229,152,66,233,224,145,154,238,159,181,223,247,228,222,212,204,220,187,149,148,195,131,141,169,190,130,143,182,51,
163,
192,161,131,234,236,133,208,186,157,237,134,240,104,207,154,173,227,124,184,174,145,248,119,222,215,221,118,205,126,229,152,231,128,158,151,47,214,28,239,116,219,195,82,249,130,233,141,244,220,143,246,210,245,191,63,201,213,159,238,226,148,140,243,183,198,149,216,113,127,203,202,193,179,76,224,171,212,181,169,155,225,178,164,196,129,247,187,84,176,199,96,190,177,62,162,223,182,189,188,204,89,
162,180,146,92,83,91,88,73,188,72,182,143,130,190,169,141,131,195,119,148,149,187,220,204,212,71,69,90,79,221,192,217,185,249,214,77,115,186,111,248,99,108,200,230,105,242,160,197,142,175,227,156,239,168,235,218,139,64,213,206,243,109,240,173,170,241,245,174,184,208,59,137,216,191,157,228,194,123,161,232,236,165,198,207,136,203,234,167,238,209,138,205,225,215,66,144,211,237,166,222,201,196,247,223,181,159,233,154,145,224,231,152,210,229,246,151,133,183,158,70,112,
195,150,182,169,141,143,190,91,86,75,69,90,79,192,185,214,186,111,248,108,200,230,242,197,221,54,142,175,227,160,239,168,77,156,235,218,139,243,109,173,249,170,241,92,174,105,184,208,137,216,191,228,115,194,123,240,161,157,236,165,198,207,203,234,167,238,209,217,59,138,205,136,215,48,144,211,245,166,222,201,225,146,180,152,183,237,70,158,232,153,154,224,206,172,64,231,196,247,223,181,159,233,66,145,210,229,246,151,133,112,213,99,
194,215,208,227,221,192,245,249,239,142,110,85,211,240,57,94,138,235,107,60,93,117,168,200,103,100,197,150,156,120,217,185,228,87,146,209,242,166,125,172,106,153,206,165,144,241,147,102,232,135,121,218,175,80,163,122,132,180,98,139,236,237,230,
228,42,232,163,78,114,97,
236,208,186,157,237,133,240,104,154,173,227,184,174,145,119,215,221,205,126,152,231,158,151,47,214,239,116,195,82,249,130,141,220,143,222,131,210,245,191,63,201,134,213,159,238,226,148,207,128,140,219,183,198,149,216,127,203,124,202,193,246,179,118,224,171,212,181,248,169,234,155,225,178,164,76,243,196,129,113,247,187,176,199,190,177,244,62,229,162,223,182,189,188,96,233,204,84,
137,117,109,86,75,45,170,167,237,100,160,227,186,111,108,245,122,163,230,125,192,58,67,120,135,132,241,147,214,200,94,228,146,150,80,217,180,172,239,102,236,211,144,194,208,166,139,206,142,209,221,168,98,235,110,165,232,218,249,175,105,242,103,240,243,106,138,197,215,121,185,153,156,
213,151,112,106,122,125,163,100,152,224,147,120,110,121,135,43,209,158,241,183,154,237,150,77,243,160,198,115,238,222,139,203,137,67,234,58,225,59,142,207,136,205,172,153,236,166,249,180,109,192,146,217,123,206,194,111,161,232,157,240,228,191,108,216,184,248,165,174,245,173,201,208,186,86,235,156,239,227,144,92,175,170,138,54,221,218,48,215,185,230,197,75,242,168,200,105,167,214,211,44,
242,217,160,96,134,84,167,200,65,62,82,49,152,241,170,118,221,126,229,113,216,211,81,184,129,164,61,158,202,194,192,89,193,179,76,161,127,224,155,219,116,177,189,186,247,236,133,157,208,199,176,140,243,237,215,124,227,212,171,244,141,178,226,128,231,225,207,104,145,248,222,119,143,246,240,174,233,130,154,148,245,173,213,249,169,151,214,191,204,210,131,234,188,187,159,238,162,239,183,201,195,220,181,203,198,190,196,205,182,149,223,50,
197,102,121,209,85,206,217,146,98,236,122,237,41,97,103,125,218,107,95,230,55,87,166,175,168,241,93,172,56,135,228,117,101,180,114,242,163,52,150,156,235,165,147,68,232,74,153,132,53,
66,70,64,202,61,124,189,177,219,155,179,193,37,228,40,167,232,123,115,242,199,72,89,216,90,217,79,206,91,218,230,185,137,73,200,81,208,140,51,178,154,197,176,171,244,141,226,99,128,231,104,116,243,162,207,112,239,215,88,191,136,209,235,83,210,186,188,229,212,133,236,204,220,187,161,240,157,194,241,170,249,211,246,119,143,192,65,160,237,158,221,149,148,227,222,198,71,225,195,248,145,169,245,151,233,130,214,152,205,173,46,131,234,174,184,224,247,181,203,238,159,190,183,201,196,213,182,223,127,
244,175,156,139,109,108,116,162,104,92,83,91,88,73,188,99,184,173,221,243,234,203,205,213,207,201,248,225,198,112,191,245,215,136,192,160,239,72,186,208,237,70,158,211,249,170,200,241,115,194,183,157,236,69,214,240,161,227,174,217,242,133,218,185,151,230,197,206,235,209,216,137,167,246,79,123,232,229,210,152,231,64,66,233,224,145,154,238,71,159,181,223,247,228,196,222,90,212,204,220,187,149,148,119,195,131,141,169,190,130,143,182,
122,206,209,236,98,217,41,97,103,125,218,107,132,95,230,55,166,175,168,241,93,172,56,135,228,117,101,180,114,242,163,52,150,235,165,147,68,232,74,153,85,
242,235,230,172,101,232,180,95,78,163,97,114,228,
228,40,167,232,123,115,242,199,72,89,216,90,217,79,206,91,218,230,185,137,73,200,81,208,140,51,178,154,197,176,171,244,141,226,99,128,231,104,116,243,162,207,112,239,215,88,191,136,209,235,83,210,186,188,229,212,133,236,204,220,187,161,240,157,194,241,170,249,211,246,119,143,192,65,160,237,158,221,149,148,227,222,198,71,225,195,248,145,169,245,151,233,130,214,152,205,173,131,234,174,184,224,247,181,203,238,159,190,183,201,196,213,182,223,127,
235,136,112,209,99,72,242,160,217,218,71,167,200,49,152,241,170,118,221,126,229,113,216,211,81,184,129,164,61,158,202,194,192,89,193,179,76,161,127,224,155,219,116,177,189,186,247,236,133,157,208,199,176,140,243,237,215,124,227,212,171,244,141,178,226,128,231,225,207,104,145,248,222,119,143,246,240,174,233,130,154,148,245,173,213,249,169,151,214,191,204,210,131,234,188,187,159,238,162,239,183,201,195,220,181,203,198,190,196,205,182,149,223,65,
172,101,232,78,163,97,114,228,
232,123,115,199,89,90,79,91,230,185,137,73,81,140,51,154,206,197,176,171,244,141,178,226,128,231,116,162,104,207,112,215,88,191,99,136,239,209,235,83,186,188,229,218,217,212,133,236,204,220,187,161,240,157,194,241,200,170,249,211,208,167,246,143,192,160,237,158,221,242,149,148,227,119,222,198,225,195,248,145,169,245,151,72,233,130,214,152,205,173,131,234,210,174,71,184,224,247,181,203,238,159,243,190,183,201,196,213,182,216,223,65,
97,103,125,218,132,230,95,55,101,242,147,241,172,228,107,180,114,117,135,232,163,150,235,166,52,175,168,74,165,68,56,153,
114,163,232,97,
158,183,154,150,75,77,198,238,222,203,54,234,225,207,136,205,172,243,153,166,237,180,109,146,217,123,194,161,232,157,228,191,216,137,184,248,174,245,173,201,208,59,115,186,108,86,235,156,227,206,92,241,170,209,138,218,139,144,215,236,165,185,230,197,242,168,239,240,211,200,175,249,160,192,221,142,105,167,214,111,
238,135,121,110,120,75,150,147,203,54,234,225,136,205,172,243,153,166,237,180,109,146,217,123,194,161,232,157,228,191,216,137,208,184,248,174,245,173,201,115,186,108,86,235,156,227,206,241,170,209,138,218,139,144,215,236,165,185,230,197,242,168,239,240,211,200,207,58,175,249,160,192,221,142,105,167,214,111,
170,167,160,186,111,122,163,125,67,120,135,132,241,147,200,94,146,150,180,172,214,105,102,211,194,208,166,245,192,139,142,221,168,110,165,218,239,249,175,228,227,237,240,138,217,242,197,144,106,215,121,230,185,236,153,206,232,100,209,156,235,
235,193,179,136,127,155,219,177,189,124,112,209,99,199,89,72,242,160,217,218,154,243,200,170,81,241,152,167,140,229,239,211,194,192,176,186,208,119,236,157,246,161,240,151,237,148,158,247,215,221,133,222,212,171,65,244,178,226,128,207,145,234,224,143,174,233,184,227,173,213,231,169,248,159,214,191,204,210,131,220,188,187,238,149,162,245,130,183,104,195,116,205,201,141,181,203,198,225,190,249,71,196,182,223,216,
152,158,151,214,239,116,249,130,141,143,131,245,191,63,201,134,159,226,148,207,140,183,198,128,195,149,216,127,203,205,202,193,126,246,179,118,224,171,238,212,181,248,234,169,225,178,231,164,220,196,129,219,222,155,113,247,187,243,176,199,190,213,210,177,244,229,162,223,182,189,188,124,96,233,204,84,
224,154,153,158,183,152,180,146,201,222,166,237,211,144,215,225,205,138,209,238,167,234,203,136,207,198,165,236,232,161,123,194,228,157,191,216,137,59,208,184,174,245,92,241,170,173,240,109,243,206,139,218,235,168,239,156,227,175,142,197,160,242,105,230,200,108,248,111,186,115,77,214,249,185,217,192,221,
241,170,118,126,113,211,81,129,164,61,158,202,194,192,193,179,161,127,224,155,219,177,189,89,186,247,236,157,208,199,176,140,237,215,221,124,133,212,171,244,178,226,128,225,207,145,222,143,240,174,233,154,184,227,130,148,245,173,76,213,116,152,249,231,169,248,151,214,191,204,210,131,188,187,159,238,141,162,239,183,104,201,195,220,234,243,181,203,198,119,216,229,190,196,205,182,149,246,223,
194,192,161,133,237,157,186,208,236,89,118,126,113,159,221,215,164,247,193,179,202,119,129,212,128,127,210,176,155,238,178,171,244,226,143,140,223,219,199,116,177,189,124,207,145,222,174,233,184,227,173,154,213,130,152,158,169,214,131,191,204,151,234,188,187,104,162,245,239,248,183,195,148,231,201,220,141,224,76,243,181,240,203,198,229,225,190,82,249,196,205,182,149,216,246,
206,197,176,171,244,178,226,128,116,162,104,112,88,99,136,209,235,83,188,229,218,217,212,133,204,220,141,187,161,240,236,157,194,241,200,170,249,211,208,167,246,186,192,160,237,158,215,221,242,149,148,227,119,198,225,195,248,169,191,245,151,239,72,154,233,207,214,152,231,205,173,131,210,174,184,145,224,247,234,181,203,71,238,159,222,143,243,190,183,130,201,196,213,182,216,223,
166,150,163,232,117,114,180,107,228,241,147,172,95,235,230,101,242,132,
237,156,122,236,98,146,87,93,217,74,103,132,135,175,218,163,232,168,165,241,125,206,147,172,230,85,107,166,117,235,242,209,150,121,180,153,228,
234,225,207,205,172,153,166,180,146,123,161,157,191,136,216,137,184,248,174,173,201,115,108,235,156,206,241,228,209,232,218,139,144,236,185,230,215,197,242,168,227,217,138,240,211,237,200,175,249,170,239,160,165,192,221,142,245,208,194,105,167,214,186,243,109,111,
175,168,68,114,166,235,153,107,150,172,241,147,242,101,163,232,117,180,230,228,132,95,
166,150,163,232,117,114,180,107,228,241,147,172,95,235,230,101,242,132,
94,107,93,117,121,103,120,197,156,217,232,150,228,146,235,209,168,242,166,125,106,206,165,241,185,102,135,218,175,172,80,163,122,132,180,98,153,236,237,147,230,87,
147,150,75,86,245,192,139,243,172,167,180,146,186,239,214,105,211,194,208,166,142,221,168,165,218,109,215,160,170,249,175,228,200,237,240,138,108,217,111,227,242,197,144,230,185,236,153,206,232,209,156,241,235,120,
222,166,211,144,225,205,138,238,234,167,203,136,207,198,165,232,123,161,228,157,191,216,137,184,174,241,173,240,201,109,243,206,139,218,235,168,156,175,209,142,197,160,227,239,242,105,230,215,237,170,200,108,245,248,111,208,186,77,214,236,249,115,185,217,192,221,194,
240,211,94,117,121,103,120,197,156,217,232,150,228,146,235,209,168,242,166,125,106,206,165,241,185,102,135,218,175,172,80,163,122,132,180,98,153,236,237,147,230,87,
202,194,192,193,179,161,127,155,219,177,189,89,247,236,157,208,199,186,176,140,237,158,215,221,133,212,171,244,178,226,128,207,145,224,222,143,174,233,154,184,227,148,173,213,152,231,169,248,214,191,204,151,210,131,188,187,159,238,162,245,239,130,183,104,195,116,201,220,141,234,243,181,240,203,124,198,119,229,225,190,249,196,205,182,149,223,216,246,
118,126,113,159,221,215,164,247,193,179,202,119,129,212,128,127,210,176,155,238,178,171,244,226,143,140,223,219,199,116,177,189,124,207,145,222,174,233,184,227,173,154,213,130,152,158,169,214,131,191,204,151,234,188,187,104,162,245,239,248,183,195,148,231,201,220,141,224,76,243,181,240,203,198,229,225,190,82,249,196,205,182,149,216,246,
201,159,148,207,183,198,128,149,127,203,205,96,202,216,140,193,246,118,224,171,212,181,234,169,225,178,231,220,248,195,196,219,222,113,187,243,134,199,190,155,213,210,164,247,177,176,229,126,179,223,182,238,129,189,226,188,244,162,124,233,204,
196,228,247,223,181,159,238,233,154,145,224,231,152,210,229,232,123,246,167,137,216,209,235,206,197,230,151,185,218,133,242,217,174,227,161,240,214,236,157,183,194,115,241,200,170,249,211,158,70,237,208,186,239,160,192,136,215,245,191,112,198,225,248,201,207,213,205,203,222,234,243,221,173,184,99,
200,170,241,167,140,239,211,194,192,176,186,208,236,157,161,240,237,158,215,221,133,212,171,244,178,226,128,207,145,224,222,143,174,233,154,184,227,148,173,213,152,231,169,81,248,214,191,204,151,210,131,188,247,187,159,238,162,245,130,183,104,195,116,201,220,141,234,243,181,203,198,119,229,225,190,249,196,205,182,149,223,216,246,
232,123,115,228,79,152,225,184,215,249,222,203,205,213,207,221,201,216,198,191,238,192,242,186,240,167,208,211,237,243,170,200,194,183,245,214,234,161,154,227,241,217,224,151,229,158,231,218,145,159,99,248,181,173,246,223,174,247,196,136,209,160,233,210,137,235,133,206,197,157,230,112,185,236,239,90,
135,147,146,150,180,172,120,105,194,208,166,245,142,221,110,192,165,239,249,175,121,200,237,211,240,138,217,227,168,242,197,215,230,185,236,144,139,218,153,232,209,228,241,206,156,235,
166,153,150,241,147,107,114,163,180,232,101,235,230,242,172,228,117,132,
228,247,223,181,159,233,145,231,210,229,232,123,246,137,209,235,206,197,230,185,218,133,242,217,174,227,161,214,236,183,194,241,200,170,211,158,208,167,186,239,192,136,245,238,191,198,216,225,151,248,201,154,207,160,213,205,152,203,222,234,243,249,157,112,221,224,115,215,173,184,237,240,
228,247,223,181,159,233,145,231,210,229,232,123,246,137,209,235,206,197,230,185,218,133,242,217,174,227,161,214,236,183,194,241,200,170,211,158,208,167,186,239,192,136,245,238,191,198,216,225,151,248,201,154,207,160,213,205,152,203,222,234,243,249,157,112,221,224,115,215,173,184,237,240,
218,217,212,204,220,187,161,236,194,241,200,170,211,208,167,186,192,160,157,237,215,221,242,133,149,148,119,225,195,248,191,245,151,154,207,214,152,205,173,131,240,227,174,184,145,198,141,247,234,181,203,229,158,238,222,169,243,190,183,239,130,224,201,143,249,196,210,231,246,213,182,159,216,223,233,
218,217,188,212,204,220,187,161,236,194,241,200,170,211,208,167,186,192,160,157,237,215,221,242,133,149,148,119,225,195,248,191,245,151,154,207,214,152,205,173,131,240,227,174,184,145,198,141,247,234,181,203,229,158,238,222,169,243,190,183,239,130,224,201,143,249,196,210,231,246,213,182,159,216,223,233,
137,185,230,197,206,161,234,235,195,143,216,182,190,169,242,141,214,233,160,209,136,196,247,174,223,246,173,181,159,145,218,231,158,210,229,151,224,217,241,227,154,248,99,245,236,183,194,200,133,170,243,88,237,211,225,152,208,167,91,240,186,239,192,238,191,198,201,221,207,213,205,203,222,157,112,249,215,184,
135,117,218,163,232,168,175,165,241,147,172,125,166,235,242,103,150,180,153,107,228,230,132,
86,245,192,139,243,172,167,180,146,186,239,214,105,211,194,208,166,142,221,168,165,109,218,160,170,249,175,228,200,237,240,138,108,217,111,227,242,197,144,215,230,185,236,153,206,232,209,156,241,235,
221,215,164,193,179,202,129,128,127,176,155,178,171,244,226,140,219,199,177,189,124,145,222,174,233,184,227,173,154,213,152,158,169,214,191,204,151,210,188,247,187,212,159,162,245,239,130,248,183,195,148,207,201,220,141,234,243,116,181,240,203,198,229,225,190,249,131,224,143,196,104,231,205,182,238,149,223,216,246,119,
225,205,238,234,203,207,198,165,123,161,157,191,136,216,137,184,248,174,173,201,109,243,206,228,218,139,235,156,242,209,197,160,239,230,215,237,200,245,208,186,227,214,167,241,236,249,170,232,111,185,211,217,138,192,240,221,142,194,115,108,168,175,144,
232,97,163,228,114,
184,215,249,222,203,205,213,207,221,201,216,198,191,238,192,242,239,186,240,167,208,152,225,211,237,243,170,200,194,183,245,99,214,234,161,154,227,241,217,224,151,229,158,231,218,145,159,248,181,173,246,223,174,247,196,136,209,160,233,210,137,235,133,206,197,157,230,112,185,236,90,
185,120,197,217,135,232,228,153,150,209,242,166,147,206,125,241,102,218,165,106,175,172,168,163,132,235,180,121,122,236,98,237,156,146,230,103,
211,194,192,176,186,208,236,161,157,237,215,221,133,171,244,178,226,128,145,222,174,233,184,227,173,154,213,152,158,169,214,191,204,151,210,188,247,187,212,159,162,245,239,130,248,183,195,148,207,201,220,141,234,243,116,181,240,203,198,229,225,190,249,131,224,143,196,104,231,205,182,238,149,223,216,246,119,
154,152,158,151,128,238,129,223,213,212,187,155,244,204,247,195,248,162,116,225,169,222,113,188,231,178,196,171,224,234,181,226,229,176,190,243,216,233,124,127,199,220,177,189,210,140,249,246,193,164,149,202,126,179,203,182,219,239,130,214,191,245,148,141,198,201,207,183,143,205,131,159,118,
119,161,234,235,195,143,216,182,190,169,242,141,214,233,160,209,136,196,247,174,223,246,173,181,159,145,218,231,158,210,229,151,224,217,241,227,154,248,99,245,236,183,194,200,133,170,243,88,237,211,225,152,208,167,240,186,239,192,238,191,198,201,221,207,213,205,203,222,157,112,249,215,184,
191,245,131,159,143,201,141,130,148,207,183,205,198,128,219,182,203,179,126,202,149,164,193,246,249,140,210,189,177,220,199,127,124,233,216,134,243,190,176,229,226,181,234,224,171,118,196,178,231,225,188,113,222,169,162,248,195,247,204,244,155,187,212,213,223,129,238,
228,153,150,132,103,242,235,166,230,172,147,125,241,107,165,168,232,163,218,175,117,135,217,180,93,
243,172,167,180,146,186,214,105,194,208,166,245,142,221,192,165,160,239,170,249,175,200,237,211,240,138,217,227,168,242,197,215,230,185,111,236,144,139,218,153,232,209,228,241,206,156,235,
98,236,122,180,117,235,132,103,163,168,230,172,175,165,218,241,125,206,147,166,242,209,150,153,228,232,135,217,
235,195,143,182,190,169,141,233,209,196,247,223,246,181,248,159,145,231,210,229,218,151,217,174,241,227,160,161,214,99,236,183,194,200,133,170,237,211,158,225,208,167,234,186,239,242,192,245,238,191,198,216,201,154,221,207,213,205,152,203,136,222,224,157,243,112,249,215,173,240,184,
236,208,199,186,157,176,140,237,215,221,133,171,244,178,226,128,145,222,174,233,184,227,173,154,213,152,158,169,214,191,204,151,210,188,247,187,212,159,162,245,239,130,248,183,195,148,207,201,220,141,234,243,116,181,240,203,198,229,225,190,249,131,224,143,196,104,231,205,182,238,149,223,216,246,119,
185,230,197,206,235,137,233,209,196,247,223,246,181,248,159,145,231,210,229,218,151,217,174,241,227,160,161,214,99,236,183,194,200,133,170,237,211,158,225,208,167,234,186,239,242,192,245,238,191,198,216,201,154,221,207,213,205,152,203,136,222,224,157,243,112,249,215,173,240,184,
235,206,197,230,185,190,143,233,209,196,247,223,246,181,248,159,145,231,210,229,218,151,217,174,241,227,160,161,214,99,236,183,194,200,133,170,237,211,158,225,208,167,234,186,239,242,192,245,238,191,198,216,201,154,221,207,213,205,152,203,136,222,224,157,243,112,249,215,173,240,184,
232,228,222,205,238,234,203,207,198,123,115,201,185,230,197,240,206,235,192,173,216,218,242,217,174,209,248,211,243,200,157,237,194,245,208,227,184,214,221,137,225,136,215,191,239,249,160,186,167,241,170,236,161,
217,135,117,218,163,232,168,175,165,241,147,172,125,166,235,242,103,150,180,153,107,228,230,132,
185,132,120,197,237,206,125,156,218,135,166,228,172,163,230,106,241,102,236,168,235,121,180,175,242,217,150,209,147,122,153,146,165,232,
101,232,228,172,180,163,114,
216,140,118,212,181,169,225,178,220,248,222,196,219,193,234,187,246,199,190,134,231,155,202,238,213,195,210,164,247,224,177,176,126,223,182,229,189,171,179,129,226,188,244,162,233,204,
163,114,
236,209,206,132,163,122,168,230,175,165,218,241,147,166,235,242,150,180,153,228,232,135,217,172,125,
209,196,247,223,246,181,159,233,145,231,210,229,218,217,174,227,161,214,236,183,194,241,200,170,211,158,208,167,186,239,242,133,192,245,238,191,198,216,225,151,248,201,154,207,160,213,205,152,203,222,234,224,243,249,157,112,221,215,173,184,237,240,
163,125,120,185,211,122,240,135,237,197,168,156,172,230,241,236,217,106,165,235,121,180,150,209,218,242,166,206,147,175,146,232,110,228,153,
232,228,163,114,
237,163,125,135,156,172,230,241,236,217,165,235,121,180,150,209,122,218,242,166,206,147,175,146,232,228,168,153,
218,163,168,175,165,241,172,147,125,166,242,180,153,235,228,230,232,150,132,
174,184,227,173,154,152,158,169,222,214,191,204,151,188,187,212,159,162,245,239,130,183,195,248,148,201,220,141,247,234,181,203,198,229,116,225,207,243,190,224,143,249,196,231,205,210,240,131,246,213,182,238,233,149,223,216,
194,208,221,192,165,239,245,249,200,142,211,240,217,237,227,168,138,197,139,175,215,156,185,236,144,230,232,209,228,241,218,206,235,242,
237,197,156,172,230,241,236,217,165,235,121,180,150,209,218,242,166,206,147,175,146,232,228,168,153,135,
232,228,163,180,235,230,242,172,117,
194,221,240,239,192,170,217,211,185,232,249,236,241,167,214,227,186,208,245,200,237,215,230,160,197,209,242,235,218,228,206,243,109,
243,228,218,235,206,242,209,197,230,160,215,237,245,186,227,214,167,236,249,208,232,185,211,217,170,192,239,240,221,200,194,241,
240,211,185,120,236,237,197,168,156,172,230,241,217,165,235,180,150,209,218,242,166,175,146,228,153,232,206,147,
194,208,192,214,221,239,186,245,249,200,142,211,240,217,237,227,168,138,197,139,175,215,156,185,236,144,230,232,209,228,241,218,206,235,242,
218,242,217,174,161,236,194,241,200,170,211,208,167,186,192,238,191,198,245,239,216,225,151,248,201,154,207,160,205,158,214,203,222,234,183,224,213,243,249,152,157,221,215,173,184,240,227,237,
129,203,179,202,164,193,210,189,177,220,199,127,216,243,219,176,226,181,224,171,196,233,190,178,225,182,188,231,222,162,248,247,204,244,155,234,187,212,169,126,195,124,213,246,223,238,149,140,229,
163,
201,185,230,197,206,235,173,218,242,217,209,174,248,211,243,237,200,245,208,227,214,184,221,137,216,136,215,191,194,239,160,192,186,167,241,249,170,157,236,240,161,
239,214,191,204,188,187,212,162,245,130,195,148,220,141,234,203,198,229,225,201,207,181,243,248,169,183,224,222,143,247,231,205,210,131,246,213,249,182,190,238,159,233,196,149,223,216,
242,230,235,180,163,228,172,232,
181,169,225,126,248,222,196,219,178,193,234,246,190,231,155,238,213,195,210,202,164,247,224,177,199,176,223,182,189,171,179,220,226,188,229,244,162,187,233,204,212,129,
195,191,245,151,239,154,214,152,173,240,227,184,174,145,141,234,203,198,229,158,225,238,207,222,248,181,243,183,224,201,143,210,169,231,205,246,213,249,182,190,159,216,247,223,233,196,
237,197,156,172,241,236,217,165,206,180,218,242,166,175,230,146,228,168,209,153,235,232,150,
156,172,241,236,217,165,206,180,218,242,166,147,175,150,232,230,146,228,168,209,153,235,
230,168,175,165,241,172,147,166,242,180,218,153,235,228,232,150,135,217,
194,221,240,239,192,170,217,185,249,236,241,167,214,227,186,208,245,200,237,215,230,160,197,209,242,235,218,206,243,211,137,
189,177,199,216,243,219,140,181,226,244,171,196,233,178,225,188,222,162,231,210,247,155,234,187,224,212,220,195,213,176,190,246,223,149,204,238,248,169,182,229,
168,175,165,153,147,180,166,235,228,163,232,230,241,172,242,150,
248,222,196,219,193,164,190,238,213,195,210,202,155,178,247,224,177,199,246,176,223,189,212,179,226,171,188,244,231,162,220,182,229,234,187,233,204,
203,199,216,243,140,181,226,244,171,196,233,178,225,188,222,162,231,210,247,234,187,224,212,220,195,213,176,190,246,223,149,204,238,248,169,182,229,
198,205,183,226,178,244,171,204,220,212,207,148,149,243,216,195,224,234,196,225,181,210,222,169,229,248,190,188,247,213,187,246,233,238,231,182,223,203,162,
202,204,233,187,234,229,182,220,162,231,244,188,171,226,179,212,189,223,176,246,199,177,224,247,178,225,155,210,195,213,238,190,169,222,248,196,219,193,181,
195,148,141,234,203,198,229,225,238,207,222,248,181,243,183,224,201,143,210,169,231,205,246,213,249,182,190,159,149,216,247,223,233,196,
245,195,141,234,203,198,229,225,238,207,222,248,181,243,183,224,201,143,210,169,231,205,246,213,249,182,190,159,149,216,247,223,233,196,
242,230,235,180,163,228,172,232,
229,221,215,210,173,174,248,184,227,240,203,231,152,243,213,145,224,183,234,222,249,214,237,158,205,207,233,154,191,201,225,151,216,239,245,198,238,159,
238,213,195,219,193,202,155,178,247,224,177,199,246,176,223,189,212,179,226,171,188,244,231,220,229,187,233,164,204,
168,175,165,153,147,180,166,235,228,232,230,218,241,172,242,150,
218,242,217,209,174,243,237,200,245,208,227,214,248,211,184,221,216,173,215,191,194,239,160,192,186,167,241,249,170,157,236,240,161,
243,218,235,206,242,209,197,230,160,215,237,245,186,227,214,167,236,249,208,185,211,217,170,192,239,240,221,200,194,241,
200,211,240,217,237,168,175,197,156,142,236,144,230,185,232,209,228,241,218,206,235,242,
249,245,239,232,228,240,211,200,185,237,230,217,197,236,209,242,235,206,241,218,
181,226,244,171,196,178,225,248,222,162,231,210,234,187,233,212,220,247,224,195,213,190,188,246,176,223,204,238,169,182,229,
249,198,234,225,238,207,248,203,222,181,183,224,201,210,169,205,246,243,213,231,190,216,159,182,223,247,233,229,196,
240,211,237,175,197,168,185,156,236,230,217,232,228,241,209,206,235,242,218,
249,196,247,223,233,229,159,216,190,231,213,243,246,205,210,201,224,183,181,222,203,248,207,238,225,234,198,
240,211,237,197,175,185,156,236,230,217,232,228,241,209,206,235,242,218,
210,174,184,227,240,173,152,243,213,224,183,234,222,203,249,214,158,205,207,154,201,248,225,216,239,151,245,198,191,238,
236,217,206,180,165,242,175,218,241,230,228,209,232,166,235,168,
180,235,228,232,241,230,242,172,150,
149,243,216,195,224,234,196,225,181,210,222,169,229,248,190,247,213,246,233,238,231,182,223,203,
243,216,195,234,196,181,222,169,210,229,248,247,224,213,246,233,238,190,231,182,223,225,
242,230,172,232,228,235,180,
213,224,183,158,234,201,222,203,214,245,243,205,207,248,191,216,249,239,198,225,238,
183,158,234,201,222,203,214,245,243,205,207,248,191,216,249,239,198,225,238,
180,235,230,241,228,242,232,166,
183,158,234,201,222,203,214,245,243,205,207,248,191,216,249,239,198,225,238,
178,199,177,189,226,171,188,244,176,231,220,229,212,246,224,187,204,233,247,223,
236,230,232,228,209,206,241,242,217,235,218,
221,215,173,216,239,184,248,240,227,249,245,237,191,214,243,
239,222,214,245,243,248,216,249,198,191,225,207,203,234,205,238,201,
231,213,224,210,201,183,222,248,207,203,216,243,238,225,234,205,198,
192,215,237,214,245,186,227,167,249,208,211,170,239,240,221,200,241,194,236,
236,208,215,240,221,184,239,243,237,214,245,249,227,186,
210,212,220,182,247,195,224,213,187,188,246,204,233,238,229,190,231,223,

193,219,199,220,204,226,177,246,189,212,202,179,244,247,
175,241,230,242,228,232,235,168,
242,228,232,241,230,235,
211,215,237,214,245,249,227,192,239,240,241,194,221,186,236,208,
235,232,228,242,230,241,175,
234,222,210,182,247,224,213,246,233,238,229,248,190,231,223,225,196,
211,215,237,214,245,249,227,192,239,240,194,221,186,236,208,
244,188,231,220,229,187,233,204,247,212,223,246,
232,228,
248,240,227,249,245,214,243,239,184,
248,184,216,239,243,245,249,227,214,191,
242,228,232,241,230,235,
212,246,223,247,204,226,220,233,244,229,
220,204,226,246,212,244,247,199,
231,212,246,223,247,204,226,220,233,244,229,
219,244,220,226,193,246,189,212,247,199,
232,228,
231,229,213,238,222,210,233,225,248,234,246,223,224,247,
224,213,246,238,247,233,229,231,223,190,
222,207,203,243,234,238,216,205,225,248,
243,239,214,245,249,227,
230,197,237,236,209,242,206,217,235,241,218,
221,240,239,214,227,249,245,237,215,
229,233,231,220,204,247,223,212,246,
229,233,231,220,204,247,223,212,246,
220,226,246,212,244,247,199,
231,229,233,247,238,223,246,213,224,
249,216,248,243,245,
236,221,227,208,215,249,237,239,240,245,
219,244,220,226,
236,221,227,208,215,249,237,239,240,245,
231,229,223,233,247,246,224,
231,229,233,247,223,210,238,246,224,213,
237,236,209,206,241,242,217,235,218,
207,203,243,234,238,216,205,225,248,
247,244,212,246,226,220,
241,211,236,240,237,
243,248,216,
226,244,219,
243,234,238,216,248,225,
247,246,
243,248,216,
235,217,242,241,218,
243,248,216,
249,237,239,240,245,
217,242,241,218,
224,238,213,
240,237,236,
246,220,
238,224,
249,245,
239,227,245,240,249,221,
248,
242,241,
242,241,
244,

240,245,227,249,239,
248,238,234,
247,233,

248,234,
244,
245,249,239,
232,
233,
235,














249,




Past links sets, 









0,
6,




8,

13,
1,
7,5,10,
1,
8,
11,12,
0,
8,
4,15,
2,3,
11,12,
23,
1,2,3,
1,4,
9,
19,

21,
19,
17,
33,
9,
11,17,
37,
32,35,
17,27,
18,15,30,
2,18,20,30,
18,20,4,29,
9,33,
9,28,
18,25,30,
31,38,
31,
9,21,40,
17,41,
2,32,16,14,3,
25,43,44,
41,16,3,14,13,
14,17,16,41,
14,19,16,26,
15,29,44,
20,24,43,48,
14,19,16,26,
33,49,
28,31,
47,
1,34,24,33,25,
8,46,31,40,38,
1,34,24,33,25,
30,45,
55,
1,25,24,34,
64,
15,51,24,46,38,34,
15,51,24,46,38,34,
0,40,4,15,34,24,
41,53,
25,43,58,
49,50,62,
21,59,
27,36,19,39,
40,66,
29,57,60,
21,49,65,
50,62,
15,24,34,51,
31,47,
26,35,53,
75,
53,57,60,
73,83,
23,46,61,50,40,
79,
9,25,73,
20,48,43,34,24,
57,85,
57,45,60,
56,36,11,55,52,
31,63,
41,42,78,
18,87,80,35,20,
38,91,46,90,88,64,
14,16,45,26,30,19,
12,39,68,95,
32,80,94,
20,93,87,80,74,
34,89,81,76,51,
86,67,59,21,54,
94,80,100,
93,68,52,74,56,
34,54,75,77,
108,
44,67,100,
45,54,77,86,
30,70,69,99,
63,82,49,84,
2,97,101,
40,54,66,77,92,70,69,
47,82,104,
29,87,107,
82,49,84,96,
71,89,72,83,4,81,76,
58,94,80,110,
44,106,102,67,53,
98,100,102,
40,54,66,77,92,70,3,69,
46,61,76,113,
100,102,98,103,
113,118,
37,113,76,61,46,
63,76,89,51,84,82,81,
76,113,118,
72,84,71,116,
72,84,71,116,
52,56,103,98,68,94,
69,71,99,89,70,81,28,72,
84,96,
44,67,122,106,93,74,
38,115,46,90,91,88,
29,73,115,123,90,
7,10,14,111,26,5,16,105,
7,14,5,16,26,105,111,34,
21,65,127,124,89,96,
25,131,130,119,88,
138,
88,131,91,130,119,
138,
119,133,
24,48,121,86,120,54,
52,56,68,58,135,125,110,121,
128,130,
124,127,131,148,
43,25,120,147,
47,145,112,82,104,
47,48,145,112,82,104,
17,68,86,135,48,125,54,120,121,
20,43,48,145,112,82,104,
126,124,129,134,
34,144,121,142,120,
71,28,72,136,81,112,89,
151,152,154,
141,63,133,143,
45,72,31,86,71,137,112,136,109,
23,71,136,81,112,50,61,72,
24,116,140,129,128,126,
22,132,117,125,114,
76,126,134,
77,146,135,125,105,
52,153,146,56,59,
65,160,
142,55,165,
140,141,129,149,
49,65,160,
128,140,155,
39,54,86,132,150,95,117,
104,145,157,
104,112,136,145,
34,144,168,
51,81,140,155,
155,164,
128,140,155,
46,61,129,164,
153,95,117,150,146,132,
69,70,149,99,143,141,129,140,
162,169,
128,159,154,152,151,
161,3,173,174,
80,91,94,110,144,139,109,142,137,
28,170,167,161,89,111,
72,162,71,171,
72,162,171,
155,179,
143,182,
84,174,158,157,116,
26,81,170,50,61,105,167,23,111,
179,
14,26,81,170,50,61,105,167,111,
25,88,162,149,134,119,
126,143,99,169,
185,32,120,106,51,
77,159,128,158,92,
127,177,89,189,
138,139,65,160,
115,158,159,
61,129,164,
44,198,183,148,127,
178,176,187,188,177,
54,183,198,
98,146,156,197,
54,183,198,
28,89,5,16,192,7,194,161,
99,98,197,156,146,136,
145,196,162,181,159,
81,110,142,60,170,200,167,144,
199,188,178,176,187,
18,210,190,151,134,
158,184,116,186,
133,194,5,16,192,157,76,186,
96,149,191,207,205,203,201,
31,72,71,93,209,206,122,112,
71,72,103,209,206,135,112,
124,193,202,
193,212,
7,215,
183,126,181,59,92,158,169,
178,181,176,187,196,195,190,188,
155,195,48,213,
54,169,181,203,
176,202,199,193,178,
184,221,
66,166,172,70,139,37,175,109,180,69,92,156,78,101,
178,181,176,187,196,195,190,133,188,
36,132,117,150,185,175,166,156,
178,159,181,187,196,195,190,188,
40,42,228,
223,229,
222,225,
38,230,206,46,88,
28,89,146,156,211,98,197,192,161,194,
53,133,102,157,211,186,208,197,
203,213,222,
6,116,208,158,227,139,
173,208,211,221,
49,147,166,218,217,167,200,175,
36,132,117,150,218,217,175,166,
109,149,184,191,86,207,205,137,203,201,
34,219,171,226,
6,139,227,214,131,208,191,
181,190,212,204,196,195,
199,204,223,
173,216,222,225,
141,143,245,
Future links sets, 
73,23,9,
69,66,64,20,30,18,29,
114,26,29,44,53,
184,123,26,29,53,55,
119,25,30,45,73,
19,139,215,138,208,
239,245,10,
221,19,139,138,208,
24,21,65,15,
51,31,46,38,91,47,
138,19,
95,39,27,22,
101,27,22,
55,17,
194,139,138,60,53,55,100,56,57,
73,83,72,43,25,58,71,
208,139,215,138,60,53,55,100,56,57,
153,56,36,39,42,52,
98,43,213,48,44,45,
100,78,32,57,35,60,
98,154,44,45,103,59,92,
140,105,34,51,81,77,
163,
192,161,89,28,
162,66,146,64,59,69,92,71,72,83,73,
195,150,91,69,48,54,141,75,64,66,
194,139,138,57,192,60,85,100,
78,42,
236,208,186,62,47,157,133,
137,45,80,58,117,
112,43,48,44,100,67,
217,96,49,160,50,65,84,62,
197,102,53,41,
66,37,46,61,64,
139,71,104,66,156,64,108,72,244,175,83,73,69,92,
98,85,41,
242,230,95,78,
228,127,40,
235,136,99,65,49,71,72,
172,101,78,
115,232,89,65,51,73,123,79,
97,55,56,52,74,
232,97,
154,150,54,75,59,92,
203,54,135,58,110,121,
160,94,67,100,111,
235,136,179,124,99,65,71,127,72,89,
152,84,116,63,151,
154,153,224,59,92,152,146,
170,118,61,241,76,81,113,
76,194,161,192,82,89,
197,176,128,72,83,71,104,
166,95,107,132,147,
237,74,85,87,121,
225,111,108,207,115,105,123,146,153,172,205,
95,168,68,
166,95,107,132,147,
94,93,87,80,
147,120,75,
166,105,222,77,
211,94,87,80,
202,192,89,179,124,127,194,161,
82,76,
159,128,113,96,
99,70,
81,140,170,200,167,
228,123,115,79,
121,135,110,105,
153,101,107,132,147,
228,181,115,112,123,133,
228,181,115,112,123,133,
217,187,161,160,157,218,119,130,131,133,
218,133,131,130,188,119,157,160,161,187,217,
137,91,88,
135,107,103,
108,86,
164,129,128,104,119,124,215,127,
198,165,108,123,111,115,
228,97,
90,
185,120,98,103,102,106,
211,176,157,192,104,119,194,161,128,133,
154,152,113,151,118,128,116,
119,88,
191,134,131,113,118,128,130,
93,
172,160,105,243,111,146,153,
117,103,98,
195,235,136,141,99,143,
208,186,157,140,236,104,119,128,199,133,
137,136,99,
185,143,136,99,
228,115,198,123,222,
135,217,107,103,
185,102,132,106,120,
180,172,101,
216,140,134,118,
114,
236,122,209,132,125,206,
209,112,133,181,196,
122,125,110,106,
228,114,
125,237,122,121,
218,132,125,
116,173,151,174,152,154,
138,194,139,165,192,
197,135,121,
117,
109,
243,228,185,160,
211,147,185,120,
138,194,139,186,192,
161,160,217,151,218,174,152,157,154,
127,126,129,124,
163,
137,201,136,
214,130,131,191,239,162,
242,163,172,180,230,
129,126,
195,145,143,141,
146,156,150,197,153,
153,147,156,146,
217,135,
137,
219,149,155,140,
165,163,153,147,
222,155,162,164,196,
203,199,149,140,
198,183,148,178,162,171,
181,155,162,202,169,179,
148,143,141,
245,149,143,141,
242,163,172,180,230,
145,237,215,159,229,
213,164,195,155,
165,218,153,147,
209,157,160,161,174,
243,185,160,
200,144,142,
245,185,200,228,239,
181,178,162,169,171,176,
181,249,169,159,
185,168,211,156,
249,159,181,196,190,
185,175,211,156,
210,174,152,154,151,173,
236,209,165,180,166,206,
241,150,
203,149,
243,169,181,216,195,
230,180,242,172,
213,183,158,
183,158,
180,166,
183,158,
224,171,176,177,189,178,
236,209,206,228,230,
237,215,191,173,
239,222,191,201,198,214,
183,231,198,201,210,
200,170,167,
208,236,186,184,
182,187,210,188,195,

179,202,177,
168,
242,241,230,228,
241,186,211,192,194,
175,
225,196,222,182,
194,192,211,186,
244,188,187,
228,
248,240,184,
191,184,
242,241,230,228,
229,212,223,204,226,
204,199,
231,229,212,223,204,226,
193,189,
228,
246,231,229,210,225,222,223,
190,
222,207,205,203,
243,227,214,
230,197,
237,215,214,
231,204,229,212,223,
231,204,229,212,223,
199,
246,213,223,229,231,
245,243,216,
236,215,208,
226,220,219,
236,215,208,
223,246,224,229,231,
246,210,223,229,231,
237,209,236,206,
207,205,203,
226,247,212,
241,211,
243,216,
226,219,
243,238,225,216,
247,246,
243,216,
235,218,217,
243,216,
245,240,239,237,
218,217,
213,
240,237,236,
246,220,
238,224,
245,
221,
248,
242,241,
242,241,
244,

240,227,
248,238,234,
247,233,

248,234,
244,
245,239,
232,
233,
235,














249,




Coordinates,
0.0119222,4.95862,
0.0195451,2.7831,
0.0391407,2.32527,
0.0834173,2.12315,
0.0987622,2.96224,
0.127494,1.65027,
0.154861,1.45561,
0.178189,1.53438,
0.207843,3.36706,
0.217219,4.77551,
0.263212,1.3894,
0.284279,0.324386,
0.333281,0.243792,
0.34509,0.758459,
0.36701,1.76198,
0.370503,3.20537,
0.414115,1.65645,
0.428242,0.683493,
0.485028,2.56778,
0.503771,1.29859,
0.509311,2.47828,
0.621044,3.46869,
0.625687,0.0428728,
0.644762,4.98291,
0.675781,3.29772,
0.683744,3.0021,
0.687757,1.86178,
0.70195,0.178815,
0.715815,4.98799,
0.72427,2.10342,
0.742269,2.61538,
0.783179,4.43111,
0.815266,1.10795,
0.83411,3.77752,
0.8898,3.41682,
0.900613,0.993817,
0.951575,0.421707,
1.00521,3.65286,
1.01928,4.09689,
1.04133,0.258214,
1.04234,3.65014,
1.09959,0.84353,
1.10604,0.0821705,
1.11854,2.55786,
1.12189,2.39672,
1.12244,1.97947,
1.22153,3.86948,
1.22581,4.93669,
1.26137,2.63905,
1.31348,4.13047,
1.3168,4.26999,
1.38863,3.649,
1.40339,0.649125,
1.42141,1.06652,
1.43476,2.38792,
1.47543,0.745518,
1.50027,0.65519,
1.50037,1.21593,
1.50134,2.1014,
1.51828,2.51358,
1.52489,1.24153,
1.53086,3.99905,
1.55359,4.36008,
1.5598,4.94959,
1.58421,3.0345,
1.58622,3.74692,
1.58755,3.06534,
1.58832,1.86706,
1.61839,0.70302,
1.64925,2.93843,
1.65932,2.96403,
1.6653,3.5157,
1.66795,3.52306,
1.68022,3.29192,
1.68179,0.823529,
1.6971,2.08915,
1.69826,4.22941,
1.69885,2.47755,
1.70221,0.147182,
1.70409,3.07115,
1.71263,1.20085,
1.72641,3.75848,
1.73217,4.36297,
1.74933,3.33175,
1.75291,4.50086,
1.7676,0.884609,
1.76967,2.01976,
1.78717,1.00325,
1.79852,3.28294,
1.80517,3.88074,
1.81586,3.08565,
1.82769,3.16744,
1.83605,2.5616,
1.84237,0.878402,
1.90252,1.21514,
1.97719,0.272569,
1.97972,4.90688,
1.99895,0.0525407,
2.0697,0.986264,
2.0741,3.08322,
2.11748,1.2801,
2.13068,0.210302,
2.21198,1.093,
2.24776,0.799928,
2.26091,3.7507,
2.26478,1.86665,
2.27137,1.17151,
2.27832,0.46739,
2.28584,2.08652,
2.30056,2.07288,
2.30451,1.24154,
2.30899,1.8982,
2.32161,2.85868,
2.33281,4.48717,
2.34517,0.0484038,
2.3706,2.37564,
2.42816,3.79756,
2.46005,0.426784,
2.46937,4.55085,
2.47147,3.50134,
2.47716,1.176,
2.49801,1.04622,
2.51939,0.907683,
2.56963,2.17014,
2.57679,4.26548,
2.64326,0.767997,
2.65399,4.59578,
2.65523,4.18473,
2.67945,4.03309,
2.68719,4.41164,
2.68965,3.66135,
2.70864,3.62221,
2.71228,0.534686,
2.71451,3.09528,
2.72752,4.83594,
2.73337,0.804533,
2.74836,2.37768,
2.83805,2.14468,
2.85315,1.37443,
2.85981,1.5067,
2.86231,4.14611,
2.88087,3.5004,
2.91872,1.32538,
2.92671,3.43592,
2.95973,1.34138,
2.97162,3.03047,
2.98866,1.02881,
3.02762,0.594488,
3.05595,3.74299,
3.1253,3.73301,
3.17517,0.545887,
3.18086,3.01496,
3.2574,2.91305,
3.25789,0.673544,
3.28471,2.86192,
3.28758,4.43703,
3.3078,1.03717,
3.33782,2.4223,
3.35714,2.83979,
3.36666,3.15368,
3.3738,1.93643,
3.39027,2.27205,
3.39328,4.08872,
3.39425,0.0285029,
3.40581,4.83196,
3.43773,0.762636,
3.46178,0.627624,
3.46227,1.93159,
3.51192,0.738183,
3.512,3.64901,
3.53273,1.93438,
3.55538,4.2934,
3.58725,0.249105,
3.6205,2.40657,
3.62996,2.46087,
3.63125,0.71366,
3.64783,4.39381,
3.67404,4.57252,
3.67519,4.35892,
3.69648,4.73303,
3.75794,0.271891,
3.76933,3.38741,
3.77488,3.72453,
3.80481,2.93553,
3.81309,2.28002,
3.82196,1.19093,
3.82555,1.89024,
3.82863,4.1922,
3.8321,4.19899,
3.83647,4.64954,
3.84121,3.66868,
3.86021,2.4664,
3.8734,1.7881,
3.88733,4.809,
3.89419,1.71084,
3.89686,3.80626,
3.94247,3.51001,
3.95237,1.10714,
3.95897,2.77721,
3.97226,4.63731,
3.99014,1.37069,
4.01643,2.5399,
4.05362,4.93554,
4.09388,2.74688,
4.13433,4.13778,
4.13967,2.64195,
4.15696,0.911228,
4.17711,2.57557,
4.19063,1.51909,
4.20537,0.966951,
4.20776,3.28592,
4.26324,1.22907,
4.31717,4.32647,
4.33465,3.2477,
4.36033,1.86852,
4.37676,1.55682,
4.40597,2.51049,
4.40828,0.865708,
4.41832,0.780748,
4.42163,4.98727,
4.42728,4.35208,
4.43887,1.52476,
4.4489,2.87965,
4.50843,3.54738,
4.53328,3.21935,
4.53657,2.70963,
4.54128,4.68678,
4.56992,1.5232,
4.5767,0.093324,
4.57763,3.47462,
4.61574,0.402873,
4.62136,3.41864,
4.64297,0.0573766,
4.66778,3.48979,
4.70609,2.73279,
4.71976,0.400454,
4.73923,0.969289,
4.77219,1.064,
4.79679,2.81736,
4.80389,1.42243,
4.86121,1.22517,
4.87575,0.577618,
4.88134,0.420546,
4.89598,1.98152,
4.90903,4.73211,
4.91011,1.43481,
4.94691,3.71527,
4.94814,3.66933,
4.95755,2.41774,
4.98643,1.42542,
