Storage option,sets
Size,25
Dimension,2
Shape,cube
Spacetime,BlackHole
Past sets, 

0,
0,1,
0,
1,3,0,2,
0,
2,3,1,5,0,4,
1,5,0,3,2,
4,6,7,0,1,5,3,2,
5,0,3,1,
2,7,6,4,9,5,0,3,1,8,
2,9,5,0,7,3,1,
2,3,5,1,0,7,6,4,8,
4,11,0,2,9,5,7,3,1,6,
8,1,3,0,5,9,4,6,7,2,10,
9,10,12,1,2,3,5,0,7,6,4,8,
6,4,11,0,2,9,5,7,3,1,8,
12,14,1,8,3,0,5,9,4,6,7,2,10,
9,10,12,1,2,3,5,0,7,6,4,8,
8,1,7,5,9,2,0,11,4,6,3,16,
13,16,3,6,4,11,0,2,9,5,7,1,8,
6,1,3,7,5,9,2,11,4,0,13,
13,16,3,6,4,11,0,2,9,5,7,1,8,
6,1,3,7,5,9,2,11,4,0,13,
6,1,3,7,5,9,2,11,4,0,13,
Future sets, 
5,3,1,24,2,11,4,23,13,12,14,15,18,17,10,16,22,20,19,8,21,6,7,9,
2,11,4,23,13,12,14,15,18,17,10,16,22,20,19,8,24,21,6,7,9,
11,4,23,13,12,14,15,18,17,10,16,22,20,19,8,24,21,6,7,
9,11,4,23,13,12,14,15,18,17,10,16,22,20,19,8,24,21,6,7,
13,12,14,15,18,17,10,16,22,20,19,8,24,21,23,6,
9,11,7,6,23,21,24,8,19,20,22,16,10,17,18,15,14,12,13,
23,21,24,8,19,20,22,16,10,17,18,15,14,12,13,
23,21,24,13,8,19,20,22,16,10,17,18,15,14,12,11,
19,20,22,16,10,17,18,15,14,12,
23,22,21,24,20,13,16,19,10,17,18,11,15,14,
18,15,17,14,
19,16,13,20,24,21,22,23,
18,17,15,
24,20,21,22,23,
17,

22,20,19,








Past links sets, 

0,
1,
0,
2,3,
0,
4,5,
2,3,5,
6,7,
1,3,5,
8,9,
7,9,
8,
6,11,
10,
10,12,
8,11,
12,14,
10,12,
16,
13,16,
13,
13,16,
13,
13,
Future links sets, 
5,3,1,
9,2,
7,4,
7,9,4,
6,
9,7,6,
13,8,
11,8,
16,12,10,
11,10,
18,15,14,
16,13,
18,17,15,
24,20,21,22,23,
17,

22,20,19,








Coordinates,
0.210056,1.97082,
0.21176,1.85135,
0.291294,1.80461,
1.04161,1.83354,
0.445041,1.73219,
1.33803,1.81143,
0.633075,1.66302,
1.00529,1.70211,
0.321457,1.28488,
1.74574,1.62407,
0.360476,0.937577,
1.7712,1.44046,
0.0989872,0.657006,
1.7472,1.28328,
0.268498,0.416248,
0.11731,0.252443,
0.874713,0.760901,
0.230372,0.152961,
0.14734,0.00753984,
0.822509,0.288469,
1.00739,0.293081,
1.15861,0.346878,
1.04157,0.231265,
1.30814,0.348305,
1.67458,0.233201,
