Storage option,sets
Size,150
Dimension,2
Shape,cube
Spacetime,BlackHole
Past sets, 

0,

0,
0,
0,
0,1,

4,0,2,1,
3,6,1,0,4,
4,0,2,1,
3,6,1,0,5,
3,6,1,0,5,
0,2,7,
1,2,7,0,4,10,
5,2,8,9,3,6,1,0,4,
10,4,0,7,2,1,14,
5,0,3,1,
5,8,6,3,10,4,0,2,9,1,
10,15,4,5,2,8,9,3,6,1,0,
11,15,4,5,2,8,9,3,6,1,0,
4,11,12,5,3,6,1,0,
7,1,9,2,0,4,10,3,6,8,5,18,
4,0,13,2,7,
2,7,
0,2,7,
0,1,6,3,9,8,5,4,2,15,11,20,
13,7,0,4,2,23,
21,4,11,0,12,1,5,3,6,17,
11,14,15,22,5,7,1,18,9,2,19,0,4,10,3,6,8,
18,10,19,20,11,15,2,4,5,8,9,3,6,1,0,
8,6,3,9,16,10,4,0,7,2,13,1,14,
4,11,6,3,5,12,17,0,1,
6,3,5,12,17,0,1,
25,0,24,2,7,
3,8,14,1,10,16,6,23,2,4,0,7,13,
6,3,5,12,17,0,1,
8,14,1,10,16,13,2,7,27,4,0,23,
7,12,26,30,18,1,10,19,2,20,3,11,15,4,5,8,9,6,0,
21,32,4,11,0,6,17,3,5,12,1,
13,16,29,10,11,14,15,22,3,5,7,1,18,9,2,19,0,4,6,8,
2,28,21,4,17,11,0,12,1,5,3,6,9,
1,12,5,3,11,17,4,6,32,21,0,39,
13,16,29,10,11,14,15,22,3,5,7,1,18,9,2,19,0,4,6,8,
13,16,29,10,11,14,15,22,3,5,7,1,18,9,2,19,0,4,6,8,
9,6,3,8,14,1,35,10,27,16,13,2,7,4,37,0,23,
13,16,26,7,22,14,29,30,18,1,10,19,2,20,3,11,15,4,5,8,9,6,0,
23,0,4,7,2,13,16,27,10,1,14,8,37,
11,4,32,36,3,6,17,5,12,1,0,33,
9,28,1,12,42,5,39,3,11,17,0,4,21,6,32,33,
46,13,16,26,7,22,14,29,0,30,1,18,10,19,2,20,3,11,15,4,5,8,9,6,12,
21,22,14,38,15,7,30,12,26,3,18,1,10,19,2,20,11,4,5,8,9,6,29,0,
33,1,12,5,0,17,6,3,36,32,4,11,48,
25,0,24,2,7,
25,0,24,2,7,
25,0,24,2,7,
23,31,44,13,16,29,6,10,11,14,15,22,3,5,7,1,18,9,2,19,0,4,8,43,
26,8,15,20,19,10,18,2,28,11,21,41,4,17,0,12,1,5,3,6,9,30,
20,31,40,44,13,16,29,6,10,11,14,15,22,3,5,7,1,18,9,2,19,0,4,8,43,
15,19,18,5,22,27,9,35,1,3,8,14,31,10,16,6,23,2,4,0,7,13,
17,21,38,15,7,30,12,26,3,18,1,10,19,2,20,11,4,5,28,8,9,6,0,
28,39,21,48,11,4,32,36,3,6,17,0,12,1,33,5,42,
21,38,50,46,13,16,26,7,22,14,29,0,30,1,18,10,19,2,20,3,11,40,15,4,5,8,9,6,12,
16,13,51,22,21,14,38,9,15,7,30,1,12,26,3,18,10,19,2,20,11,4,5,8,6,29,0,46,
26,58,29,0,20,31,2,40,11,44,15,13,16,6,10,14,43,22,3,5,7,1,30,18,9,19,4,8,
2,36,8,49,11,9,28,39,12,1,42,4,5,3,17,41,0,21,6,32,33,48,
14,2,17,21,38,9,15,7,30,60,1,12,26,3,18,10,19,20,11,4,5,28,8,6,0,22,
5,24,25,31,35,3,6,9,13,23,4,7,2,16,27,47,10,1,14,0,37,8,45,
45,37,1,15,19,18,47,5,22,27,9,35,6,3,8,14,31,2,10,16,23,4,59,0,7,13,
26,15,20,19,10,18,30,2,8,49,11,9,28,39,12,1,42,4,5,3,17,41,0,21,6,32,33,
20,15,26,36,2,8,49,11,9,28,39,12,1,42,4,5,3,17,41,0,21,6,32,33,
20,27,35,56,23,31,2,44,15,13,16,29,0,6,10,11,40,14,43,22,3,5,7,1,18,9,19,4,8,
43,51,62,0,21,38,7,50,19,46,15,13,16,26,22,14,29,30,1,18,10,2,20,3,11,40,9,4,5,8,6,12,
22,32,41,2,17,21,38,9,15,7,30,60,1,12,26,3,18,10,19,20,11,4,5,28,57,8,6,0,
17,28,40,50,63,1,16,13,51,20,22,21,14,38,7,9,15,46,30,12,26,3,18,10,19,2,11,4,5,8,6,29,0,62,
13,7,0,4,23,2,31,14,3,6,35,9,27,22,5,47,18,19,15,59,1,8,37,16,45,10,68,
41,8,14,2,17,21,38,9,15,66,7,30,60,1,12,26,3,18,10,19,20,11,4,5,28,57,6,0,22,
2,9,8,49,61,4,28,39,42,1,21,48,52,11,32,36,17,3,6,41,0,12,33,5,
41,16,13,46,29,8,14,2,17,21,38,9,15,66,7,30,60,1,12,26,3,18,10,19,20,11,4,5,28,6,0,22,51,
14,1,10,2,24,7,0,34,25,27,13,4,23,16,
20,15,26,36,8,49,11,9,28,39,12,41,1,42,4,33,5,3,32,2,61,17,0,21,65,6,48,
12,27,35,46,23,64,2,26,58,29,0,31,20,40,9,11,44,13,15,16,6,10,14,43,22,3,5,7,1,30,18,19,4,8,56,
37,45,58,59,40,9,20,27,35,71,4,56,23,31,0,2,44,13,15,16,29,6,10,11,14,43,22,3,5,7,1,18,19,8,
5,0,12,41,6,17,36,11,52,21,1,42,39,28,33,4,3,32,61,49,8,9,2,48,77,
62,29,6,8,5,4,11,2,19,10,18,12,30,15,46,9,7,21,22,20,14,51,16,38,1,26,63,13,50,3,40,28,17,0,74,
72,43,6,51,14,62,0,21,38,1,7,44,50,13,19,46,9,15,16,26,22,29,30,18,10,2,20,3,40,11,4,5,8,12,
15,45,8,37,0,14,1,10,47,27,16,2,7,4,23,13,9,6,3,35,31,25,24,22,5,18,19,
25,43,11,29,44,13,7,4,23,2,31,14,3,6,35,27,22,5,47,18,19,15,0,59,1,8,37,75,16,45,10,9,68,
10,19,52,20,49,15,26,36,8,70,11,9,28,39,12,41,1,42,4,33,5,3,32,61,2,17,0,80,21,65,6,48,
24,10,45,16,37,8,1,15,19,18,47,5,22,27,68,9,35,6,3,14,31,2,23,4,59,0,7,13,25,
16,29,51,33,42,39,49,32,14,41,10,8,69,2,17,21,38,7,76,9,15,66,4,30,60,1,12,26,57,3,18,19,20,11,5,28,73,6,0,22,
15,45,16,67,8,37,59,0,14,1,10,47,18,86,27,2,31,7,4,23,13,68,9,6,35,3,25,24,22,5,19,
23,31,58,64,63,28,17,11,72,43,85,6,51,14,62,0,74,21,38,1,7,44,50,13,19,46,9,15,16,26,22,29,30,18,10,2,20,3,40,4,5,8,12,
32,62,63,50,40,74,57,78,41,4,16,13,46,9,29,66,8,14,51,2,76,17,21,38,1,15,7,30,60,12,26,3,18,10,19,20,11,5,28,6,0,22,
6,24,25,13,23,34,4,7,2,16,27,47,10,1,14,8,0,37,
31,60,66,74,17,28,63,11,72,43,85,6,51,14,62,0,21,38,1,7,44,50,13,19,46,9,15,16,26,22,29,30,18,10,2,20,3,40,4,84,5,8,12,
59,50,38,21,62,71,44,7,12,27,64,35,46,9,23,81,2,26,58,29,0,31,20,40,3,11,13,15,16,6,43,10,14,22,5,1,30,18,19,56,4,8,
91,15,45,8,16,67,37,0,59,22,14,1,10,47,18,27,2,31,68,86,7,4,23,13,9,6,35,3,25,24,5,19,34,
29,22,0,6,73,28,5,11,20,19,18,3,70,57,26,12,1,60,30,4,66,15,9,76,7,38,21,17,2,69,8,10,41,14,32,36,49,39,42,33,65,48,61,51,
11,29,44,27,24,10,45,14,16,47,37,6,75,8,68,1,15,86,19,18,5,89,22,9,35,4,3,31,67,0,2,23,59,7,13,25,
22,57,7,38,60,30,18,10,19,52,15,20,49,12,26,36,8,70,33,11,48,88,9,28,65,39,2,41,4,42,5,3,32,69,61,17,0,1,80,6,21,
50,30,26,64,46,12,45,8,37,0,58,59,22,40,82,3,9,20,27,35,71,4,56,19,23,31,44,7,2,81,13,15,16,29,6,43,10,11,14,5,1,18,
39,42,73,93,46,32,62,15,63,16,50,3,40,74,57,10,78,41,4,51,13,60,9,29,76,66,19,8,14,2,17,21,38,1,7,30,12,26,18,20,11,5,28,6,0,22,84,
8,4,19,18,30,1,5,22,14,10,43,6,16,13,40,20,31,0,29,11,58,26,81,23,56,9,46,35,64,27,7,44,71,15,62,21,38,3,50,12,59,2,96,
36,50,63,46,13,4,16,29,51,8,33,76,42,39,49,6,32,14,57,41,10,69,26,2,17,60,21,38,7,9,15,66,30,73,90,1,12,3,18,19,20,11,5,28,0,22,78,
39,43,72,73,93,46,32,62,15,63,16,50,3,40,74,57,10,78,41,4,51,13,60,9,29,76,66,19,8,14,2,17,21,38,1,7,30,12,26,18,20,11,5,28,6,0,22,84,
77,57,22,65,7,38,60,17,30,18,61,10,19,52,9,15,20,49,6,12,26,69,36,8,70,33,100,11,48,5,88,2,28,39,41,4,42,3,32,0,1,80,21,
17,63,56,31,58,64,23,35,27,11,72,43,85,6,51,14,62,0,21,38,1,7,44,50,13,19,46,9,15,16,26,22,29,30,18,10,81,2,20,3,40,4,5,8,12,
16,52,4,51,29,76,22,69,0,6,73,26,28,5,11,20,19,66,18,65,3,70,57,10,12,98,1,48,60,30,15,9,7,38,21,17,2,49,8,41,14,61,32,36,39,42,33,80,
76,41,78,57,32,95,1,31,60,13,66,19,74,17,28,63,16,11,72,43,85,38,6,51,4,14,62,15,0,21,7,44,50,3,46,93,9,26,22,29,30,18,10,2,20,40,84,5,8,12,
45,37,56,9,8,4,19,18,30,1,5,22,14,10,43,103,6,16,13,40,20,31,0,29,11,58,26,81,23,46,35,82,64,27,7,44,71,15,62,21,38,3,50,12,59,2,96,
26,30,56,71,20,40,58,13,25,43,6,11,29,44,7,4,23,2,31,68,14,35,27,22,59,5,47,10,18,19,15,0,37,1,75,87,8,45,3,82,16,9,
37,45,63,51,72,56,9,8,4,19,18,30,1,5,22,14,10,43,103,6,16,13,40,20,31,0,29,11,58,26,81,23,46,35,64,27,7,44,71,15,62,21,38,85,3,50,12,59,2,96,
33,49,69,42,105,39,43,72,19,73,20,93,40,46,32,62,9,15,63,10,16,50,3,74,21,57,4,78,41,51,13,66,60,7,29,76,8,14,2,17,38,1,30,12,26,18,11,5,28,6,0,22,84,102,
33,44,85,42,105,39,43,72,19,73,20,93,40,46,32,62,9,15,63,10,16,50,3,74,21,57,4,78,41,51,13,66,60,7,29,76,8,14,2,17,38,1,30,12,26,18,11,5,28,6,0,22,84,102,
34,11,29,44,27,68,24,10,45,3,86,4,99,16,47,37,75,91,8,1,15,14,97,19,18,59,5,6,89,7,22,9,35,31,67,0,2,23,13,25,
20,34,40,56,43,11,29,44,27,68,24,10,45,3,86,87,4,14,99,16,47,37,75,1,15,19,18,59,5,6,89,7,22,9,8,91,35,31,67,0,2,23,13,25,
34,11,29,44,27,68,24,10,45,3,86,4,99,16,47,37,75,91,8,1,15,14,97,19,18,59,5,6,89,7,22,9,35,31,67,0,2,23,13,25,
67,40,56,20,25,13,7,59,23,2,0,31,3,4,71,35,9,22,89,5,18,19,86,15,1,68,8,75,6,37,47,16,14,45,10,24,27,87,43,11,29,44,
61,48,65,70,84,74,40,62,104,51,36,50,63,10,46,13,66,4,57,16,69,29,8,33,76,42,39,49,6,32,14,41,26,2,17,60,7,21,38,9,15,30,73,20,90,1,12,3,18,19,11,5,28,0,22,78,93,
57,41,78,56,35,27,81,64,58,23,95,1,31,60,13,66,19,74,17,28,63,16,11,72,43,85,38,6,51,4,14,62,15,0,21,7,44,50,3,46,9,26,22,29,30,18,10,2,20,40,84,5,8,12,92,
68,47,75,62,21,38,7,50,3,30,26,64,46,12,59,45,8,37,0,58,11,22,40,82,35,9,56,20,27,71,101,4,19,23,31,44,2,96,81,13,15,16,29,6,43,10,14,5,1,18,
32,35,56,57,76,41,78,64,58,23,95,1,31,60,13,66,19,74,17,28,63,16,11,72,43,85,38,6,51,4,14,62,15,0,21,7,44,50,3,46,9,26,22,29,30,18,10,2,20,40,84,5,8,12,92,
80,98,102,72,43,105,119,60,1,61,2,48,65,6,70,11,84,74,15,40,62,3,104,51,36,50,63,4,10,69,46,13,66,7,57,16,29,8,33,76,17,42,39,49,32,14,73,41,26,21,38,9,30,20,90,12,18,19,78,5,28,0,22,93,
24,50,64,46,12,26,30,56,9,71,20,40,87,58,11,13,25,43,6,29,44,7,4,23,2,31,68,111,14,35,82,27,22,59,5,47,0,10,18,19,15,37,1,75,8,45,3,16,81,
73,27,81,93,122,63,4,32,35,56,57,76,17,41,78,19,64,5,58,23,95,1,60,31,13,72,66,7,74,15,28,16,11,43,85,26,38,6,51,14,62,3,0,21,44,50,109,46,9,22,29,30,18,10,2,20,40,84,8,12,92,
44,88,52,108,123,80,13,98,102,72,5,43,105,38,119,60,1,61,2,69,48,65,6,73,70,3,11,78,84,17,74,7,15,40,62,104,51,36,50,63,4,10,46,113,66,57,16,29,8,33,76,9,42,39,49,32,14,41,26,93,21,30,20,90,12,18,19,28,0,22,
47,68,51,72,85,4,45,37,56,3,9,62,8,19,18,71,30,110,1,5,58,22,14,10,43,96,103,50,6,59,16,13,40,20,31,0,29,82,11,64,26,81,23,46,35,27,7,44,15,21,38,12,2,101,
107,125,58,73,6,27,81,14,93,26,122,63,4,32,35,56,57,76,9,17,84,41,78,11,19,64,5,72,23,95,28,1,60,31,13,66,7,74,15,16,43,85,18,38,51,62,3,0,21,44,50,109,46,22,29,30,10,2,20,40,8,12,92,120,
56,64,58,23,92,90,36,104,31,95,109,69,49,114,33,44,85,26,42,105,46,39,43,102,72,13,19,78,73,14,20,93,40,32,62,3,9,15,74,63,4,10,16,50,21,57,41,51,66,7,60,1,29,76,17,8,2,38,30,12,18,11,5,28,6,0,22,84,113,
27,81,109,69,49,113,102,93,73,39,105,42,33,122,63,4,32,35,56,57,76,17,41,78,19,64,5,58,23,95,1,60,31,13,72,66,7,74,15,28,16,11,43,85,26,38,6,51,14,62,3,0,21,44,50,46,9,22,29,30,18,10,2,20,40,84,8,12,92,114,
60,84,74,28,92,17,107,82,6,59,37,45,63,10,51,72,19,56,112,3,9,62,8,4,18,71,30,110,1,5,58,22,14,43,96,103,50,16,13,40,20,31,0,29,11,64,26,81,23,46,35,27,7,44,15,21,38,85,12,2,
82,107,96,59,71,103,45,37,120,2,57,41,78,19,56,35,27,81,22,64,5,58,23,95,1,60,31,13,72,66,7,74,15,17,28,63,4,16,11,43,85,26,38,6,51,14,62,3,0,21,44,50,46,9,29,30,18,10,20,40,84,8,12,92,112,
48,65,70,129,58,56,64,23,92,21,90,19,36,104,33,31,102,95,109,38,69,49,114,43,44,85,14,26,42,113,105,46,39,72,1,13,84,78,7,73,2,20,93,22,40,32,62,3,74,9,15,63,4,10,16,50,57,41,51,66,60,29,76,5,17,8,30,12,18,11,28,6,0,
0,28,18,12,8,17,76,29,60,66,51,41,57,10,4,63,15,9,74,3,62,32,40,22,20,2,73,7,78,5,84,1,72,39,46,113,42,105,26,93,14,6,85,44,43,114,49,69,38,30,109,16,95,31,33,104,36,19,11,90,21,13,92,102,23,64,56,58,50,129,70,65,48,133,
57,41,78,66,95,131,64,60,84,17,74,7,28,92,107,40,82,15,6,59,37,45,112,63,10,51,72,5,19,56,3,9,62,8,4,71,18,85,30,110,43,1,58,22,14,81,96,29,103,50,16,13,20,31,0,11,26,23,46,35,27,44,21,38,12,2,101,
70,125,104,36,90,130,57,27,81,8,109,69,49,122,113,40,102,29,93,20,73,0,39,105,32,42,33,63,4,35,56,129,76,3,17,41,114,78,5,19,92,64,58,23,95,22,1,74,60,31,13,72,66,7,15,28,16,11,84,43,85,12,26,38,6,51,14,62,21,44,50,46,9,30,18,10,2,
82,107,96,59,71,103,45,37,112,125,58,73,6,27,81,14,93,26,122,63,4,32,35,56,57,76,9,17,84,41,78,11,19,64,5,72,23,95,28,1,60,31,13,66,7,74,15,16,43,85,18,38,51,62,3,0,21,44,50,109,46,22,29,30,10,2,20,40,8,12,92,120,
120,136,57,70,125,46,104,36,90,11,130,51,27,81,2,8,109,30,69,49,122,43,113,40,102,23,29,93,14,20,73,0,39,105,26,32,42,33,63,4,35,114,56,129,50,76,3,17,41,78,5,84,19,92,13,64,58,95,16,22,1,74,60,31,72,66,7,15,28,85,6,12,38,62,21,44,9,18,10,
42,102,39,105,137,58,82,3,107,28,96,17,59,71,103,45,37,112,125,46,73,6,85,27,81,2,14,93,26,122,43,63,4,32,35,56,57,76,9,84,5,41,120,78,11,19,64,72,23,95,16,1,60,31,13,92,66,7,74,15,18,38,51,62,0,21,44,50,109,30,22,29,10,20,40,8,12,128,
76,110,132,82,15,107,40,96,29,59,71,4,103,45,112,37,120,2,57,41,78,11,19,56,35,27,81,14,22,64,5,72,58,23,95,28,1,60,31,13,66,7,74,17,84,63,16,43,85,18,26,38,6,51,62,3,0,21,44,50,46,9,30,10,20,8,12,92,
135,64,57,41,112,78,7,66,95,131,60,84,13,17,74,3,28,92,21,107,40,82,11,15,6,59,37,45,63,10,81,51,72,1,5,19,56,9,62,8,4,71,0,18,85,14,30,101,110,43,58,22,96,29,103,50,16,20,31,26,23,46,35,27,44,38,12,2,120,
100,70,65,48,61,119,98,80,123,108,52,88,126,129,58,56,64,23,92,21,90,19,36,104,33,31,102,95,109,38,69,49,114,43,44,85,14,26,42,113,105,46,39,72,1,13,84,78,7,73,2,20,93,22,40,32,62,3,74,9,15,63,4,10,16,50,57,41,51,66,60,29,76,5,17,8,30,12,18,11,28,6,0,
49,33,139,56,42,125,102,19,39,122,105,22,137,58,82,3,107,28,96,13,17,59,71,103,20,45,128,37,120,112,29,46,73,6,85,2,27,81,14,93,10,26,109,43,63,4,32,35,57,76,9,92,84,1,5,41,78,11,64,72,23,95,12,16,60,31,114,66,7,74,15,18,38,51,62,0,21,44,50,30,40,8,
70,96,59,71,103,120,125,107,128,104,36,90,130,57,27,81,8,109,69,49,122,113,40,102,29,93,20,73,0,39,105,32,42,33,63,4,35,56,129,76,3,17,41,114,78,5,19,92,64,58,23,95,22,1,74,60,31,13,72,66,7,15,28,16,11,84,43,85,12,26,38,6,51,14,62,21,44,50,46,9,30,18,10,2,
36,82,90,96,59,71,103,45,37,112,120,125,107,130,57,27,81,8,109,69,49,122,113,40,102,29,93,20,73,0,39,105,32,42,33,63,4,35,56,76,3,17,41,114,78,5,19,92,64,58,23,95,22,1,74,60,31,13,72,66,7,15,28,16,11,84,43,85,12,26,38,6,51,14,62,21,44,50,46,9,30,18,10,2,128,
36,90,128,114,33,42,105,39,102,113,49,69,137,58,82,3,107,28,96,17,59,71,103,45,37,112,125,46,73,6,85,27,81,2,14,93,26,122,43,63,4,32,35,56,57,76,9,84,5,41,120,78,11,19,64,72,23,95,16,1,60,31,13,92,66,7,74,15,18,38,51,130,62,0,21,44,50,109,30,22,29,10,20,40,8,12,
71,59,96,107,128,133,48,65,138,120,136,57,70,125,42,46,129,104,21,36,90,7,11,130,51,134,27,81,2,85,8,109,26,30,113,69,49,122,39,43,40,102,19,23,29,93,10,14,20,73,0,105,22,32,33,63,4,35,114,31,56,50,76,3,17,41,78,5,84,1,92,9,13,64,58,95,12,16,74,60,72,66,15,28,6,38,62,44,18,
100,61,119,98,80,123,108,52,88,126,107,128,133,48,65,138,120,136,57,70,125,42,46,129,104,21,36,90,7,11,130,51,134,27,81,2,85,8,109,26,30,113,69,49,122,39,43,40,102,19,23,29,93,10,14,20,73,0,105,22,32,33,63,4,35,114,31,56,50,76,3,17,41,78,5,84,1,92,9,13,64,58,95,12,16,74,60,72,66,15,28,6,38,62,44,18,
71,61,119,98,80,123,108,52,88,126,107,128,133,48,65,138,120,136,57,70,125,42,46,129,104,21,36,90,7,11,130,51,134,27,81,2,85,8,109,26,30,113,69,49,122,39,43,40,102,19,23,29,93,10,14,20,73,0,105,22,32,33,63,4,35,114,31,56,50,76,3,17,41,78,5,84,1,92,9,13,64,58,95,12,16,74,60,72,66,15,28,6,38,62,44,18,
Future sets, 
34,53,54,55,25,13,5,23,27,4,1,138,17,14,16,79,10,147,37,47,8,145,6,143,133,94,35,33,36,12,149,139,39,61,28,42,21,148,11,32,52,48,9,146,136,122,49,45,65,77,83,41,67,31,144,22,135,15,142,128,118,70,80,26,129,19,132,116,88,86,68,97,91,89,75,59,60,106,100,66,76,73,38,141,57,69,29,126,108,90,98,51,130,104,50,20,44,63,78,46,30,40,125,99,117,123,115,56,87,137,119,101,71,74,95,105,109,127,114,62,85,43,113,72,93,84,18,58,102,82,64,121,131,103,110,96,120,107,124,112,134,92,81,140,3,111,
17,14,16,79,10,37,47,8,6,133,94,35,33,36,12,139,39,61,28,42,21,148,32,52,48,9,136,122,49,45,65,77,83,41,67,31,144,22,149,135,15,142,128,118,70,80,26,129,19,146,132,116,88,86,68,97,91,89,75,59,60,106,100,66,76,73,38,141,57,69,29,126,108,90,98,51,130,104,50,147,20,44,63,78,46,143,30,40,125,99,117,123,115,56,87,137,119,101,71,74,95,105,109,127,114,62,85,43,113,72,93,84,145,18,58,102,82,64,121,131,103,110,96,120,107,138,11,124,112,134,92,81,140,111,
41,25,55,54,53,34,24,23,27,13,14,16,79,8,135,83,77,65,47,94,37,45,35,67,31,22,149,15,142,118,70,80,26,129,19,146,122,116,88,86,68,97,91,89,75,59,60,106,100,66,76,73,38,141,57,69,29,132,126,108,90,98,51,148,130,104,50,147,20,44,63,78,46,143,40,125,99,117,123,115,56,87,137,10,119,101,71,74,95,105,109,30,133,127,114,62,85,43,113,72,93,84,145,18,58,102,82,64,121,103,144,139,131,110,96,128,120,107,138,124,136,112,134,92,81,140,111,
35,17,33,36,12,39,61,28,42,21,32,52,48,9,122,49,45,65,77,83,41,67,31,144,22,135,15,128,118,70,80,26,139,129,19,132,116,88,86,68,97,91,89,75,59,60,106,100,66,76,73,38,141,57,69,29,142,126,108,90,98,51,148,130,104,50,147,44,63,78,46,149,143,30,40,125,99,117,20,133,123,115,56,87,137,119,101,71,74,95,105,109,127,114,62,85,146,43,113,72,93,84,145,58,102,82,64,121,18,131,103,110,96,120,107,138,124,11,136,112,134,92,81,140,111,
48,52,32,27,23,39,61,28,42,21,14,16,79,10,41,49,8,135,83,77,65,47,94,37,45,35,67,31,22,149,15,142,118,70,80,26,129,19,146,122,116,88,86,68,97,91,89,75,59,60,106,100,66,76,73,38,141,57,69,29,132,126,108,90,98,51,148,130,104,50,147,20,44,63,78,46,143,40,125,99,117,123,115,56,87,137,119,101,71,74,95,105,109,30,133,127,114,62,85,43,113,72,93,84,145,18,58,102,82,64,121,103,144,139,131,110,96,128,120,107,138,124,136,9,112,134,92,81,140,111,
67,22,18,17,59,75,89,91,97,68,86,19,15,33,36,11,120,48,52,32,141,43,40,149,87,56,44,115,117,99,144,102,128,122,92,135,26,132,123,30,139,113,114,126,95,119,137,28,84,93,107,112,142,146,63,125,72,138,29,85,74,127,131,78,90,98,108,104,130,21,134,51,106,100,76,73,145,62,110,96,121,12,38,147,81,46,129,20,133,50,124,101,136,140,57,60,143,64,148,39,69,66,70,88,80,111,105,109,58,82,71,118,116,103,42,61,41,83,77,65,49,
94,35,33,36,12,39,61,28,42,21,32,52,48,9,122,49,45,65,77,83,41,67,31,144,22,135,15,128,118,70,80,26,139,129,19,132,116,88,86,68,97,91,89,75,59,60,106,100,66,76,73,38,141,57,69,29,142,126,108,90,98,51,148,130,104,50,147,44,63,78,46,149,143,30,40,125,99,117,20,133,123,115,56,87,137,119,101,71,74,95,105,109,127,114,62,85,146,43,113,72,93,84,145,58,102,82,64,121,18,131,103,110,96,120,107,138,124,11,136,112,134,92,81,140,111,
60,38,25,55,54,53,34,24,73,100,106,22,29,90,108,16,98,51,66,76,13,110,104,50,147,63,78,31,128,47,144,121,127,59,118,91,115,117,124,27,87,116,99,97,139,143,46,137,40,132,35,101,68,135,45,142,112,141,44,131,111,14,103,37,134,96,82,149,146,79,140,43,138,71,130,136,125,120,23,89,81,148,107,145,86,94,122,56,67,133,75,129,92,109,95,64,58,74,105,114,123,85,126,113,72,93,84,119,102,62,
83,77,65,47,94,37,45,35,67,31,22,15,118,70,80,26,129,19,122,116,88,86,68,97,91,89,75,59,60,106,100,66,76,73,38,141,135,57,69,29,132,126,108,90,98,51,148,130,104,50,147,44,63,142,78,46,149,143,40,125,99,117,20,123,115,56,87,137,119,101,71,74,95,105,109,30,133,127,114,62,85,146,43,113,72,93,84,145,58,102,82,64,121,18,103,144,139,131,110,96,128,120,107,138,124,136,112,134,92,81,140,111,
49,45,65,77,83,41,67,31,22,15,118,70,80,26,129,19,122,116,88,86,68,97,91,89,75,59,60,106,100,66,76,73,38,141,135,57,69,29,132,126,108,90,98,51,148,130,104,50,147,44,63,142,78,46,149,143,40,125,99,117,20,123,115,56,87,137,119,101,71,74,95,105,109,30,133,127,114,62,85,146,43,113,72,93,84,145,58,102,82,64,121,18,103,144,139,131,110,96,128,120,107,138,124,136,112,134,92,81,140,111,
88,62,102,119,84,93,72,29,126,85,123,114,105,74,94,92,109,95,86,67,31,128,68,129,97,91,89,18,115,117,56,75,136,99,87,64,125,45,142,81,37,134,133,122,116,107,59,120,138,82,130,71,149,118,112,103,146,47,144,101,58,139,96,132,35,110,43,140,124,127,145,131,121,135,40,137,141,44,143,46,78,63,147,50,104,79,90,108,113,16,98,148,51,66,76,111,14,60,38,57,69,22,106,100,73,30,19,
48,52,32,43,40,87,56,44,115,117,99,144,120,102,128,122,92,135,132,123,30,113,114,126,95,119,137,84,93,107,112,142,146,63,125,72,138,85,74,139,127,131,78,90,98,108,104,130,134,51,106,100,76,73,145,62,110,96,121,38,81,46,129,133,50,124,101,136,140,57,60,143,147,64,148,69,66,149,70,88,80,111,105,109,26,141,58,82,71,118,116,103,20,21,42,28,61,41,83,77,65,39,49,29,
81,101,124,50,38,36,33,48,52,21,100,96,110,103,121,42,62,141,107,28,112,63,142,72,85,127,51,130,95,92,84,74,61,140,128,49,66,145,133,131,60,139,41,120,108,147,80,78,83,136,57,69,148,77,144,65,70,149,137,123,122,88,132,143,76,90,135,98,106,39,93,146,109,73,126,104,125,134,102,113,105,129,138,119,114,32,
104,50,63,78,31,47,121,127,147,59,118,91,115,117,124,87,116,99,97,139,143,137,132,101,68,135,110,45,112,141,131,35,111,103,144,37,96,82,149,146,79,140,138,71,130,136,125,120,128,89,81,148,107,145,86,94,27,122,56,67,134,133,75,142,129,92,23,109,95,64,58,40,74,105,114,123,85,126,113,72,93,84,119,102,62,43,44,46,
76,66,51,98,16,113,108,90,79,104,50,147,63,78,46,143,44,141,137,40,135,121,131,145,127,124,140,43,110,35,132,96,139,111,58,101,144,47,146,103,112,118,149,71,130,82,138,120,59,107,116,122,133,134,37,81,142,45,125,64,148,87,99,136,75,56,117,115,89,91,97,129,68,128,31,67,86,95,109,92,94,74,105,114,123,85,126,29,72,93,84,119,102,62,
70,80,26,19,116,88,86,68,97,91,89,75,59,60,106,100,66,76,73,38,135,57,69,29,126,108,90,98,51,148,130,104,50,147,129,63,142,78,46,143,125,99,117,20,115,44,141,123,56,87,40,137,119,101,118,71,132,74,95,105,109,30,127,114,62,85,146,113,72,133,93,84,145,58,102,82,64,121,103,144,139,131,110,96,128,149,120,107,138,124,136,112,134,92,81,122,43,140,111,
108,90,79,104,50,63,78,46,44,137,135,121,131,145,127,124,140,110,35,96,139,111,141,58,101,144,146,103,112,118,149,132,71,130,143,82,138,120,59,107,116,122,133,134,81,142,125,64,148,87,99,136,75,56,117,115,89,91,97,129,68,128,67,147,86,95,109,92,31,45,37,94,47,40,74,105,114,123,85,126,113,72,93,84,119,102,62,43,
107,36,33,48,42,39,52,28,95,92,84,74,141,61,128,66,133,131,60,41,108,147,80,78,145,83,136,69,77,144,130,70,137,123,122,88,65,132,100,143,76,90,135,98,120,106,149,93,146,109,140,73,126,104,125,134,102,49,113,57,105,148,129,139,138,119,114,142,32,
60,38,57,69,22,119,106,100,86,73,76,66,68,97,91,89,75,29,126,108,90,98,51,148,130,104,50,147,129,63,142,78,46,143,125,99,117,115,44,141,123,56,135,87,40,137,101,116,118,71,132,74,95,105,109,114,62,85,146,113,72,133,93,84,145,58,102,82,64,121,103,144,139,131,110,127,30,96,128,149,120,107,138,59,124,136,112,134,92,81,122,43,140,111,
88,86,68,97,91,89,75,59,60,106,100,66,76,73,38,57,69,29,108,90,98,51,130,104,50,129,63,142,78,46,125,99,117,115,44,123,56,135,87,40,119,101,116,118,71,132,74,95,105,109,30,114,62,141,85,146,126,113,72,133,93,84,145,58,137,102,82,143,64,121,103,144,139,131,110,147,127,96,128,149,120,148,107,138,124,136,112,134,92,81,122,43,111,140,
116,118,71,82,58,26,105,111,80,88,70,149,69,148,64,143,57,136,101,124,50,129,81,38,96,110,103,121,62,141,73,140,76,66,145,133,100,106,51,130,104,108,98,90,78,131,127,60,139,74,85,138,72,125,46,63,142,112,107,93,146,134,84,137,119,95,126,114,113,123,132,135,92,122,109,30,128,102,147,120,144,
96,110,103,121,62,107,112,63,72,85,127,51,42,28,95,92,84,74,141,61,128,66,133,131,60,41,108,147,80,78,145,83,136,69,77,144,130,70,137,123,122,88,65,132,100,143,76,90,135,98,120,106,39,149,93,146,109,140,73,126,104,125,134,102,49,113,57,105,148,129,139,138,119,114,142,
106,100,86,73,76,66,68,97,91,89,75,29,108,90,98,51,130,104,50,129,63,142,78,46,125,99,117,115,44,123,56,135,87,40,119,101,116,118,71,132,74,95,105,109,114,62,141,85,146,126,113,72,133,93,84,145,58,137,102,82,143,64,121,103,144,139,131,110,147,127,96,128,149,120,148,107,138,59,124,136,112,134,92,81,122,43,111,140,
92,129,142,133,134,56,122,27,86,145,107,148,89,128,120,125,136,130,71,81,140,79,138,149,96,37,144,103,111,94,35,131,82,141,112,75,110,135,101,132,137,143,139,97,99,116,87,146,45,124,117,115,91,118,59,67,147,68,127,121,47,
89,86,91,118,67,34,115,79,116,117,94,97,99,53,54,124,55,
55,124,54,53,99,97,94,117,116,79,115,34,67,118,91,86,87,111,89,
111,80,88,70,69,64,57,101,124,50,81,38,105,96,110,103,121,62,129,73,140,76,143,66,133,100,106,51,104,108,98,90,78,145,131,127,60,74,141,85,138,72,139,125,63,130,149,112,107,93,146,136,134,84,137,119,148,95,142,126,114,113,46,123,132,135,92,122,109,128,102,147,120,144,
107,148,128,120,125,136,130,81,79,149,71,96,144,103,111,94,131,82,112,75,110,135,101,140,86,145,132,137,143,139,97,99,37,116,87,45,124,117,115,91,118,89,146,67,141,147,68,127,121,47,138,59,
92,84,74,61,95,66,131,60,41,147,78,83,136,77,130,70,123,69,122,80,133,88,141,65,100,143,90,135,132,98,120,106,149,93,146,109,140,73,126,104,128,137,125,134,102,49,145,144,113,57,105,148,129,76,139,108,138,119,114,142,
90,98,108,51,104,50,63,78,46,99,117,115,44,56,87,40,101,116,118,71,132,74,135,95,105,109,114,123,62,85,146,126,113,72,133,93,84,145,119,58,102,82,143,121,103,144,139,131,141,110,147,64,125,127,137,96,128,149,120,148,107,138,124,136,130,112,134,92,142,81,129,122,111,140,43,
111,69,64,57,101,124,50,81,38,105,96,110,103,121,62,129,73,140,76,143,66,133,100,106,51,104,108,98,90,78,145,131,127,60,74,141,85,138,72,139,125,63,130,149,112,107,93,146,136,134,84,137,119,148,95,142,126,114,113,46,123,132,135,92,122,109,128,102,147,120,144,
109,95,86,67,68,97,91,89,115,117,75,99,87,64,92,142,134,133,129,122,116,107,59,148,128,120,138,125,82,136,130,71,149,118,112,103,146,132,144,101,147,58,141,111,139,96,110,140,81,124,143,127,56,145,131,121,135,137,
109,93,137,128,73,52,122,39,80,125,42,83,114,139,98,102,143,49,90,123,106,147,77,146,105,136,138,129,88,104,145,108,149,113,130,48,142,119,126,69,65,148,100,134,70,133,61,144,
114,144,69,130,113,145,104,70,129,138,146,143,48,134,65,133,90,149,126,80,61,148,119,100,136,77,123,106,142,83,88,147,52,98,108,49,
115,117,79,116,94,97,
122,107,148,128,120,125,136,130,81,149,71,96,144,103,82,112,75,110,135,101,140,131,86,145,132,137,143,139,97,99,116,87,45,124,117,115,91,118,89,146,67,141,147,68,127,121,111,138,59,
129,104,144,136,138,134,88,65,133,149,126,80,108,61,148,119,48,142,77,123,106,83,100,147,146,52,145,98,70,
94,82,112,75,110,135,101,140,131,86,145,132,137,143,139,97,99,116,87,45,124,117,115,91,118,89,146,67,141,68,127,121,47,111,
96,110,103,121,62,73,76,66,100,106,51,104,108,98,90,143,78,131,127,74,85,138,72,125,63,149,112,107,93,146,136,134,84,137,119,105,148,95,142,126,114,113,60,123,132,135,92,145,122,140,141,109,130,133,128,102,147,139,120,129,144,
42,83,114,139,98,102,143,49,90,123,106,147,77,146,105,136,138,129,88,104,145,108,149,113,130,142,119,126,80,69,65,148,100,134,70,133,61,144,
116,118,71,74,95,105,109,114,123,85,126,113,72,93,84,119,102,82,121,103,144,135,145,62,139,131,141,58,110,147,64,127,137,96,132,128,149,120,148,107,138,124,125,136,130,112,143,134,92,133,101,142,129,81,122,146,111,140,
78,83,77,70,69,80,88,65,100,143,135,132,141,98,120,106,149,93,136,109,122,140,73,104,147,128,137,125,134,133,90,102,145,144,113,57,146,105,148,129,139,108,138,119,76,114,142,123,126,130,
114,139,102,49,123,143,106,83,77,146,136,138,129,104,145,108,90,113,130,142,119,126,80,69,148,88,100,134,70,149,98,61,147,133,144,65,
87,95,105,109,114,85,123,113,126,72,64,92,142,134,133,129,122,116,107,148,128,120,138,125,82,136,130,71,149,118,112,103,146,132,144,101,147,58,141,111,139,96,110,140,81,124,143,127,56,145,131,121,135,137,
126,115,117,99,87,95,109,114,85,64,92,142,134,133,129,122,116,107,148,128,120,138,125,82,136,130,71,149,118,112,103,146,132,144,101,147,58,141,111,139,96,110,140,81,124,143,127,56,145,131,121,135,137,
112,110,135,101,140,131,86,145,132,137,143,139,97,99,116,146,87,117,115,91,118,89,67,68,127,75,121,111,141,82,124,
81,78,63,50,103,124,104,62,121,110,96,149,102,119,84,137,93,146,72,125,113,126,85,138,123,122,127,74,114,112,107,148,95,144,109,105,92,145,133,129,135,131,134,142,136,130,120,141,140,128,139,132,147,143,101,
94,124,111,121,75,127,67,89,118,91,86,115,117,87,116,99,97,68,
134,133,108,149,61,148,119,126,100,77,106,142,83,147,88,52,80,123,65,98,
143,83,77,146,136,138,129,104,145,90,113,130,108,142,119,126,80,106,148,69,123,88,100,134,70,149,98,147,133,144,65,
124,104,62,121,103,110,96,149,102,119,84,137,93,146,72,125,113,126,85,138,123,122,127,74,114,112,107,148,95,144,109,105,92,145,133,129,135,131,134,142,136,130,120,141,140,128,139,132,147,143,101,
108,98,90,78,127,85,72,63,149,112,107,74,93,136,134,84,125,131,119,105,148,146,142,126,114,113,123,95,138,132,135,92,122,140,141,109,130,133,137,128,145,102,104,147,139,143,120,129,144,
88,83,106,77,100,149,126,148,142,108,



134,133,142,129,122,116,107,148,128,120,138,125,136,130,71,149,118,147,112,103,132,144,141,82,111,139,110,140,81,101,143,124,146,127,145,131,121,135,137,96,
135,132,141,120,106,100,93,109,122,140,73,104,128,137,125,134,133,102,144,113,146,105,136,98,129,139,108,138,119,148,149,145,114,142,123,126,147,90,76,143,130,
111,146,122,81,129,142,101,133,92,134,143,112,130,136,125,124,138,107,148,120,149,128,132,96,137,127,64,147,110,141,131,139,145,135,144,103,140,121,82,
103,112,144,124,87,111,118,82,116,99,121,75,117,115,89,91,97,127,147,68,139,143,146,137,132,145,131,140,101,135,141,110,96,
131,106,100,66,109,95,138,120,141,98,132,135,76,119,113,122,108,145,102,105,148,142,114,130,93,136,143,139,146,125,128,137,90,133,147,104,126,123,149,129,144,134,140,78,73,
119,80,148,83,100,106,123,77,88,149,98,126,142,108,
121,103,110,96,102,119,84,93,72,113,126,85,123,122,127,114,112,149,107,148,144,109,146,105,92,133,129,135,131,134,142,136,95,130,125,120,137,141,138,140,128,145,139,132,147,143,74,
112,107,74,93,134,84,125,131,119,105,146,142,126,114,113,123,95,136,132,135,122,140,141,109,138,130,133,92,148,137,128,145,104,139,102,143,149,120,147,129,144,
122,129,142,133,134,92,143,112,130,136,125,124,138,107,120,149,128,81,148,101,132,96,127,137,146,147,110,141,131,139,145,135,144,103,140,121,
147,133,98,134,88,123,100,80,149,126,148,119,142,106,108,
95,120,141,132,135,76,113,122,108,145,105,142,114,130,93,143,139,102,109,146,125,128,137,90,147,98,126,123,104,149,148,129,119,138,136,144,133,134,140,78,
118,91,115,117,97,116,99,
127,97,91,89,115,117,75,121,99,87,118,111,124,116,
130,113,100,90,106,147,126,123,142,145,104,108,149,148,129,119,138,136,98,146,144,133,134,
138,136,147,133,108,134,88,123,100,149,126,148,119,142,144,98,106,
149,118,112,147,103,144,82,139,101,143,124,146,127,132,145,111,131,140,121,135,141,110,137,96,
126,113,123,85,122,127,114,112,149,107,144,109,146,92,129,135,131,134,133,142,105,136,130,125,120,137,141,138,140,128,145,139,132,95,148,147,143,
128,137,125,134,133,144,146,105,98,139,136,138,119,129,148,149,108,104,145,142,123,126,147,90,102,143,113,130,114,
93,84,131,119,105,142,126,114,113,123,95,132,135,122,140,141,109,146,138,130,134,133,125,148,137,128,145,139,102,149,120,147,136,129,92,144,143,
115,117,121,87,118,111,124,116,99,
122,108,105,114,130,113,143,139,109,125,128,137,90,147,98,145,126,123,142,104,102,149,148,129,119,138,136,146,144,133,134,140,93,
106,83,
135,122,132,140,141,120,93,119,148,128,137,125,109,138,139,123,146,143,114,113,142,136,130,147,145,129,134,105,133,104,144,126,102,149,

88,123,100,149,126,148,142,106,108,
130,136,125,124,138,120,149,128,148,107,101,96,137,127,146,147,110,132,143,112,131,139,145,135,141,144,103,140,121,
139,143,146,137,132,145,111,131,140,101,135,121,124,141,127,110,

131,119,105,126,114,113,123,95,135,122,132,140,141,109,138,130,134,133,142,125,148,137,128,145,139,149,120,147,136,146,129,144,143,102,
127,114,112,107,109,92,135,131,134,133,142,129,136,130,125,120,149,137,141,138,140,128,145,139,122,132,148,147,146,144,143,95,
118,91,115,117,97,116,99,
118,124,116,111,
149,100,126,148,142,106,
118,99,117,116,115,
145,123,142,149,148,126,119,136,146,129,144,133,147,134,138,104,
116,115,117,97,
135,131,134,133,142,129,136,130,125,120,137,141,138,140,128,145,139,122,149,132,148,147,146,144,143,
119,128,137,125,109,148,139,123,146,143,113,136,130,147,145,129,134,133,138,144,142,114,126,102,149,105,

135,122,132,140,141,109,130,134,133,142,125,148,137,138,128,145,139,149,147,136,146,129,144,143,120,
137,144,127,147,110,132,143,146,112,139,145,135,141,103,140,131,121,
117,115,
108,142,149,148,126,123,
117,116,115,
148,142,106,
135,127,141,121,
139,123,143,113,130,147,145,146,129,136,134,133,138,144,142,148,114,126,149,
144,132,143,146,137,139,145,135,141,127,110,140,131,112,
134,147,133,138,144,129,136,119,126,148,149,142,123,
139,123,143,113,130,147,145,146,129,136,134,133,138,144,142,148,114,126,149,

137,140,132,135,141,128,139,149,148,147,146,144,143,145,131,
142,148,149,126,
130,134,133,142,125,137,138,128,145,139,149,148,147,136,146,129,144,143,
140,127,131,141,135,
124,
145,139,137,140,131,141,146,135,143,132,
145,146,130,136,134,147,133,138,144,142,148,126,149,129,
143,145,146,130,129,144,133,142,138,149,147,136,148,134,




126,148,149,142,123,
141,138,137,140,128,139,149,148,147,146,144,143,132,145,

125,137,138,128,145,139,149,148,147,130,136,146,144,143,
142,148,149,126,

137,138,128,139,149,148,147,136,146,144,143,145,
149,148,142,

149,148,147,146,139,144,143,145,
144,142,138,133,147,148,134,149,136,
146,145,136,147,149,148,138,144,
141,135,
140,
147,148,149,134,
149,148,147,
141,
147,149,148,138,
146,143,139,
149,148,147,
143,










Past links sets, 

0,

0,
0,
0,
1,

1,2,4,
3,4,6,
1,2,4,
3,5,6,
3,5,6,
0,2,7,
7,10,
5,8,9,
14,
1,3,5,
8,9,5,10,
10,15,
11,15,
4,11,12,
7,18,
4,13,
2,7,
0,2,7,
20,
23,
17,21,
11,14,19,22,
18,19,20,
9,8,13,16,
4,11,12,17,
12,17,
24,25,
3,23,8,16,6,
12,17,
8,16,27,
7,12,26,30,
21,32,
13,16,29,
2,9,28,
39,
13,16,29,
13,16,29,
9,35,37,
13,30,29,26,16,
37,
32,33,36,
9,28,33,42,
12,46,
21,29,38,
48,
24,25,
24,25,
24,25,
31,23,43,44,
30,26,41,
44,43,40,20,31,
19,35,31,27,22,
28,38,
42,28,48,
21,38,40,50,
46,51,
26,30,58,
41,8,48,49,
14,22,60,
5,24,45,47,25,31,
45,47,59,
30,26,41,49,
26,36,41,49,
20,56,40,35,27,
43,51,62,
22,32,57,60,
62,28,63,
68,
57,66,
61,8,41,52,49,
41,46,51,66,
16,27,34,
26,61,65,
27,64,12,56,46,35,
45,58,59,71,
77,
74,
44,72,
19,22,24,45,47,25,31,
43,44,25,75,
19,52,70,80,
24,25,68,
16,76,51,73,69,
67,68,86,
23,64,74,85,
32,74,76,78,
6,34,47,
31,66,84,85,
59,62,71,81,
34,91,
61,65,76,51,73,70,69,
44,86,75,89,67,
22,88,69,60,57,
50,81,82,
42,84,73,93,
96,
36,90,50,78,63,
93,73,84,39,72,
77,100,
17,63,81,85,
16,52,80,98,
93,95,
82,103,
26,30,82,87,
45,85,63,103,
69,102,105,
33,102,85,105,
97,99,
20,40,99,91,34,56,87,
97,99,
67,89,87,86,71,
61,65,84,104,93,70,
57,95,92,81,78,
75,96,101,
35,95,92,56,78,32,76,
119,105,80,102,98,
24,50,81,111,
73,81,109,122,
123,113,108,44,88,
68,101,85,110,
107,120,125,
56,92,114,109,104,113,
122,81,114,109,113,
60,84,112,107,92,110,
82,107,112,120,
65,70,129,
133,
131,57,101,95,78,
129,70,125,130,
82,125,120,112,107,
120,136,
105,128,102,137,
76,110,132,
120,135,
100,126,129,
49,114,139,
130,129,128,70,103,
36,82,130,128,90,112,
36,137,130,90,128,
96,134,128,138,
100,138,128,134,126,
138,128,134,71,126,
Future links sets, 
13,1,25,3,4,5,
17,10,8,6,
25,41,8,10,13,24,
35,9,11,12,17,
23,8,9,32,10,21,
18,11,67,12,17,15,
94,9,11,12,35,
38,25,14,13,24,22,
77,65,37,15,35,18,31,
49,45,15,18,31,41,
18,19,14,
32,29,21,20,
81,50,38,36,21,32,33,
46,44,23,43,31,40,
29,66,16,
20,19,
44,43,108,31,90,79,46,35,40,37,
107,28,33,32,36,
30,22,
88,29,59,30,86,
116,26,71,30,58,
62,51,39,28,
100,86,59,66,29,73,
56,35,92,27,
124,89,67,34,54,86,53,55,
89,67,34,87,54,86,53,55,
111,70,80,69,38,46,57,64,
81,37,59,79,71,
74,41,61,49,60,
51,40,43,44,46,
111,69,38,46,57,64,
95,86,58,59,56,67,
122,39,48,73,93,
114,49,48,
116,97,94,79,
122,45,71,59,81,
146,48,70,145,104,
47,45,
62,60,51,
105,42,
116,71,62,58,
78,77,57,65,70,69,
102,61,49,
87,72,58,56,
126,99,56,58,85,87,
67,82,112,68,86,
81,78,63,50,
94,86,68,67,
65,61,52,
65,70,69,143,77,
124,104,101,62,
98,63,78,72,90,
108,88,77,



129,71,81,116,122,
135,73,100,76,120,
82,64,
96,82,68,
100,73,131,66,
119,98,80,77,
96,74,72,
112,107,104,74,
92,81,
119,133,98,80,
95,78,76,
118,99,91,
127,91,89,75,
113,98,100,90,
136,88,98,144,133,119,
149,118,96,82,
105,85,
125,90,105,98,102,
93,92,84,
121,99,87,
140,90,93,98,122,
106,83,
135,93,104,120,122,

123,108,88,
130,125,124,101,96,107,120,
137,145,101,111,110,132,

131,95,105,102,119,
127,114,92,107,112,95,
118,99,91,
118,116,111,
126,100,
118,99,
146,145,104,
116,97,
131,129,122,120,
119,109,105,102,

122,135,120,109,
147,121,103,
117,115,
123,108,
117,116,115,
148,142,106,
135,127,121,
139,114,123,113,
144,112,110,
129,119,
139,114,123,113,

137,132,131,128,
126,
129,130,125,
140,131,127,
124,
145,137,132,131,
130,129,126,
143,130,129,




123,
141,128,138,132,137,

130,125,
126,

137,136,128,
149,148,142,

149,148,147,139,144,145,146,
144,142,136,133,
145,144,146,136,
135,
140,
134,
149,148,147,
141,
138,
146,139,
149,148,147,
143,










Coordinates,
0.0790097,3.83743,
0.540625,3.63302,
0.0156361,2.93495,
0.879671,3.79139,
0.407448,3.31023,
0.980651,3.8472,
0.833061,3.5373,
0.00953773,2.54014,
0.72049,3.01546,
0.894833,3.09872,
0.56156,2.72465,
1.36177,3.51505,
1.84045,3.73422,
0.388022,2.27044,
0.579416,2.44476,
1.20022,3.04501,
0.626543,2.36979,
2.33498,3.95753,
1.14781,2.76982,
1.2003,2.80801,
1.46884,3.06044,
2.0557,3.60674,
1.18035,2.63354,
0.500549,1.87614,
0.0313126,1.40232,
0.123889,1.44414,
1.79821,3.11535,
0.51581,1.69399,
2.3773,3.52478,
1.36327,2.46658,
1.76959,2.8443,
0.897955,1.91034,
2.90397,3.84311,
3.07297,3.92808,
0.342594,1.16449,
0.884829,1.68274,
3.19211,3.96604,
0.76126,1.51856,
1.99841,2.75019,
3.04385,3.7758,
1.45268,2.1677,
2.69904,3.41238,
3.05757,3.76487,
1.41408,2.04629,
1.3701,1.98173,
0.897514,1.49482,
1.8171,2.36778,
0.815426,1.35908,
3.45374,3.96689,
3.10986,3.53465,
1.86625,2.27183,
2.1867,2.54468,
3.66136,3.98914,
0.296403,0.593816,
0.266624,0.546995,
0.293608,0.570928,
1.43882,1.70454,
2.71462,2.97963,
1.59916,1.85729,
1.24287,1.49332,
2.60592,2.82619,
3.54183,3.66211,
2.06143,2.1716,
2.28985,2.33044,
1.81182,1.82867,
3.46772,3.48167,
2.64624,2.60631,
1.0091,0.960678,
1.26737,1.20107,
3.15397,3.06568,
3.3525,3.2429,
1.58175,1.46215,
2.19868,2.05423,
2.94015,2.73345,
2.39092,2.16691,
1.35768,1.12271,
2.8698,2.63007,
3.91678,3.64068,
2.71222,2.42438,
0.71184,0.403017,
3.62925,3.31174,
1.84719,1.52202,
1.65928,1.32746,
3.95852,3.62663,
2.50024,2.12418,
2.28252,1.89648,
1.22469,0.829734,
1.41574,0.977227,
3.69709,3.21314,
1.34543,0.804171,
3.17781,2.5643,
1.3194,0.572652,
2.42209,1.65576,
2.91826,2.14356,
0.833875,0.0459013,
2.68571,1.84361,
2.11461,1.27066,
1.34418,0.496835,
3.55912,2.69333,
1.38113,0.502099,
3.88897,2.98641,
1.9755,1.05078,
3.0629,2.12319,
2.16982,1.21992,
3.32557,2.35075,
3.05048,2.06045,
3.92722,2.91921,
2.34137,1.33224,
3.69259,2.67026,
2.93923,1.82266,
2.18202,1.06031,
1.80873,0.658823,
2.3047,1.13713,
3.1619,1.97717,
3.08817,1.86021,
1.39947,0.166275,
1.47389,0.195033,
1.38573,0.101995,
1.58378,0.217513,
3.5511,2.15172,
2.76942,1.29471,
2.14975,0.614398,
2.905,1.35861,
3.65594,2.01551,
1.96804,0.276072,
2.95718,1.24784,
3.71437,1.94252,
2.28785,0.475591,
3.0199,1.1109,
3.34169,1.42974,
3.16718,1.21462,
2.62776,0.639943,
2.8096,0.667288,
3.48827,1.33436,
3.50141,1.27004,
2.7154,0.462095,
3.36621,1.09954,
3.00635,0.652213,
3.41059,1.05344,
3.06918,0.550205,
2.8964,0.336437,
2.80954,0.199284,
3.90507,1.26898,
3.11749,0.142552,
3.3643,0.331292,
3.30747,0.210569,
3.2751,0.0746592,
3.52663,0.227423,
3.9006,0.173775,
3.81776,0.0667338,
