Storage option,sets
Size,100
Dimension,2
Shape,cube
Spacetime,BlackHole
Past sets, 

0,
0,
0,
1,0,3,

1,0,2,

3,0,1,4,

0,5,
7,
2,3,0,1,4,
1,0,2,

9,
0,7,11,
3,5,0,10,
14,
14,

9,15,

1,8,10,0,5,3,4,17,


6,4,3,12,2,1,0,13,
24,
6,8,5,10,4,1,0,3,2,12,
9,2,15,11,7,0,16,

6,9,2,1,11,7,13,0,16,
20,25,24,27,
11,7,0,16,15,9,21,
20,15,21,9,22,
0,7,11,15,9,21,
20,25,24,27,


20,22,25,24,27,
14,
2,23,10,1,14,8,0,5,18,3,4,17,19,12,
37,38,
12,3,0,1,17,4,23,10,5,8,6,2,28,
8,10,0,3,4,17,5,18,1,14,19,
28,43,17,4,12,3,0,1,23,10,5,8,6,2,
8,10,0,3,4,17,5,18,1,14,19,
8,10,0,3,4,17,5,18,1,14,19,
17,23,28,2,6,8,5,10,4,1,0,26,13,3,12,
11,24,25,22,9,15,7,20,21,34,
19,17,4,3,18,5,0,8,14,1,10,23,
5,26,0,13,6,4,3,16,12,2,1,7,11,8,

17,28,2,6,8,5,10,4,1,0,26,13,3,12,
17,23,28,2,6,8,5,10,4,1,0,26,13,3,12,
30,32,27,24,25,20,36,
0,35,11,24,25,22,9,15,7,49,20,21,34,39,27,
11,7,16,28,2,6,8,5,10,4,1,0,26,13,3,12,
4,3,6,9,31,2,15,1,11,7,13,16,0,29,12,
32,0,35,11,24,25,22,9,15,7,49,20,21,34,39,27,
27,30,25,38,24,37,42,
11,7,16,17,28,2,6,8,5,10,4,1,0,26,13,3,12,
11,39,20,22,9,25,24,27,7,36,34,21,15,32,30,
38,37,42,
38,37,42,
8,15,12,6,9,31,2,1,11,7,13,0,26,16,3,4,
3,12,4,33,7,11,29,0,13,16,15,9,21,2,31,6,1,
1,24,25,2,35,9,22,7,20,33,11,15,21,34,16,0,29,
4,3,6,9,31,2,15,1,11,7,13,16,0,29,12,
1,24,25,2,35,9,22,7,20,33,11,15,21,34,16,0,29,
27,30,25,38,24,37,42,
30,32,15,21,34,36,27,24,25,9,22,20,39,
32,20,36,42,37,24,38,25,30,27,60,
56,27,39,34,21,30,59,36,7,32,0,35,22,9,11,24,25,15,20,49,
8,12,3,4,6,9,31,2,15,1,11,7,13,26,16,0,29,
2,16,33,56,27,39,34,21,1,59,7,32,29,0,35,22,9,11,24,25,15,20,49,
1,13,6,35,9,22,7,33,20,11,15,2,21,16,0,29,
20,52,60,42,63,37,24,64,38,25,30,27,70,
35,0,59,30,32,15,62,11,24,39,49,20,36,7,22,9,25,56,27,34,21,
22,72,20,32,36,42,55,37,24,38,25,30,27,60,
22,72,20,32,36,42,55,37,24,38,25,30,27,60,
20,22,13,9,29,0,7,33,11,15,21,16,2,31,35,6,1,
16,62,49,20,25,24,11,9,22,15,73,34,21,56,27,39,0,30,59,7,36,32,35,
22,55,72,20,32,36,42,37,24,38,25,30,27,60,70,
37,55,11,62,39,71,32,30,15,21,34,7,36,27,24,25,9,22,20,
0,11,62,39,71,32,30,15,21,34,7,36,27,24,25,9,22,49,20,
39,70,79,60,27,80,22,72,20,32,36,42,55,37,24,9,38,25,30,
49,20,15,25,24,69,11,67,9,22,35,0,29,75,2,16,33,7,56,27,59,1,39,34,21,32,
63,79,70,60,27,22,55,42,72,20,32,36,37,24,38,83,25,30,
49,20,15,25,24,11,9,22,35,0,29,75,2,16,33,36,7,56,27,30,59,1,39,34,21,32,
30,25,38,9,24,37,55,86,60,39,70,79,27,80,22,72,20,32,36,42,
64,63,52,77,70,60,27,22,55,42,72,20,32,36,37,24,38,83,25,30,
55,39,22,34,21,15,72,20,32,36,71,42,37,24,9,38,25,30,27,60,
39,64,25,83,38,24,37,30,88,36,63,79,27,70,60,80,22,55,42,72,20,32,
15,30,25,38,9,24,37,55,86,60,39,70,21,79,27,80,22,72,20,32,36,42,
55,37,60,39,42,71,32,30,15,21,34,7,36,27,24,25,38,9,22,20,
15,34,39,70,21,79,60,27,80,22,72,20,32,36,42,55,37,24,9,38,25,30,
0,37,55,11,62,39,71,32,30,15,21,34,7,36,27,24,25,9,22,49,20,
55,39,22,34,21,15,72,20,32,7,36,71,42,37,24,9,38,25,30,27,60,
77,52,91,32,20,72,42,55,22,80,60,70,27,39,93,64,9,38,25,83,24,37,63,30,88,36,79,
Future sets, 
97,56,78,73,59,35,33,3,29,13,31,6,65,41,12,44,57,28,87,58,67,8,66,47,17,76,10,69,16,75,46,89,1,53,68,85,26,4,51,82,23,81,50,48,2,61,74,45,43,54,
89,75,69,47,76,67,8,66,87,28,57,44,53,46,68,58,26,4,51,23,81,50,48,61,74,45,43,54,12,41,65,6,31,13,
67,69,75,13,41,12,43,45,74,48,61,51,6,87,29,58,76,66,53,68,81,26,65,89,31,54,57,28,
41,12,54,43,45,74,61,48,50,23,51,4,26,65,58,68,17,46,53,44,57,28,66,8,47,
26,58,68,46,53,44,57,28,66,8,47,65,51,23,50,48,61,74,45,43,54,12,41,
51,23,50,48,10,44,57,28,41,54,43,53,47,17,46,45,61,
76,58,66,68,81,26,65,31,54,57,28,53,51,61,48,74,45,43,
98,95,85,56,69,11,74,61,57,51,16,75,62,33,65,84,76,82,68,97,81,67,66,29,87,58,89,31,35,59,73,78,49,
65,51,47,23,50,48,61,74,45,43,54,41,28,57,44,53,46,
99,86,90,31,71,34,92,33,66,56,85,59,49,78,62,68,97,84,58,87,29,65,74,15,73,82,94,35,21,81,76,89,75,98,69,96,67,95,
57,28,43,53,47,17,46,44,41,54,45,61,48,50,23,
84,76,65,33,62,51,57,74,75,16,61,69,82,68,97,81,67,66,29,87,58,89,31,35,59,73,78,49,56,85,
68,66,58,26,65,54,57,28,41,53,51,61,48,74,45,43,
76,58,26,65,57,31,54,53,66,51,74,61,48,81,68,
40,19,41,46,47,50,44,18,
65,58,74,68,97,84,62,49,78,59,85,56,82,35,94,73,21,81,76,89,75,98,69,87,29,96,67,95,66,33,92,34,71,
82,61,57,51,33,65,81,68,76,75,69,74,67,66,29,87,58,89,31,
53,47,46,44,41,54,43,45,61,48,50,23,
50,47,46,44,41,
50,47,46,44,41,
81,77,76,56,49,67,69,62,78,87,89,75,82,86,73,85,72,71,91,32,90,99,84,55,94,39,98,97,36,95,79,92,96,83,34,93,80,59,88,
94,35,56,85,82,78,49,73,59,84,97,62,33,81,76,89,75,98,69,87,96,67,95,66,92,34,71,
91,83,81,80,88,62,75,67,96,59,69,84,97,98,39,71,95,92,73,89,87,49,78,82,85,56,99,34,93,90,94,86,76,79,
50,48,45,43,54,41,
69,67,49,88,59,80,93,83,96,92,89,60,87,78,75,62,82,56,85,73,27,86,77,70,99,72,71,91,32,90,84,55,94,97,39,98,36,95,79,
70,69,67,77,60,49,56,62,78,87,89,75,82,86,73,85,72,71,91,32,90,99,84,55,94,39,98,97,36,95,79,92,96,83,93,80,59,88,
65,57,54,53,51,74,61,48,
70,77,60,56,62,78,87,89,75,82,86,73,85,72,71,91,32,90,99,84,55,94,39,98,97,36,95,79,92,96,83,93,80,59,88,
57,54,53,61,48,45,43,
76,89,75,69,81,68,74,87,67,66,58,
73,71,78,82,85,72,77,89,60,62,91,86,70,99,84,55,94,98,97,95,79,92,96,83,93,80,88,90,
74,81,68,66,65,58,
72,71,85,73,82,75,89,87,78,62,91,86,99,84,55,94,98,97,95,79,92,96,83,93,80,59,88,90,
81,76,89,75,69,87,67,66,
92,95,71,98,69,96,67,75,62,97,84,59,73,89,87,49,78,82,85,56,
81,67,59,73,75,76,89,87,78,69,82,56,
89,73,72,71,78,82,85,62,91,86,99,84,55,94,98,97,95,79,92,96,83,93,80,88,90,
97,84,80,88,94,91,98,72,79,90,42,63,92,96,83,77,64,93,60,86,70,99,95,
80,88,94,91,98,72,79,90,42,63,92,96,83,77,64,93,60,86,70,99,95,
96,99,93,90,94,86,98,92,95,82,78,87,89,75,62,73,59,56,85,97,84,71,


63,92,96,83,64,93,60,86,70,99,95,77,90,79,72,98,91,94,88,80,
45,





97,85,59,73,75,89,87,78,82,56,


91,99,77,


98,97,95,79,92,96,83,93,80,88,90,94,99,86,91,84,
78,87,89,75,82,73,


78,87,89,75,82,73,
95,77,79,72,98,91,86,99,94,90,88,80,93,83,96,92,

85,97,84,82,78,
93,88,91,99,77,
93,91,99,77,


87,

87,
94,88,93,96,83,91,86,99,90,77,
95,92,98,85,97,84,
98,91,86,99,94,90,88,80,93,83,96,92,79,
82,

89,87,

99,91,

96,93,88,90,94,99,86,
96,93,90,94,99,86,


91,93,99,88,


94,90,

99,93,


99,

99,






Past links sets, 

0,
0,
0,
1,3,

1,2,

4,

0,5,
7,
2,4,
1,2,

9,
0,11,
3,10,
14,
14,

15,

8,17,


6,12,13,
24,
6,8,10,12,
2,15,16,

6,9,13,16,
20,25,27,
16,21,
20,21,22,
0,11,21,
20,25,27,


20,22,25,27,
14,
12,18,19,23,
37,38,
23,28,
8,17,18,19,
43,
8,17,18,19,
8,17,18,19,
23,26,28,
11,24,25,34,
18,19,23,
5,8,16,26,

17,26,28,
23,26,28,
30,32,36,
35,39,49,
16,26,28,
12,29,31,
32,35,39,49,
25,27,30,42,
16,17,26,28,
11,30,32,34,36,39,
42,
42,
8,15,26,31,
12,29,31,33,
1,24,25,29,33,34,35,
12,29,31,
1,24,25,29,33,34,35,
25,27,30,42,
30,32,34,36,39,
32,36,60,
36,30,56,59,
8,26,29,31,
1,29,56,33,59,
6,13,29,20,33,22,35,
20,52,60,63,64,70,
56,59,62,
22,55,72,
22,55,72,
29,31,20,33,22,35,
16,62,73,
22,55,70,72,
37,55,62,71,
0,49,62,71,
9,39,70,79,80,
67,69,75,
63,79,83,
30,36,75,
86,
77,83,
55,71,72,
39,64,80,88,
21,86,
7,55,60,71,
34,39,70,79,80,
0,37,55,49,62,71,
55,71,7,72,
9,91,93,
Future links sets, 
97,85,35,10,16,3,2,1,
75,67,13,6,69,4,
29,13,12,6,
17,4,
12,8,
51,10,
76,31,28,26,
98,95,11,
74,65,51,47,46,44,28,23,
99,86,31,15,
28,17,
62,49,35,16,
68,66,58,41,28,26,
76,31,26,
40,19,18,
65,29,21,
82,61,51,33,57,31,29,
61,53,47,46,44,23,
50,47,46,44,41,
50,47,46,44,41,
81,77,76,39,36,34,32,
94,35,34,33,
83,81,80,79,76,39,34,
50,48,43,54,41,
69,67,49,27,
70,69,67,60,39,49,36,32,
65,57,54,53,51,74,61,48,
70,60,39,36,32,
57,54,53,61,48,43,
76,75,74,69,81,68,67,66,58,
89,71,70,62,73,60,55,
74,81,68,66,65,58,
71,62,72,59,55,
81,76,75,69,67,66,
96,71,69,67,62,49,
81,76,67,59,69,56,
89,73,72,71,62,55,
97,84,42,
42,
96,93,86,71,62,59,56,


70,64,63,60,
45,





97,85,59,56,


77,


98,95,97,84,83,80,92,79,
78,75,73,


78,75,73,
95,77,72,

85,97,84,82,78,
88,77,
93,77,


87,

87,
86,96,83,77,
95,92,98,85,97,84,
98,83,80,92,79,
82,

89,87,

91,

96,88,86,
96,93,86,


91,88,


94,90,

93,


99,

99,






Coordinates
0.0428671,0.986031
0.0724981,0.899879
0.116311,0.889082
0.0658496,0.799114
0.0769181,0.782531
0.0392065,0.712346
0.139071,0.810323
0.27406,0.92232
0.0781108,0.717504
0.308996,0.947452
0.0463475,0.672393
0.275117,0.899615
0.129884,0.723995
0.201328,0.774828
0.00442576,0.573672
0.359918,0.909942
0.277602,0.812662
0.0696114,0.597303
0.0161027,0.518256
0.031816,0.525266
0.480771,0.955423
0.419289,0.872281
0.47585,0.900652
0.102992,0.516552
0.550936,0.961411
0.544924,0.944589
0.206159,0.586942
0.575702,0.945204
0.173624,0.515178
0.37756,0.683176
0.648448,0.909129
0.33087,0.582668
0.610489,0.845969
0.422775,0.6578
0.540708,0.769947
0.460341,0.677054
0.638734,0.832876
0.779951,0.972432
0.796461,0.986953
0.585844,0.771624
0.00801645,0.1641
0.134205,0.263317
0.815991,0.929719
0.184599,0.28398
0.0820764,0.148677
0.18913,0.249653
0.0883905,0.142231
0.10096,0.139956
0.227222,0.259338
0.570797,0.593673
0.110452,0.130186
0.295538,0.29
0.959287,0.952117
0.254114,0.207664
0.223873,0.160885
0.763306,0.693279
0.589474,0.514441
0.281926,0.202041
0.414256,0.328335
0.614705,0.486476
0.83759,0.707307
0.28002,0.145344
0.680918,0.540228
0.944411,0.760596
0.953174,0.768747
0.362548,0.17635
0.441338,0.250481
0.55223,0.360137
0.407792,0.21319
0.570019,0.352148
0.904857,0.684915
0.742221,0.520954
0.867165,0.612992
0.665845,0.373718
0.398262,0.0979344
0.615936,0.285826
0.535799,0.146734
0.960669,0.542897
0.704595,0.285039
0.890188,0.46249
0.884539,0.453511
0.531042,0.0426447
0.69893,0.203494
0.933115,0.405979
0.785392,0.198687
0.759002,0.171008
0.918351,0.323063
0.621866,0.00904
0.952309,0.324451
0.658894,0.0195207
0.931328,0.282877
0.96932,0.306233
0.882687,0.20544
0.95761,0.24882
0.928729,0.210026
0.860359,0.1411
0.90842,0.182488
0.784879,0.0463434
0.880085,0.0132178
0.979722,0.00413105