Storage option,sets
Size,200
Dimension,2
Shape,cube
Spacetime,black hole
Past sets, 



0,







1,

9,
0,3,
0,3,4,12,
5,
1,11,
1,
0,3,4,12,
9,13,
7,

2,


7,

7,
1,

7,21,

2,
5,14,15,12,4,3,0,19,
7,28,
6,2,10,23,
0,

6,8,10,5,16,
27,
11,18,1,29,
8,12,4,0,15,5,3,16,
0,
11,1,17,13,9,20,
5,14,15,12,4,3,0,19,
0,43,
11,1,18,
4,6,8,5,16,
7,24,27,
26,21,7,31,
26,21,7,31,
8,2,6,23,10,36,
25,20,9,13,17,1,11,44,
14,15,12,4,3,0,19,
22,23,2,33,
19,0,3,4,12,15,14,5,34,
0,43,
21,24,26,27,28,7,35,
24,28,35,31,7,21,26,51,
37,46,43,0,57,
37,34,5,14,54,15,12,3,0,19,4,56,
6,19,14,15,12,4,3,42,45,16,0,8,5,34,
12,3,14,37,43,0,46,
25,29,20,9,13,17,44,18,1,11,47,
29,41,20,9,13,17,44,18,1,11,47,
14,19,48,4,6,8,5,16,42,3,12,0,15,39,10,
9,28,50,31,20,7,21,13,26,25,51,
21,31,44,11,17,26,13,9,7,20,25,1,53,
8,6,33,2,10,36,23,22,55,
2,22,24,32,38,27,40,
32,2,28,22,35,38,40,27,24,7,49,
13,59,7,20,24,28,35,9,31,50,21,26,51,25,
46,37,34,5,43,14,54,15,12,61,3,0,19,4,56,
10,39,15,14,6,19,48,4,66,8,34,5,45,16,42,3,12,0,
8,6,38,33,2,10,36,23,22,55,
10,39,15,14,6,19,48,4,66,8,34,5,45,16,42,3,12,0,
24,32,38,27,40,33,2,10,23,22,55,
5,34,63,37,12,3,14,43,4,0,46,57,54,15,19,
8,27,32,6,38,33,2,10,36,23,22,55,
56,4,19,46,37,63,34,5,43,14,54,73,15,12,61,3,0,
42,16,45,46,8,37,34,5,43,14,54,15,12,61,3,0,19,4,56,
26,21,53,1,25,20,7,9,13,17,11,44,31,18,47,
26,49,7,24,27,40,38,35,22,28,2,32,71,
36,2,23,52,10,39,15,14,6,19,48,4,66,8,5,45,16,42,3,12,0,
18,28,51,53,68,50,21,31,44,11,17,26,13,9,7,20,25,1,
3,15,0,8,2,6,52,23,39,10,36,48,33,4,5,16,42,12,
19,5,63,37,12,3,14,43,4,0,46,60,57,54,15,
26,21,71,32,58,31,2,28,22,35,38,40,27,24,7,49,
55,16,22,36,2,4,33,23,52,10,39,8,6,5,
56,54,34,5,6,48,19,14,15,12,62,4,61,3,42,45,16,0,37,8,
26,21,31,53,25,7,65,13,29,41,20,9,17,44,30,1,11,18,47,64,
19,63,37,12,3,14,43,4,0,46,60,57,54,15,
22,3,15,0,8,2,6,52,23,39,10,36,48,33,4,5,16,42,12,
32,40,27,58,25,51,72,59,7,49,20,13,26,24,28,35,67,9,31,50,21,
46,81,8,37,0,16,45,42,3,61,90,12,56,54,15,34,5,6,19,48,43,14,4,62,
21,50,2,31,38,9,67,35,28,24,26,32,58,40,27,25,22,51,72,59,94,7,20,49,13,
69,38,75,5,6,55,16,22,36,89,2,4,33,23,52,10,39,8,
2,56,0,12,3,42,74,16,45,76,10,39,15,14,6,19,48,62,4,66,8,34,5,
21,58,70,23,10,33,77,71,83,55,26,49,7,24,27,40,38,35,22,28,2,32,
60,6,57,78,80,56,62,4,19,0,3,61,12,81,42,16,45,46,8,37,63,34,5,43,14,54,73,15,
15,54,19,92,63,37,12,3,14,43,4,0,46,60,57,
22,14,84,12,42,45,16,34,5,4,33,86,66,8,3,15,2,0,6,52,23,39,10,36,19,48,
12,3,14,57,0,43,46,37,60,
78,56,80,73,15,54,19,34,5,92,63,37,12,61,3,14,43,4,87,0,46,60,57,
15,73,54,14,43,5,34,63,37,8,46,45,16,81,12,42,100,60,6,19,57,78,0,80,56,4,62,61,3,
5,16,28,49,70,75,69,40,24,77,79,27,8,32,6,38,33,2,10,7,36,52,23,22,55,
27,17,21,50,11,53,82,24,51,28,44,31,18,47,26,85,68,9,67,7,20,25,1,59,13,72,35,64,29,41,
64,17,21,50,11,53,82,24,51,28,44,31,18,47,26,85,68,9,67,7,65,20,25,1,59,13,72,35,29,41,
12,90,61,45,16,0,37,8,95,66,42,81,46,56,54,74,15,34,5,6,19,48,43,73,14,63,4,3,62,10,39,
70,49,28,71,75,69,40,24,77,79,27,8,32,35,6,38,33,2,10,7,36,52,23,22,26,55,
39,10,66,95,8,37,0,81,42,16,45,61,90,62,3,12,109,46,56,54,74,15,34,5,6,19,48,43,73,14,63,4,
78,57,60,46,15,54,19,34,5,92,63,37,12,3,101,14,43,4,87,0,
55,22,23,52,36,7,39,10,2,4,33,38,6,32,8,28,5,70,16,49,75,69,40,79,27,24,106,77,
8,9,25,6,26,55,77,33,49,10,23,70,71,58,21,50,7,36,83,24,27,99,40,38,35,22,51,28,2,31,32,88,59,
19,32,2,89,22,55,5,36,16,75,4,33,6,93,38,97,69,10,39,23,52,8,3,15,0,48,42,12,79,86,27,
40,58,30,91,27,107,41,29,31,44,28,53,24,82,11,50,21,49,108,51,64,35,17,18,47,26,85,68,9,67,7,65,20,25,1,59,13,72,
16,45,57,60,0,87,4,43,14,3,61,12,46,104,78,56,80,54,15,73,19,34,5,92,63,8,37,
54,37,10,76,45,16,42,12,0,56,61,2,39,98,74,15,14,6,19,48,3,62,4,66,8,34,5,84,36,23,52,
47,1,17,11,44,32,68,9,38,67,96,28,2,31,24,53,50,21,58,40,27,26,85,25,22,51,59,35,94,7,20,49,72,13,18,
76,80,57,60,100,4,63,14,73,61,90,45,16,42,81,37,8,95,66,10,39,0,111,3,62,12,109,105,46,56,54,74,15,34,5,6,78,19,48,43,
15,54,4,103,12,3,57,0,14,43,46,37,92,63,60,19,
42,81,6,12,43,61,62,3,87,0,60,57,16,117,46,45,104,56,80,54,15,14,73,78,19,34,5,92,4,63,8,37,100,
76,80,57,60,100,4,63,14,73,2,61,90,45,16,42,81,37,8,95,66,10,39,0,111,3,62,12,109,105,46,56,54,74,15,34,5,6,78,19,48,43,
6,100,42,81,12,43,61,62,3,87,0,60,57,16,117,45,104,56,80,54,15,14,73,78,19,34,5,92,4,63,8,37,46,105,
22,54,37,84,10,76,45,16,42,12,0,56,61,2,39,98,74,15,14,6,19,48,3,62,4,33,66,8,34,5,86,52,23,36,
37,8,63,92,5,34,19,73,15,54,80,56,78,104,46,117,16,45,57,60,0,87,3,61,4,101,43,14,12,
48,90,87,92,104,45,16,37,8,5,34,43,14,73,15,54,46,105,81,12,42,100,60,6,57,19,78,0,80,56,63,4,3,62,61,
21,89,26,35,71,110,97,38,4,33,2,7,36,39,52,23,55,113,22,6,32,8,28,5,70,49,16,75,10,69,40,79,27,83,24,106,77,
21,58,89,26,35,71,110,97,38,4,33,2,7,36,39,52,23,55,113,22,6,32,8,28,5,70,49,16,75,10,69,40,79,27,83,24,106,77,
40,24,77,45,66,14,84,27,86,79,33,4,36,5,75,16,55,22,2,89,32,3,19,48,115,6,34,93,38,97,39,10,69,23,52,8,15,0,42,12,
4,31,39,58,21,8,77,106,83,24,27,79,99,40,28,16,75,49,70,71,110,52,23,32,35,6,38,33,2,69,10,7,36,22,26,55,5,
14,28,7,49,70,40,24,77,27,86,79,33,4,36,5,75,16,55,22,2,89,32,3,19,48,115,6,93,38,97,39,10,69,23,52,8,15,0,42,12,
77,106,24,83,27,79,40,69,10,2,89,33,4,35,6,26,55,113,39,110,52,23,71,58,21,97,38,7,36,22,32,8,28,5,129,70,49,75,16,
4,39,50,59,31,88,58,21,8,77,106,83,24,27,79,99,40,28,16,75,49,70,71,51,110,52,23,32,35,6,38,33,2,69,10,7,36,22,26,55,5,
87,43,48,19,78,6,34,15,74,54,56,46,105,90,3,62,100,42,14,73,60,120,61,2,57,80,109,4,63,76,5,123,45,16,81,37,8,95,66,10,39,0,111,12,
46,90,43,102,36,23,52,86,5,34,56,118,0,12,42,16,45,10,84,76,37,8,54,22,66,125,61,2,39,98,74,15,14,6,19,48,3,62,4,33,
33,4,62,3,48,19,6,14,15,74,98,39,5,93,34,86,52,23,95,36,56,102,43,90,2,61,46,136,118,0,12,42,16,45,10,84,76,37,8,54,81,22,66,125,
33,80,57,60,100,43,46,109,90,81,111,52,23,95,36,56,12,42,16,45,10,76,37,66,8,61,2,0,118,54,39,98,74,15,73,14,6,78,19,48,3,62,63,4,34,5,84,
56,78,19,60,5,34,63,92,121,4,73,15,112,54,103,12,61,3,57,87,0,101,43,14,46,37,
25,9,13,131,5,114,55,26,22,36,7,10,69,2,33,38,6,35,106,77,8,21,50,79,58,88,59,31,39,4,83,24,27,70,99,40,28,134,16,75,49,71,51,110,52,23,32,
52,53,1,17,44,75,79,20,13,72,96,59,88,32,31,2,11,70,33,26,6,94,35,77,25,68,9,38,67,8,23,69,10,49,55,114,27,71,58,21,50,7,36,83,24,99,40,22,51,28,
81,6,100,103,112,12,56,80,54,15,5,92,34,37,8,126,19,78,46,117,16,104,45,57,60,0,87,62,3,61,63,4,42,101,43,73,14,
10,39,95,117,61,62,3,122,4,63,56,80,43,5,34,92,8,37,16,45,104,90,87,0,48,127,14,73,15,54,46,105,81,12,101,42,100,60,124,6,57,19,78,
21,45,84,26,35,110,106,113,71,12,42,0,15,8,52,23,69,10,39,97,38,28,115,77,19,48,83,24,70,49,33,4,66,7,36,79,86,27,40,14,132,5,16,75,55,22,2,89,32,3,6,34,93,
38,55,89,102,36,23,52,86,5,93,34,56,0,12,42,75,16,45,69,10,84,76,37,8,54,22,66,125,61,2,39,98,74,15,14,6,19,48,3,62,4,33,
80,37,46,14,43,101,0,87,57,3,61,12,103,54,112,139,56,4,78,19,60,121,34,5,63,92,73,15,
78,19,60,5,34,63,92,121,4,15,112,54,103,12,3,57,87,0,101,43,14,46,37,
92,12,111,0,98,39,10,66,95,8,37,81,16,104,45,123,5,54,34,6,78,19,48,76,135,56,43,73,14,15,74,87,46,105,90,3,62,63,4,100,42,60,61,120,2,57,80,109,
95,103,112,117,61,62,3,122,4,63,56,80,43,5,34,92,126,8,37,16,45,104,90,87,0,48,127,14,73,15,54,46,105,81,12,101,42,100,60,124,6,57,19,78,
58,93,34,6,3,32,89,2,22,55,75,16,5,132,14,40,27,86,79,36,7,66,4,33,49,70,42,71,12,106,77,19,48,113,84,35,0,110,52,23,45,21,26,144,28,115,15,8,128,69,10,39,97,38,83,24,
76,109,66,111,78,19,57,6,124,60,100,42,101,12,81,105,46,54,74,15,80,5,34,92,61,90,56,143,63,122,4,3,62,95,8,37,10,39,117,43,16,45,104,87,0,48,127,14,73,
56,78,19,60,5,34,63,92,121,4,73,15,112,54,103,12,61,3,57,87,0,101,43,14,46,37,
55,71,33,10,65,64,23,82,88,29,41,107,30,116,77,18,13,72,108,49,20,7,38,96,67,9,68,91,32,44,70,11,99,40,17,119,1,59,47,28,2,31,83,24,53,50,21,58,27,85,26,25,22,51,94,35,
1,96,89,113,32,23,52,110,51,71,49,75,16,134,28,40,99,70,27,24,83,4,39,7,36,26,5,72,131,13,9,97,38,25,55,114,22,140,10,69,2,31,33,6,94,35,106,77,67,8,21,50,20,79,58,88,59,
10,78,19,57,6,124,60,100,42,101,12,81,105,46,54,15,80,5,34,92,61,3,62,63,122,4,90,149,117,112,103,16,56,95,37,43,73,14,8,126,45,104,87,0,48,127,
23,12,52,111,0,98,39,10,66,36,95,8,37,81,16,45,123,5,54,34,6,78,19,48,76,135,56,43,73,14,15,74,87,46,105,90,3,62,63,4,100,42,60,61,120,2,57,80,109,
47,75,1,17,44,53,79,20,13,72,96,59,88,32,31,2,11,70,33,85,26,6,94,35,18,77,25,68,9,38,67,8,23,69,10,49,55,114,27,71,58,21,50,7,36,83,24,99,40,22,51,28,
102,71,12,42,70,49,33,4,66,7,36,79,86,27,40,14,58,93,34,132,5,32,130,3,55,16,75,129,2,89,22,106,77,19,48,113,84,35,0,110,52,150,23,45,21,26,144,28,115,15,6,133,8,128,69,10,39,97,38,83,24,
39,10,143,78,19,57,6,124,60,100,42,101,12,81,105,46,54,15,80,5,34,92,61,3,62,63,122,4,90,149,117,112,103,16,56,95,37,43,73,14,8,126,45,104,87,0,48,127,
17,1,44,96,32,23,52,110,51,71,49,75,16,134,28,40,99,11,70,27,24,83,4,39,7,36,26,5,72,131,13,9,38,25,55,114,22,140,10,69,2,31,33,6,94,35,106,77,67,8,21,50,20,79,58,88,59,
23,109,80,57,2,120,61,60,42,100,4,63,62,3,90,105,46,87,74,15,81,37,8,36,95,66,10,0,39,98,111,12,92,34,148,16,45,104,5,123,54,6,78,19,48,135,76,56,43,14,73,
86,136,84,5,34,4,63,62,3,48,19,78,6,14,73,15,74,98,39,54,22,81,23,90,102,43,100,42,109,80,138,57,52,111,105,46,33,60,61,2,37,125,66,8,95,36,56,12,16,45,10,76,118,0,
148,73,14,127,48,0,87,104,45,16,43,117,98,39,10,37,126,8,95,62,3,4,122,63,100,19,78,6,124,66,111,57,109,80,135,76,60,42,101,12,81,105,46,54,74,15,123,5,34,151,92,2,120,61,90,56,143,
103,112,73,14,127,48,0,87,104,45,16,43,117,39,10,37,126,8,95,62,3,4,122,63,100,19,78,6,124,66,111,57,109,80,76,60,42,101,12,81,105,46,54,74,15,123,5,34,151,92,120,2,61,90,56,143,
84,92,33,138,109,80,57,2,120,61,60,42,100,4,63,62,3,90,105,46,87,74,15,14,73,8,66,37,156,12,95,36,10,98,39,23,111,52,81,118,0,16,104,45,123,5,34,54,6,78,19,48,135,76,56,43,
23,117,127,109,80,57,2,120,61,60,101,42,100,122,4,63,62,3,90,105,46,87,74,15,81,37,8,95,66,10,0,39,98,111,12,92,34,148,16,45,104,5,123,54,124,6,78,19,48,135,76,56,43,14,73,
35,76,102,106,54,113,84,45,71,130,12,42,0,74,15,8,52,23,69,10,98,39,97,38,28,56,115,77,19,48,24,70,49,33,4,66,7,36,79,86,27,40,14,132,5,16,75,55,22,2,89,32,62,3,6,34,93,
35,76,102,106,54,113,84,45,71,130,12,42,0,74,15,8,52,23,69,10,98,39,97,38,28,56,115,77,19,48,24,70,49,33,4,66,7,36,79,86,27,40,14,132,5,16,75,55,22,2,89,32,62,3,6,34,93,
106,32,79,77,24,40,70,49,28,33,4,62,3,48,19,6,132,14,15,74,98,39,2,61,115,56,5,52,23,36,102,89,55,84,97,38,34,93,27,86,145,0,130,12,42,75,16,45,69,10,76,37,8,7,125,66,54,22,
16,45,104,139,80,15,92,5,60,147,19,78,63,4,56,34,152,112,54,103,12,61,121,3,57,0,101,43,73,14,46,37,87,146,
32,109,136,46,90,33,63,4,62,3,48,137,19,6,73,14,15,74,98,39,2,61,56,5,111,52,23,95,36,43,102,89,55,84,97,38,34,93,86,145,118,0,12,42,75,16,45,69,10,76,37,8,125,66,54,81,22,
109,66,111,142,127,48,0,87,104,45,126,8,14,73,43,155,37,95,56,16,103,112,117,149,90,60,57,124,6,42,101,100,159,10,39,19,78,143,12,81,105,46,54,74,15,80,5,34,92,61,121,3,62,122,63,4,
86,84,33,138,109,80,57,2,120,61,60,42,100,4,63,62,3,90,105,46,87,74,15,14,73,8,125,66,37,156,12,95,36,10,98,39,23,111,52,22,81,118,0,16,45,123,5,34,54,6,78,19,48,135,76,56,43,
142,39,143,127,48,0,87,104,45,126,8,14,73,43,95,56,16,103,112,117,81,100,60,57,124,6,19,78,42,101,10,37,155,12,105,46,54,15,80,5,34,92,61,121,3,62,122,63,4,90,149,
45,104,16,117,126,8,100,6,81,142,139,80,15,92,5,60,147,19,78,122,63,4,56,34,152,112,54,103,12,61,62,121,3,57,0,42,101,43,73,14,46,37,87,146,
95,90,48,127,45,104,16,117,126,8,100,124,6,81,142,12,57,61,0,42,101,43,105,46,37,87,146,103,54,112,80,139,56,78,19,60,62,3,121,34,5,122,4,63,92,14,73,15,
66,149,90,4,63,122,62,3,121,61,92,34,5,139,80,74,15,54,46,105,12,155,37,10,101,42,43,95,16,103,8,126,39,146,87,0,48,127,45,104,143,174,56,142,14,73,112,117,81,159,100,60,57,124,6,19,78,
76,78,6,124,57,60,100,159,81,117,112,73,14,56,174,104,48,127,0,87,19,146,39,126,8,103,143,16,95,43,42,101,10,37,155,139,12,105,46,54,45,172,142,15,74,80,5,34,92,61,121,3,62,122,63,4,90,149,109,66,111,
35,73,113,81,118,136,46,90,43,95,52,56,115,2,61,39,98,15,74,14,5,132,6,28,62,32,79,40,19,48,106,77,24,70,49,33,4,23,36,102,89,55,84,97,38,34,93,27,86,145,0,3,130,12,169,42,75,16,45,69,137,10,76,37,8,7,125,66,54,22,
92,104,102,136,125,66,14,73,15,74,87,105,63,4,84,46,173,86,57,138,109,80,60,2,120,61,62,3,33,100,42,90,37,156,12,95,36,10,98,39,23,111,52,22,81,118,0,16,45,123,5,34,54,6,78,19,48,8,135,76,56,43,162,
146,87,37,105,46,14,73,43,101,42,0,3,121,62,61,12,142,80,139,81,100,8,126,16,103,117,57,175,45,104,124,6,15,92,5,60,147,19,78,122,63,4,56,34,152,112,54,
68,53,15,115,45,0,84,48,19,12,42,66,86,141,14,3,34,93,97,113,89,132,5,26,36,39,83,24,154,27,70,11,99,40,28,7,134,16,75,128,1,44,96,32,71,49,144,17,110,51,150,23,52,72,4,131,9,38,25,55,114,22,13,140,10,69,129,2,31,160,33,133,6,94,35,106,77,67,8,21,50,20,79,58,88,59,
39,10,15,73,14,92,63,4,122,5,152,34,121,3,62,60,19,78,56,139,80,112,54,95,155,37,16,103,45,104,127,100,8,126,48,149,90,61,117,176,124,6,81,142,12,57,0,146,87,42,101,43,46,105,
52,155,149,159,36,163,151,126,95,15,74,87,46,105,37,164,63,122,4,48,81,23,101,42,117,57,109,80,62,3,120,61,2,100,90,60,66,10,127,0,166,39,98,111,12,92,161,34,148,143,16,45,104,5,123,54,124,6,78,19,8,135,76,56,43,14,73,103,112,
23,98,148,163,2,120,151,123,57,60,90,149,117,112,73,14,43,56,54,109,111,48,155,126,135,8,87,127,0,104,172,45,103,124,6,95,66,42,101,100,159,10,39,19,78,16,143,12,81,105,46,37,164,74,142,15,80,5,34,92,61,121,3,62,122,63,4,76,
84,118,155,52,156,149,159,36,163,151,126,95,15,74,87,46,105,37,164,63,122,4,48,81,23,101,42,117,57,109,80,62,3,120,61,2,100,90,60,66,10,127,0,166,39,98,111,12,92,161,34,148,143,16,45,104,5,123,54,124,6,78,19,8,135,76,56,43,14,73,103,112,
24,40,27,79,115,60,105,57,138,80,100,78,95,36,23,52,111,56,2,61,39,98,74,15,14,73,6,171,136,109,46,19,5,63,4,33,62,3,32,90,48,43,102,89,55,84,97,38,34,93,86,145,118,0,12,42,75,16,45,69,137,10,76,37,8,125,66,54,81,22,162,
3,15,0,12,42,48,65,41,29,64,82,107,119,141,97,113,89,68,18,85,53,47,5,26,36,39,157,83,24,154,27,70,11,99,40,28,7,134,16,75,128,1,44,96,32,71,49,17,110,51,23,52,72,4,131,9,38,25,55,114,22,13,140,10,69,129,2,31,160,33,133,6,94,35,106,77,67,8,21,50,20,79,58,88,59,
55,93,148,165,162,43,56,76,3,62,180,61,2,120,60,80,109,138,57,86,84,4,63,92,33,66,125,14,73,105,173,46,104,45,136,102,15,74,87,100,42,90,37,156,12,95,36,137,10,98,39,23,111,52,22,81,118,0,16,123,5,34,54,6,78,19,48,135,8,
111,63,109,171,22,54,66,125,7,8,37,76,10,137,69,45,79,62,73,14,74,15,40,98,39,28,115,56,132,5,2,61,6,35,113,118,0,136,77,46,32,90,43,102,95,36,81,179,52,19,48,106,24,70,49,33,4,23,89,55,84,97,38,34,93,27,86,145,3,130,12,169,42,75,16,
101,122,117,124,148,102,136,162,104,92,125,66,14,73,15,74,87,105,63,4,84,46,173,86,57,138,109,80,60,2,120,61,62,3,33,100,42,90,37,156,12,95,36,10,98,39,23,111,52,22,81,118,127,0,16,45,123,5,161,34,54,6,78,19,48,8,135,76,56,43,165,
65,41,29,64,82,107,86,12,42,48,0,15,3,93,19,115,119,14,141,97,113,89,68,18,85,53,47,5,26,36,39,157,83,24,154,27,70,11,99,40,28,7,134,16,75,128,1,44,96,32,71,49,17,110,51,23,52,72,4,131,9,38,25,55,114,22,13,140,10,69,129,2,31,160,33,133,6,94,35,106,77,67,8,21,50,20,79,58,88,59,
13,25,9,114,51,99,88,59,50,61,125,37,145,83,128,144,26,21,110,58,31,158,56,115,28,38,97,39,98,10,69,8,0,150,23,52,168,12,71,35,76,15,74,102,77,106,54,113,84,45,42,19,48,24,70,49,33,131,4,66,134,7,36,79,86,27,167,40,14,132,5,16,75,55,22,129,2,89,32,62,130,3,133,6,34,93,
98,148,2,120,151,123,177,111,66,109,103,126,135,8,39,78,48,104,87,19,146,127,0,174,56,16,143,178,60,100,159,76,117,6,124,57,112,73,14,81,95,43,42,101,10,164,37,155,80,139,12,105,46,54,45,172,142,15,74,5,34,92,61,121,3,62,122,63,4,90,149,
70,87,120,123,77,162,22,81,54,66,125,8,37,76,10,137,69,45,171,6,14,73,15,74,39,98,61,2,52,111,23,36,95,24,57,115,56,40,27,86,145,79,138,105,46,80,60,187,100,78,19,136,109,5,63,4,33,62,130,3,32,90,48,43,102,89,55,84,97,38,34,93,118,0,12,42,75,16,
120,151,147,177,111,66,109,74,103,143,16,37,155,95,54,112,80,174,78,60,178,3,62,121,56,183,124,6,14,73,39,10,4,122,63,92,34,152,5,172,45,104,100,159,8,126,175,48,149,90,61,117,176,81,15,142,139,12,57,127,0,19,146,87,42,101,43,46,105,76,
62,74,76,102,59,88,58,79,20,50,21,8,67,77,106,35,94,6,133,33,160,158,31,2,129,69,10,140,13,22,114,25,36,89,93,34,55,182,130,3,5,132,83,24,14,141,0,39,97,38,68,9,42,53,66,15,86,154,27,115,45,26,113,84,19,48,12,71,70,11,99,40,28,7,134,16,75,128,1,44,96,32,23,150,49,144,17,110,51,52,72,131,4,
62,74,76,102,59,88,58,79,20,50,21,8,67,77,106,35,94,6,133,33,160,158,31,2,129,69,10,140,13,22,114,25,36,89,93,34,55,182,130,3,5,132,83,24,14,141,0,39,97,38,68,9,42,53,66,15,86,154,27,115,45,26,113,84,19,48,12,71,70,11,99,40,28,7,134,16,75,128,1,44,96,32,23,150,49,144,17,110,51,52,72,131,4,
6,81,117,8,126,146,87,37,46,14,73,147,60,5,92,15,80,139,78,19,104,45,16,103,170,112,54,63,4,56,34,152,12,61,62,121,3,57,0,42,101,43,
Future sets, 
123,182,150,152,34,161,171,112,81,199,169,42,176,117,175,126,185,105,37,164,127,186,118,177,165,136,195,178,84,180,121,151,92,63,190,146,19,87,198,139,80,101,132,14,192,111,43,170,156,155,103,159,100,191,73,62,189,3,130,142,15,74,168,109,167,98,95,124,54,181,122,93,57,184,125,115,183,56,174,86,145,172,45,104,163,143,60,187,66,193,147,102,138,197,158,144,46,173,78,137,196,135,76,194,149,90,120,179,61,188,166,148,162,
154,44,160,141,188,91,65,182,153,18,192,47,64,29,116,11,107,68,85,197,119,41,157,198,53,82,17,108,
135,164,123,148,194,98,119,96,83,88,184,144,114,173,186,118,137,195,136,161,102,134,75,193,192,133,169,110,71,198,140,97,156,141,163,36,154,166,153,185,77,125,99,158,157,33,160,113,171,84,89,145,86,168,70,197,138,79,115,167,55,182,180,93,188,129,106,165,132,191,162,23,150,52,179,130,189,131,190,128,187,69,
93,115,86,184,125,143,172,45,56,183,174,145,181,54,122,124,95,98,167,168,109,15,142,191,73,62,189,159,100,187,193,66,74,147,102,138,197,158,144,173,78,135,76,194,130,149,90,120,188,61,179,166,137,196,148,104,163,162,103,155,156,170,111,192,14,132,101,80,139,198,87,19,146,190,63,92,151,121,180,84,178,195,136,165,177,118,186,127,164,105,185,126,175,117,176,42,169,199,81,112,171,161,34,152,150,182,123,
134,140,160,131,113,133,128,154,97,129,89,184,125,143,172,45,56,183,174,145,181,54,122,124,95,98,167,168,109,191,73,62,189,159,100,187,193,66,74,147,102,138,197,158,144,173,78,135,76,194,130,123,182,150,120,179,166,137,196,148,104,163,162,155,156,139,80,198,142,15,192,190,132,93,152,87,19,146,170,111,92,151,121,180,61,188,101,84,86,115,90,149,178,195,136,165,177,118,186,127,164,105,185,126,48,175,117,176,42,169,199,81,112,171,34,161,
87,80,139,104,152,73,146,78,147,112,178,123,182,132,191,162,198,166,39,173,144,169,42,111,164,89,148,171,163,150,86,145,158,137,196,128,186,93,180,151,45,172,113,140,160,190,131,193,66,134,174,130,165,106,115,81,199,181,122,142,98,185,126,156,97,127,90,149,105,100,159,117,176,175,48,155,124,56,183,95,154,170,189,62,179,120,187,168,109,197,138,167,34,161,102,195,136,135,194,76,177,118,129,61,188,184,125,16,143,84,133,74,192,
181,122,142,100,105,124,199,90,127,149,155,176,95,175,48,185,98,120,109,74,178,172,123,111,164,148,135,76,194,177,151,143,174,159,183,166,39,157,125,160,113,171,84,89,154,163,36,141,97,156,140,198,169,110,133,192,75,66,193,134,161,102,145,86,168,197,138,79,115,167,182,180,93,188,129,106,165,132,191,162,150,52,179,130,62,189,131,190,158,128,187,196,69,136,195,137,118,186,173,114,144,184,
179,71,106,113,132,28,83,169,110,51,182,35,153,94,141,82,192,133,134,193,188,129,49,167,108,168,50,160,26,144,85,114,59,88,68,58,116,128,158,99,157,154,67,96,119,197,150,91,31,107,140,21,198,190,131,72,
126,117,114,79,75,157,106,110,141,155,105,124,95,176,100,199,149,90,127,142,48,175,122,181,81,115,165,156,185,98,62,189,130,52,179,120,187,168,109,197,138,167,161,102,195,136,135,194,76,177,118,129,188,184,125,97,143,84,154,183,159,133,74,192,174,134,66,193,131,190,160,140,113,172,151,180,93,186,128,69,196,137,158,145,86,150,163,171,148,89,164,111,42,169,144,173,39,166,198,162,191,132,182,123,178,
114,160,53,140,198,157,119,85,68,193,91,65,108,107,197,20,82,141,96,154,67,116,192,94,153,64,182,13,72,188,44,
155,99,153,77,185,98,120,109,74,178,172,123,111,164,148,135,76,194,177,151,143,174,159,183,166,39,157,125,160,113,171,84,89,154,163,36,141,97,156,140,198,169,110,133,192,75,66,193,134,161,102,145,86,168,197,138,79,115,167,182,180,93,188,129,106,165,132,191,162,150,52,179,130,189,131,190,158,128,187,196,69,136,195,137,118,186,173,114,144,184,
107,68,85,197,119,53,198,82,41,157,17,108,116,64,47,192,153,182,65,91,188,141,160,44,
103,184,125,143,172,45,56,183,174,145,181,54,122,124,95,98,167,168,109,191,73,62,189,159,100,187,193,66,74,147,102,138,197,158,144,173,78,135,76,194,130,123,182,150,120,179,166,137,196,148,104,163,162,155,156,139,80,198,142,15,192,63,190,132,93,152,87,19,146,170,111,92,151,121,180,61,188,101,84,86,115,90,149,178,195,136,165,177,118,186,127,164,105,185,126,175,117,176,42,169,199,81,112,171,34,161,
193,68,85,197,119,140,53,198,82,157,64,91,65,94,108,107,20,141,96,154,67,116,192,153,182,72,188,44,160,
192,132,103,87,92,121,101,84,170,111,80,139,156,155,162,104,163,148,63,190,196,137,166,120,179,61,90,149,178,195,136,165,177,118,151,180,186,127,164,105,185,126,146,175,117,176,169,198,199,81,112,171,161,34,152,150,182,123,130,194,76,135,78,173,144,158,197,138,102,147,74,66,193,187,100,159,189,62,73,191,142,109,168,167,98,95,124,122,54,181,145,174,183,56,45,172,143,125,184,
87,92,121,101,84,86,192,115,132,93,170,111,80,139,156,155,162,104,163,148,190,196,137,166,120,179,188,61,90,149,178,195,136,165,177,118,151,180,186,127,164,105,185,126,146,175,117,176,42,169,198,199,81,112,171,161,34,152,150,182,123,130,194,76,135,78,173,144,158,197,138,102,147,74,66,193,187,100,159,189,62,73,191,142,109,168,167,98,95,124,122,54,181,145,174,183,56,45,172,143,125,184,
170,126,117,106,155,105,124,95,176,100,199,149,90,127,142,48,175,122,181,81,115,165,156,185,98,62,189,130,179,120,187,168,109,197,138,167,161,102,195,136,135,194,76,177,118,129,188,184,125,97,143,84,154,183,159,133,74,192,174,134,66,193,131,190,160,140,113,172,151,180,93,186,128,196,137,158,145,86,150,163,171,148,89,164,111,42,169,144,173,39,166,198,162,191,132,182,123,178,
116,153,182,192,188,141,44,160,108,65,91,64,157,82,198,53,119,197,85,68,107,
85,64,119,107,153,116,108,82,188,91,65,192,47,41,157,
132,192,115,87,92,121,101,84,170,111,80,139,156,155,162,104,163,148,190,196,137,166,120,179,61,90,149,178,195,136,165,177,118,151,180,186,127,164,105,185,126,146,175,117,176,169,198,199,81,112,171,161,34,152,150,182,123,130,194,76,135,78,173,144,158,197,138,102,147,74,66,193,187,100,159,189,62,73,191,142,109,168,167,98,95,124,122,54,181,145,174,183,56,45,172,143,125,184,
96,154,67,116,153,182,192,72,188,141,44,160,108,94,65,91,64,157,82,198,53,119,197,85,68,107,
128,99,158,58,68,88,59,144,85,114,160,108,50,157,154,67,96,119,197,116,150,91,31,107,140,198,131,72,129,188,193,134,133,192,82,141,94,153,182,51,
173,167,106,193,75,134,69,128,187,145,141,144,115,140,114,133,192,89,153,132,191,190,131,157,99,158,160,179,150,154,171,113,97,55,182,189,130,198,71,129,188,77,195,136,169,110,168,79,70,197,88,83,93,137,96,119,102,180,162,125,
185,166,77,99,153,157,125,160,113,171,84,89,154,36,141,97,156,140,198,169,110,133,192,75,193,134,161,102,145,86,168,197,138,79,115,167,55,182,180,93,188,129,106,165,132,191,162,150,52,179,130,189,131,190,158,128,187,69,136,195,137,118,186,173,114,144,184,
77,195,107,59,58,94,153,182,192,133,134,193,114,160,198,140,187,128,157,96,154,113,168,197,169,110,116,119,106,132,72,131,190,179,150,88,108,49,167,130,71,99,158,70,129,188,141,83,144,
193,160,94,96,154,67,64,157,119,197,108,91,114,85,68,107,140,53,198,82,141,72,188,192,182,153,116,
128,83,68,88,99,158,116,58,197,119,67,96,154,157,108,50,160,144,85,114,107,140,198,131,72,129,188,193,134,82,141,94,153,182,110,51,59,91,150,192,133,
107,115,58,113,179,150,129,188,70,144,131,190,160,114,182,49,167,71,130,133,192,88,119,83,141,96,154,116,157,187,128,158,99,40,168,79,197,140,198,110,169,106,134,193,132,77,195,153,94,
132,113,106,67,107,108,167,160,131,72,190,182,198,59,88,116,58,168,169,110,197,71,128,157,158,99,83,141,85,144,114,179,150,153,94,35,119,192,133,134,193,96,154,129,188,140,
65,91,188,108,64,116,192,153,107,41,
116,153,91,
91,116,197,119,67,96,154,157,108,50,160,85,114,107,140,198,131,72,188,193,134,192,82,141,94,153,182,51,59,88,68,
171,96,119,115,83,88,130,71,133,192,167,157,187,128,141,154,168,79,197,140,198,110,169,106,132,77,195,193,134,94,153,182,114,160,190,131,144,70,188,129,99,158,150,179,113,
93,162,180,102,137,125,138,197,79,168,110,169,136,195,77,188,129,130,189,182,97,113,171,154,150,179,160,158,99,157,131,190,191,132,153,89,192,133,173,114,55,140,198,115,144,141,86,145,187,128,69,134,75,193,165,106,167,
150,182,144,130,158,102,112,147,78,76,74,197,198,176,117,126,185,105,164,175,146,173,186,127,81,199,169,194,135,193,187,100,159,62,189,73,191,142,171,138,109,168,167,98,95,124,122,181,145,174,183,56,152,123,172,143,125,184,180,151,118,177,165,136,195,178,149,90,61,179,120,166,137,196,190,161,148,163,104,162,155,156,139,80,111,170,
179,144,83,128,110,168,71,157,114,88,59,116,58,99,158,119,192,133,150,134,193,141,96,154,129,188,197,140,198,94,153,182,190,72,131,160,167,108,107,
161,145,86,193,134,75,138,197,79,167,182,192,133,110,169,168,156,97,141,154,89,115,198,140,84,171,113,160,180,93,188,129,106,165,132,191,162,150,52,179,102,130,189,131,190,158,128,187,69,136,195,137,118,186,173,114,144,184,125,157,
78,95,81,111,80,179,63,190,109,171,73,137,90,136,118,125,169,193,145,170,199,151,92,180,121,164,105,142,172,143,174,175,117,176,178,138,60,187,103,162,123,101,166,120,61,149,163,104,191,156,112,127,186,147,173,195,139,152,122,181,146,87,183,124,155,184,185,126,100,159,189,148,177,161,165,194,135,196,
119,96,97,171,115,145,83,88,130,71,133,192,167,157,187,128,141,154,168,79,197,140,198,110,169,106,132,77,195,75,193,134,153,182,114,160,190,131,144,70,188,129,99,158,150,179,113,
183,159,174,143,134,140,160,131,113,93,133,128,154,97,188,129,180,151,125,184,186,118,177,194,76,135,136,195,196,137,158,145,86,150,163,171,84,148,89,164,66,193,111,169,144,173,166,198,162,191,132,182,123,172,178,74,192,190,102,161,167,138,197,109,168,187,120,179,130,189,98,185,156,165,115,
116,96,119,83,88,130,71,133,192,167,157,187,128,141,154,168,197,140,198,110,169,106,132,77,195,193,134,94,153,182,114,160,190,131,144,70,188,129,99,158,150,179,113,
107,153,192,116,108,188,91,65,
188,93,132,115,192,86,81,130,102,74,182,76,84,150,158,144,181,122,175,142,127,186,172,143,179,120,90,149,177,118,148,161,190,174,178,180,199,198,159,100,197,138,162,176,95,124,183,163,105,164,173,185,156,123,187,155,184,125,171,191,165,135,194,136,195,166,62,189,109,168,137,196,151,111,98,167,169,66,193,145,
196,135,194,165,161,177,148,189,159,100,126,185,57,184,178,176,117,175,174,143,172,105,164,180,121,151,92,137,78,111,170,95,81,199,179,120,73,191,138,109,80,139,142,171,112,136,195,60,187,103,162,123,101,166,149,163,104,156,127,186,147,46,173,152,122,181,63,190,146,87,183,124,155,
160,65,64,157,119,197,108,91,85,68,107,53,198,82,141,188,192,182,153,116,
170,126,117,182,130,144,158,102,150,84,81,76,74,181,122,175,142,127,186,172,143,179,120,90,149,177,118,148,161,190,174,178,180,199,198,159,100,197,138,162,176,95,124,183,163,105,164,173,185,156,123,187,155,184,125,171,191,165,135,194,136,195,166,62,189,109,168,137,196,151,111,98,167,169,193,145,
136,137,95,81,179,73,109,80,78,111,171,170,199,151,92,180,121,164,105,142,172,143,174,175,117,176,178,138,60,187,103,162,123,101,166,120,149,163,104,191,156,112,127,186,147,173,195,139,152,122,181,190,63,146,87,183,124,155,184,185,126,100,159,189,148,177,161,165,194,135,196,
157,119,65,91,153,192,107,188,82,108,116,64,
188,93,95,176,155,183,159,174,143,149,127,180,151,125,184,186,118,177,194,76,135,136,195,196,137,158,145,86,150,163,171,84,148,164,66,193,111,169,144,173,166,198,162,191,132,182,123,172,178,74,192,190,102,161,167,138,197,109,168,187,120,179,130,189,98,185,156,165,115,90,
132,116,113,179,106,96,119,157,128,197,168,169,110,198,140,88,154,167,71,188,129,99,158,141,83,144,150,190,131,160,114,193,134,133,192,182,153,94,
193,114,85,160,157,96,154,67,119,197,108,116,107,94,140,198,72,188,134,192,141,153,182,
182,153,141,192,134,188,72,197,119,59,193,85,114,67,154,96,160,108,157,116,107,94,140,198,
141,140,113,160,93,154,156,97,188,129,89,115,133,192,182,167,180,134,193,168,138,197,171,84,86,145,198,110,169,106,165,132,191,162,150,179,102,130,189,131,190,158,128,187,136,195,137,118,186,173,144,184,125,
91,85,68,82,198,107,141,188,192,182,153,116,108,197,119,157,
168,167,101,121,92,87,112,147,78,95,181,122,123,172,143,174,183,124,109,138,171,142,152,191,73,189,159,100,187,145,135,194,193,169,125,184,180,151,118,177,165,136,195,178,149,90,61,179,120,166,137,196,190,161,148,163,104,162,155,156,139,80,111,170,199,81,127,186,173,146,175,164,105,185,126,117,176,
89,114,153,131,190,160,99,158,150,179,133,192,140,198,115,144,141,132,145,157,187,128,69,75,134,193,106,167,154,171,113,97,182,189,130,129,188,77,195,169,110,168,79,197,
167,168,98,95,181,122,123,172,143,174,183,124,109,138,171,142,152,191,73,189,159,100,187,145,135,194,193,169,125,184,180,151,118,177,165,136,195,178,149,90,61,179,120,166,137,196,190,161,148,163,104,162,155,156,139,80,111,170,199,81,127,186,173,146,175,164,105,185,126,117,176,
78,196,135,194,165,161,177,148,189,159,100,126,185,184,155,124,183,87,146,181,122,152,139,195,173,147,186,127,112,156,191,104,163,149,120,166,101,123,162,103,187,138,178,60,176,117,175,174,143,172,142,105,164,121,180,92,151,199,170,
150,133,158,129,116,119,94,134,192,88,114,99,157,193,141,96,154,188,197,140,198,153,182,131,160,
193,114,96,154,160,157,108,116,107,94,140,198,119,197,72,188,134,192,141,153,182,
120,187,103,162,123,138,101,166,149,178,163,104,176,117,174,143,172,175,142,105,164,191,121,180,199,170,92,151,156,112,127,186,147,173,195,139,152,122,181,146,87,183,124,155,184,185,126,100,159,189,148,177,161,165,194,135,196,
145,193,169,125,118,136,90,137,178,149,180,151,135,194,165,195,166,187,100,159,189,73,191,152,142,171,138,109,190,161,177,148,163,104,162,184,155,179,120,156,196,139,80,111,170,199,81,127,186,173,146,175,164,105,185,126,117,176,124,183,174,143,172,123,122,181,95,
199,198,197,162,95,176,183,124,164,105,159,100,174,190,161,163,148,177,118,90,149,178,120,179,143,172,186,127,173,185,156,123,187,155,184,125,171,191,165,135,194,136,195,166,189,109,168,137,196,138,180,151,111,98,167,169,193,145,142,175,122,181,
171,111,190,172,143,174,183,124,126,185,105,164,180,121,151,92,196,78,117,176,146,87,147,173,186,127,152,139,80,120,149,178,199,112,170,156,123,122,181,175,138,142,187,191,162,165,135,194,195,166,189,100,159,155,184,177,148,161,104,163,101,109,
108,188,107,116,192,153,91,
188,108,116,192,153,91,
144,158,150,84,163,148,145,193,169,173,166,137,196,195,136,118,177,186,76,194,135,171,184,125,164,151,180,111,198,162,191,182,123,172,178,74,190,102,161,167,138,197,109,168,187,120,179,130,189,98,185,156,165,
108,116,107,94,198,119,197,188,192,141,153,182,157,160,154,96,
182,141,198,107,188,192,153,116,108,197,119,157,85,
157,145,141,140,132,179,150,192,133,115,144,134,193,106,167,154,171,113,97,182,130,195,110,169,198,168,197,188,129,158,128,187,160,190,131,
195,132,198,140,110,169,197,168,154,141,106,157,128,193,134,153,182,114,160,144,188,129,99,158,150,179,113,131,190,167,192,133,
167,88,198,140,168,110,197,188,154,193,157,99,128,141,83,144,133,150,129,158,131,160,114,134,192,153,182,
108,116,107,94,198,119,197,188,192,141,153,182,157,160,154,96,
152,171,190,109,163,104,161,148,177,184,155,159,100,189,166,195,194,135,165,162,191,187,142,138,151,180,149,178,179,120,156,196,139,80,111,170,199,127,186,173,146,175,164,105,185,126,117,176,124,183,174,143,172,123,122,181,
198,178,123,172,111,151,164,184,125,191,162,171,180,167,197,138,190,161,187,120,179,109,168,189,98,185,156,165,135,194,186,177,118,136,195,196,137,166,173,169,193,145,148,163,
157,145,141,140,132,179,150,192,133,115,144,134,193,106,167,154,171,113,97,182,130,195,110,169,198,168,197,188,129,158,128,187,160,190,131,
198,178,151,123,164,184,125,191,162,171,180,167,197,138,190,161,187,120,179,168,189,98,185,156,165,135,194,186,118,136,195,196,137,166,173,169,193,145,148,163,
132,195,130,198,140,110,169,197,168,154,141,106,157,128,193,134,153,182,114,160,144,188,129,99,158,150,179,113,131,190,167,192,133,
146,147,152,139,112,199,170,173,186,127,156,178,149,120,196,151,180,164,105,126,185,117,176,124,183,174,143,172,123,122,181,175,138,142,187,191,162,165,135,194,195,166,189,100,159,155,184,177,148,161,104,163,
157,141,132,106,167,113,179,150,158,128,187,144,115,190,131,160,154,193,134,129,188,130,168,197,110,169,140,198,192,133,182,195,
146,199,170,173,186,127,156,178,149,120,196,151,180,164,105,126,185,117,176,124,183,174,143,172,123,122,181,175,138,142,187,191,162,165,135,194,195,166,189,100,159,155,184,177,148,161,104,163,
199,181,122,175,142,120,179,127,186,173,156,185,123,187,184,171,172,163,178,149,143,161,190,174,100,159,105,164,177,148,124,183,155,176,95,162,191,165,135,194,195,166,189,109,137,196,138,180,151,111,
108,116,153,192,188,107,
144,133,150,129,158,160,131,114,182,153,192,134,128,99,157,193,141,154,188,197,140,198,
150,191,162,165,169,198,145,171,168,193,180,167,197,138,102,190,158,187,179,136,195,137,118,186,173,144,125,189,130,182,
157,119,108,116,153,192,188,107,
125,130,182,192,173,144,115,137,195,150,179,187,158,132,190,189,102,167,180,193,168,197,171,145,198,169,136,162,191,
195,156,173,146,147,152,139,112,186,127,151,122,181,183,124,155,184,126,185,159,189,148,177,161,165,135,194,196,170,199,180,191,164,142,175,172,143,174,117,176,104,163,178,149,166,
114,157,193,141,154,188,197,140,198,153,182,160,192,134,
145,187,158,129,197,168,198,169,195,130,188,182,97,171,154,128,167,193,144,115,133,150,179,192,132,190,
120,179,127,186,173,156,185,123,187,184,171,172,163,178,149,143,161,190,174,159,164,177,148,183,155,176,95,162,191,165,135,194,136,195,166,189,109,137,196,138,180,151,111,
153,116,
148,189,161,165,121,180,151,104,163,146,155,184,143,172,159,101,174,149,178,196,139,191,166,126,185,127,186,164,112,170,199,124,183,152,122,181,194,142,147,117,176,177,175,
145,171,189,150,179,132,190,167,193,192,115,144,182,130,137,195,169,198,168,197,158,187,
119,197,188,192,153,141,154,198,182,157,160,96,
176,155,183,149,177,159,174,143,178,164,190,161,162,191,165,135,194,195,166,189,148,109,137,196,138,180,151,111,163,172,171,184,187,123,185,156,173,186,179,120,
160,157,182,198,154,141,153,192,188,197,119,
171,154,133,128,150,179,132,190,167,193,192,115,144,182,188,130,195,169,198,168,197,129,158,187,
168,189,179,187,138,167,190,161,171,180,162,191,165,194,186,118,136,195,137,166,173,169,193,145,148,185,156,163,125,184,
114,134,192,157,193,141,154,188,197,140,198,153,182,131,160,
142,138,175,143,174,183,124,176,122,181,123,185,191,162,165,195,166,189,172,159,155,184,177,148,161,187,163,194,135,105,164,180,151,196,120,149,178,156,127,186,173,
191,166,196,149,178,139,174,172,143,159,184,155,185,126,186,164,112,170,199,183,152,181,194,142,147,176,177,175,146,163,151,
167,168,197,198,169,136,180,193,162,191,171,145,190,158,187,179,189,195,137,
164,186,155,184,159,142,146,175,177,176,147,121,174,185,172,139,149,178,196,183,199,170,152,181,194,
180,170,165,161,189,148,159,184,185,126,155,196,177,164,199,194,142,175,172,143,174,191,117,176,163,178,149,166,124,183,181,122,151,127,186,
187,162,177,155,159,172,189,166,195,165,191,161,148,194,135,164,180,151,196,120,149,178,163,184,127,186,173,156,185,123,181,176,124,183,174,143,
160,131,144,129,158,150,179,113,190,167,128,193,154,134,192,188,168,197,169,140,198,133,182,
188,192,153,116,
153,116,
189,166,195,194,165,191,162,161,190,148,135,164,180,151,196,138,111,163,172,171,184,187,123,185,156,173,186,120,178,
144,128,193,154,134,192,188,197,140,198,133,182,150,158,129,160,131,
172,171,187,123,185,156,173,186,184,163,178,120,138,196,151,180,164,135,148,190,161,162,191,165,194,195,166,189,
164,186,155,184,159,172,185,174,139,149,178,196,183,170,199,152,181,194,142,147,176,177,175,146,
190,167,128,193,154,192,188,168,197,198,133,182,179,150,158,129,144,
157,193,141,154,188,197,198,182,160,192,140,
192,144,182,130,195,167,193,169,198,168,197,187,158,190,132,179,150,
153,
142,199,124,164,177,196,194,126,184,155,185,159,172,143,174,191,176,163,181,175,178,149,166,183,122,151,186,
186,165,136,180,162,191,171,190,138,187,179,189,195,137,173,
188,192,153,
196,180,164,135,148,161,191,165,194,195,166,189,163,184,186,173,156,185,
174,185,172,139,178,196,183,170,199,152,181,194,147,176,177,175,146,
191,176,181,175,166,183,151,174,149,178,163,186,143,172,159,185,155,184,194,196,177,164,
180,164,135,148,161,191,165,194,195,166,189,163,184,186,173,156,185,
191,181,176,166,183,151,174,149,178,163,186,143,172,159,185,155,184,194,196,177,164,
173,169,136,180,193,162,191,171,145,190,187,179,189,195,137,
199,164,163,186,155,184,159,142,181,194,176,175,177,174,149,178,183,196,185,172,
191,176,166,183,151,174,149,178,163,186,143,172,159,185,155,184,194,196,177,164,
192,188,158,197,198,193,182,150,
158,197,193,182,188,192,198,133,
179,190,195,169,168,167,193,198,197,158,
193,154,188,197,198,182,160,192,140,
179,190,168,150,169,182,167,193,198,197,158,144,
192,188,182,193,198,197,158,
193,154,188,197,198,182,160,192,140,
148,161,165,194,166,189,163,184,186,173,191,185,156,180,
180,191,162,171,190,195,187,179,189,137,
189,179,187,195,190,171,
173,180,189,187,195,165,191,162,
170,196,183,199,175,181,194,176,177,178,146,
160,182,198,197,188,192,154,
192,188,197,198,182,
176,175,177,174,178,183,196,181,194,185,172,
174,178,163,186,172,159,185,184,194,196,177,164,151,
158,197,198,193,182,150,
193,187,171,179,190,195,169,
178,177,176,194,181,175,199,183,196,170,
181,175,199,196,170,
194,166,185,189,163,184,186,191,161,
159,172,185,196,183,178,174,177,184,186,194,155,
182,193,198,197,158,
196,194,164,184,185,186,163,
181,175,199,183,196,170,

192,188,197,198,182,
186,184,177,174,178,183,196,194,185,172,
180,186,173,189,191,165,
192,188,
198,197,193,
186,184,177,178,196,194,185,172,
192,188,197,198,182,
191,186,184,
191,195,187,189,180,
186,185,184,
194,186,185,184,
191,189,
186,184,
193,
193,
190,179,
199,
190,195,187,
185,194,196,178,
191,189,180,
178,194,196,177,
196,181,
196,183,
196,194,
196,194,
190,
189,

198,197,
196,



195,












Past links sets, 



0,







1,

9,
3,
3,4,12,
5,
11,
1,
3,4,12,
13,
7,

2,


7,

7,
1,

21,

2,
5,14,15,19,
28,
6,10,23,
0,

6,8,10,16,
27,
11,18,29,
8,15,16,
0,
17,20,
5,14,15,19,
43,
11,18,
4,6,8,16,
7,24,27,
26,31,
26,31,
8,36,
25,44,
14,15,19,
22,23,33,
34,
43,
21,24,26,27,35,
24,35,51,
37,46,57,
37,54,56,
34,42,6,45,
12,14,37,46,
25,29,44,47,
41,44,47,
14,19,39,42,48,
20,28,50,25,51,
26,31,53,
8,36,55,
2,22,24,32,38,40,
2,32,22,35,38,40,49,
25,50,20,59,
46,61,
34,45,66,
8,36,38,55,
34,45,66,
10,24,32,38,40,55,
34,54,57,63,
8,27,32,36,38,55,
63,73,
42,45,46,61,
26,31,47,53,
26,71,
45,52,66,
18,28,50,51,68,
33,42,48,39,52,
5,54,60,63,
31,58,71,
4,39,52,55,
48,61,62,
30,31,53,64,26,65,
54,60,63,
33,42,22,48,39,52,
40,49,32,58,67,72,
81,90,
2,22,38,94,
69,75,89,
2,56,62,74,76,
58,77,70,83,
60,62,78,80,81,
92,
22,84,34,86,
12,14,60,
78,80,87,92,
100,
16,28,52,69,70,49,75,77,79,
27,64,41,67,82,72,85,
64,65,67,82,72,85,
63,73,74,95,
26,52,69,70,71,75,77,79,
109,
78,87,101,
4,39,106,
9,25,50,59,36,88,8,99,
79,86,93,19,97,
40,49,58,91,107,108,
8,16,45,104,
61,84,98,
47,85,96,
76,105,111,
92,103,
100,117,
2,76,105,111,
105,117,
22,61,84,86,98,
101,117,
90,104,105,
21,83,97,110,113,
83,58,97,110,113,
34,77,84,115,
4,31,39,99,106,110,
14,28,49,70,77,115,
129,
4,39,50,59,88,99,106,110,
87,120,123,
46,90,102,118,125,
93,95,136,
100,33,111,118,
73,112,121,
13,114,131,134,
52,68,69,79,96,75,114,
103,112,100,126,
39,95,122,124,101,127,
21,34,83,84,110,113,132,
69,75,93,89,102,125,
80,139,
112,121,
98,104,135,
95,103,112,122,124,126,127,
58,128,144,
76,111,143,
73,112,121,
88,99,116,119,
1,96,97,113,140,
10,149,
52,98,135,
47,69,79,85,96,75,114,
102,130,133,150,
143,149,
44,96,140,
36,148,
105,136,138,
126,148,151,
103,120,123,126,112,151,
138,104,156,
124,23,101,127,122,148,
71,98,102,113,130,54,132,
71,98,102,113,130,54,132,
130,106,132,145,
45,104,16,146,147,152,
32,97,111,137,145,
111,121,142,155,159,
125,138,156,
121,143,142,155,
122,142,146,147,152,
95,122,124,127,142,146,
74,146,159,174,
76,146,172,174,
73,35,113,137,169,
104,162,173,
124,175,
133,150,141,154,160,
39,152,155,176,
52,155,159,161,163,164,166,
23,163,164,172,
118,155,156,159,161,163,164,166,
40,24,115,162,171,
48,65,119,42,107,133,128,141,154,157,160,
55,137,148,165,180,
171,179,
124,101,127,122,161,162,165,173,
65,119,107,133,115,128,141,154,14,157,160,
13,114,131,134,145,158,167,168,
148,164,177,178,
87,120,123,130,70,187,
120,175,151,177,178,183,
62,74,76,158,182,
62,74,76,158,182,
62,81,126,170,
Future links sets, 
43,37,3,
29,18,154,11,
123,71,96,70,98,33,23,
19,15,14,
134,131,89,113,48,19,15,
87,45,34,16,
48,39,62,36,
49,28,26,21,
79,114,75,69,48,42,117,52,39,
114,13,
155,77,39,36,
47,41,17,
103,63,19,15,
193,140,20,
192,103,66,63,132,54,45,34,
54,45,42,34,
170,106,48,42,117,39,
44,
85,47,41,
115,66,54,45,34,
72,67,44,
144,128,58,31,
125,102,93,71,96,70,55,
185,55,166,36,
77,187,70,59,58,49,
114,72,67,64,53,
91,83,82,68,110,58,51,50,
107,58,49,79,40,
85,132,106,67,35,
64,41,
91,
131,91,88,82,68,51,50,
171,94,79,77,71,70,
93,138,86,55,
144,130,78,102,76,74,62,56,
179,59,71,58,
161,79,114,75,69,52,
63,61,60,
79,77,75,71,96,70,
143,134,113,93,89,86,183,131,66,
94,116,77,71,187,70,
107,65,
188,93,86,81,66,62,
57,46,
160,65,64,53,
170,117,84,81,76,74,62,
136,81,63,73,60,
157,119,82,65,64,
188,93,90,86,66,
116,132,106,94,71,
134,114,85,72,67,
67,85,59,
156,184,106,93,141,89,86,110,84,
91,82,68,
168,167,92,78,87,61,
189,89,79,77,75,69,
98,61,
78,60,
150,129,116,99,94,88,
134,114,72,
103,92,100,87,
118,90,81,125,73,
199,198,197,100,98,90,
109,92,87,80,78,
108,107,91,
192,188,108,91,
84,76,74,
108,107,94,
141,85,
157,141,145,106,110,97,
195,110,132,106,99,
168,167,110,88,83,
108,107,94,
179,152,139,109,80,
198,197,177,109,98,
157,141,145,106,110,97,
197,178,151,123,198,120,98,
130,110,132,106,99,
112,104,100,
157,141,115,110,106,
146,104,100,
100,199,95,
108,107,
144,129,128,99,
130,125,144,118,102,
157,119,108,107,
125,115,102,
135,112,195,104,
134,153,114,
145,97,
136,127,95,
116,
121,104,101,
145,137,115,
96,
149,143,176,137,109,
160,157,154,141,119,
171,129,154,128,115,
168,167,156,148,125,118,
134,131,153,114,
142,138,122,105,
166,143,191,126,112,
168,167,158,145,136,
164,149,142,121,
180,170,165,148,127,117,
127,124,162,123,120,
169,134,131,113,
192,188,116,
116,
111,
134,144,131,129,128,
171,151,138,123,172,120,
164,149,147,142,152,139,
179,144,168,129,167,154,128,
157,193,141,140,
192,187,132,130,
153,
126,124,122,
186,138,136,
188,192,153,
196,195,164,135,
174,172,147,152,139,
191,176,166,175,149,143,
195,164,135,
191,181,176,166,149,143,
173,145,136,
199,164,163,149,142,
191,176,166,149,143,
192,188,150,
133,
195,169,168,167,158,
193,140,
169,168,167,144,
192,188,182,158,
193,140,
156,148,
162,137,
189,179,171,
173,165,162,
146,
160,154,
192,188,182,
176,175,174,172,
174,159,151,
150,
193,171,169,
178,177,176,175,170,
175,170,
194,166,189,163,161,
159,155,
182,158,
196,164,163,
175,183,170,

192,188,182,
186,184,183,174,172,
186,173,165,
192,188,
198,197,193,
186,184,177,172,
192,188,182,
191,186,184,
191,187,180,
186,185,184,
194,186,185,184,
191,189,
186,184,
193,
193,
179,
199,
190,187,
185,178,
191,180,
178,177,
196,181,
183,
196,194,
196,194,
190,
189,

198,197,
196,



195,












Coordinates,
0.0168841,3.74725,
0.0727232,0.663086,
0.142123,2.45437,
0.159255,3.60991,
0.172346,3.34606,
0.201125,3.22633,
0.225995,2.84679,
0.226715,1.40587,
0.231513,2.90245,
0.294185,0.838135,
0.308338,2.64779,
0.311657,0.600028,
0.319012,3.44225,
0.386394,0.822691,
0.409944,3.51227,
0.437194,3.35257,
0.457486,3.01404,
0.504345,0.593313,
0.508336,0.317131,
0.518206,3.37444,
0.52264,0.706236,
0.525994,1.15619,
0.527836,2.06267,
0.531917,2.3893,
0.555944,1.52265,
0.576568,0.85884,
0.583292,1.19218,
0.600102,1.61255,
0.637318,1.36152,
0.660732,0.135547,
0.674777,0.0246751,
0.677715,1.01657,
0.729376,1.68074,
0.734425,2.17935,
0.743019,3.32844,
0.748877,1.31824,
0.755767,2.32204,
0.756975,3.81552,
0.777717,1.77067,
0.786661,2.70744,
0.789302,1.56027,
0.819677,0.11463,
0.820007,2.98443,
0.829586,3.93877,
0.841258,0.546991,
0.884875,3.13025,
0.896096,3.87362,
0.898438,0.186218,
0.905245,2.84338,
0.940568,1.39377,
0.979314,0.910313,
0.981366,0.962777,
0.991821,2.29227,
1.00568,0.504089,
1.03409,3.50232,
1.04263,1.89509,
1.0516,3.31299,
1.07768,3.96194,
1.16008,1.11757,
1.18892,0.918451,
1.19001,3.93427,
1.25518,3.34379,
1.29527,3.01075,
1.29735,3.65767,
1.30978,0.128226,
1.31015,0.112627,
1.3272,2.6839,
1.32728,0.694012,
1.34527,0.501106,
1.40575,1.82368,
1.42177,1.45934,
1.4321,1.21853,
1.43826,0.701944,
1.4447,3.38473,
1.45855,2.70102,
1.46445,1.72882,
1.46708,2.68107,
1.52416,1.4965,
1.5463,3.52984,
1.56956,1.60158,
1.61148,3.41754,
1.64024,3.15134,
1.66167,0.163615,
1.68212,1.17845,
1.69493,2.33277,
1.74216,0.27472,
1.74618,2.11135,
1.75465,3.60692,
1.76275,0.976611,
1.76288,1.87739,
1.7685,2.99008,
1.79552,0.0164331,
1.80151,3.72213,
1.83213,1.99021,
1.83325,0.693025,
1.84977,2.96766,
1.92408,0.67309,
1.95549,1.69644,
1.95762,2.56136,
1.99477,1.03541,
2.00522,3.13922,
2.01201,3.76067,
2.04824,2.05834,
2.06227,3.94158,
2.09407,3.44173,
2.1111,3.12256,
2.12385,1.35608,
2.12741,0.11324,
2.15011,0.0248077,
2.17133,2.80532,
2.18171,1.18171,
2.18907,2.80403,
2.26271,3.72291,
2.29822,1.33962,
2.33412,0.835252,
2.33493,1.56138,
2.37776,0.00900237,
2.37884,3.35533,
2.4094,2.34515,
2.45281,0.177021,
2.47197,2.80566,
2.47837,3.92173,
2.51189,3.24513,
2.5256,2.75175,
2.52909,3.20711,
2.54909,2.08318,
2.55974,3.38971,
2.57928,3.13444,
2.58614,1.13209,
2.62164,1.06706,
2.6245,1.47517,
2.62806,0.989124,
2.6457,1.35807,
2.64667,1.05992,
2.66047,0.889973,
2.71117,2.66842,
2.71807,2.06444,
2.84451,1.98308,
2.85857,2.2954,
2.86347,3.77451,
2.8687,0.759173,
2.88981,0.453889,
2.92655,3.35364,
2.93432,3.00305,
2.9406,1.14216,
2.94474,1.70796,
2.94802,3.71408,
2.95893,3.93719,
2.96339,2.67293,
2.96745,3.13296,
3.00182,1.08291,
3.01666,2.92387,
3.01803,3.83372,
3.03188,0.000713695,
3.03347,0.618912,
3.03719,3.12573,
3.04443,2.45719,
3.06016,0.185651,
3.07607,1.04598,
3.1003,3.01608,
3.12979,0.505683,
3.18955,2.5073,
3.23483,2.01116,
3.24531,2.71046,
3.24864,2.78281,
3.33149,2.3044,
3.33366,2.58878,
3.33893,1.21045,
3.34788,1.21828,
3.37962,1.34275,
3.39095,3.6936,
3.39743,1.61516,
3.40024,3.02502,
3.4168,2.09596,
3.44068,3.08872,
3.51227,3.46365,
3.52404,3.28083,
3.59126,3.07547,
3.61753,3.04771,
3.6184,1.30066,
3.62278,1.9912,
3.62428,3.43948,
3.63665,0.449287,
3.67442,3.2103,
3.6808,2.52779,
3.70757,2.74445,
3.73414,2.4365,
3.73585,1.51765,
3.76629,0.0411208,
3.78293,1.88602,
3.7888,1.23076,
3.80088,2.00375,
3.89931,0.075533,
3.91769,0.800412,
3.92477,2.8203,
3.92512,1.45321,
3.96073,3.06059,
3.97077,0.38855,
3.97219,0.385654,
3.99176,3.65744,
