Storage option,sets
Size,75
Dimension,2
Shape,cube
Spacetime,BlackHole
Past sets, 


0,1,



1,0,2,3,
1,0,2,3,
0,1,3,4,
1,3,4,

8,1,0,3,4,2,
4,5,



14,
4,5,10,
3,1,12,4,9,5,
5,6,7,11,0,8,1,3,4,2,9,
0,5,9,4,12,1,3,8,
12,17,4,5,10,
5,10,15,
10,5,4,17,
9,2,4,3,1,8,0,11,7,5,6,19,
10,20,9,0,5,4,12,1,3,8,18,
13,14,16,
2,20,9,0,5,4,12,1,3,8,18,
3,12,5,17,10,21,4,
1,3,12,5,17,10,21,4,
12,15,23,10,17,21,4,5,22,
13,15,14,16,
13,14,16,
22,5,17,21,10,4,15,23,12,30,
15,23,10,17,4,5,22,
9,15,23,29,1,12,3,17,5,28,10,21,4,
14,13,16,26,
14,13,16,26,
26,32,13,14,16,
14,16,
13,14,30,12,21,34,23,15,4,17,5,22,10,33,
5,10,15,36,13,16,26,14,31,
10,15,36,13,16,26,14,31,
1,13,14,3,30,12,21,34,23,15,4,17,28,5,22,10,33,
13,14,33,10,22,5,28,17,4,15,23,34,21,12,30,29,1,3,
11,15,23,4,27,21,10,28,5,17,3,12,1,29,2,25,20,9,0,8,18,
13,39,14,16,32,
36,37,38,26,15,32,13,31,14,16,
16,40,43,5,1,13,14,33,3,22,30,12,21,34,15,23,4,17,28,10,
9,16,40,44,21,13,14,33,10,22,5,28,17,4,15,23,34,12,30,29,1,3,43,
4,10,5,22,13,15,31,14,16,26,
15,38,16,39,26,14,37,32,36,13,
21,12,30,16,14,13,34,23,15,4,10,17,5,22,31,
51,38,15,16,39,26,13,14,37,32,36,46,
4,22,32,5,42,31,10,38,15,26,37,14,36,13,16,41,
22,5,41,39,10,47,36,37,38,26,15,32,31,14,16,13,42,
31,36,38,15,32,53,16,39,26,13,47,51,14,37,46,
16,4,42,22,41,32,54,13,5,31,50,10,38,15,26,37,14,36,
46,37,14,13,26,39,16,32,15,38,51,36,53,
47,16,4,42,22,41,32,54,13,5,31,50,10,38,15,26,37,14,36,
5,41,31,51,38,15,16,10,39,26,42,13,14,37,32,36,47,
12,17,23,34,16,4,50,42,22,41,32,54,31,13,36,5,57,10,38,15,26,37,14,
41,5,42,56,39,31,36,38,15,32,53,16,26,13,10,47,14,51,37,46,
53,60,41,46,5,31,13,32,38,56,15,16,51,10,39,26,42,14,37,36,47,
46,37,14,47,26,53,32,15,38,13,36,31,10,56,42,51,5,41,16,39,62,
30,21,52,39,55,47,61,32,12,41,17,23,34,5,16,4,50,42,13,22,54,31,36,57,10,38,15,26,37,14,59,
53,4,22,60,41,46,5,31,54,13,32,38,15,16,51,10,39,26,42,55,14,37,36,47,
66,37,53,4,22,51,60,31,41,46,5,54,13,42,32,38,15,16,10,39,26,55,14,36,47,50,
33,40,30,21,52,39,55,47,61,32,12,41,17,23,34,5,16,4,50,42,13,22,54,31,36,57,10,38,15,26,37,14,59,
22,55,53,14,37,41,46,5,4,51,31,60,13,36,32,38,15,56,10,63,16,39,26,42,47,
47,31,58,46,37,13,26,39,56,32,15,38,14,51,36,16,53,
47,31,58,46,37,13,26,39,56,32,15,38,14,51,36,16,53,
58,62,22,51,55,26,53,14,37,41,46,63,4,31,60,13,42,36,32,38,15,56,69,10,39,16,47,5,64,
58,64,41,46,37,14,47,26,53,32,38,13,36,31,10,56,42,51,5,16,39,15,62,
54,41,10,58,62,31,22,53,51,55,26,14,37,46,15,63,32,4,60,13,42,36,72,5,38,69,56,39,16,47,64,
Future sets, 
20,25,2,24,27,45,11,6,19,8,7,
44,49,18,35,9,43,20,48,25,2,24,27,45,11,29,6,19,8,7,
27,45,11,6,24,19,7,
6,29,24,8,19,7,25,48,27,20,43,11,45,9,35,18,49,28,44,
69,54,57,50,23,34,17,44,43,21,68,48,33,40,30,28,52,29,61,24,45,11,9,67,20,74,27,72,25,66,19,8,35,59,12,65,18,49,
60,63,62,73,64,41,54,59,50,57,67,74,66,55,72,69,21,68,44,20,43,18,65,27,45,25,48,33,17,40,30,28,49,52,29,61,35,12,34,23,19,24,22,
24,19,
24,19,
25,27,20,11,45,24,19,
20,35,24,19,18,49,27,45,25,
42,60,63,62,73,64,49,43,29,52,35,22,69,68,21,45,28,65,30,23,48,33,44,61,34,40,17,72,25,55,66,74,67,57,50,59,54,41,
45,24,19,
61,29,52,49,35,28,30,40,65,33,48,25,68,45,27,18,43,20,44,21,
44,43,48,49,40,46,32,52,26,63,50,38,36,73,65,58,53,51,70,41,71,42,56,47,60,64,54,62,69,72,74,37,55,67,66,59,57,68,31,61,
44,43,16,57,49,48,39,46,32,73,52,26,67,63,50,38,36,65,58,53,51,70,41,71,42,56,47,60,64,54,62,69,72,31,74,37,55,66,59,68,61,40,
58,53,51,45,35,63,62,73,64,60,41,42,47,56,71,70,22,69,40,72,43,55,66,74,33,44,67,65,49,68,48,52,30,59,34,57,61,50,54,31,
49,48,39,46,32,52,26,63,50,38,36,73,65,58,53,51,70,41,71,42,56,47,60,64,54,62,69,72,74,37,55,67,66,59,57,68,31,61,
34,61,21,33,48,40,23,30,65,28,45,68,44,35,52,43,49,29,
27,45,25,
24,
27,45,25,
33,65,40,30,28,68,45,44,35,43,48,49,52,29,
69,72,55,66,74,33,44,67,43,65,40,49,68,48,52,30,34,57,61,50,59,54,
35,61,34,30,52,48,45,68,49,40,65,43,44,33,

45,
50,38,36,65,58,53,51,70,41,71,42,56,47,60,64,73,54,62,63,69,72,74,55,67,66,37,59,57,68,61,
45,
45,44,35,43,48,49,
49,44,45,35,
52,48,68,49,40,65,43,44,33,
52,50,70,71,56,47,42,41,60,64,73,54,62,63,69,72,65,74,55,67,66,59,57,68,61,
38,67,61,57,54,58,53,51,47,66,68,56,65,69,74,55,72,71,70,62,73,64,63,59,60,46,
44,43,40,49,68,48,
48,68,49,40,43,65,44,52,61,

58,53,51,70,71,56,47,42,41,60,64,73,54,62,63,69,72,65,74,55,67,66,59,57,68,61,
61,57,54,58,53,51,47,66,68,56,67,65,69,74,55,72,71,70,62,73,64,63,59,60,
61,57,54,58,53,51,47,66,68,56,67,65,69,74,55,72,71,70,62,73,64,63,59,60,
68,65,55,60,46,63,64,74,72,62,69,71,73,56,58,66,67,70,53,51,
49,68,48,
64,73,62,63,60,69,72,54,65,74,67,66,55,59,57,68,61,
64,73,62,63,60,69,72,54,65,74,67,66,55,59,57,68,61,
49,48,
49,

64,63,74,72,62,69,71,73,56,58,66,67,70,53,
68,56,67,65,69,74,72,66,55,71,70,62,73,64,63,59,60,


67,59,65,57,68,61,
53,70,67,66,58,56,73,71,69,62,72,74,63,64,60,
68,65,
67,66,58,56,71,70,69,62,73,72,74,63,64,
74,67,66,59,65,57,68,61,
72,74,69,65,66,67,68,
71,70,69,62,72,73,74,64,63,
65,68,61,
73,70,71,72,74,
68,65,
67,66,72,63,74,69,
68,65,
72,73,74,64,
72,74,69,
73,74,72,

67,


74,72,


74,


Past links sets, 


0,1,



2,3,
2,3,
0,1,3,4,
1,3,4,

2,8,
4,5,



14,
4,5,10,
9,12,
5,11,6,9,7,
8,9,12,
12,17,
5,10,15,
17,
19,
18,10,20,
13,16,
2,18,20,
3,21,
3,1,21,
21,22,23,
13,15,16,
13,16,
30,
22,23,
9,29,28,23,15,
26,
26,
26,32,
16,
13,33,14,34,
5,10,31,36,
10,31,36,
13,1,34,14,33,28,
13,14,34,29,33,28,
11,15,23,29,28,27,25,
32,39,
31,36,37,38,
16,40,43,
9,44,43,40,16,
4,22,26,31,
39,38,15,37,36,
30,31,34,
46,51,
22,42,4,37,41,38,
22,47,42,41,39,
47,53,
50,54,
53,
47,50,54,
42,47,41,51,
34,12,57,
42,41,56,
56,60,
62,
52,55,59,61,
53,54,55,60,
50,66,
40,61,59,55,52,
4,55,63,
56,58,
56,58,
58,64,69,
58,64,
54,72,
Future links sets, 
8,2,
43,2,8,9,29,
27,7,11,6,
28,6,29,7,8,9,
69,54,8,9,12,50,17,
12,17,22,41,19,
19,
19,
20,11,
49,18,19,20,35,
42,17,22,25,41,
45,19,
61,21,20,18,
44,26,31,43,32,40,
44,43,40,16,
51,22,31,35,45,
49,48,26,31,32,39,
23,21,
27,25,
24,
27,25,
30,29,28,
55,30,50,34,54,
34,45,35,30,

45,
50,38,37,36,
45,
44,43,45,35,
44,45,35,
52,33,
52,41,42,47,50,
46,38,
44,43,40,
61,40,43,44,52,

47,42,51,41,
54,51,47,
54,51,47,
55,51,46,
49,68,48,
62,60,55,54,
62,60,55,54,
49,48,
49,

53,
59,56,60,55,


59,67,57,
60,53,
68,65,
58,66,56,
66,74,59,57,
69,68,66,65,
71,70,63,62,
61,
73,72,71,70,
68,65,
66,63,
68,65,
64,
69,
73,72,

67,


72,


74,


Coordinates,
-1.29756,2.03856,
-2.06084,2.08469,
-0.551587,1.90315,
-0.465286,2.24489,
-2.03049,3.00054,
-3.64466,3.95438,
0.592056,0.856484,
1.06403,1.01862,
3.63826,2.19918,
2.09111,2.45163,
-3.41425,4.66563,
3.37238,1.56636,
0.301855,3.06172,
-7.15055,7.34808,
-7.82647,7.90475,
-4.4301,5.71962,
-7.27796,7.94452,
0.462689,3.5352,
3.72787,2.52274,
3.79554,0.734021,
5.67416,2.24379,
1.0911,3.40442,
-1.30262,4.60112,
0.986261,3.63171,
4.38488,0.0390902,
6.66567,2.21207,
-5.95068,8.18776,
7.35217,1.80123,
2.65456,3.10718,
3.0545,3.00074,
1.68949,3.59704,
-3.10508,6.56941,
-6.02828,8.8978,
2.44457,3.49867,
1.50729,3.95945,
3.97269,2.95086,
-4.24768,7.67294,
-5.0503,8.41075,
-5.24015,8.63434,
-6.55399,9.72242,
3.35189,3.67211,
-1.79053,6.78656,
-2.10375,7.02385,
3.75631,3.53935,
4.14158,3.40818,
7.88203,1.4039,
-5.74809,9.89629,
-2.45604,7.60963,
3.97252,3.68473,
4.52747,3.45281,
1.33991,5.37438,
-3.24474,8.6693,
2.87113,4.52182,
-3.04723,8.75353,
1.28518,5.97731,
0.426902,6.74759,
-1.91088,8.52648,
2.05004,5.72462,
-2.71667,9.23147,
1.9403,5.85342,
-0.0904482,7.35038,
2.81362,5.45504,
-0.899641,8.41552,
0.241014,7.64392,
-0.631514,8.31393,
3.74601,5.49671,
1.94013,6.78054,
2.06606,6.7885,
4.61223,5.13926,
1.57557,7.24099,
-1.46384,9.81805,
-1.4107,9.79195,
1.9182,7.62619,
-0.0667098,9.13984,
2.04227,7.72041,
