Storage option,sets
Size,75
Dimension,2
Shape,cube
Spacetime,BlackHole
Past sets, 




0,1,
2,
3,2,5,
2,5,
3,1,0,5,2,4,

4,2,5,0,1,3,8,

0,1,6,3,2,5,
9,
5,2,7,
0,1,6,3,2,5,
11,
2,9,
4,2,5,0,1,3,8,
7,5,2,3,6,0,1,12,
15,0,1,12,6,3,2,5,
12,1,0,6,3,2,5,7,19,
8,3,1,0,5,2,4,6,
7,5,2,3,6,0,1,12,
2,9,13,
8,3,1,0,5,2,4,6,
2,9,13,
9,13,11,16,
3,6,1,0,7,2,5,14,12,
11,16,
9,11,16,
0,1,7,5,6,17,2,9,3,14,
9,11,16,
3,8,1,0,22,5,25,2,4,6,
9,17,6,3,14,1,12,23,0,7,2,28,5,
7,19,12,15,22,0,8,3,1,5,2,4,6,20,
1,3,14,9,2,13,17,6,5,7,
0,1,14,3,9,13,17,6,5,2,31,36,7,
15,19,21,6,3,14,1,12,23,0,7,2,28,5,
16,11,9,29,
13,23,12,5,0,1,14,7,6,17,31,2,28,9,3,
11,
16,11,29,
24,3,37,0,17,1,14,31,9,26,13,6,5,2,36,7,
29,30,9,11,16,
2,13,16,27,11,9,32,30,29,
11,24,1,14,3,9,2,13,26,17,6,5,36,7,
11,12,24,5,3,37,0,17,36,1,14,31,9,28,26,7,13,6,43,2,
19,34,28,12,23,24,5,3,37,0,17,36,1,14,31,9,26,7,13,6,43,2,40,

15,19,21,24,26,34,36,23,6,13,12,5,37,0,17,1,14,31,7,2,28,9,40,3,
34,21,19,15,23,6,13,12,5,0,17,38,1,14,31,7,2,28,9,40,3,
32,39,41,42,27,44,13,30,9,16,29,11,
44,45,2,13,39,16,27,11,9,32,30,29,
44,27,45,11,13,30,2,39,53,16,9,32,29,42,
13,20,31,17,9,21,15,19,2,6,23,3,14,38,1,12,0,34,7,28,5,
39,41,9,42,16,11,29,
49,
29,11,49,16,42,9,41,39,56,
13,20,31,17,9,21,15,19,2,6,23,3,14,38,1,12,0,34,7,28,5,
32,39,41,42,27,44,13,30,9,16,29,11,
2,11,29,16,9,30,13,44,27,42,41,39,32,52,
30,58,29,11,49,42,9,41,16,39,56,
12,16,27,31,0,37,11,24,7,1,14,3,46,9,26,2,36,13,17,43,6,5,
44,57,62,49,30,56,58,29,42,16,11,9,41,39,
44,57,62,49,30,56,58,29,42,16,11,9,41,39,
9,49,42,57,11,29,41,16,39,
27,30,16,32,31,0,37,11,24,7,1,14,3,46,9,26,2,36,13,17,43,6,5,
52,13,27,32,65,44,57,62,11,49,30,56,39,58,41,29,42,16,9,60,
52,13,32,60,65,44,57,62,11,49,30,27,64,56,39,58,41,29,42,16,9,
29,67,9,27,30,1,16,45,32,3,31,2,0,37,11,24,7,36,14,43,46,17,26,13,6,5,
5,6,13,26,17,46,43,14,36,7,24,11,37,2,31,3,32,45,16,1,30,27,9,67,0,29,70,
44,56,58,30,66,9,42,49,11,57,29,41,62,16,39,
56,58,66,9,42,49,11,57,29,41,16,39,
56,58,66,9,42,49,11,57,29,41,16,39,
Future sets, 
43,70,37,31,71,12,67,8,25,35,10,18,47,33,22,51,4,63,34,20,28,55,38,21,50,59,48,19,23,40,15,
46,36,43,70,37,31,71,12,67,8,25,35,10,18,47,33,22,51,4,63,34,20,28,55,38,21,50,59,48,19,23,40,15,
61,53,54,45,26,24,17,5,18,55,10,47,8,14,51,7,6,43,37,46,15,36,67,12,71,34,40,70,33,31,25,50,19,22,59,63,28,20,38,21,35,48,23,
18,10,8,6,37,46,15,36,67,43,12,71,40,70,31,25,33,50,19,22,63,47,28,59,20,51,55,38,21,35,48,23,34,
22,33,18,10,35,25,8,
18,10,8,14,7,6,37,46,15,36,67,43,12,71,40,70,31,25,33,50,19,22,63,47,28,59,20,51,55,38,21,35,48,23,34,
46,36,43,71,70,67,37,31,25,33,12,50,22,63,47,28,20,51,55,38,19,21,59,40,35,48,23,34,15,
21,35,14,37,46,36,59,63,40,43,71,48,23,70,47,67,34,55,38,51,28,50,31,19,
25,35,10,18,33,22,
56,73,74,58,66,39,32,64,65,44,62,30,34,31,72,13,71,59,55,26,51,40,69,37,36,53,24,54,52,45,68,61,60,63,48,70,47,67,43,50,27,46,17,

47,46,16,32,63,53,70,39,54,71,52,69,45,68,60,29,66,67,30,61,27,58,64,44,74,73,42,62,72,41,65,56,
63,47,20,51,28,55,38,21,50,35,59,48,19,23,40,34,
59,55,51,40,37,36,53,54,52,69,45,68,61,60,63,48,70,47,71,24,67,43,50,27,46,26,
46,36,63,43,71,70,67,37,34,55,38,59,48,51,28,40,47,50,31,
50,51,38,20,55,35,59,
32,53,70,54,71,52,69,45,68,60,29,66,63,67,30,61,27,64,44,39,58,74,73,62,72,65,42,56,
46,36,31,48,59,55,51,37,34,71,50,67,70,47,43,63,40,

48,35,50,59,21,38,55,51,
59,55,35,
50,38,59,55,51,
35,33,
40,48,38,55,59,50,34,51,
50,43,67,47,70,71,48,63,46,
33,
50,43,67,47,70,71,48,63,46,
67,63,60,61,68,45,69,52,71,54,70,53,
47,40,48,38,55,59,50,34,51,
70,71,45,44,39,58,66,60,74,73,54,62,72,53,65,64,61,42,68,69,52,56,
67,62,70,71,44,72,61,68,69,52,65,53,64,54,60,45,
59,55,51,37,50,67,70,47,48,71,43,63,40,
67,60,61,68,45,69,52,71,54,70,53,

59,48,50,55,51,

37,50,63,67,70,47,48,71,43,46,
50,63,48,70,67,47,71,43,
59,55,51,
66,60,58,74,73,62,72,65,64,61,68,69,52,53,54,56,
51,50,48,
66,60,58,74,73,62,72,65,64,61,68,69,52,56,
66,60,58,74,73,62,72,65,64,61,68,69,52,54,56,
71,47,67,70,48,63,
72,61,68,69,52,53,64,54,65,60,
71,70,54,53,
70,71,67,63,


62,57,68,72,73,74,66,64,69,58,65,


69,68,61,
54,


64,68,65,72,62,73,74,69,58,
72,73,74,66,68,64,69,65,
74,73,62,69,72,65,68,64,

69,68,

72,68,64,69,65,

69,
69,68,
74,73,72,
71,70,


71,




Past links sets, 




0,1,
2,
3,5,
5,
3,4,5,

8,

0,1,6,
9,
7,
0,1,6,
11,
2,9,
8,
7,12,
12,15,
19,
6,8,
7,12,
2,13,
6,8,
2,13,
13,16,
12,14,
16,
9,16,
0,14,17,6,1,
9,16,
22,25,
17,23,28,
19,20,22,
1,14,13,17,6,
31,36,
15,21,23,28,
9,29,
13,23,28,31,
11,
29,
24,26,37,
29,30,
2,32,27,30,29,
24,11,26,36,
11,28,43,
19,34,40,43,

21,24,40,34,15,37,26,
34,38,40,
27,32,44,39,42,41,
39,44,45,
42,53,
13,38,34,31,20,
39,41,42,
49,
49,56,
13,38,34,31,20,
27,32,44,39,42,41,
2,52,
30,58,
12,27,43,46,
44,57,62,
44,57,62,
39,41,42,57,
27,46,43,32,30,
52,60,65,
52,64,60,65,
45,67,
70,
44,62,66,
58,66,
58,66,
Future links sets, 
31,15,12,4,
36,12,4,15,31,
45,5,61,17,24,26,
8,6,
8,
8,7,6,
31,12,22,15,36,25,
23,19,14,
22,18,25,10,
13,39,17,32,30,

47,46,41,16,
63,19,20,23,28,
55,40,24,59,26,36,27,
36,31,28,
38,50,20,
30,29,32,27,
34,36,31,

48,35,21,
59,55,35,
50,38,
35,33,
40,38,34,
50,46,43,
33,
50,46,43,
67,45,60,52,63,
47,40,38,34,
45,42,44,39,
67,62,45,44,
59,55,40,37,
67,52,60,45,

59,48,50,55,51,

46,37,
50,43,
59,55,51,
66,52,53,56,60,
51,50,48,
60,66,56,52,
66,52,54,56,60,
63,48,67,47,
72,65,52,60,53,64,
70,53,
67,63,


58,57,


69,68,61,
54,


58,
66,65,64,
74,73,62,

69,68,

72,65,64,

69,
69,68,
74,73,72,
70,


71,




Coordinates,
0.500549,1.86625,
1.3194,1.84045,
0.51581,2.28785,
3.9006,2.0557,
0.123889,1.58175,
2.68571,2.14975,
2.95718,1.80873,
3.30747,2.18202,
0.388022,1.20022,
0.0790097,2.93923,
0.00953773,0.833875,
0.0313126,3.1619,
2.1867,1.58378,
1.38573,2.62776,
3.69709,2.19868,
1.59916,1.41408,
0.266624,3.17781,
3.10986,2.28985,
0.296403,0.815426,
1.84719,1.45268,
1.34543,1.22469,
1.79821,1.36177,
0.71184,0.897955,
2.11461,1.43882,
3.11749,2.34137,
0.540625,0.76126,
2.905,2.39092,
1.99841,2.71462,
2.3773,1.39947,
0.894833,3.2751,
1.3701,3.06918,
2.8096,1.46884,
1.96804,2.80954,
0.579416,0.342594,
2.3047,1.24287,
0.833061,0.407448,
3.0629,1.47389,
2.91826,1.41574,
1.8171,0.980651,
1.34418,3.3643,
2.42209,1.2003,
1.14781,3.55912,
1.35768,3.45374,
3.0199,1.36327,
2.06143,3.04385,
2.8698,2.69904,
3.19211,1.38113,
2.76942,1.18035,
2.50024,1.0091,
1.26737,3.88897,
2.33498,0.879671,
1.9755,0.626543,
2.90397,2.94015,
3.48827,2.71222,
3.54183,2.7154,
1.81182,0.293608,
2.16982,3.46772,
1.65928,3.95852,
2.28252,3.50141,
1.76959,0.0156361,
3.15397,3.05757,
3.52663,2.8964,
2.64624,3.41059,
3.16718,0.897514,
3.00635,3.36621,
3.07297,3.32557,
2.60592,3.69259,
3.5511,0.884829,
3.81776,3.05048,
3.90507,3.08817,
3.66136,0.72049,
3.71437,0.56156,
3.62925,3.65594,
3.3525,3.91678,
3.34169,3.92722,
