Storage option,sets
Size,75
Dimension,2
Shape,cube
Spacetime,BlackHole
Past sets, 





1,

1,




0,


5,1,7,
1,7,8,




17,

14,


1,5,
14,
18,19,
11,
14,
11,
24,

18,19,
14,27,

28,19,18,34,
24,25,
14,
19,
19,18,28,
18,19,28,41,
29,11,31,


32,24,25,38,

33,
33,
18,20,
33,
25,33,
29,11,31,
13,11,29,
33,48,
40,18,19,28,41,
20,34,37,18,19,28,41,
34,42,41,28,19,18,40,56,
44,47,33,51,
33,24,25,38,

51,47,44,33,59,
37,56,40,18,28,41,42,34,19,58,

32,33,24,25,38,
40,19,45,
24,48,49,33,25,52,
24,49,33,38,25,52,
24,47,49,51,25,52,48,33,55,
24,49,51,25,52,48,33,55,
45,
61,
34,37,42,41,28,19,18,40,56,

Future sets, 
12,
16,7,15,26,5,



26,15,

16,15,
16,


31,43,53,54,29,

54,
39,30,35,27,23,


21,
50,37,63,34,73,57,56,58,42,41,28,
66,40,37,63,34,73,57,56,58,42,41,28,
57,50,



70,69,67,60,68,38,46,65,32,
67,69,70,46,60,52,65,68,38,

35,
42,58,56,41,57,73,63,37,
54,53,43,

53,43,
65,46,
60,65,52,59,51,62,49,68,55,70,69,67,48,
58,57,73,63,37,


73,63,57,
68,65,60,46,

66,58,63,73,56,
57,56,58,63,73,42,
73,63,58,

62,59,
71,66,

69,62,59,
67,69,70,55,
70,69,68,67,

70,69,62,59,
70,69,68,67,


70,69,
73,63,58,

63,
62,

72,













Past links sets, 





1,

1,




0,


5,7,
7,8,




17,

14,


5,
14,
18,19,
11,
14,
11,
24,

18,19,
27,

28,34,
24,25,
14,
19,
28,
41,
29,31,


32,38,

33,
33,
18,20,
33,
25,33,
29,31,
13,29,
48,
40,41,
20,37,41,
34,42,56,
44,47,51,
33,38,

59,
37,58,

32,33,38,
40,45,
24,48,49,52,
38,49,52,
24,47,49,51,52,55,
24,49,51,52,55,
45,
61,
37,42,56,

Future links sets, 
12,
7,5,



26,15,

16,15,
16,


31,29,

54,
39,30,27,23,


21,
50,34,28,
40,34,28,
57,50,



70,69,67,38,32,
52,38,

35,
41,37,
54,53,43,

53,43,
65,46,
60,65,52,51,49,48,
58,37,


73,63,57,
68,65,60,46,

66,56,
57,56,42,
73,58,

59,
71,66,

69,59,
67,55,
70,69,68,67,

70,69,59,
70,69,68,67,


70,69,
73,58,

63,
62,

72,













0.00637595,1.4635,
0.105862,-1.75389,
0.107715,-0.080373,
0.235372,-0.431022,
0.28546,-0.94205,
0.347884,-1.55473,
0.404807,0.265483,
0.421622,-1.61638,
0.470599,-1.72017,
0.555669,-0.554857,
0.571762,0.24745,
0.648891,-1.97668,
0.691476,1.10103,
0.707391,-1.65399,
0.721062,1.45687,
0.91299,-1.12954,
0.983018,-1.35557,
1.01508,-0.81318,
1.09022,2.48196,
1.3847,2.44888,
1.39425,1.92456,
1.40408,-0.442447,
1.4478,-0.233424,
1.48873,0.802541,
1.50809,-2.17411,
1.61086,-2.14826,
1.61291,-0.4217,
1.64959,0.531263,
1.78467,2.11464,
1.81579,-1.34725,
1.83738,0.732788,
1.92866,-1.38686,
1.94283,-1.78898,
1.97814,-2.41638,
2.03259,1.83664,
2.08917,0.148959,
2.10007,0.803028,
2.11873,1.78448,
2.23222,-1.75511,
2.29106,0.180498,
2.32791,2.18813,
2.47259,1.73475,
2.76404,1.5536,
2.87904,-0.712622,
2.97038,-2.38569,
2.99242,2.46278,
3.01761,-1.16727,
3.05543,-2.27207,
3.11554,-1.88339,
3.12615,-1.68506,
3.13706,0.553725,
3.16799,-2.06488,
3.18395,-1.57525,
3.26711,-0.322897,
3.27994,-0.00711371,
3.45555,-1.69621,
3.56153,1.17961,
3.65795,0.574753,
3.81348,0.992999,
3.84414,-1.74885,
3.87211,-0.868039,
3.97257,-2.39266,
3.97909,-1.64931,
4.06654,0.741615,
4.1241,2.1993,
4.15674,-0.461262,
4.26687,1.47584,
4.27004,-0.804046,
4.41603,-0.526167,
4.42359,-0.921783,
4.4391,-0.814082,
4.62596,1.46239,
4.71643,-1.86449,
4.76919,0.0194958,
4.89075,2.01691,
r_S4
NLambdas_Sized_0,35
Lambda0
2,
Lambda1
3,
Lambda2
4,
Lambda3
6,
Lambda4
9,
Lambda5
10,
Lambda6
12,
Lambda7
15,
Lambda8
16,
Lambda9
21,
Lambda10
22,
Lambda11
23,
Lambda12
26,
Lambda13
30,
Lambda14
35,
Lambda15
36,
Lambda16
39,
Lambda17
43,
Lambda18
46,
Lambda19
50,
Lambda20
53,
Lambda21
54,
Lambda22
57,
Lambda23
60,
Lambda24
62,
Lambda25
63,
Lambda26
65,
Lambda27
66,
Lambda28
67,
Lambda29
68,
Lambda30
69,
Lambda31
70,
Lambda32
71,
Lambda33
72,
Lambda34
73,
