Storage option,sets
Size,100
Dimension,3
Shape,cylinder
Spacetime,BlackHole
Past sets, 









2,




3,


4,


0,3,
















1,0,13,18,
19,

19,




19,





2,4,6,8,
5,12,24,
5,12,
22,26,
19,3,13,0,20,21,
2,6,10,

1,3,0,13,18,



0,3,14,21,
0,1,7,11,

5,12,24,
0,10,3,14,21,25,28,
39,



30,
6,16,31,
1,7,11,18,
6,2,9,10,
5,6,8,15,4,17,
11,1,14,3,13,0,20,
4,5,12,

23,
11,23,26,22,54,


19,40,



7,20,11,37,18,13,0,3,27,1,58,
9,35,2,28,25,21,3,10,0,14,66,

39,


3,25,31,36,10,28,41,2,6,35,9,74,
7,33,29,42,22,26,23,11,54,80,
23,46,39,26,22,54,
19,20,21,73,1,27,7,11,37,18,3,58,0,42,13,23,
25,27,18,1,37,55,3,45,13,0,20,21,19,48,44,69,40,38,
12,26,39,46,5,57,30,71,
8,15,34,9,35,6,41,10,36,74,16,2,31,56,72,43,
Future sets, 
66,88,62,55,58,97,63,37,76,87,96,20,
73,87,96,58,97,76,63,37,
56,51,99,93,88,74,9,
93,55,58,97,87,96,20,62,88,76,66,14,
77,51,75,17,
98,77,75,53,65,52,
75,93,74,72,99,56,51,
94,87,96,73,63,
99,75,51,
88,93,99,74,
93,74,88,66,99,56,
87,94,80,96,73,76,63,
98,77,53,65,52,
55,87,96,58,97,76,37,
76,66,88,62,
99,75,
99,72,
75,
73,87,96,58,97,37,
55,96,83,40,45,97,38,
96,87,76,97,55,
96,66,88,62,97,55,
94,95,80,54,
96,95,94,80,79,
65,52,
97,93,88,66,
98,94,95,80,54,
97,96,87,
93,88,66,
94,
98,71,
93,99,72,

94,
99,
99,93,88,
99,93,
97,96,87,
97,
98,95,90,67,
97,83,
99,93,
96,94,
99,
97,
97,
98,95,

97,





95,94,80,
97,
99,
98,
96,87,







88,


97,

98,
99,
96,
99,93,





94,



















Past links sets, 









2,




3,


4,


0,3,
















1,0,13,18,
19,

19,




19,





2,4,6,8,
5,12,24,
5,12,
22,26,
13,19,20,21,
2,6,10,

1,3,0,13,18,



0,14,21,
0,1,7,11,

5,12,24,
0,10,14,21,25,28,
39,



30,
6,16,31,
1,7,11,18,
6,9,10,
5,6,8,15,17,
11,13,1,14,20,
4,5,12,

23,
11,23,54,


40,



7,20,27,11,37,58,
9,35,66,

39,


3,25,31,36,28,41,35,74,
7,33,29,42,80,
23,39,46,54,
20,23,27,37,42,19,58,21,73,
37,25,38,27,40,44,45,48,55,69,
12,26,39,46,5,57,71,
8,34,36,15,41,43,56,72,35,74,
Future links sets, 
66,62,58,63,37,20,
73,58,76,63,37,
56,51,9,
93,58,20,14,
77,51,17,
98,77,75,53,65,52,
75,74,72,56,51,
94,87,73,63,
99,75,51,
88,74,
74,66,56,
87,80,73,76,63,
98,77,53,65,52,
58,55,76,37,
76,66,62,
99,75,
72,
75,
73,58,37,
96,55,45,40,38,
96,87,76,55,
96,66,62,55,
54,
96,95,80,79,
65,52,
97,93,66,
98,54,
97,96,87,
93,66,
94,
71,
93,72,

94,
99,
99,93,88,
99,93,
97,96,87,
97,
98,95,90,67,
97,83,
99,93,
96,94,
99,
97,
97,
98,95,

97,





95,80,
97,
99,
98,
96,87,







88,


97,

98,
99,
96,
99,93,





94,



















Coordinates,
-11.3065,2.01334,4.81003,
-9.87293,1.98753,4.22089,
-8.76541,1.97533,5.87739,
-7.73761,2.05315,5.16884,
-6.58729,1.89006,0.940419,
-6.46259,2.05766,1.75525,
-6.08837,2.11185,0.0660411,
-6.00375,1.91849,3.45084,
-5.90826,1.80597,0.383323,
-5.10114,1.80258,5.49979,
-4.62916,2.11291,5.72567,
-4.53849,2.15029,3.60511,
-4.4479,2.26434,1.81825,
-4.29982,2.21842,4.60557,
-3.93787,1.64581,4.8451,
-3.8622,2.21177,0.48973,
-3.82978,2.546,0.264789,
-3.78011,1.3639,0.633739,
-3.75681,2.40601,4.15461,
-3.67842,2.66951,4.50009,
-3.66163,1.64116,4.46326,
-3.54413,2.28834,4.84303,
-3.41812,2.21469,3.03922,
-3.40548,2.6217,3.17592,
-3.24737,2.37223,1.26463,
-3.21824,2.4666,5.13299,
-3.18312,2.59325,2.74901,
-3.18131,2.48771,4.05317,
-3.18075,2.42243,5.14369,
-3.05736,1.44963,2.76451,
-3.05276,2.4774,1.69939,
-2.99285,2.40035,6.07579,
-2.85201,2.39659,1.02887,
-2.78114,2.98454,2.96747,
-2.7406,2.31556,0.556853,
-2.72751,2.31837,5.38101,
-2.71984,2.47831,5.61935,
-2.66823,1.65045,4.11897,
-2.62562,2.57182,4.31739,
-2.59041,2.83213,2.41318,
-2.56208,2.64832,4.33595,
-2.54148,2.75564,5.24177,
-2.53507,2.66122,3.36119,
-2.50979,2.85154,6.07833,
-2.48664,2.69847,4.56092,
-2.46392,2.73748,4.46851,
-2.44369,2.79551,2.19915,
-2.41955,2.9927,4.67527,
-2.41065,2.64633,4.70859,
-2.38169,2.96616,3.52598,
-2.35536,2.3756,0.591581,
-2.20543,0.685325,5.85124,
-2.18359,1.52816,1.08026,
-2.1754,0.960582,1.71497,
-2.1271,1.65336,2.6944,
-2.09549,1.59118,4.4048,
-2.07438,1.17177,5.52992,
-2.04783,2.90753,1.91549,
-1.99905,0.978298,3.68007,
-1.98475,2.9371,0.671266,
-1.97716,2.8536,3.20989,
-1.95077,2.90628,0.899362,
-1.89955,1.45156,4.64919,
-1.87794,0.809086,3.10626,
-1.87489,2.89233,2.21412,
-1.80573,1.45513,1.13576,
-1.79668,1.27506,4.79458,
-1.77284,2.73786,2.25431,
-1.75665,2.83397,1.29651,
-1.74455,2.49446,3.78252,
-1.7418,2.60182,4.98496,
-1.6913,2.45868,1.4767,
-1.67838,1.20519,5.91242,
-1.6777,1.52207,3.42638,
-1.62707,1.13733,5.37014,
-1.60779,0.228899,0.039951,
-1.59417,0.241655,3.51156,
-1.58544,0.949168,0.679589,
-1.503,2.46483,1.27097,
-1.41307,2.88402,3.11604,
-1.37315,1.37134,2.65351,
-1.37223,2.99044,3.20706,
-1.36054,2.7628,6.23246,
-1.12589,2.81877,4.24136,
-1.06132,2.99396,5.8375,
-0.992322,2.77922,5.4229,
-0.902688,2.72621,1.45799,
-0.872966,0.504899,3.28761,
-0.869485,1.08677,4.68305,
-0.498449,2.99641,4.68394,
-0.433869,2.83364,2.31536,
-0.377544,2.96051,6.20156,
-0.313447,2.86063,5.32819,
-0.271318,0.625542,4.95746,
-0.219992,0.813935,2.61769,
-0.176166,0.72252,1.81871,
0.00220008,0.401242,3.13539,
0.189572,0.760452,3.70689,
0.417171,0.742207,1.29943,
0.616769,0.364442,5.20928,
