Storage option,sets
Size,100
Dimension,2
Shape,cube
Spacetime,BlackHole
Past sets, 

0,
0,
0,
0,2,
1,0,3,
4,0,2,1,
0,
1,0,2,
0,
0,

1,2,0,4,6,
2,5,0,1,3,

11,
0,9,
9,0,10,
3,5,4,6,8,1,0,2,
2,10,0,9,4,
2,0,1,8,6,4,5,3,18,
3,1,0,5,2,13,
3,1,0,5,2,13,
7,0,3,1,
1,6,19,2,9,10,0,4,
1,6,19,2,9,10,0,4,
3,8,10,12,1,2,0,4,6,
4,6,8,22,0,3,1,5,2,13,21,

4,7,8,22,0,3,1,5,2,13,21,
4,8,22,0,3,1,5,2,13,21,
11,16,2,24,1,6,17,19,9,10,0,4,
7,0,3,1,
14,28,
0,7,
2,14,15,16,17,9,11,0,10,
15,0,11,14,9,
15,0,11,14,9,
6,27,7,4,8,21,22,13,3,0,29,30,1,5,2,
1,14,11,15,16,19,2,9,10,17,0,4,

2,14,15,16,17,9,11,0,10,
5,32,7,0,3,1,23,
0,40,
1,3,0,7,32,
1,4,19,35,2,14,15,16,17,9,11,0,10,
3,0,7,
2,5,32,7,0,3,1,23,
7,0,34,
40,0,43,
9,13,18,5,20,4,26,3,8,10,12,1,2,0,6,
7,34,0,40,
11,33,28,14,15,
18,23,4,21,6,27,7,8,22,5,13,30,3,0,29,38,1,2,
1,4,19,35,41,2,14,15,16,17,9,11,0,10,
12,18,20,6,27,7,4,8,21,22,13,3,0,29,30,1,5,2,
35,41,2,14,15,16,17,9,11,0,10,
3,7,51,0,34,48,40,
23,4,21,6,27,7,8,22,5,13,30,3,0,29,38,1,2,
23,6,27,7,4,8,21,22,13,3,0,29,30,1,5,2,
10,12,18,20,27,1,4,6,8,21,22,0,13,3,5,2,
1,35,19,39,2,4,41,14,15,16,54,17,0,9,11,45,10,
16,17,24,19,25,9,26,50,13,18,1,5,20,3,4,8,10,12,2,0,6,
6,24,45,11,1,35,4,19,14,15,16,17,0,9,10,2,39,
10,12,18,20,6,27,7,4,8,21,22,13,3,0,29,30,1,5,2,
43,7,51,40,0,57,34,48,3,49,
45,11,1,35,4,19,14,15,16,17,0,9,10,2,39,
38,32,59,21,2,23,4,27,8,7,22,3,13,0,29,30,1,5,6,47,
13,22,42,3,2,5,32,7,21,44,47,1,0,23,
13,34,42,44,3,2,5,32,7,47,1,46,0,23,
13,22,34,42,21,44,3,2,5,32,7,47,1,46,0,23,
20,32,12,53,38,18,59,21,2,23,4,6,27,8,7,22,3,13,0,29,30,1,58,5,
6,0,12,10,8,20,5,18,13,4,50,3,26,9,2,25,19,1,24,17,16,62,
2,34,57,23,46,40,51,5,7,0,47,48,1,3,32,44,42,
38,64,18,10,12,20,6,29,27,4,7,30,55,8,21,22,3,0,1,5,2,13,60,
20,12,53,38,18,59,21,2,23,4,6,27,8,7,22,3,13,0,29,30,1,58,5,
9,26,7,29,60,22,3,10,12,18,20,1,27,8,4,6,21,2,0,13,5,30,
17,21,22,24,19,25,9,26,50,13,18,1,5,20,3,4,8,10,12,2,0,6,
42,44,47,13,20,32,3,71,12,53,38,18,30,1,21,2,23,4,6,27,67,8,7,22,59,0,29,58,5,
38,23,64,18,10,12,20,53,6,29,27,4,7,30,55,8,21,22,3,0,1,5,2,13,60,
46,18,53,67,30,23,1,38,44,7,21,58,32,2,3,42,5,22,59,47,13,0,68,4,27,8,29,6,
69,0,46,5,1,42,47,6,7,44,3,2,21,23,34,22,32,13,70,29,68,27,67,38,59,4,8,30,58,
23,74,38,6,18,10,12,20,29,0,27,4,7,30,55,8,21,22,3,64,5,2,1,60,13,53,
13,49,65,43,2,40,34,57,0,23,51,73,32,46,5,47,7,48,42,1,3,44,
38,64,18,10,12,20,6,29,27,4,7,30,55,8,21,22,3,0,1,5,2,13,60,
5,58,1,30,29,0,13,3,22,7,8,27,6,4,23,2,21,59,18,38,55,12,53,20,
49,65,13,69,43,2,40,34,57,0,23,51,73,32,46,5,47,7,48,42,1,3,44,
6,27,44,3,1,42,48,7,47,5,46,32,73,51,23,0,57,34,40,2,43,70,29,13,22,21,69,68,49,8,30,4,
22,86,57,49,65,7,13,42,69,40,43,2,34,5,0,23,51,73,44,32,3,46,47,48,1,83,
18,48,81,7,38,46,5,0,67,32,42,47,6,1,68,44,13,34,69,2,21,23,22,3,70,8,29,27,58,59,4,30,
43,49,30,29,8,4,27,6,44,3,1,42,48,7,47,5,46,32,73,51,23,0,57,34,40,2,70,13,22,21,69,68,59,
12,20,53,18,81,7,38,46,5,0,67,32,42,47,6,1,68,44,80,13,34,69,2,21,23,22,3,70,8,29,27,58,59,4,30,
43,48,51,40,57,81,7,38,46,5,0,67,32,42,47,73,6,1,68,44,13,34,69,2,21,23,22,3,70,8,29,27,58,59,4,30,
12,20,53,18,81,7,38,46,5,0,67,32,42,47,6,1,68,44,80,13,34,69,2,21,23,22,3,70,8,29,27,58,59,4,30,
42,55,47,32,75,20,53,38,18,30,1,21,2,23,4,6,27,67,8,7,22,3,13,12,71,59,0,29,58,5,
18,92,51,43,2,48,7,40,81,57,38,46,5,0,67,32,73,42,1,47,6,68,27,44,3,13,34,69,21,23,22,70,29,8,49,58,59,4,30,
4,27,29,8,70,3,59,22,23,58,21,2,34,13,68,80,6,47,69,32,30,67,0,42,5,46,1,38,44,7,81,18,53,20,12,91,
71,78,4,27,68,29,70,3,44,59,18,22,23,58,21,2,34,96,13,80,6,47,69,32,30,67,0,42,1,5,46,38,7,81,53,12,20,8,91,93,
71,78,48,4,27,68,29,70,3,44,59,18,22,23,58,21,2,34,96,13,80,89,6,47,69,32,30,67,0,42,1,5,46,38,7,81,53,12,20,8,91,93,
20,49,53,80,18,92,51,43,2,48,7,40,81,57,38,46,5,0,67,32,73,42,1,47,89,6,68,27,44,3,13,34,69,21,23,22,70,29,8,58,59,4,30,
Future sets, 
49,43,10,17,16,36,37,9,34,48,51,7,46,57,65,3,19,4,35,56,41,2,1,72,54,45,61,66,39,44,32,23,94,8,79,63,31,24,95,12,83,25,96,26,97,5,76,64,47,73,42,20,91,13,84,30,89,18,86,27,98,69,62,50,88,29,21,92,80,74,77,6,70,82,68,71,87,60,38,90,53,59,55,67,81,22,93,85,99,58,78,75,
54,45,61,66,39,44,32,23,8,63,31,24,12,25,26,5,64,47,73,42,20,79,13,72,83,30,89,86,27,69,62,50,88,29,21,80,74,77,18,70,82,68,71,87,76,60,97,38,90,53,94,59,96,55,67,84,92,81,22,85,91,93,99,58,78,75,98,95,6,
73,47,41,56,35,22,68,70,21,88,69,86,83,13,4,63,30,89,29,45,39,98,66,61,54,6,53,58,38,97,85,26,92,81,67,8,20,79,59,12,71,90,31,87,82,74,27,18,77,76,60,50,94,84,25,72,55,24,78,19,75,62,91,96,64,93,95,80,99,
65,57,46,44,32,26,5,64,47,73,42,20,79,13,72,83,30,89,86,27,69,62,50,88,29,21,80,74,77,18,70,82,23,68,71,87,76,60,97,38,90,53,94,59,96,55,67,84,92,81,22,85,91,93,99,58,78,75,98,95,
30,29,45,39,66,61,54,6,53,58,38,85,92,81,67,20,59,12,90,87,82,74,27,26,18,77,76,60,97,50,94,79,84,25,72,55,71,24,98,78,31,75,62,91,96,64,93,95,89,80,99,63,19,
47,73,42,20,13,83,30,86,69,62,72,50,88,21,74,77,70,29,82,68,27,80,71,18,64,87,76,60,97,90,53,94,59,96,55,67,84,92,81,89,85,91,38,93,99,58,79,78,75,22,98,95,
58,38,92,81,67,59,90,87,82,74,85,26,18,77,76,60,97,94,79,20,50,84,25,55,72,71,12,98,78,75,62,91,96,64,93,95,89,80,99,53,24,31,63,27,
46,51,57,65,48,34,44,32,38,74,55,84,64,76,23,97,59,96,58,95,75,71,79,42,82,85,53,90,67,94,78,83,73,70,99,86,88,68,87,92,89,80,91,93,98,69,81,47,29,
30,26,93,75,98,76,97,79,82,20,87,50,74,71,94,27,85,18,60,91,72,77,53,84,55,96,29,62,99,78,89,64,95,80,90,59,67,81,92,38,58,
50,37,36,77,16,41,72,35,31,19,56,76,39,45,25,62,63,66,24,61,54,17,
64,79,74,84,60,50,41,72,35,77,31,17,54,76,39,82,45,25,62,26,63,66,24,61,56,19,
31,36,61,63,45,39,56,37,54,41,35,52,66,15,
93,96,91,75,78,98,71,64,72,55,50,84,77,26,94,97,60,62,79,76,85,74,82,
83,86,69,62,72,50,88,21,77,70,29,68,27,30,71,64,87,76,60,97,90,53,94,59,96,55,67,84,92,74,81,89,82,85,91,93,99,58,79,38,78,80,75,98,95,22,
41,39,37,35,52,63,66,54,33,56,45,61,36,
52,41,35,54,56,45,63,66,61,39,36,37,
72,41,35,31,54,56,45,63,66,61,62,39,
72,41,35,77,31,54,56,45,63,66,61,62,39,
95,89,80,78,99,93,64,96,55,84,77,72,62,91,85,94,71,74,50,20,79,97,82,53,60,76,98,75,
54,61,66,39,25,24,31,77,63,45,62,72,
99,93,96,55,78,77,72,62,85,94,71,74,50,97,79,84,82,60,76,64,98,75,91,
77,70,68,30,27,64,87,76,60,97,90,53,59,96,67,84,55,92,74,81,89,82,85,91,93,99,79,71,78,94,80,38,75,98,95,58,29,
88,77,70,68,30,27,64,87,76,60,97,90,53,59,96,67,84,55,92,74,81,89,82,85,91,93,99,79,71,78,94,80,38,75,98,95,58,29,
59,58,75,71,79,82,85,53,67,42,94,78,83,73,70,99,86,88,68,97,90,87,95,92,89,80,91,93,96,98,69,81,47,
77,31,62,72,63,
77,72,62,
76,77,50,72,62,
87,64,76,60,90,59,67,96,84,55,74,81,89,92,53,82,85,91,93,99,79,71,78,94,80,38,97,98,75,95,58,
52,33,
87,76,64,90,59,67,96,84,55,74,81,89,92,53,82,85,91,93,99,79,71,78,94,80,38,97,98,75,95,58,
87,76,64,90,59,67,96,84,55,74,81,89,92,53,82,85,91,93,99,79,71,78,94,80,38,97,98,75,95,58,

71,67,47,42,94,78,83,73,44,70,99,86,88,68,97,90,87,95,92,89,80,91,93,96,98,69,81,
52,
70,93,96,97,91,81,69,48,99,65,98,83,87,57,86,73,90,92,95,89,88,51,
54,56,45,63,66,61,


84,74,67,81,89,92,53,85,91,93,82,99,96,79,71,78,94,80,97,98,75,95,58,
63,66,61,
73,43,95,49,88,90,51,87,57,86,99,65,83,92,
56,61,54,
94,78,83,73,70,86,88,68,90,87,95,92,89,80,97,91,99,93,96,98,81,69,
49,95,90,87,86,99,65,88,83,92,
78,83,73,70,86,88,68,90,87,95,92,89,80,97,91,99,93,96,98,81,69,
63,66,61,
80,83,73,69,86,90,87,70,88,81,98,92,91,99,89,97,96,95,93,
83,73,70,86,88,69,87,90,67,94,95,78,92,89,80,97,91,98,81,99,93,96,68,
98,83,87,99,57,86,73,90,92,95,88,65,89,
95,90,87,65,86,99,88,83,
77,72,62,
65,88,95,92,90,73,86,99,87,83,57,

85,91,93,82,99,96,79,71,78,94,80,97,98,75,
61,
94,85,74,79,84,82,

87,99,90,92,95,83,86,88,65,73,
85,95,92,89,75,98,81,97,80,94,78,71,99,93,91,96,
90,85,75,67,94,95,78,92,89,80,97,91,98,81,99,93,96,71,
84,74,79,82,76,

72,

82,84,79,74,
86,88,83,

94,95,92,89,80,91,97,98,78,99,93,96,81,
90,87,95,92,89,80,91,99,93,96,97,98,81,
90,87,88,86,81,92,91,98,99,89,97,96,95,93,
90,87,81,92,91,98,99,89,97,96,95,93,
94,97,98,78,

95,92,90,83,99,88,86,87,
82,
94,


98,97,

99,93,91,96,97,98,
91,98,99,89,97,96,92,95,93,

88,


88,


99,98,

97,98,96,
99,95,
98,97,


98,97,



Past links sets, 

0,
0,
0,
2,
1,3,
1,4,
0,
1,2,
0,
0,

6,
2,5,

11,
9,
9,10,
5,6,8,
4,9,10,
18,
13,
13,
1,3,7,
6,19,
6,19,
3,8,10,12,
8,6,21,22,

4,22,7,21,8,
4,8,21,22,
11,16,17,24,
1,3,7,
14,28,
7,
2,17,16,15,14,
9,14,15,
9,14,15,
27,29,30,
1,14,19,17,16,15,

2,17,16,15,14,
5,23,32,
0,40,
32,
1,19,35,
3,7,
5,23,2,32,
34,
43,
9,13,20,26,
34,40,
15,33,
18,23,38,
19,35,1,41,
12,30,20,29,27,
35,41,
3,48,51,
23,38,
23,27,29,30,
10,20,12,27,
45,39,54,
16,25,24,50,17,
24,39,45,
10,12,30,20,29,27,
49,57,
39,45,
38,47,59,
21,47,42,22,44,
34,47,42,13,46,44,
21,34,47,42,46,22,44,
12,59,58,20,53,32,
62,
42,47,57,46,44,
38,55,60,64,
12,59,58,53,20,
9,60,30,29,26,
21,17,50,25,24,22,
44,42,67,71,
53,55,60,64,
46,68,58,53,67,
70,58,69,68,67,
53,74,
65,13,73,
38,55,60,64,
55,53,58,59,
65,69,73,
30,27,49,29,73,68,70,69,
22,83,86,
18,48,81,
49,73,68,59,70,69,
12,20,80,81,
43,73,81,
12,20,80,81,
42,75,55,71,67,
18,49,92,
91,
78,93,96,
89,78,93,96,
20,92,89,49,80,
Future links sets, 
43,10,9,1,2,7,3,
54,32,5,39,6,8,45,23,
47,4,41,8,13,35,
57,46,5,23,26,32,
30,29,19,6,
47,42,18,13,
27,12,18,24,25,
46,29,23,34,32,
30,26,27,18,29,
76,37,16,36,50,17,19,
64,17,19,26,60,
31,15,
91,26,55,93,71,60,75,64,
21,22,83,50,69,
41,39,33,35,36,37,
52,41,35,36,37,39,
62,31,41,35,39,
77,62,31,41,35,39,
89,53,95,20,
54,24,39,25,45,
91,50,99,55,93,71,60,75,64,
77,70,27,29,30,68,
88,77,70,27,29,30,68,
59,42,53,47,58,
63,77,62,31,
77,62,
76,50,
87,64,55,38,60,59,
33,
87,76,38,55,59,64,
87,76,38,55,59,64,

71,44,47,42,
52,
70,69,51,48,
56,54,45,


84,53,58,67,74,
63,66,61,
51,43,
56,54,
94,78,68,73,69,70,
92,49,
78,68,73,69,70,
63,66,61,
73,80,70,69,
73,67,68,69,70,
89,57,
99,90,95,65,87,
77,62,
57,

85,82,71,75,80,79,
61,
94,79,84,74,85,

73,65,
85,71,81,75,80,
90,67,71,75,85,
76,84,79,74,

72,

84,79,74,
86,83,

94,81,80,78,
87,81,90,80,
90,87,86,81,
90,87,81,
94,78,

92,83,86,87,90,
82,
94,


98,97,

99,93,91,
93,92,91,89,

88,


88,


99,98,

96,
99,95,
98,97,


98,97,



Coordinates,
0.0904873,1.96314,
0.252443,1.71002,
0.210056,1.6559,
0.416248,1.81785,
0.233201,1.44335,
0.445041,1.65467,
0.328184,1.39335,
0.874713,1.898,
0.408084,1.40915,
0.0989872,1.04088,
0.18145,1.1166,
0.0269144,0.940241,
0.360476,1.26048,
0.601585,1.48311,
0.00753984,0.874204,
0.0694792,0.856398,
0.152961,0.920074,
0.194487,0.904157,
0.554731,1.25947,
0.241814,0.942337,
0.566357,1.20804,
0.7464,1.34545,
0.760901,1.34364,
1.04157,1.60052,
0.33625,0.859236,
0.358339,0.85515,
0.431746,0.87825,
0.822509,1.26724,
0.0023121,0.445003,
0.883317,1.27672,
0.867704,1.26028,
0.348305,0.665194,
1.28488,1.60113,
0.025711,0.326471,
1.54754,1.8405,
0.230372,0.508318,
0.14734,0.37142,
0.11731,0.339054,
0.946173,1.16404,
0.291294,0.504478,
1.7472,1.94804,
0.21176,0.407029,
1.35866,1.53356,
1.80694,1.93575,
1.44046,1.56215,
0.288469,0.384726,
1.49205,1.58692,
1.31144,1.39577,
1.70939,1.78669,
1.81418,1.88237,
0.633075,0.655656,
1.7712,1.79299,
0.080488,0.0982019,
1.04161,1.0444,
0.268498,0.258002,
0.937577,0.908389,
0.231265,0.162843,
1.80362,1.72853,
1.15861,1.06633,
1.21859,1.09909,
0.842905,0.716264,
0.293081,0.0935441,
0.657006,0.449301,
0.346878,0.13437,
0.90879,0.684204,
1.86594,1.61911,
0.321457,0.0558645,
1.33803,0.988612,
1.48271,1.10585,
1.59863,1.20624,
1.55826,1.08483,
1.30814,0.81104,
0.736629,0.203838,
1.80461,1.26216,
1.00739,0.442056,
1.28328,0.690372,
0.893014,0.264514,
0.780093,0.132438,
1.45884,0.683129,
1.10265,0.313846,
1.54256,0.715605,
1.62407,0.772897,
1.09214,0.195155,
1.97431,1.07257,
1.00529,0.0736094,
1.22561,0.260519,
1.97082,0.922893,
1.85135,0.780207,
1.99474,0.86327,
1.73219,0.556943,
1.84068,0.646316,
1.67458,0.464791,
1.81143,0.5761,
1.66302,0.423144,
1.38703,0.083482,
1.83354,0.527551,
1.69219,0.384775,
1.70211,0.258899,
1.74574,0.182585,
1.81575,0.117396,
