Storage option,sets
Size,100
Dimension,2
Shape,cube
Spacetime,BlackHole
Past sets, 

0,
0,
0,
0,2,
3,0,2,1,
4,0,2,1,
0,3,
4,0,2,1,
0,
0,

1,2,0,4,6,
5,3,0,2,1,4,

11,14,
0,9,11,
10,16,11,0,9,
3,5,8,12,1,2,0,4,6,
2,10,0,9,4,
6,4,0,2,1,12,8,5,3,18,
6,13,2,5,3,0,1,4,8,
8,4,1,0,3,5,2,13,6,21,
1,2,7,0,5,3,
1,6,11,16,19,2,9,10,17,0,4,
0,4,17,10,9,2,16,19,6,1,11,24,
3,4,0,17,10,9,2,19,16,11,12,1,6,8,
12,22,8,21,4,1,0,13,3,5,18,2,6,

7,12,22,8,21,4,1,0,13,3,5,18,2,6,
6,2,3,13,0,18,1,4,21,8,5,22,12,27,
14,15,24,11,1,6,19,16,2,9,10,17,4,0,
4,1,2,13,7,23,0,5,3,
14,28,
1,2,7,0,5,3,
2,14,15,10,16,9,11,17,0,
15,0,11,14,9,
9,28,15,0,11,14,
20,7,30,13,6,2,3,0,18,1,4,21,8,5,22,12,29,27,
1,14,15,11,16,19,2,9,10,17,0,4,
1,7,2,0,3,
2,14,15,10,16,9,11,17,0,
6,8,32,4,1,2,13,7,23,0,5,3,
5,40,1,7,0,2,3,
6,8,32,4,1,2,13,7,23,0,5,3,
1,4,19,35,2,14,15,10,16,9,11,0,17,
8,32,4,1,2,13,7,23,0,5,3,
21,6,8,22,32,4,1,2,13,7,23,0,5,3,
3,5,0,7,2,1,34,
43,5,40,7,1,34,0,2,3,
13,14,15,18,5,20,24,26,9,3,4,0,17,10,2,19,16,11,12,1,6,8,25,
3,5,0,7,40,48,2,1,34,
11,33,28,14,15,
9,10,38,20,7,30,13,6,29,2,3,0,23,18,1,4,27,21,8,5,22,12,
1,4,19,35,41,2,14,15,10,16,9,11,0,17,
9,10,19,20,7,30,13,6,2,3,0,18,1,4,21,8,5,22,12,29,27,
17,0,11,9,16,10,15,14,37,2,41,28,36,35,
4,7,40,3,51,5,23,0,48,2,1,34,
9,10,38,20,7,30,13,6,29,2,3,0,23,18,1,4,27,21,8,5,22,12,
10,38,20,7,30,13,6,29,2,3,0,23,18,1,4,27,21,8,5,22,12,
14,15,20,24,25,11,16,19,9,10,17,27,12,22,5,8,21,4,1,18,0,13,3,2,6,26,
36,1,35,19,39,2,4,41,14,15,10,16,9,11,45,0,54,17,
50,13,14,15,18,5,20,24,26,9,3,4,0,17,10,2,31,19,16,11,12,1,6,8,25,
6,24,45,11,1,35,19,39,2,14,15,10,16,9,0,17,4,41,
7,29,2,14,15,20,24,25,11,16,19,9,10,17,27,12,22,5,8,21,4,60,1,30,18,0,13,3,6,26,
13,32,8,46,6,43,57,23,4,44,7,40,3,51,0,34,42,5,48,2,1,49,
36,1,35,19,39,2,4,41,14,15,10,16,9,11,45,0,54,17,
32,47,12,59,22,5,8,21,27,4,1,18,23,0,3,2,29,6,53,30,7,20,38,10,13,58,9,
42,44,32,13,10,38,20,7,30,6,29,2,3,47,0,23,18,1,4,27,21,8,5,22,59,12,
10,34,27,29,12,18,30,20,46,3,0,7,44,2,1,38,32,5,42,22,8,23,6,4,21,13,47,
34,68,10,42,13,44,32,3,38,20,7,30,1,6,29,59,0,2,47,18,23,4,27,21,8,5,22,12,46,
11,16,17,32,12,59,22,5,8,55,21,27,4,1,18,23,0,3,2,29,6,53,30,7,20,38,10,13,58,9,19,
25,8,6,1,12,11,16,19,31,2,10,17,0,3,9,26,24,20,5,18,15,14,13,50,4,62,
20,29,27,12,18,47,1,2,48,5,42,34,0,51,3,40,7,44,4,23,57,21,6,8,22,32,13,46,30,
38,50,64,27,7,29,2,14,15,20,24,25,11,16,19,9,10,17,12,22,5,8,21,4,60,1,30,18,55,0,13,3,6,26,
14,24,25,11,16,17,26,12,59,22,5,8,55,21,27,4,1,18,23,0,3,2,29,6,53,30,7,20,38,10,13,58,9,19,
7,29,30,31,2,14,15,20,24,25,11,16,19,9,10,17,27,12,22,5,8,21,50,4,60,1,18,0,13,3,6,26,
21,4,50,13,14,15,18,5,20,24,26,9,62,3,0,17,10,2,31,19,16,11,12,1,6,8,25,22,
14,24,25,26,42,44,47,71,11,16,53,17,32,12,59,22,5,8,55,18,21,58,27,4,1,38,23,0,3,2,29,6,30,67,7,20,10,13,9,19,
23,74,0,38,1,50,13,64,27,7,29,2,14,15,20,24,25,11,16,53,19,9,10,17,12,22,5,8,21,4,60,30,18,55,3,6,26,
26,46,67,47,44,42,71,11,16,53,17,32,12,59,22,5,8,55,18,21,58,27,4,1,38,23,0,3,2,29,6,30,7,20,10,13,9,19,68,
11,16,17,19,55,9,58,53,8,34,70,3,6,10,42,13,44,32,68,1,38,7,20,30,29,59,67,0,69,2,47,18,23,4,27,21,5,22,12,46,
31,23,74,0,38,1,50,13,64,27,7,29,2,14,15,20,24,25,11,16,53,19,9,10,17,12,22,5,8,21,4,60,30,18,55,3,6,26,
9,58,49,43,65,59,38,10,42,20,51,29,27,12,18,47,68,1,32,69,2,48,5,34,70,3,0,40,7,44,13,4,23,57,21,73,6,8,22,46,30,
31,38,50,64,27,7,29,2,14,15,20,24,25,11,16,19,9,10,17,12,22,5,8,21,4,60,1,30,18,55,0,13,3,6,26,
50,53,55,58,23,38,64,27,7,29,2,14,15,20,24,25,11,16,19,9,10,17,12,22,59,5,8,21,4,60,1,30,18,0,13,3,6,26,
49,43,65,9,58,53,59,38,10,42,20,51,29,27,12,18,47,68,1,32,69,2,48,5,34,70,3,67,0,40,7,44,13,4,23,57,21,73,6,8,22,46,30,
11,16,43,49,19,55,9,58,53,59,38,10,42,20,51,29,27,12,18,47,68,1,32,69,2,48,5,34,70,3,67,0,40,7,44,13,4,23,57,21,73,6,8,22,46,30,
86,49,2,43,65,18,9,58,53,6,59,12,38,10,57,42,20,67,51,4,29,27,47,0,68,21,1,48,32,69,22,5,34,70,23,3,40,7,44,13,73,8,46,30,83,
48,75,25,24,14,78,71,26,81,38,11,16,59,17,19,55,12,9,58,53,10,8,34,70,27,3,46,6,42,13,44,1,32,68,7,20,30,29,67,0,69,2,47,4,18,23,21,5,22,80,
26,43,49,71,57,40,51,48,81,38,11,16,59,17,19,55,12,9,58,53,10,8,34,70,27,3,46,6,42,13,44,1,32,68,7,20,30,73,29,67,0,69,2,47,4,18,23,21,5,22,
15,75,25,24,14,78,71,26,81,38,11,16,59,17,19,55,12,9,58,53,10,8,34,70,27,3,46,6,42,13,44,1,32,68,7,20,30,29,67,0,69,2,47,4,18,23,21,5,22,80,
43,57,40,51,48,73,25,24,14,78,71,26,81,38,11,16,59,17,19,55,12,9,58,53,10,8,34,70,27,3,46,6,42,13,44,1,32,68,7,20,30,29,67,0,69,2,47,4,18,23,21,5,22,80,
15,60,75,25,24,14,78,71,26,81,38,11,16,59,17,19,55,12,9,58,53,10,8,34,70,27,3,46,6,42,13,44,1,32,68,7,20,30,29,67,0,69,2,47,4,18,23,21,5,22,80,
42,50,60,15,64,47,67,32,75,1,38,14,24,25,11,16,53,17,26,12,59,22,5,8,55,18,21,58,27,4,23,0,3,2,29,6,30,7,20,10,13,9,19,71,
92,43,57,40,51,48,73,14,25,24,78,19,71,12,26,81,22,38,11,70,16,59,0,17,55,9,68,58,53,10,69,8,67,34,27,3,46,6,42,13,44,1,32,7,20,30,29,2,47,4,18,23,21,80,5,49,
91,93,15,68,60,7,75,22,25,78,24,14,67,71,18,26,81,38,11,16,69,59,6,17,70,19,55,2,12,9,58,5,53,0,10,8,34,27,80,3,46,42,13,44,1,32,20,30,29,47,4,23,21,
96,91,32,93,34,15,68,9,60,1,7,75,16,22,81,25,78,19,24,14,67,8,71,12,18,26,38,11,70,69,10,59,0,6,17,55,2,58,5,64,53,27,80,21,3,46,42,13,44,20,30,29,47,4,23,
64,48,96,91,32,93,34,15,68,9,60,1,7,75,16,22,81,25,78,19,24,14,67,8,71,12,18,26,38,11,70,69,10,59,0,6,17,55,2,58,5,53,27,80,21,3,46,42,13,44,20,30,89,29,47,4,23,
49,64,89,73,48,51,40,57,43,96,91,32,93,34,15,68,9,60,1,7,75,16,22,81,25,78,19,24,14,67,8,71,12,18,26,38,11,70,69,10,59,0,6,17,55,2,58,5,53,27,80,21,3,46,42,13,44,20,30,29,47,4,23,92,
Future sets, 
10,17,16,36,37,9,7,3,19,4,35,56,41,1,84,54,45,40,61,66,39,8,91,26,12,95,24,63,31,25,5,88,72,43,48,51,49,34,57,23,90,20,87,13,96,80,62,50,44,65,42,46,21,68,60,93,92,98,32,99,89,6,22,30,97,38,78,81,29,58,86,27,94,67,82,53,83,55,59,70,75,79,85,2,18,64,73,71,74,76,47,77,69,
54,45,40,61,66,39,8,26,12,24,63,31,25,5,72,43,48,51,49,34,57,23,90,20,87,13,80,62,50,44,65,42,46,21,88,68,60,93,92,98,91,32,99,89,22,30,97,38,78,81,29,96,95,58,86,27,94,67,82,53,83,55,59,70,84,75,79,85,18,64,73,6,71,74,76,47,77,69,
41,40,56,35,23,34,49,51,48,43,5,4,77,57,54,45,61,66,39,19,92,32,13,86,46,8,81,6,79,67,44,65,42,25,98,31,63,24,97,85,12,22,95,83,47,73,18,91,71,29,90,82,21,94,30,20,93,64,60,55,72,62,76,38,99,26,75,84,74,27,88,80,69,68,70,59,96,53,87,50,58,78,89,
26,40,5,72,43,48,51,49,34,57,23,90,20,87,13,80,62,50,44,65,42,46,21,88,68,60,93,92,98,91,32,99,89,22,30,97,38,78,81,29,96,95,58,86,27,94,67,82,53,83,55,59,70,84,75,79,85,18,64,73,71,74,7,76,47,77,69,
57,54,45,61,66,39,19,32,13,46,8,6,67,44,65,42,25,86,31,92,63,24,85,22,83,47,12,73,18,79,71,29,90,82,21,30,91,20,81,64,60,55,72,77,62,76,38,99,75,84,74,27,88,80,69,68,70,59,96,53,26,87,94,50,97,58,95,78,89,98,93,
43,48,51,49,34,57,23,20,13,72,62,50,44,65,42,46,21,80,68,60,93,92,98,91,32,89,30,97,38,78,81,22,88,29,95,99,58,87,86,27,67,82,90,53,83,55,96,59,70,84,75,79,85,64,73,71,74,76,94,47,77,18,69,
44,65,42,25,31,63,24,22,47,12,18,71,29,82,30,83,20,73,67,64,60,55,72,77,62,76,38,91,85,75,84,74,21,27,80,69,68,70,59,96,53,90,79,26,86,94,87,50,97,58,95,88,81,99,78,89,98,92,93,
43,40,48,51,49,34,55,74,84,38,64,76,23,59,58,99,57,98,75,79,82,85,44,53,94,71,67,47,88,78,46,87,42,83,73,32,65,96,68,97,91,86,80,70,29,93,81,69,90,89,92,95,
46,44,65,42,26,22,47,18,71,29,82,30,83,20,73,67,64,60,55,72,77,62,76,38,91,85,75,84,74,21,27,80,69,68,70,59,96,53,90,79,86,94,87,50,97,58,95,88,81,99,78,89,98,92,93,
83,58,88,86,67,53,37,36,55,16,63,87,17,64,60,81,71,24,41,84,61,66,19,45,92,56,99,54,97,50,80,82,35,39,95,89,90,31,78,74,26,85,72,25,94,77,62,91,79,93,76,96,98,75,
69,68,70,59,83,58,88,86,67,53,55,87,19,17,60,81,71,41,84,61,66,45,56,99,54,97,80,24,82,39,63,92,95,89,90,31,74,26,85,72,35,78,94,77,62,91,25,79,50,93,76,96,64,98,75,
75,25,78,26,90,89,92,24,80,71,81,87,52,91,54,98,61,64,93,56,17,96,60,97,99,62,74,37,85,15,94,79,50,76,39,72,35,77,31,82,45,36,63,66,84,41,95,16,
18,71,29,82,30,83,20,73,67,64,60,55,72,77,62,76,38,91,85,75,84,74,27,80,69,68,70,59,96,53,90,79,26,86,94,87,50,97,58,95,88,81,99,78,89,98,92,93,
72,62,50,44,65,42,46,21,68,60,93,92,98,91,89,97,78,80,81,88,95,99,58,87,86,67,82,90,53,83,55,96,59,70,84,75,79,32,85,38,64,73,71,74,27,76,29,94,47,30,77,69,22,
95,92,78,89,52,91,54,98,61,64,93,56,96,60,97,99,62,74,37,85,15,94,79,50,76,39,72,35,77,31,82,45,36,63,66,84,41,33,75,
91,98,64,93,96,60,99,52,74,85,94,79,97,50,76,72,77,31,54,62,39,61,35,82,36,56,45,63,66,84,37,41,
87,17,60,81,71,41,84,61,66,45,56,99,54,97,80,24,82,39,63,92,95,89,90,31,74,26,85,72,35,78,94,77,62,91,25,79,50,93,76,96,64,98,75,
81,71,41,61,66,45,56,54,80,24,82,63,92,95,60,89,90,31,74,26,85,72,35,94,77,62,91,25,84,79,50,76,96,93,64,99,39,98,97,75,78,
29,30,20,67,73,64,60,55,72,77,62,76,38,85,75,84,74,27,69,68,70,59,96,83,53,90,82,79,71,86,94,87,50,97,58,95,88,81,80,99,78,89,91,98,92,93,
71,81,87,78,75,97,98,39,99,64,93,96,76,50,79,84,25,91,62,77,94,72,85,26,74,31,90,89,60,95,92,63,82,24,80,66,61,45,54,55,
73,64,60,55,72,77,62,76,38,75,84,74,69,68,70,59,96,83,53,90,82,85,79,71,67,86,94,87,50,58,95,88,81,80,99,78,97,89,91,98,92,93,
60,93,92,98,91,89,97,78,80,81,88,95,99,58,87,86,67,82,90,53,83,55,96,59,70,84,75,79,85,38,64,73,71,68,74,27,76,29,94,47,30,77,69,22,
77,47,29,27,68,30,71,76,73,64,38,79,75,84,74,69,70,59,96,55,83,53,94,90,82,85,67,86,87,58,99,95,88,81,80,78,97,89,91,98,92,93,60,
59,58,57,75,79,82,85,53,94,71,67,98,47,78,46,42,73,65,96,44,68,32,99,97,91,88,86,83,80,70,93,87,81,69,90,89,92,95,
63,95,92,60,89,31,74,85,72,94,77,62,91,25,84,82,79,50,76,96,93,64,99,98,97,75,78,
95,92,60,89,74,85,72,94,77,62,91,84,82,79,50,76,96,93,64,99,98,97,75,78,
90,80,95,92,60,89,74,85,72,94,77,62,91,84,82,79,50,76,96,93,64,99,98,97,75,78,
30,71,76,73,64,38,79,75,84,74,69,68,70,59,96,55,83,53,94,90,82,85,67,86,87,58,99,95,88,81,80,78,97,89,91,98,92,93,60,
56,37,52,33,
76,73,64,38,75,84,74,69,68,70,59,96,83,53,90,82,85,79,71,67,86,94,87,58,95,88,81,80,99,78,97,89,91,98,92,55,93,
76,73,64,38,75,84,74,69,68,70,59,96,83,53,90,82,85,79,71,67,86,94,87,58,95,88,81,80,99,78,97,89,91,98,92,55,93,
82,84,62,77,72,76,
71,67,47,46,42,94,65,78,73,44,68,97,91,88,86,83,80,70,99,93,87,81,98,69,90,89,96,92,95,
52,
57,86,49,83,87,92,95,88,51,73,90,89,98,99,65,48,69,81,91,97,96,93,70,
54,56,45,63,66,61,
66,61,56,
56,
84,74,69,68,70,59,83,53,82,85,79,75,71,67,96,86,94,87,58,88,90,81,80,99,78,97,89,91,98,92,95,93,
63,66,61,
73,43,95,49,88,90,51,87,57,86,99,65,83,92,
63,54,66,61,56,
94,78,73,68,91,65,88,86,83,80,70,93,87,81,98,90,99,89,97,96,92,69,95,
49,95,90,87,86,99,65,88,83,92,
78,73,68,91,65,88,86,83,80,70,93,87,81,98,90,99,89,97,96,92,69,95,
63,66,61,
80,73,69,92,65,88,86,83,87,81,90,98,99,89,91,97,96,95,93,70,
73,69,83,70,68,67,86,94,87,88,90,81,80,99,78,97,89,91,98,96,92,95,93,
98,89,51,90,65,88,95,92,73,99,87,83,86,57,
95,90,87,65,86,99,88,83,
76,79,82,84,62,77,94,72,85,74,
65,88,95,92,90,73,86,99,87,83,57,

85,82,79,75,71,67,86,94,87,88,90,81,80,99,78,97,89,91,98,96,92,95,93,
66,61,
87,85,84,81,75,79,82,71,94,90,80,97,78,95,89,91,74,98,99,96,92,93,

87,99,90,92,95,83,86,88,65,73,
85,83,75,71,67,86,94,87,88,90,81,80,99,78,97,89,91,98,96,92,95,93,
85,75,71,83,70,68,67,86,94,87,88,90,81,80,99,78,97,89,91,98,96,92,95,93,
96,93,64,76,99,98,94,85,97,74,79,84,82,

77,72,

99,98,97,94,85,74,79,84,82,
86,88,83,

94,87,88,86,90,81,80,78,89,91,98,99,97,96,92,95,93,
80,70,87,86,88,81,98,90,99,89,91,97,96,83,92,95,93,
87,86,88,81,90,98,99,89,91,97,96,83,92,95,93,
87,86,88,81,90,98,99,89,91,97,96,83,92,95,93,
94,90,80,78,89,91,98,99,97,96,92,95,93,

95,92,90,83,99,88,86,87,
82,79,
94,91,98,99,89,97,96,93,


91,98,99,89,97,96,92,95,93,

91,98,99,89,97,96,92,95,93,
90,98,99,89,91,97,96,92,95,93,

88,


88,


99,98,

97,98,99,96,
99,95,
97,98,99,96,


99,98,97,



Past links sets, 

0,
0,
0,
2,
1,2,3,
1,4,
3,
1,4,
0,
0,

6,
4,5,

11,14,
9,11,
10,16,
5,8,12,
4,9,10,
18,
6,8,13,
21,
5,7,
6,17,19,
24,
3,17,12,19,8,
18,22,

18,7,22,
27,
15,24,
13,23,
14,28,
5,7,
15,2,17,
9,15,
9,15,28,
29,20,30,
1,15,17,19,
1,2,7,
15,2,17,
6,8,32,
5,40,
6,8,32,
1,19,35,
8,32,
22,32,
34,
34,43,
13,25,20,26,15,
40,48,
15,33,
9,10,23,38,
19,35,1,41,
19,29,20,30,
35,37,36,41,
4,23,51,
9,10,23,38,
10,23,38,
27,15,26,25,20,
36,45,39,54,
31,50,
24,39,41,45,
29,30,60,
42,49,44,57,46,
36,45,39,54,
47,53,58,59,
42,47,44,59,
10,34,38,47,42,46,44,
34,46,68,
17,32,59,58,53,55,
62,
29,30,20,42,47,57,46,44,
38,50,55,64,
26,59,14,25,58,53,55,
29,60,50,30,31,
22,62,
14,25,26,71,67,42,44,
53,74,
26,71,46,68,67,
17,70,55,69,67,
31,53,74,
73,70,65,58,69,
31,64,55,50,38,
50,53,64,59,58,55,
65,73,70,69,67,
16,49,55,73,70,69,67,
83,86,
48,81,80,75,78,
26,81,73,71,49,
15,81,80,75,78,
43,81,80,78,73,
60,81,80,75,78,
50,71,67,42,75,64,
49,92,
91,93,
64,96,
64,89,96,
49,96,92,89,64,
Future links sets, 
10,1,2,3,9,
54,45,40,5,8,6,39,
41,4,5,35,40,
26,7,5,
6,57,13,8,19,
43,13,18,23,34,
44,12,42,21,24,
40,34,29,23,
46,44,18,21,26,42,
53,16,58,36,19,37,
59,17,19,53,69,58,
16,15,
26,18,
50,32,21,
78,33,75,15,
60,52,41,50,39,31,91,36,35,37,
87,17,
71,41,39,81,26,24,35,
29,27,20,
55,54,24,39,26,45,
73,50,55,38,60,
22,
29,77,47,27,
59,32,57,53,58,
63,31,25,
78,75,60,50,
90,80,50,60,75,78,
60,30,
37,33,
76,38,73,55,64,
76,38,73,55,64,
84,76,82,62,
71,42,47,44,46,
52,
70,69,49,48,
56,54,45,
66,61,56,
56,
84,74,53,59,58,69,
63,66,61,
51,43,
63,56,54,
94,78,65,68,73,69,
92,49,
78,65,68,73,69,
63,66,61,
65,70,80,69,73,
69,73,68,67,
89,51,
99,90,95,65,87,
94,85,74,62,84,76,
57,

85,67,82,71,75,79,
66,61,
87,84,71,81,85,74,75,

73,65,
85,67,71,75,83,
85,67,68,71,75,
93,76,64,

77,72,

99,98,97,84,94,74,85,
86,83,

94,87,78,80,81,86,
80,70,
87,83,86,81,
87,83,86,81,
94,90,80,78,

92,83,86,87,90,
82,79,
93,91,94,89,


93,92,91,89,

93,92,91,89,
93,89,90,91,92,

88,


88,


99,98,

96,
99,95,
96,


99,98,97,



Coordinates,
0.180975,3.92627,
0.504887,3.42004,
0.420111,3.31181,
0.832496,3.63569,
0.466403,2.8867,
0.890083,3.30934,
0.656368,2.78671,
1.74943,3.79601,
0.816167,2.8183,
0.197974,2.08177,
0.362899,2.2332,
0.0538288,1.88048,
0.720952,2.52095,
1.20317,2.96623,
0.0150797,1.74841,
0.138958,1.7128,
0.305922,1.84015,
0.388974,1.80831,
1.10946,2.51895,
0.483628,1.88467,
1.13271,2.41608,
1.4928,2.69089,
1.5218,2.68729,
2.08315,3.20104,
0.6725,1.71847,
0.716679,1.7103,
0.863492,1.7565,
1.64502,2.53449,
0.00462421,0.890005,
1.76663,2.55344,
1.73541,2.52055,
0.696611,1.33039,
2.56977,3.20225,
0.0514219,0.652943,
3.09508,3.68101,
0.460744,1.01664,
0.29468,0.742841,
0.234621,0.678108,
1.89235,2.32807,
0.582588,1.00896,
3.4944,3.89608,
0.42352,0.814057,
2.71732,3.06712,
3.61388,3.8715,
2.88092,3.12431,
0.576938,0.769453,
2.9841,3.17384,
2.62289,2.79154,
3.41878,3.57337,
3.62835,3.76473,
1.26615,1.31131,
3.5424,3.58597,
0.160976,0.196404,
2.08322,2.0888,
0.536995,0.516004,
1.87515,1.81678,
0.462529,0.325686,
3.60724,3.45706,
2.31721,2.13267,
2.43718,2.19818,
1.68581,1.43253,
0.586162,0.187088,
1.31401,0.898603,
0.693756,0.268741,
1.81758,1.36841,
3.73189,3.23822,
0.642915,0.111729,
2.67607,1.97722,
2.96543,2.2117,
3.19727,2.41247,
3.11652,2.16967,
2.61628,1.62208,
1.47326,0.407677,
3.60922,2.52432,
2.01479,0.884112,
2.56657,1.38074,
1.78603,0.529028,
1.56019,0.264877,
2.91767,1.36626,
2.2053,0.627691,
3.08512,1.43121,
3.24815,1.54579,
2.18428,0.39031,
3.94863,2.14513,
2.01058,0.147219,
2.45122,0.521039,
3.94165,1.84579,
3.7027,1.56041,
3.98947,1.72654,
3.46439,1.11389,
3.68135,1.29263,
3.34915,0.929581,
3.62286,1.1522,
3.32604,0.846289,
2.77407,0.166964,
3.66708,1.0551,
3.38438,0.76955,
3.40422,0.517799,
3.49147,0.365169,
3.63149,0.234792,
