Storage option,sets
Size,50
Dimension,2
Shape,cube
Spacetime,BlackHole
Past sets, 



1,




2,1,3,
4,
2,1,3,5,
6,
5,8,3,2,1,
5,8,3,2,1,
7,
2,5,1,6,
7,6,11,
6,5,1,2,3,10,
1,2,3,8,
10,12,13,5,8,1,3,2,
15,1,2,5,6,3,
0,7,4,9,
17,6,5,1,2,3,10,8,
6,11,7,14,
10,12,5,18,1,8,2,3,13,
3,5,2,13,1,12,10,8,19,
18,3,5,25,2,13,24,1,12,10,8,19,
8,11,10,20,15,1,2,5,6,17,3,
10,12,24,13,19,2,8,25,5,3,1,18,26,
7,20,15,1,2,5,6,3,11,10,
10,12,5,18,1,8,2,3,13,
5,18,1,8,2,3,13,
10,12,24,13,19,2,8,25,5,3,1,18,26,
6,19,8,10,12,1,13,2,5,3,17,
8,16,29,3,7,20,15,2,1,5,6,11,10,17,
10,12,5,18,1,8,2,3,13,
5,18,1,8,2,3,13,
12,13,22,27,1,8,11,10,20,15,2,5,6,17,3,
5,18,1,12,31,8,2,13,3,
5,18,1,12,31,8,2,13,3,
0,4,9,1,5,2,15,16,23,6,11,7,14,
14,29,3,16,7,20,15,2,1,5,6,11,10,
7,12,13,22,27,1,8,11,10,20,15,2,5,6,17,3,
16,7,12,13,22,3,27,8,42,1,20,11,10,29,15,2,5,6,17,
15,20,22,24,25,18,26,33,6,19,8,10,12,1,13,2,5,3,17,
4,9,16,14,0,29,3,7,20,15,2,1,5,6,11,10,23,
19,33,37,20,3,12,13,22,5,27,10,1,8,11,15,2,6,17,
19,34,43,20,16,7,12,13,22,3,27,8,42,1,11,10,29,6,15,2,5,17,37,
15,20,22,17,3,32,5,2,13,1,12,10,8,19,6,33,24,25,18,26,28,
6,28,30,26,25,19,24,3,13,36,2,8,31,12,35,1,18,5,39,38,10,32,
Future sets, 
45,40,21,
40,3,20,17,29,45,8,41,10,47,37,34,27,22,18,31,36,12,49,35,43,42,13,19,48,39,38,30,32,24,46,33,25,26,28,44,15,
20,40,15,17,29,45,41,10,8,37,34,27,22,18,47,31,36,12,35,43,42,13,19,48,39,38,30,32,24,46,33,25,26,49,28,44,
20,17,29,45,41,10,8,37,34,27,22,18,47,31,36,12,35,43,42,13,19,48,39,38,30,32,24,46,33,25,26,49,28,44,
21,40,45,9,
20,40,15,31,36,13,38,39,10,35,30,41,12,45,29,24,28,49,26,25,32,43,34,47,33,17,46,22,19,48,44,37,42,27,
49,22,33,17,20,44,48,11,45,29,46,42,37,16,27,43,34,23,40,47,41,15,
42,29,21,47,34,43,14,41,45,40,23,16,
34,27,22,18,31,36,12,35,43,42,19,39,38,37,30,32,47,24,46,33,25,48,26,49,28,44,13,
45,40,21,
35,30,41,45,29,24,28,49,26,25,32,43,34,47,33,17,46,22,19,48,44,37,42,27,
29,42,37,16,27,43,45,34,46,23,47,40,41,
43,42,39,38,37,35,30,32,47,46,33,25,19,48,26,49,28,44,24,
43,42,37,36,35,38,39,31,30,32,47,46,33,25,19,48,26,49,28,44,24,
41,40,45,23,
40,46,29,42,47,43,27,44,45,34,41,48,37,20,
43,45,34,47,40,41,
34,33,22,44,43,48,37,47,42,46,27,
36,35,38,39,24,32,48,26,49,28,44,30,31,
47,46,32,25,48,26,49,28,44,33,
48,41,34,45,44,27,43,37,47,42,29,46,

44,43,48,37,47,42,46,
45,40,
32,48,49,28,44,26,
32,48,49,28,44,26,
44,28,48,49,32,
43,37,47,42,46,
49,48,
45,34,47,41,43,
49,
39,49,38,
49,48,
48,46,44,
47,
49,
49,
47,46,
49,
49,


47,43,
47,






Past links sets, 



1,




2,3,
4,
2,3,5,
6,
5,8,
5,8,
7,
2,5,1,6,
7,11,
6,10,
8,
10,12,13,
3,15,
0,7,9,
8,17,
11,14,
10,12,13,18,
19,
24,25,
8,11,17,20,
26,
7,11,10,20,
10,12,13,18,
13,18,
26,
17,19,
8,16,17,29,
10,12,13,18,
13,18,
13,12,22,27,
12,31,
12,31,
0,23,16,15,9,
16,14,29,
7,27,22,12,13,
16,29,42,
20,22,26,33,
0,29,9,23,16,
33,37,
19,34,37,43,
20,28,32,33,22,
30,32,6,28,39,38,36,35,
Future links sets, 
45,40,21,
15,3,
15,10,8,
20,10,8,
9,
13,12,15,10,
49,17,15,11,
42,14,29,16,21,
27,34,12,22,13,18,
45,40,21,
17,30,19,35,24,29,
29,27,23,16,
42,39,38,37,19,30,24,35,
37,36,35,24,19,30,42,31,
41,23,
40,20,
45,34,40,41,43,
34,33,27,22,
36,30,24,35,31,
47,33,25,
48,44,29,27,

48,44,42,37,
45,40,
26,
26,
44,32,28,
42,37,
49,48,
45,43,41,34,
49,
39,38,
49,48,
48,46,44,
47,
49,
49,
47,46,
49,
49,


43,
47,






Coordinates,
0.0119222,0.70195,
0.0391407,4.40828,
0.0987622,4.19063,
0.154861,4.43887,
0.333281,1.01928,
0.370503,3.82863,
0.485028,2.92671,
0.72427,1.97719,
0.8898,4.4489,
1.11854,0.900613,
1.43476,3.62996,
1.64925,2.21198,
1.68022,3.99014,
1.68179,4.26324,
1.71263,1.58421,
2.0741,2.49801,
2.24776,1.76967,
2.26478,2.98866,
2.30899,4.56992,
2.46937,3.67404,
2.57679,2.46005,
2.64326,0.625687,
2.85315,2.73337,
2.91872,1.04133,
2.97162,3.95897,
3.02762,3.82196,
3.1253,3.83647,
3.2574,2.27137,
3.3078,3.69648,
3.35714,1.79852,
3.46178,4.20537,
3.512,4.77219,
3.58725,3.80481,
3.63125,2.88087,
3.64783,1.73217,
3.75794,4.37676,
3.77488,4.94814,
3.84121,2.30056,
3.88733,4.61574,
3.89686,4.62136,
3.94247,0.644762,
4.13433,1.09959,
4.17711,1.83605,
4.36033,1.74933,
4.42728,2.56963,
4.53657,0.675781,
4.5767,1.99895,
4.64297,1.6971,
4.87575,2.71228,
4.88134,3.95237,
