Storage option,sets
Size,100
Dimension,2
Shape,cube
Spacetime,BlackHole
Past sets, 


0,
0,
0,
2,0,3,

3,0,4,
4,5,0,2,3,
1,6,
0,1,
4,5,0,2,3,
6,1,9,
2,0,3,
3,10,0,1,4,
9,1,6,12,
9,1,6,12,
0,2,
6,1,9,
0,12,6,9,1,15,
6,7,2,5,8,14,0,3,10,1,4,
7,8,2,5,11,14,0,3,10,1,4,
6,7,2,5,8,14,0,3,10,1,4,
3,17,0,2,13,
7,0,11,2,13,3,4,5,10,1,8,
1,7,0,11,2,13,3,4,5,8,
12,9,15,20,7,6,2,5,8,14,1,0,3,10,4,
25,1,7,0,13,11,2,3,4,5,8,10,
0,2,
1,7,8,5,4,13,2,0,11,17,3,
16,18,6,12,1,9,
25,1,7,0,13,11,2,3,4,5,8,10,
14,27,10,25,8,1,7,24,0,13,11,2,3,4,5,
9,1,12,6,18,16,15,
15,9,12,19,20,7,6,2,5,8,14,1,0,3,10,4,
5,4,11,23,2,3,17,0,13,
2,0,28,
9,13,20,11,21,22,6,7,2,5,8,14,1,0,3,10,4,
15,12,26,37,9,13,20,1,11,21,2,22,3,6,7,5,8,14,0,10,4,
17,31,32,14,27,10,25,8,1,7,24,0,13,11,2,3,4,5,
16,18,15,9,12,19,20,7,6,2,5,8,14,1,0,3,10,4,
24,27,17,31,25,8,1,7,0,13,11,2,3,4,5,10,29,
19,11,21,22,26,9,12,15,20,3,7,6,2,5,8,14,1,0,10,4,
33,9,1,12,6,18,16,15,30,
4,10,3,0,1,14,8,5,2,6,7,20,19,12,9,15,18,16,40,
11,21,22,34,15,9,12,19,0,20,1,7,26,6,2,5,8,14,3,10,4,
13,19,11,21,22,26,9,12,15,20,3,7,6,2,5,8,14,1,0,10,4,
30,16,18,6,12,1,9,15,
10,23,25,3,1,7,8,5,4,17,13,29,0,2,11,
23,3,1,7,8,5,4,17,13,29,0,2,11,
7,8,35,2,13,28,5,4,11,0,23,3,17,
24,25,27,38,15,12,26,3,37,14,9,13,20,1,11,21,2,22,6,7,5,8,0,10,4,
2,5,7,4,3,14,0,10,33,9,1,12,6,18,16,15,19,
6,21,39,17,31,8,32,14,27,4,10,25,2,1,24,7,0,13,11,3,5,29,
40,16,18,15,9,12,19,20,7,6,2,5,8,14,1,0,3,10,4,44,
16,11,21,22,34,15,9,12,19,0,20,1,7,26,6,2,5,8,14,3,10,4,
22,26,44,4,10,3,0,1,14,8,5,2,6,7,20,19,12,9,15,18,16,40,34,
27,31,10,23,25,8,3,1,7,5,4,17,0,13,29,2,48,11,
4,0,19,43,10,33,9,1,12,6,18,16,15,30,
26,8,40,16,18,15,9,12,19,20,54,7,6,2,5,14,1,0,3,10,4,44,34,
32,34,42,19,51,22,24,25,27,38,9,15,12,26,3,37,8,14,13,20,1,11,21,2,6,7,5,0,10,4,46,
22,23,53,24,6,21,39,10,17,31,2,8,32,3,14,27,4,25,1,7,0,29,13,11,5,41,
1,7,8,35,2,36,50,13,28,11,5,4,0,17,23,3,
12,22,20,9,37,53,24,6,21,39,10,17,31,2,8,32,3,14,27,4,25,1,7,0,29,13,11,5,41,
42,45,46,13,37,38,27,25,24,55,26,16,11,21,22,51,34,5,15,9,12,19,0,20,1,7,6,2,8,14,3,10,4,
24,37,38,42,45,13,46,21,11,55,22,1,26,8,40,16,18,15,44,9,12,19,20,54,7,6,2,5,34,14,59,0,3,10,4,56,
19,22,20,9,37,26,12,15,38,53,24,6,21,39,10,17,31,2,8,32,3,14,27,4,25,1,7,0,29,13,11,5,51,
8,14,3,7,5,2,58,4,0,19,9,47,10,33,16,1,18,12,43,6,52,15,30,
9,20,35,49,48,32,3,22,23,53,24,6,21,39,10,17,31,61,2,8,14,27,4,25,1,7,0,29,13,11,5,41,57,
40,20,8,30,15,52,6,43,12,18,1,16,33,10,47,9,19,0,4,58,2,5,7,44,3,14,
28,35,41,24,14,32,39,21,11,27,4,31,8,57,10,23,0,25,49,2,3,48,1,7,6,53,5,17,13,29,
29,31,17,39,32,64,27,42,5,45,8,46,9,13,37,0,38,1,25,24,55,26,16,11,21,22,51,14,34,15,12,19,20,7,6,2,3,10,4,60,
31,56,44,54,18,40,59,32,64,27,42,5,45,8,46,9,13,37,0,38,1,25,24,55,26,16,11,21,22,51,14,34,15,12,19,20,7,6,2,3,10,4,60,
45,16,55,46,42,34,60,23,61,41,66,29,19,22,20,9,37,0,26,63,12,15,38,1,53,24,6,21,39,2,10,17,31,8,32,3,14,51,27,4,25,7,13,11,5,
31,40,18,44,56,32,64,27,42,5,45,8,46,9,13,37,0,38,1,25,24,55,26,16,11,21,22,51,14,34,15,12,19,20,7,6,2,3,10,4,60,
40,18,44,71,29,31,17,60,39,32,64,21,27,42,5,45,2,8,51,46,3,9,13,37,0,38,1,25,24,55,12,26,16,11,22,14,34,15,19,20,7,6,10,53,4,
48,63,66,41,61,23,73,75,40,18,44,71,24,29,31,17,64,60,13,39,32,21,27,42,5,45,2,8,55,51,4,46,3,9,37,0,38,1,25,12,26,16,11,22,14,34,15,19,20,7,6,53,10,
23,41,63,65,66,59,54,72,56,74,75,40,18,44,71,24,29,31,17,64,60,13,39,32,21,27,42,5,45,2,8,55,51,4,46,3,9,37,0,38,1,25,12,26,16,11,22,14,34,15,19,20,7,6,53,10,
65,59,54,10,53,6,7,20,19,15,34,14,22,11,16,26,12,25,1,38,0,37,9,3,46,4,51,55,8,2,45,5,42,27,21,32,39,13,60,64,17,31,29,24,71,44,18,40,75,74,56,73,23,61,41,66,63,72,
65,59,54,10,53,6,7,20,19,15,34,14,22,11,16,26,12,25,1,38,0,37,9,3,46,4,51,55,8,2,45,5,42,27,21,32,39,13,60,64,17,31,29,24,71,44,18,40,75,74,56,73,23,61,41,66,63,72,
26,15,38,50,36,62,37,12,63,61,22,20,9,70,28,35,41,4,24,14,32,39,2,21,11,48,27,31,68,8,57,10,23,0,25,49,3,1,7,6,53,5,17,13,29,
30,33,52,41,63,65,66,59,54,72,56,74,75,40,18,44,71,24,29,31,17,64,60,13,39,32,21,27,42,5,45,2,8,55,51,4,46,3,9,37,0,38,1,25,12,26,16,11,22,14,34,15,19,20,7,6,53,10,
17,30,43,33,52,65,59,54,72,74,31,40,18,44,1,56,13,32,64,21,27,42,5,45,2,8,51,46,3,9,37,0,38,25,24,55,12,26,16,11,22,14,34,15,19,20,7,6,10,4,60,
29,30,17,39,33,52,65,59,54,72,74,31,40,18,44,1,56,13,32,64,21,27,42,5,45,2,8,51,46,3,9,37,0,38,25,24,55,12,26,16,11,22,14,34,15,19,20,7,6,10,4,60,
57,65,59,54,72,56,76,17,48,63,4,66,7,41,61,2,23,73,14,75,16,40,18,44,71,12,24,29,31,64,5,60,1,13,39,32,21,27,42,45,8,55,51,46,3,9,37,0,38,25,26,11,22,34,15,74,19,20,6,53,10,
30,43,33,52,65,59,54,72,74,31,40,18,44,1,56,13,32,64,21,27,42,5,45,2,8,51,46,3,9,37,0,38,25,24,55,12,26,16,11,22,14,34,15,19,20,7,6,10,4,60,
17,30,43,33,52,65,59,54,72,74,31,40,18,44,1,56,13,32,64,21,27,42,5,45,2,8,51,46,3,9,37,0,38,25,24,55,12,26,16,11,22,14,34,15,19,20,7,6,10,4,60,
28,57,49,35,68,59,54,72,56,76,17,48,63,4,66,7,41,61,2,23,73,14,75,16,40,18,44,71,12,24,29,31,64,5,60,1,13,39,32,21,27,42,45,8,55,51,46,3,9,37,0,38,25,26,11,22,34,15,74,19,20,6,53,10,
49,77,78,79,52,33,30,84,17,57,65,59,54,72,5,56,76,9,48,63,4,71,66,7,74,41,61,2,23,73,6,14,81,75,8,16,40,18,44,12,24,29,31,64,60,1,13,39,32,21,27,42,45,55,51,46,3,37,0,38,25,26,11,22,34,15,19,20,53,10,
35,49,77,78,79,52,33,30,84,17,57,65,59,54,72,5,56,76,9,48,63,4,71,66,7,74,41,61,2,23,73,6,14,81,75,8,16,40,18,44,12,24,29,31,64,60,1,13,39,32,21,27,42,45,55,51,46,3,37,0,38,25,26,11,22,34,15,19,20,53,10,
36,40,18,44,50,68,48,49,57,35,28,70,64,71,73,26,45,16,63,55,8,46,42,34,60,13,23,61,14,41,66,19,29,22,20,9,37,0,12,15,38,1,53,6,24,21,39,2,10,17,31,32,3,51,4,27,25,7,11,5,
33,50,70,77,78,79,65,87,20,28,57,49,35,68,1,59,54,72,5,56,76,9,17,84,48,63,4,71,66,7,74,41,61,2,23,73,6,14,75,8,16,40,18,44,12,24,29,31,64,60,13,39,32,21,27,42,45,55,51,46,3,37,0,38,25,26,11,22,34,15,19,53,10,
48,67,58,47,69,77,78,61,23,73,79,53,71,75,66,63,41,4,10,60,7,20,15,34,14,22,16,26,24,25,38,0,37,9,46,51,8,55,2,45,5,42,27,11,64,32,13,3,56,44,18,40,31,21,74,19,72,1,54,6,59,12,65,52,43,30,17,33,86,85,83,29,39,82,81,
68,88,89,16,35,49,77,4,78,5,79,6,52,33,30,84,11,17,57,65,59,54,72,56,76,3,9,48,63,71,66,7,74,1,41,61,2,75,23,73,0,14,81,8,40,18,44,12,24,29,31,64,60,13,39,32,21,27,42,45,55,51,46,37,38,25,26,22,34,15,19,20,53,10,
35,47,58,82,83,85,43,88,15,49,77,4,78,5,79,6,52,33,30,84,11,17,57,65,59,54,72,56,76,3,9,48,63,71,66,7,74,1,41,61,2,75,23,73,0,14,81,8,16,40,18,44,12,24,29,31,64,60,13,86,39,32,21,27,42,45,55,51,46,37,38,25,26,22,34,19,20,53,10,
10,53,19,15,34,22,11,26,25,38,37,3,46,51,55,45,42,27,21,32,39,13,60,64,31,29,24,44,18,40,16,75,14,6,73,23,2,61,41,74,7,66,71,4,63,48,17,9,76,56,84,5,72,54,59,1,68,35,49,57,28,20,8,87,65,0,79,78,77,70,50,33,12,91,
65,62,80,74,75,76,56,72,54,59,90,23,36,40,18,44,50,68,1,48,49,57,35,28,70,3,64,71,4,73,6,26,45,16,63,55,8,46,42,34,60,13,61,14,41,66,19,29,22,20,87,9,37,0,12,15,38,53,24,21,39,2,10,17,31,32,51,27,25,7,11,5,
68,94,11,35,47,58,82,83,0,85,2,43,88,5,15,49,77,4,78,79,6,89,52,33,30,84,1,17,57,65,59,54,72,56,76,3,86,9,48,63,71,66,7,74,41,61,75,23,73,14,81,8,16,40,18,44,12,24,29,31,64,60,13,39,32,21,27,42,45,55,51,46,37,38,25,26,22,34,19,20,53,10,
43,82,83,81,30,52,89,88,95,16,10,53,19,15,34,22,11,26,25,38,37,3,46,51,55,45,42,27,21,32,39,13,60,64,31,29,24,44,18,40,75,14,93,6,73,23,2,61,41,74,7,66,71,4,63,48,17,9,76,56,84,5,72,54,59,1,68,35,49,57,28,20,8,87,65,0,79,78,77,70,50,33,12,91,
47,58,62,80,85,86,36,98,9,43,82,83,81,30,52,89,0,88,95,6,16,10,53,19,15,34,22,11,26,25,38,37,3,46,51,55,45,42,27,21,32,39,13,60,64,31,29,24,44,18,40,75,14,93,4,73,23,2,91,61,41,74,7,66,71,63,48,17,76,56,84,5,72,54,59,1,90,68,35,49,57,28,20,8,87,65,79,78,77,70,50,33,12,
Future sets, 
19,10,58,4,7,14,2,85,36,28,17,23,5,88,84,52,35,8,91,87,81,67,62,50,49,29,31,57,27,48,25,98,39,41,32,24,97,22,95,53,70,61,20,99,93,73,68,44,69,54,40,63,37,90,11,94,34,26,79,59,56,46,55,45,89,38,75,80,51,21,66,60,42,78,92,13,96,76,72,64,77,71,86,3,83,82,74,65,
62,49,29,25,24,21,20,61,70,53,22,32,39,14,41,27,57,31,48,9,76,68,37,12,79,73,63,30,97,91,15,82,74,47,43,33,94,92,51,80,19,86,38,99,78,72,66,58,67,52,46,40,42,95,34,44,69,54,93,26,87,71,60,59,96,56,45,98,65,64,75,16,83,77,10,81,18,85,55,84,89,88,90,
36,28,17,23,5,84,52,35,8,87,81,67,62,50,49,29,31,57,27,48,25,98,39,41,32,24,97,22,95,53,70,61,20,99,93,73,68,44,69,54,40,63,37,90,11,34,26,79,59,56,46,55,45,89,88,38,91,75,80,51,94,21,66,60,42,85,78,92,13,76,96,72,64,77,71,86,83,82,74,65,
14,23,13,5,84,52,35,8,87,81,67,62,50,49,29,31,57,27,48,25,98,39,41,32,24,97,22,95,53,70,61,20,99,93,73,68,44,69,54,40,63,37,90,11,34,26,79,59,56,46,55,45,89,88,38,91,75,80,51,94,21,66,60,42,85,78,92,76,96,72,64,77,71,86,7,83,82,74,65,
58,14,35,11,8,7,80,67,52,62,50,49,29,31,57,27,48,25,98,39,41,32,24,97,22,95,53,70,61,20,93,73,68,44,69,54,40,63,37,90,34,87,26,99,79,59,56,46,55,45,89,88,38,91,81,75,51,94,21,66,60,42,85,78,92,76,96,84,72,64,77,71,86,83,82,74,65,
52,35,8,81,67,62,50,49,29,31,57,27,48,25,98,39,41,32,24,97,22,95,53,70,61,20,93,73,68,44,69,54,40,63,37,90,34,87,26,99,79,59,56,46,55,45,89,88,38,91,75,80,51,94,21,66,60,42,85,78,92,76,96,84,11,72,64,77,71,86,83,82,74,65,
70,53,61,22,9,76,68,37,12,79,73,63,30,97,91,15,82,74,47,43,33,94,92,51,80,19,86,38,99,78,72,66,58,67,52,46,40,42,95,34,44,69,54,93,26,87,20,71,60,59,96,56,45,98,65,64,75,16,83,77,81,18,85,55,84,89,88,90,
67,52,62,50,49,29,31,57,27,48,25,39,41,32,24,22,53,70,61,20,73,68,44,97,69,54,40,93,63,37,90,34,87,26,79,59,56,99,46,55,98,45,89,88,38,91,81,75,80,51,94,66,60,42,95,85,78,92,76,96,84,72,64,77,71,86,83,82,74,21,65,
67,62,50,49,29,31,57,27,48,25,39,41,32,24,22,53,70,61,20,73,68,44,97,69,54,40,93,63,37,90,34,87,26,79,59,56,99,46,55,98,45,89,88,38,91,81,75,80,51,94,66,60,42,95,85,78,92,76,96,84,72,64,77,71,86,83,82,74,21,65,
68,37,12,73,63,30,91,15,76,74,47,43,33,94,92,51,80,19,38,99,97,78,72,66,58,67,52,46,40,42,95,34,44,69,54,93,87,26,71,60,59,96,56,45,98,82,65,64,75,16,77,81,79,18,85,55,84,89,88,90,86,83,
58,48,31,57,27,41,14,81,67,52,39,32,99,22,89,53,70,61,20,87,73,68,44,97,69,54,40,93,26,63,37,90,34,79,59,56,46,55,98,45,88,21,38,91,24,75,80,51,94,66,60,42,95,85,78,92,76,96,84,72,64,77,71,86,83,82,74,65,
50,62,35,49,29,31,57,27,48,25,39,41,32,24,21,68,55,61,70,53,46,93,45,92,37,84,78,38,85,79,75,80,51,98,88,66,60,97,91,81,76,99,96,87,72,95,64,89,42,77,90,94,71,86,83,82,73,74,65,63,
63,30,15,74,47,43,33,92,51,80,38,97,19,78,72,66,58,67,52,46,99,40,42,95,44,69,54,93,34,87,71,60,59,96,56,45,98,82,73,65,64,75,16,81,79,26,85,55,76,84,91,89,88,77,90,94,86,83,
46,38,37,29,31,27,25,60,63,81,66,75,53,71,83,39,72,86,85,41,82,74,32,51,64,65,84,61,92,76,94,70,87,35,97,88,57,98,90,23,95,93,62,96,68,99,49,80,50,91,24,89,78,48,79,73,77,
67,52,39,32,22,53,70,61,20,73,68,44,97,69,54,40,93,63,37,90,34,87,26,79,59,56,99,46,55,98,45,89,88,38,91,81,75,80,51,94,66,60,42,95,85,78,92,76,96,84,72,64,77,71,86,83,82,74,21,65,
47,43,33,51,80,38,19,72,66,58,67,52,46,99,42,95,44,97,69,54,40,93,34,87,71,60,59,96,56,45,98,82,73,65,64,75,81,79,26,78,92,55,76,84,91,89,88,77,90,94,86,85,83,74,
71,64,73,55,44,90,76,75,74,54,56,78,72,77,79,84,96,59,65,87,33,94,47,67,97,98,92,69,85,86,82,58,81,43,89,88,93,83,99,52,30,95,91,40,
86,82,84,61,92,76,94,70,87,35,97,88,57,98,90,23,95,93,62,96,29,68,99,49,80,50,91,89,78,48,79,73,77,83,71,66,75,53,41,81,63,39,
44,90,76,75,74,54,56,78,72,77,79,84,96,59,65,87,33,94,47,67,97,98,92,69,85,86,82,58,81,43,89,88,93,83,99,52,30,95,91,40,
66,58,67,52,46,42,44,69,54,40,34,71,60,97,59,96,56,93,45,82,73,65,64,75,98,81,79,78,92,55,76,99,87,84,72,95,91,89,88,77,90,94,86,85,83,74,
68,44,69,54,40,63,37,34,26,59,56,99,55,98,46,89,45,88,38,81,75,80,51,94,66,60,97,91,79,42,85,78,92,76,93,96,87,84,72,95,64,77,90,71,86,83,82,73,74,65,
55,68,61,70,53,46,45,37,78,38,79,75,80,51,92,88,66,60,97,91,98,81,76,99,93,96,87,84,72,95,64,89,77,90,94,71,86,85,83,42,82,73,74,65,63,
68,61,56,55,46,45,37,78,38,79,75,80,51,92,88,66,60,97,91,98,81,76,99,93,96,87,84,72,95,64,89,77,90,94,71,86,85,83,42,82,73,74,65,63,
77,73,79,78,48,89,91,50,80,99,96,62,95,90,49,98,57,97,68,87,93,70,94,35,76,92,88,84,61,
65,64,51,32,73,74,82,41,85,86,72,39,80,76,83,71,53,94,90,75,70,99,66,95,77,81,61,98,84,88,89,78,92,63,79,97,60,68,87,96,91,93,
48,27,74,57,64,51,98,32,79,73,82,41,88,85,86,39,72,80,76,83,71,53,94,90,75,70,99,66,95,77,81,61,84,89,78,31,92,63,97,60,68,87,96,91,93,
59,56,55,46,45,38,75,80,51,88,66,60,97,91,98,81,79,42,78,92,76,99,93,96,87,84,72,95,64,89,77,90,94,71,86,85,83,82,73,74,65,
57,64,51,32,73,74,82,41,85,86,72,39,80,76,83,71,53,94,90,75,70,99,66,95,77,81,61,98,84,88,89,78,92,63,79,97,60,68,87,96,91,93,
80,96,90,62,99,36,70,87,50,98,95,91,
83,71,66,75,53,49,57,41,70,99,77,48,81,61,90,84,94,88,89,78,76,92,63,79,97,68,87,98,96,73,91,80,93,95,
83,93,88,89,81,47,43,82,86,99,85,69,98,58,97,67,92,94,
74,82,85,86,72,57,39,76,83,71,53,90,75,70,99,66,95,77,81,61,98,84,94,88,89,78,41,92,63,79,97,68,87,96,73,91,80,93,
74,82,85,86,72,39,76,83,71,53,90,75,70,99,66,95,77,81,61,98,84,94,88,89,78,92,63,79,97,60,68,87,96,73,91,80,93,
95,91,88,89,93,83,81,52,43,82,86,99,85,69,98,58,97,67,92,94,
60,59,56,45,82,73,65,64,93,75,98,81,79,78,92,55,76,99,96,87,84,72,95,91,89,88,97,77,90,94,71,86,85,83,74,
94,89,70,93,87,97,98,90,95,62,50,96,99,68,91,80,
90,62,96,99,80,
38,75,80,51,88,66,60,97,91,98,81,79,78,92,76,99,93,96,87,84,72,95,64,89,77,90,94,71,86,85,83,82,73,74,65,63,
80,51,88,66,60,97,91,75,98,81,79,78,92,76,99,93,96,87,84,72,95,64,89,77,90,94,71,86,85,83,82,73,74,65,
83,71,53,75,70,99,66,95,77,81,61,90,84,94,88,89,78,76,92,63,79,97,68,87,98,96,73,91,80,93,
88,87,65,94,59,96,86,85,84,82,79,77,92,95,72,78,89,97,56,93,98,99,83,91,54,74,69,75,76,90,81,44,
70,77,81,61,84,94,88,89,78,76,99,92,79,97,87,98,96,73,68,91,80,93,95,90,63,
65,60,91,75,98,81,79,78,92,76,99,93,96,87,84,72,95,64,89,88,97,77,90,94,71,86,85,83,82,73,74,
86,85,98,58,99,97,67,69,92,94,82,
90,76,75,69,74,54,83,99,98,93,97,89,78,91,72,95,92,77,79,81,82,84,85,56,86,96,94,65,87,88,59,
73,65,64,93,75,98,81,79,78,92,76,99,96,87,84,72,95,91,89,88,97,77,90,94,71,86,85,83,82,74,
65,60,91,75,98,81,79,78,92,76,99,93,96,87,84,72,95,64,89,88,97,77,90,94,71,86,85,83,82,73,74,
99,97,67,92,69,94,
92,95,76,94,88,89,70,84,68,87,97,57,98,96,99,80,93,91,90,
89,94,88,68,97,87,98,96,70,99,80,93,91,95,90,
98,90,95,62,96,99,91,80,
66,60,91,75,98,81,79,78,92,76,99,93,96,87,84,72,95,64,89,88,97,77,90,94,71,86,85,83,82,73,74,
86,85,83,81,94,82,92,67,93,89,88,97,69,98,99,
75,70,66,77,81,61,84,94,88,89,78,76,99,92,79,97,87,98,96,73,68,91,80,93,95,90,63,
99,98,93,97,89,78,91,72,95,92,77,79,81,82,83,84,85,86,96,94,65,87,88,59,
73,65,64,93,75,98,81,79,78,92,76,99,96,87,84,72,95,91,89,88,97,77,90,94,71,86,85,83,82,74,
74,87,65,88,96,86,85,84,83,82,81,79,77,92,95,72,91,78,89,97,93,98,99,94,
94,88,89,84,68,97,87,98,96,70,99,80,93,91,95,90,
99,97,67,92,69,94,
87,65,88,96,86,85,84,83,82,81,79,77,92,95,72,91,78,89,97,93,98,99,94,
75,98,81,79,78,92,76,99,93,96,87,84,72,95,91,89,88,97,77,90,94,71,86,85,83,82,73,74,
94,88,89,78,84,76,92,79,97,87,98,96,68,99,73,80,93,91,95,90,
96,99,80,
81,80,77,73,92,90,79,98,76,95,93,96,87,84,78,97,91,89,88,99,94,
75,98,81,79,78,92,76,99,93,96,87,84,72,95,91,89,88,97,77,90,94,71,86,85,83,82,74,
96,86,85,84,83,82,81,79,77,92,95,91,78,89,88,97,93,98,99,94,
81,77,73,92,90,79,98,76,95,93,96,87,84,78,97,91,89,88,99,94,
92,
97,87,98,96,99,80,91,95,90,93,
92,
95,98,91,80,90,99,96,
90,77,94,97,88,89,91,95,84,87,96,93,99,76,92,78,79,81,98,75,
96,87,86,85,84,83,82,81,79,77,92,95,91,78,89,88,97,93,98,99,94,
90,79,92,76,93,96,87,84,95,78,91,89,88,99,97,98,94,
96,87,86,85,84,83,82,81,79,77,92,95,91,78,89,88,97,93,98,99,94,
81,79,78,92,76,93,96,87,84,95,91,89,88,99,97,98,94,77,
96,87,84,95,91,89,88,99,97,93,98,94,
92,95,91,89,88,97,93,98,99,94,
92,95,91,89,88,97,93,98,99,94,
92,95,91,89,88,97,93,98,99,94,
99,96,
92,89,88,97,93,98,99,94,
99,92,97,94,98,
99,92,97,94,98,
95,91,89,88,97,93,98,99,94,
99,94,97,92,
99,94,97,92,
96,91,98,99,95,
97,93,98,99,94,
97,99,98,93,
99,96,
98,99,95,

99,98,
97,
99,98,


99,

Past links sets, 


0,
0,
0,
2,3,

3,4,
4,5,
1,6,
0,1,
4,5,
9,
2,3,
3,4,10,
12,
12,
2,
9,
0,15,
6,7,8,14,
7,8,11,14,
6,7,8,14,
13,17,
7,13,8,11,10,
1,13,8,11,7,
15,20,
10,25,
2,
1,7,17,13,8,11,
16,18,
10,25,
14,24,27,
15,16,18,
19,20,
11,23,
28,
22,21,9,20,13,
26,37,
31,17,32,
16,18,19,20,
27,24,29,31,
19,22,21,26,
30,33,
40,
22,21,26,34,
13,26,21,22,19,
15,30,
23,10,25,29,
23,29,
7,8,28,35,
24,27,38,
5,33,19,14,7,
6,21,29,39,
44,
16,34,26,21,22,
22,26,34,44,
27,31,48,
10,4,19,43,
26,34,54,
32,51,46,42,34,
22,41,23,53,
1,36,50,
12,37,41,53,
42,55,45,51,46,
38,42,59,45,56,24,46,55,
19,51,53,
47,52,8,58,
9,20,61,49,57,35,
44,47,52,58,
28,35,57,53,49,41,
60,29,39,64,
31,64,59,60,56,
45,55,66,61,63,60,
31,56,60,64,
44,53,71,
48,73,75,
23,65,75,63,74,72,66,
65,75,74,73,72,
65,75,74,73,72,
38,70,68,63,62,
65,75,30,52,63,74,72,66,
17,72,74,52,43,65,
29,39,72,30,74,52,65,
57,74,72,76,65,
72,74,52,43,65,
17,72,74,52,43,65,
76,74,28,72,68,
49,77,84,79,81,78,
49,77,84,35,79,81,78,
36,44,50,73,68,71,70,
50,70,33,77,87,84,79,78,
48,82,83,85,86,81,79,78,67,77,69,
68,88,89,
35,47,58,82,88,83,86,85,
91,
87,65,80,90,
68,89,94,
82,83,93,95,
47,58,80,98,90,85,86,
Future links sets, 
19,2,3,4,10,
9,62,29,10,25,
17,28,13,5,
14,13,7,5,
7,8,11,58,14,
52,11,8,
53,22,20,9,
52,50,29,25,20,21,22,24,
67,50,29,25,20,21,22,24,
68,18,37,12,
48,58,14,24,27,31,
21,35,24,29,25,
63,16,15,
37,23,46,24,29,25,
52,20,22,21,32,
47,33,26,19,
33,55,40,30,
86,23,29,39,82,
33,40,30,
66,58,52,34,40,42,46,
68,34,26,37,40,
55,37,53,42,45,46,
61,55,37,42,56,45,46,
77,35,48,49,61,
65,51,41,32,
48,31,27,
59,55,38,42,56,45,46,
51,41,57,32,
87,70,50,36,
83,41,48,53,71,49,
81,47,83,43,
74,41,57,39,72,
60,39,
91,52,43,
60,55,45,56,59,
94,50,70,68,89,
90,62,
63,38,
80,65,51,
71,83,53,
44,
70,63,61,
64,65,60,
86,85,82,58,
90,54,69,56,75,
73,65,64,
64,65,60,
99,94,69,67,
76,92,57,
89,70,88,68,
91,90,62,
66,64,60,
86,85,83,67,82,69,81,
75,61,66,63,70,
59,
73,65,64,
74,72,65,
84,70,68,
99,94,69,67,
72,65,
74,73,72,71,
73,68,
80,
81,80,77,73,
74,72,71,
86,96,85,84,83,82,77,78,79,81,
81,77,73,
92,
97,80,90,87,93,
92,
91,90,80,
90,75,
87,86,85,84,83,82,77,78,79,81,
90,79,78,76,
87,86,85,84,83,82,77,78,79,81,
81,76,77,78,79,
87,84,
92,91,89,88,
92,91,89,88,
92,91,89,88,
99,96,
92,89,88,
98,94,92,
98,94,92,
91,89,88,
99,94,92,
99,94,92,
96,91,
94,93,
97,93,
99,96,
95,

98,
97,
98,


99,

Coordinates,
0.00476886,1.72687,
0.41653,1.97876,
0.0156563,1.54408,
0.148201,1.5889,
0.270313,1.65587,
0.257905,1.53284,
0.799578,1.99457,
0.360245,1.54936,
0.35592,1.47008,
0.920225,1.96404,
0.6597,1.66279,
0.28078,1.27007,
0.987748,1.95839,
0.194011,1.09934,
0.70787,1.55768,
1.02785,1.83105,
1.25012,1.94448,
0.133312,0.736947,
1.4048,1.96361,
1.14126,1.6831,
0.908548,1.41309,
0.790877,1.22238,
0.899104,1.31388,
0.250275,0.635328,
0.692867,1.07178,
0.633685,0.990866,
1.03072,1.34952,
0.678838,0.971262,
0.0395049,0.313272,
0.447416,0.707041,
1.67625,1.91872,
0.672716,0.904364,
0.719408,0.921804,
1.58359,1.76239,
1.18865,1.35611,
0.289708,0.442415,
0.0619443,0.171297,
0.98402,1.0858,
1.0573,1.07488,
0.734422,0.71487,
1.4349,1.40477,
0.699734,0.667179,
1.17068,1.13522,
1.77091,1.73386,
1.45199,1.38491,
1.21105,1.14392,
1.16749,1.09101,
1.84629,1.76733,
0.67209,0.590173,
0.573905,0.448977,
0.407713,0.273498,
1.09335,0.948239,
1.67084,1.52524,
0.829639,0.681637,
1.50995,1.35731,
1.30296,1.14492,
1.47859,1.30316,
0.685052,0.504548,
1.83068,1.63755,
1.52193,1.31503,
1.19546,0.914335,
0.905911,0.621437,
0.439835,0.105285,
0.999205,0.663728,
1.34286,0.933126,
1.53459,1.06209,
1.15235,0.679304,
1.95254,1.4482,
0.923594,0.38063,
1.9503,1.3577,
0.884794,0.286326,
1.38471,0.690563,
1.52878,0.827878,
1.32312,0.612345,
1.50317,0.79189,
1.45913,0.680884,
1.46962,0.525391,
1.58095,0.634488,
1.55874,0.600109,
1.57699,0.600148,
1.08491,0.0868876,
1.68215,0.647357,
1.77555,0.722069,
1.76331,0.701162,
1.55493,0.490325,
1.82797,0.761008,
1.81463,0.726342,
1.53145,0.296908,
1.74413,0.448757,
1.7053,0.402085,
1.4525,0.146804,
1.59606,0.248417,
1.97926,0.555451,
1.75071,0.326107,
1.85719,0.416937,
1.65373,0.203724,
1.53648,0.00781804,
1.90888,0.333644,
1.77956,0.201509,
1.84854,0.0712758,
