Storage option,sets
Size,150
Dimension,2
Shape,cube
Spacetime,BlackHole
Past sets, 


1,
0,1,2,


0,1,2,4,
4,5,
3,6,0,1,2,4,5,
5,
8,3,6,0,1,2,4,5,7,

8,3,6,0,1,2,4,5,7,
4,11,9,5,7,
7,5,9,11,4,13,
9,12,1,8,3,6,0,2,4,5,7,
11,
11,15,2,9,12,1,8,3,6,0,4,5,7,
10,15,2,9,12,1,8,3,6,0,4,5,7,
5,11,16,
13,15,11,16,9,12,1,8,3,6,0,2,4,5,7,14,
1,2,13,4,9,7,16,5,11,19,14,
3,2,1,0,6,13,4,9,7,16,5,11,19,14,
3,2,1,0,6,13,4,9,7,16,5,11,19,14,
20,1,13,15,11,16,9,12,8,3,6,0,19,2,4,5,7,14,
10,17,20,1,13,15,11,16,9,12,8,3,6,0,19,2,4,5,7,14,

25,2,10,17,20,1,24,13,15,11,16,9,12,8,3,6,0,19,4,5,7,14,
18,25,2,10,17,20,1,24,13,15,11,16,9,12,8,3,6,0,19,4,5,7,14,
11,16,26,
17,10,20,1,13,15,11,16,9,12,8,3,6,0,2,4,5,7,14,18,
13,4,9,7,16,5,11,19,14,
26,
21,22,27,25,2,10,17,20,1,24,13,15,11,16,9,12,8,3,6,0,19,4,5,7,14,23,


21,22,23,25,2,10,17,20,1,24,13,15,11,16,9,12,8,3,6,0,19,4,5,7,14,
21,23,6,3,2,19,1,0,13,4,9,7,16,5,22,11,14,

11,26,32,34,
35,38,
0,6,2,1,21,31,9,13,4,7,16,5,11,19,14,
28,18,33,4,21,22,27,25,2,10,17,20,1,30,24,13,15,11,16,9,12,8,3,6,0,19,5,7,14,23,
34,38,35,40,
23,14,7,19,0,6,3,8,12,9,16,11,15,13,24,30,1,20,17,10,2,25,27,22,21,4,33,18,28,5,42,
23,14,7,19,0,6,3,8,12,9,16,11,15,13,24,30,1,20,17,10,2,25,27,22,21,4,33,18,28,5,42,
23,14,7,19,0,6,3,8,12,9,16,11,15,13,24,30,1,20,17,10,2,25,27,22,21,4,33,18,28,5,42,
26,29,7,0,6,2,19,1,21,41,4,31,14,9,13,16,5,11,

1,21,29,2,31,5,26,13,32,19,4,9,7,16,11,14,
24,8,12,15,20,17,10,11,5,16,13,9,14,31,4,41,21,1,19,2,6,0,37,7,23,3,22,25,
13,4,9,7,38,34,26,32,11,39,5,35,29,16,19,14,
32,11,26,43,34,38,35,40,39,
4,5,19,16,39,38,35,40,29,26,9,32,11,34,
4,5,19,16,39,38,35,40,29,26,9,32,11,34,
13,4,7,14,5,19,16,39,38,35,40,29,26,9,32,11,34,
44,7,23,14,19,0,6,3,8,12,9,16,11,15,13,24,30,1,20,17,10,2,25,27,22,21,4,33,18,28,5,42,36,

34,11,9,29,40,39,35,16,38,19,5,14,26,7,4,32,13,55,
18,28,27,33,8,12,15,24,20,17,10,25,14,11,5,16,7,9,13,1,0,19,22,3,6,4,23,2,21,37,36,
48,57,
40,35,38,34,48,43,
18,28,27,33,8,12,15,24,20,17,10,25,11,5,16,13,9,14,31,4,41,21,1,19,2,6,0,37,7,23,3,22,36,

43,19,4,38,5,39,53,16,35,52,40,29,26,9,32,11,34,
1,2,31,51,13,32,4,9,7,26,38,19,34,11,39,5,35,16,29,14,40,
7,13,54,64,26,43,5,19,38,4,39,53,34,16,35,40,29,9,32,52,11,
34,38,35,57,48,40,
31,2,21,1,51,13,32,4,9,7,26,38,19,34,11,49,39,5,35,16,29,14,
56,19,44,7,23,14,0,6,3,8,12,9,46,16,11,15,13,24,30,1,20,17,10,2,25,27,22,21,4,33,18,28,5,42,36,
8,12,15,20,14,16,47,6,9,4,19,32,13,7,26,5,31,29,2,21,1,11,49,0,41,37,23,3,22,24,


30,31,59,22,18,28,27,33,8,12,15,24,20,17,10,25,14,11,5,16,7,9,13,1,0,37,19,3,6,4,41,23,2,21,36,

72,
22,3,23,37,41,0,47,55,40,39,31,2,21,1,51,13,32,4,68,9,38,7,6,65,26,19,34,5,11,49,35,16,29,14,
42,30,59,22,18,28,27,33,8,12,15,24,20,17,10,25,14,11,5,16,7,44,9,13,1,0,37,19,3,6,4,23,2,21,36,
10,70,8,12,49,15,20,14,16,47,6,9,4,41,19,32,13,7,26,5,31,29,2,39,21,1,11,0,37,23,3,22,24,34,17,

31,41,42,30,59,22,18,28,27,33,8,12,15,24,20,17,10,25,14,11,5,16,7,44,9,13,1,0,37,19,3,6,4,23,2,21,36,
18,27,33,36,25,10,17,70,8,12,49,15,20,14,16,47,6,9,4,41,19,32,13,50,7,26,5,31,29,2,21,1,11,0,37,23,3,22,24,

32,29,26,47,62,25,18,28,27,33,8,12,15,24,20,17,10,11,5,16,13,50,9,14,31,4,41,21,1,19,2,6,0,37,7,23,3,22,36,
35,38,78,4,41,10,47,70,8,12,49,15,20,14,16,6,9,19,32,13,7,26,5,31,29,2,39,21,1,11,0,37,23,3,22,24,34,17,
71,72,74,79,
29,26,47,50,62,25,18,28,27,33,8,12,15,24,20,17,10,11,5,16,13,9,14,31,4,41,21,1,19,2,6,0,37,7,23,3,22,59,36,
74,79,72,71,85,
0,41,54,55,58,52,53,43,40,39,31,2,21,1,51,13,32,4,68,9,38,7,6,65,26,19,34,64,5,11,49,35,16,29,14,
8,43,52,53,54,76,39,2,22,3,40,23,37,0,41,4,47,55,31,68,21,58,1,38,51,14,13,32,9,7,6,65,26,19,34,5,11,49,35,16,29,
14,60,66,35,4,40,9,48,57,26,38,7,34,67,5,13,54,64,43,19,39,53,16,29,32,63,52,11,61,
26,29,30,50,62,25,18,28,27,33,8,12,15,24,20,17,10,11,5,16,13,9,14,31,4,41,21,1,19,2,6,0,37,7,23,3,22,59,36,
3,23,41,0,47,54,55,58,52,53,43,40,39,31,2,21,1,51,13,32,4,68,9,38,7,6,65,26,19,34,64,5,11,49,35,16,29,14,
47,48,66,51,14,0,41,4,54,55,58,21,52,53,16,43,6,40,39,2,31,68,1,38,13,32,88,9,7,65,26,19,34,64,5,11,49,35,29,
25,55,40,65,51,2,35,38,78,37,4,41,0,10,47,6,70,29,8,49,12,15,20,14,16,9,19,32,13,7,26,5,31,39,21,84,1,11,23,3,22,24,34,17,68,
43,60,38,67,72,75,35,34,57,71,48,63,40,
12,3,8,51,43,89,0,52,9,53,54,11,76,39,2,22,65,40,23,37,41,4,47,55,31,68,21,58,1,38,14,13,32,7,6,49,26,19,34,5,35,16,29,
18,28,27,33,36,47,32,26,29,50,19,24,8,12,15,20,17,10,41,11,5,16,13,9,14,31,0,4,21,1,2,6,37,7,23,3,22,25,49,
82,87,74,79,72,71,85,
27,33,36,25,50,40,65,51,2,35,38,78,37,4,41,0,10,47,6,70,29,8,49,12,15,20,14,16,9,19,32,13,7,26,5,31,39,21,84,1,11,23,3,22,24,34,17,68,
54,60,61,11,32,9,26,29,63,16,53,39,52,5,4,19,43,40,48,71,57,34,35,75,72,67,38,64,
43,53,54,58,76,94,0,47,25,55,8,40,65,51,4,2,49,35,38,78,31,37,84,41,10,6,70,23,29,12,15,20,14,16,9,19,32,13,7,26,5,39,21,68,1,11,3,22,24,34,17,
10,17,24,20,15,96,2,49,12,3,8,55,51,4,43,89,0,47,52,5,9,53,6,54,7,11,58,76,29,39,22,65,40,23,70,37,41,31,68,21,1,38,14,13,32,26,19,34,35,16,
27,33,36,50,54,58,76,94,0,47,25,55,8,40,65,51,4,2,49,35,38,78,31,37,84,41,10,6,70,23,29,12,15,20,14,16,9,19,32,13,7,26,5,39,21,68,1,11,3,22,24,34,17,
60,63,75,48,82,87,57,74,79,72,71,85,
76,18,81,55,99,27,33,36,25,78,50,40,65,12,51,2,35,38,37,4,41,94,0,10,47,6,70,17,29,8,49,15,68,20,14,16,9,19,32,13,7,26,5,31,84,39,21,1,11,23,3,22,24,34,
0,41,55,58,6,65,52,53,43,54,40,48,57,39,31,61,2,21,60,1,51,13,32,4,68,9,38,67,66,7,26,19,34,64,5,11,49,35,16,29,14,
25,17,24,20,15,12,70,10,78,84,3,8,51,43,89,0,52,9,53,54,11,76,39,2,22,65,40,23,37,41,4,47,55,31,68,21,58,1,38,14,13,32,7,6,49,26,19,34,5,35,16,29,
40,104,87,60,63,38,75,82,57,74,79,35,72,71,48,85,98,
40,104,87,60,63,38,75,82,57,74,79,35,72,34,71,48,85,98,
25,78,84,64,102,49,10,17,70,24,20,15,68,96,43,2,55,12,65,3,8,51,4,89,0,53,47,52,5,58,9,6,54,1,7,11,76,23,29,39,92,22,40,37,41,31,21,38,14,13,32,26,19,34,35,16,
75,72,79,85,74,71,82,87,98,
0,41,55,58,6,65,52,53,43,54,40,48,57,39,31,61,2,21,60,1,51,13,32,63,4,68,9,38,67,66,7,26,19,34,64,5,11,49,35,16,29,14,
0,41,55,58,6,65,52,53,43,54,40,48,57,39,31,61,2,21,60,1,51,13,32,63,4,68,9,38,67,66,7,26,19,34,64,5,11,49,35,16,29,14,
0,55,58,6,65,52,53,43,54,40,48,57,39,31,61,2,21,60,1,51,13,32,63,4,68,9,38,67,66,7,26,19,34,64,5,11,49,35,16,29,14,
27,36,50,101,43,53,0,54,1,58,5,76,23,94,41,47,25,78,55,2,8,40,65,12,51,4,49,35,38,31,84,37,10,6,70,17,29,15,68,20,14,16,9,19,32,13,7,26,39,21,11,3,22,24,34,
63,111,72,79,85,74,71,82,87,75,98,
11,26,67,43,109,63,40,87,60,75,98,35,82,104,57,34,74,32,79,72,71,95,48,38,85,61,108,
75,82,71,87,74,79,98,85,72,111,63,116,
72,79,85,74,71,82,87,98,
117,11,40,39,98,67,38,43,72,109,63,34,87,60,75,104,35,82,57,74,32,61,79,108,71,95,48,26,85,
57,60,118,75,82,71,87,104,116,79,98,48,85,72,74,111,63,
63,92,88,29,16,35,34,19,26,7,96,66,67,38,68,4,93,32,13,51,1,60,64,21,2,61,31,39,14,57,5,48,40,11,54,53,9,52,65,49,6,58,55,41,43,0,89,106,12,3,8,76,22,23,37,47,
5,19,29,52,117,11,40,39,98,67,38,43,72,109,63,34,87,60,16,75,104,35,82,57,74,32,61,79,108,71,95,48,26,85,
88,66,48,93,110,51,25,84,78,19,64,5,102,43,49,10,17,76,70,11,24,20,15,68,9,96,37,2,55,12,65,6,3,8,4,89,0,53,47,52,58,54,1,7,23,29,39,92,22,40,41,31,21,38,14,13,32,26,34,35,16,107,
25,78,84,92,64,88,66,48,102,49,10,17,70,24,20,15,68,96,43,2,55,12,65,3,8,51,4,89,0,53,47,52,5,58,9,6,54,1,7,11,76,23,29,39,22,40,93,37,41,31,21,38,14,13,32,26,19,34,35,16,
15,20,63,92,88,29,16,35,34,19,26,7,96,66,67,38,68,4,93,32,13,51,1,60,64,21,2,61,31,39,14,57,5,48,40,11,54,53,9,52,65,49,6,58,55,41,43,0,89,106,12,3,8,76,22,23,37,47,
67,108,48,34,35,38,60,104,40,75,82,111,71,87,57,116,74,79,98,85,72,63,109,
8,37,22,76,3,92,88,47,106,23,112,41,113,114,0,43,55,58,6,49,65,52,9,53,54,11,40,48,5,57,14,39,31,61,2,21,64,60,90,1,51,13,32,63,93,4,68,38,67,66,7,26,19,34,35,16,29,
57,116,63,111,119,79,85,74,72,118,48,71,82,87,75,98,
111,120,117,11,104,40,71,39,98,67,38,43,74,72,109,63,32,34,87,60,75,35,82,57,26,61,79,48,108,95,85,
118,127,40,98,67,38,108,79,48,34,63,121,35,60,104,75,82,111,71,87,116,57,74,85,72,109,
15,20,92,88,29,16,35,34,19,26,7,96,66,67,38,68,4,93,32,13,51,1,60,64,21,2,61,31,39,14,57,5,48,40,11,54,53,9,52,65,49,6,58,55,41,43,0,89,106,12,3,8,76,22,23,37,47,
112,122,63,4,92,88,29,16,35,34,93,19,26,7,66,96,37,67,8,38,68,9,32,13,51,1,60,64,5,21,2,61,31,39,14,57,48,40,11,54,113,53,52,65,6,49,58,55,41,43,0,89,106,47,12,3,76,22,23,
61,43,95,118,127,40,98,67,38,108,79,48,34,63,121,35,60,104,75,82,111,71,87,116,57,74,85,72,109,
35,40,108,60,129,72,104,63,82,111,119,38,79,57,98,85,74,118,48,71,87,116,75,121,
22,71,72,75,3,92,88,47,106,23,112,41,113,114,0,43,55,58,6,49,65,52,9,53,54,11,40,48,5,57,14,39,31,61,2,21,64,60,90,1,51,13,32,63,93,4,68,38,67,66,7,26,19,34,35,16,29,
22,71,72,75,3,92,88,47,106,23,112,41,113,114,0,43,55,58,6,49,65,52,9,53,54,11,40,48,5,57,14,39,31,61,2,21,64,60,90,1,51,13,32,63,93,4,68,38,67,66,7,26,19,34,35,16,29,
90,92,88,93,47,37,23,22,76,89,8,3,12,29,16,35,34,19,26,7,96,66,67,38,68,4,63,32,13,51,1,60,64,21,2,61,31,39,14,57,5,48,40,11,54,53,9,52,65,49,6,58,55,43,0,114,113,41,112,106,
72,37,22,76,3,92,88,47,106,23,112,41,113,114,0,43,55,58,6,49,65,52,9,53,54,11,40,48,5,57,14,39,31,61,2,21,64,60,90,1,51,13,32,63,93,4,68,38,67,66,7,26,19,34,35,16,29,
11,26,32,134,75,116,57,87,74,85,38,119,60,111,82,121,63,104,72,131,71,129,118,79,108,98,40,35,48,135,61,43,95,127,67,34,109,
116,87,74,85,57,38,119,111,82,34,121,63,75,104,72,71,129,118,60,79,108,98,40,35,48,135,
4,90,23,92,88,21,93,26,47,114,37,22,89,76,9,8,3,12,29,96,16,35,34,19,7,66,67,0,38,68,138,1,63,32,13,51,60,64,2,61,128,31,39,106,14,57,5,48,40,11,54,53,52,65,49,6,58,55,43,113,41,112,
100,137,19,22,71,72,13,75,16,3,92,88,29,47,106,23,112,53,41,113,54,114,55,0,43,58,6,65,49,52,136,9,68,11,40,48,5,64,57,14,39,31,90,61,2,21,60,1,51,32,63,4,93,34,38,67,66,7,26,35,
74,95,100,137,19,22,71,72,13,75,16,3,92,88,29,47,106,23,112,53,41,113,54,114,55,0,43,58,6,65,49,52,136,9,68,11,40,48,5,64,57,14,39,31,90,61,2,21,60,1,51,32,63,4,93,34,38,67,66,7,26,35,
8,75,71,137,139,21,72,13,37,22,76,3,92,88,29,47,106,23,112,53,41,113,54,114,55,0,43,58,6,65,49,52,9,68,11,40,48,5,64,57,14,39,31,90,61,2,60,128,1,51,32,63,4,93,34,38,67,66,7,26,19,35,16,
87,74,85,116,57,38,111,141,82,34,121,63,75,104,72,71,129,118,119,60,79,108,98,40,35,48,135,109,
75,71,137,139,21,72,13,37,22,76,3,92,88,29,47,106,23,112,53,41,113,54,114,55,0,43,58,6,65,49,52,136,9,68,11,40,48,5,64,57,14,39,31,90,61,2,60,1,51,32,63,4,93,34,38,67,66,7,26,19,35,16,
37,9,76,100,3,19,22,71,4,72,5,13,75,16,92,88,21,29,47,114,106,39,23,90,112,53,41,113,54,55,137,0,67,43,58,143,6,65,49,52,136,2,68,1,11,40,48,64,57,14,31,61,60,51,32,63,93,26,34,38,66,7,35,
3,74,90,88,47,29,16,35,34,19,26,7,66,67,38,68,4,93,63,32,13,51,1,60,64,21,2,61,31,39,14,57,5,48,40,11,100,54,53,9,52,65,49,6,95,58,55,43,0,114,113,41,112,106,71,75,72,
Future sets, 
41,113,112,106,88,47,93,114,3,145,92,23,94,37,143,148,77,6,76,147,136,8,126,128,69,137,10,81,89,18,30,101,96,25,24,83,12,20,91,138,144,73,17,132,70,142,15,86,133,62,102,84,103,44,115,50,125,36,107,139,42,110,28,99,124,59,105,46,56,122,33,45,27,80,97,149,78,22,
22,78,149,80,27,45,33,122,46,105,124,28,42,36,125,139,50,115,103,84,102,62,44,133,86,15,142,70,132,73,144,20,83,96,12,101,30,107,18,89,81,99,10,137,69,128,97,8,147,76,6,77,59,148,143,126,37,94,56,145,92,3,25,114,93,136,47,88,17,106,23,112,24,113,41,110,21,68,138,49,65,91,2,
65,49,68,21,41,113,112,106,88,47,93,114,3,145,92,23,94,37,143,148,77,6,76,147,136,8,126,128,69,137,10,81,89,18,30,101,96,25,24,83,12,20,91,138,144,73,17,132,70,142,15,86,133,62,102,84,103,44,115,50,125,36,107,139,42,110,28,99,124,59,105,46,56,122,33,45,27,80,97,149,78,22,
92,23,37,143,148,76,136,8,126,128,69,137,10,89,30,96,24,83,147,20,138,144,17,132,73,70,142,15,133,102,84,25,103,44,62,50,91,125,36,77,94,139,12,101,42,110,28,124,107,59,105,46,115,56,122,33,45,86,27,18,145,80,99,97,81,149,22,78,
54,100,64,53,13,14,90,58,55,51,65,31,21,49,68,66,6,114,93,47,126,88,106,27,112,33,113,41,92,23,102,37,143,148,69,76,136,8,128,137,10,89,30,96,17,24,103,83,147,20,99,138,59,144,132,73,70,149,142,15,94,133,84,25,44,62,50,91,12,125,46,36,115,77,139,101,22,42,110,28,107,124,45,105,56,122,86,7,18,97,145,80,81,78,
123,19,53,64,100,54,142,20,132,70,15,13,102,84,62,91,125,36,77,94,12,101,69,28,124,83,42,107,18,105,115,122,33,45,86,27,80,10,99,46,30,73,97,81,133,44,78,103,14,90,51,65,59,148,31,25,114,17,106,50,139,41,128,56,145,22,137,110,21,24,113,138,49,68,92,143,55,144,93,149,66,136,47,88,23,112,126,37,89,58,147,76,96,7,8,9,
114,93,47,88,106,112,113,41,92,23,37,143,148,76,136,8,126,128,69,137,10,89,30,96,24,83,147,20,138,144,17,132,73,70,142,15,133,102,84,25,103,44,62,50,91,125,36,77,94,139,12,101,42,110,28,124,107,59,105,46,115,56,122,33,45,86,27,18,145,80,99,97,81,149,22,78,
76,147,89,37,112,88,47,66,149,93,144,143,92,68,49,113,136,21,137,22,145,128,41,139,106,23,114,31,148,65,51,55,58,90,14,78,44,133,81,97,56,73,30,46,99,10,80,27,86,45,33,122,115,105,59,18,107,42,83,124,28,69,110,25,101,12,94,77,36,125,91,50,62,103,84,102,13,138,15,70,126,132,17,24,20,142,96,
128,89,96,142,20,24,17,132,126,70,15,138,102,84,103,62,50,91,125,36,77,94,12,101,25,110,69,28,124,83,42,107,18,59,105,115,122,33,45,86,27,80,10,99,46,30,73,145,56,97,81,133,44,78,
54,100,64,53,18,17,15,13,96,14,97,90,58,55,138,51,65,148,31,114,23,106,80,103,20,56,139,99,86,42,125,44,91,77,50,133,81,124,41,45,128,69,62,145,105,22,28,137,21,107,24,59,142,102,101,94,115,36,78,33,27,110,136,70,84,25,73,30,113,83,126,46,132,49,68,92,143,144,93,149,66,47,88,112,37,89,122,147,76,
102,84,103,50,36,94,101,107,110,125,124,18,105,59,115,62,45,91,27,80,99,46,69,30,83,33,86,73,56,42,28,81,97,44,77,78,25,
140,117,52,120,130,39,17,53,64,100,54,123,19,29,76,147,122,89,37,112,88,47,66,149,93,144,143,92,68,49,132,46,126,83,113,30,73,25,84,70,136,110,27,33,78,36,115,94,101,102,142,59,24,107,21,137,28,22,105,145,62,69,128,45,41,124,81,133,50,77,91,44,125,42,86,99,139,56,20,103,80,106,23,114,31,148,65,51,138,55,58,90,97,14,96,13,16,
138,15,62,70,126,132,17,99,102,84,78,122,25,24,107,20,103,56,125,28,69,73,33,80,110,94,59,101,115,18,105,133,36,83,77,27,124,30,46,42,142,45,86,50,97,91,44,81,96,
14,97,90,58,55,138,51,65,148,31,114,23,106,80,103,20,56,139,99,86,42,125,44,91,77,50,133,81,124,41,45,128,69,62,145,105,22,28,137,21,107,24,59,142,102,101,94,115,36,78,33,27,110,136,70,84,25,73,30,113,83,126,46,132,49,68,92,143,144,93,149,66,47,88,112,37,96,89,122,147,76,
90,58,55,51,65,31,23,80,103,97,56,99,86,42,44,91,77,50,81,124,45,125,69,62,105,28,137,21,107,59,102,101,94,115,36,145,78,33,142,27,136,70,24,133,110,84,25,73,30,139,83,126,46,132,20,114,68,49,92,143,144,93,149,47,88,106,112,113,37,138,41,96,89,122,128,148,147,76,22,
70,126,132,17,99,102,84,78,25,24,107,62,20,103,28,69,73,33,115,110,27,94,59,101,18,105,36,77,46,83,124,125,42,45,86,50,91,44,81,97,56,80,30,
29,30,19,123,58,147,55,144,54,143,66,90,100,64,53,142,51,65,31,25,114,27,28,24,113,23,112,21,110,88,47,136,68,49,138,92,137,70,76,77,69,93,149,106,45,46,37,126,115,99,97,81,148,59,62,86,73,42,139,50,56,145,103,36,125,33,122,80,44,133,91,105,83,41,132,96,89,22,128,78,124,102,101,94,107,84,20,
102,84,78,25,62,99,110,73,33,101,27,94,107,28,59,105,36,115,69,125,46,83,45,124,50,77,91,44,81,42,86,97,103,56,80,30,
105,30,28,62,45,97,80,46,83,86,69,73,56,42,59,81,44,77,91,
123,58,55,54,66,90,100,64,53,51,65,31,25,27,28,24,23,21,88,114,47,68,49,92,137,70,143,76,144,77,136,69,93,149,106,112,45,113,46,37,115,99,97,81,148,62,86,73,42,139,56,103,36,33,80,147,44,91,142,105,59,126,83,133,138,41,132,96,89,22,122,128,145,78,124,50,102,101,94,125,107,110,84,
132,126,30,25,84,110,73,70,33,78,36,115,94,101,27,102,107,28,59,105,69,125,46,83,45,124,50,77,91,44,81,42,86,62,99,97,24,103,56,80,
114,68,49,92,137,143,144,136,93,149,47,88,106,112,113,37,115,99,97,81,62,86,73,42,139,77,56,103,33,80,46,69,44,91,45,142,105,59,83,36,133,138,41,132,96,126,89,122,128,145,148,70,124,147,50,102,101,94,78,125,107,110,84,76,
137,144,136,76,84,110,107,125,78,94,101,102,50,147,124,70,148,145,128,122,89,126,96,132,138,133,36,83,59,105,142,45,91,44,69,143,46,80,33,103,56,77,139,42,73,86,62,81,97,99,115,37,
136,144,137,92,76,84,110,107,125,78,94,101,102,50,147,124,70,148,145,128,122,89,126,96,132,138,133,36,83,59,105,142,45,91,44,69,143,46,80,33,103,56,77,139,42,73,86,62,81,97,99,115,37,
84,110,107,125,78,94,101,102,70,28,27,73,59,105,45,115,69,46,124,77,91,44,42,86,62,36,83,81,50,97,99,103,56,80,33,
125,110,107,101,94,28,27,73,59,105,45,115,69,46,124,77,91,44,42,86,62,36,83,81,50,97,99,103,56,80,33,
52,120,130,39,117,140,32,29,90,123,91,58,55,54,115,66,100,64,125,53,114,65,126,51,112,88,149,106,113,68,86,147,132,49,110,139,78,92,133,89,128,145,84,70,105,142,81,101,122,94,148,107,83,144,124,99,76,137,96,102,143,103,136,93,138,97,47,
59,105,45,91,115,69,46,80,103,77,44,42,73,86,62,83,81,97,99,56,33,
97,83,62,86,73,42,44,77,80,46,69,91,45,56,59,
123,91,58,55,54,66,90,100,64,53,65,51,88,106,112,113,114,68,86,147,132,49,139,92,133,126,89,128,145,70,105,142,101,115,122,81,94,78,148,107,83,124,99,84,125,110,76,96,137,102,143,103,144,136,93,149,138,97,47,
73,56,45,91,69,80,46,77,44,42,
65,114,68,41,94,147,113,112,106,88,80,133,73,126,91,144,47,97,138,149,96,93,136,83,103,50,143,102,49,137,84,76,110,125,99,124,107,148,78,81,122,115,62,101,142,89,105,70,145,92,128,139,86,132,
140,117,83,70,81,97,39,130,120,84,143,78,137,58,55,114,54,113,68,88,147,138,115,132,110,51,139,124,65,126,89,148,107,125,66,101,142,122,128,145,105,76,149,90,136,53,112,103,144,102,96,93,94,99,64,123,106,133,92,52,100,49,
99,97,81,83,62,86,73,42,44,77,103,80,46,69,91,45,56,105,59,
141,146,109,127,131,67,61,140,134,117,95,39,130,120,84,143,78,137,58,55,114,54,113,68,88,147,138,115,132,110,51,139,124,65,126,89,148,107,125,66,101,142,122,128,145,105,76,149,90,136,53,112,103,144,102,43,96,93,94,99,64,123,106,133,92,52,100,
84,68,40,107,109,135,146,141,108,127,131,64,67,134,99,65,132,58,125,76,143,105,94,55,122,103,54,53,120,137,90,115,101,148,95,142,117,130,43,110,140,93,61,128,89,136,126,123,102,52,149,139,92,144,96,133,66,138,100,147,124,114,106,112,113,88,145,51,
99,97,81,83,105,59,115,69,91,103,80,56,73,62,77,86,
138,132,139,133,96,126,89,142,122,128,145,148,70,62,77,124,73,147,50,97,59,105,83,115,99,91,80,103,81,86,102,101,94,78,125,107,110,84,76,
84,68,40,107,109,135,146,141,108,127,131,64,67,134,99,65,132,58,125,76,143,105,94,55,122,103,54,53,120,137,90,115,101,148,95,142,117,130,43,110,140,93,61,128,89,136,126,123,102,52,149,139,92,144,96,133,66,138,100,147,124,114,106,112,113,88,145,51,
130,120,84,78,58,55,54,68,88,138,115,132,110,139,124,126,89,107,148,65,125,101,142,122,128,145,105,76,149,66,136,53,103,144,102,143,96,137,93,94,99,112,113,114,147,64,106,133,92,51,52,123,100,90,
109,135,146,141,108,127,131,67,99,65,58,76,105,94,55,103,54,53,137,90,115,101,148,95,142,117,130,120,134,43,140,93,61,89,136,126,123,102,52,149,139,92,107,144,96,143,133,138,100,147,110,124,114,64,106,112,113,66,122,128,125,88,145,132,
113,112,106,88,80,73,91,47,97,138,149,93,136,144,103,143,102,137,96,76,110,125,84,99,124,83,107,148,78,94,81,122,115,101,142,105,70,62,145,128,89,126,50,133,92,139,132,147,86,
44,46,80,45,77,56,69,
115,101,95,117,130,120,134,140,61,52,89,126,123,102,139,107,144,96,133,138,100,137,110,147,92,124,93,114,64,143,106,112,149,113,142,148,122,128,136,90,125,88,145,66,132,
80,77,69,56,

69,
97,149,93,136,144,143,137,76,110,125,84,99,124,83,107,148,78,94,81,122,115,101,142,103,105,102,70,145,128,89,126,96,133,92,139,132,147,138,86,
129,124,125,93,67,142,114,113,112,132,122,133,126,95,136,60,143,106,147,137,100,141,148,61,144,128,145,104,108,149,138,139,90,131,127,140,117,134,123,130,120,121,109,146,135,
97,84,81,78,68,114,113,112,106,147,99,94,92,133,93,137,96,143,102,144,103,136,149,76,105,145,128,122,142,101,125,148,107,89,126,124,139,110,132,115,138,88,70,
115,99,91,103,81,97,86,105,83,
106,147,114,113,112,99,94,92,133,93,137,96,143,102,144,103,136,149,76,105,145,128,122,142,101,125,65,148,107,89,126,124,139,110,132,115,138,88,68,
123,102,107,96,89,64,126,100,110,92,124,93,114,145,143,112,113,144,142,106,137,148,122,128,136,138,139,90,149,125,66,133,132,147,88,
115,101,102,107,96,89,64,126,100,110,92,124,93,114,145,143,112,113,144,142,106,137,148,122,128,136,138,139,90,149,125,66,133,132,147,88,
103,115,101,100,92,110,102,107,96,124,114,143,113,142,112,106,137,89,148,93,122,144,128,145,136,138,139,90,149,66,125,133,126,132,147,88,
94,105,132,114,113,76,112,149,106,143,103,115,110,147,107,144,88,125,142,145,122,128,126,89,102,139,133,96,124,101,138,148,58,137,92,93,136,
69,
129,142,114,113,112,132,122,133,126,95,136,60,143,106,147,137,100,141,148,144,128,145,104,108,149,67,138,139,90,131,127,140,117,134,123,130,120,121,109,146,135,
114,113,112,106,103,115,110,107,88,132,142,145,122,128,126,102,149,133,124,147,125,101,148,144,96,143,137,138,92,139,93,136,89,
73,77,91,80,86,
114,113,112,132,122,133,126,95,143,106,137,100,148,144,128,145,108,142,147,136,138,139,149,90,127,140,117,134,123,130,120,104,141,121,109,146,131,135,
140,134,120,130,123,117,114,113,132,122,133,126,90,112,149,139,138,136,147,142,145,128,144,148,106,143,137,100,
91,86,83,
126,122,118,129,116,114,113,133,95,143,137,100,148,144,128,145,108,142,147,136,138,139,149,112,90,127,140,117,134,123,130,120,104,141,121,109,146,131,135,
100,110,92,124,114,143,113,142,112,106,137,148,93,122,144,128,145,136,138,139,90,149,66,125,133,126,132,147,88,
114,113,112,106,99,94,92,93,137,143,144,136,149,76,105,145,128,122,142,125,96,148,89,126,133,107,124,139,110,102,132,103,115,138,101,147,88,
114,113,112,143,106,137,148,93,144,128,145,142,147,136,138,139,149,90,125,124,133,126,122,132,
131,127,114,113,112,132,122,133,126,95,143,106,137,100,148,144,128,145,142,147,136,138,139,149,90,140,117,134,123,130,120,
114,113,112,106,99,94,92,93,137,143,144,136,149,76,105,145,128,122,142,125,96,148,89,126,133,107,124,139,110,102,132,103,115,138,101,147,88,

102,105,103,101,115,94,78,107,124,99,125,81,110,84,
145,137,147,136,143,148,100,149,144,85,135,104,127,98,140,111,117,123,130,120,134,131,108,109,141,118,129,116,146,87,119,121,95,
139,87,98,119,85,75,137,145,136,116,147,129,118,149,111,135,104,127,146,131,100,141,108,109,140,121,120,143,130,123,134,117,148,144,95,

144,121,119,87,116,129,118,141,109,108,131,134,149,120,130,123,146,117,111,140,98,127,104,135,85,
145,137,136,116,129,118,111,135,127,146,131,141,108,109,121,120,143,130,123,147,100,134,140,117,144,149,95,148,104,
148,145,128,122,105,142,125,89,126,96,133,107,124,139,102,132,115,147,110,138,101,103,

105,103,101,115,94,107,124,99,125,110,84,
121,119,87,116,129,118,141,109,108,131,134,120,130,123,146,117,111,140,98,127,104,135,85,

105,
98,121,119,116,129,118,141,109,108,131,134,111,120,130,146,123,117,140,127,104,135,

125,110,124,107,94,115,101,103,105,99,
135,104,127,140,117,123,146,130,120,111,134,131,108,109,141,118,129,116,119,121,98,87,

98,121,119,116,129,118,141,109,108,131,134,111,120,130,146,123,117,140,127,104,135,
132,142,145,122,128,126,149,133,124,147,136,125,148,144,143,137,138,139,93,
122,142,138,96,125,126,133,107,102,124,132,110,
149,139,138,136,147,142,145,128,144,148,137,143,

139,138,137,143,144,136,147,124,133,110,132,148,125,126,128,122,145,142,
139,138,137,143,144,148,125,136,147,124,133,149,126,128,122,145,142,132,
103,105,115,101,
149,144,140,117,134,123,130,120,
142,138,126,133,122,102,124,125,132,110,

119,116,129,121,118,109,108,134,141,120,131,130,146,117,123,127,111,140,135,
105,
149,144,148,143,
115,
124,125,110,

121,109,108,134,141,120,131,130,146,117,123,127,140,135,

139,138,137,143,148,144,147,149,126,128,133,122,145,142,132,136,
124,
141,120,131,130,146,123,134,127,117,140,135,
146,140,127,117,134,123,130,131,120,
124,
130,135,146,141,131,118,134,121,127,140,129,116,
149,139,138,142,145,133,144,128,136,147,148,137,143,
149,139,138,142,145,133,144,128,136,147,148,137,143,
149,139,138,136,147,142,145,128,144,148,137,143,

140,129,121,118,141,131,146,135,134,127,
123,130,120,
121,141,131,140,129,146,135,134,
135,140,146,141,129,
130,
141,131,140,146,135,134,
133,




134,140,131,
145,142,
141,146,140,135,

140,


140,
146,141,140,
147,144,148,143,
147,143,148,144,145,
142,
147,145,

146,

148,






Past links sets, 


1,
0,2,


0,2,4,
4,5,
3,5,6,
5,
7,8,

7,8,
7,9,11,
13,
9,12,
11,
11,15,
10,15,
5,16,
14,15,16,
2,14,19,
3,6,14,19,
3,6,14,19,
19,20,
17,19,10,20,

24,25,
18,24,25,
16,26,
17,18,20,
14,19,
26,
21,23,22,27,


21,25,24,23,22,
21,22,23,

11,32,34,
35,38,
6,21,31,
30,28,33,
34,40,
42,
42,
42,
29,41,

29,21,31,32,
24,25,37,41,
14,19,39,29,38,35,
39,43,
4,9,39,40,29,19,
4,9,39,40,29,19,
14,39,40,29,19,
36,44,

55,
28,33,36,37,
48,57,
43,48,
28,41,36,37,33,

52,53,
2,40,31,51,
13,54,64,
34,40,48,57,
49,51,
46,56,
37,47,24,49,


30,41,59,

72,
37,68,65,55,47,
44,59,
17,39,10,70,

41,44,59,
18,70,50,36,33,

50,32,47,62,
35,38,78,
71,72,74,79,
50,59,47,62,
85,
41,68,58,54,65,64,
8,52,58,53,76,54,
14,60,67,66,61,63,
29,62,59,50,30,
23,68,47,58,54,65,64,
47,66,48,88,
25,84,68,65,55,
43,75,60,71,67,63,
12,89,
33,28,50,49,47,36,
82,87,
33,36,84,68,65,50,
54,61,63,60,71,67,75,64,
53,94,43,54,76,58,
17,10,70,96,
33,50,94,54,76,36,58,
87,60,82,75,63,
76,81,94,99,
41,58,60,61,68,67,66,65,
25,84,89,
40,98,104,
40,98,34,104,
25,84,92,102,
75,98,
58,60,61,41,63,68,67,66,65,
58,60,61,41,63,68,67,66,65,
58,60,6,61,63,68,67,66,65,
27,50,36,101,
63,111,
11,32,109,108,95,61,
116,
98,
39,117,
104,118,
106,63,96,93,92,
19,29,52,117,
93,107,110,
25,102,92,93,84,
20,106,63,96,93,92,
67,108,109,116,
8,76,93,92,114,113,90,112,106,
57,48,118,119,
111,120,
121,127,
20,106,96,93,92,
113,112,122,
95,61,121,127,
108,121,129,
22,75,71,93,92,114,113,90,112,106,
22,75,71,93,92,114,113,90,112,106,
93,96,92,114,113,90,112,106,
72,76,93,92,114,113,90,112,106,
11,135,134,131,32,
34,135,
128,138,
100,136,137,
74,137,136,100,95,
128,137,139,
109,141,
136,137,139,
76,143,
74,93,100,114,3,113,90,112,95,106,
Future links sets, 
6,3,
2,
65,21,6,3,
149,22,23,8,
54,53,7,6,
19,9,8,7,
114,23,22,8,41,
13,12,10,
128,89,12,10,
54,15,53,13,
102,25,78,18,
140,117,13,16,17,39,
96,15,
66,14,
90,51,31,20,21,55,22,23,
20,18,17,
20,29,19,
102,78,30,25,
81,30,28,
24,23,22,55,21,25,123,54,31,53,51,
132,24,25,30,126,
49,33,36,41,37,
137,33,36,136,37,
92,37,36,33,
70,27,36,28,50,
125,110,107,27,36,94,28,50,
32,29,
115,33,
59,97,62,42,
123,55,54,91,47,49,51,53,
91,73,42,
65,49,41,
140,49,39,83,117,
99,97,42,62,103,59,81,
141,39,109,43,67,
84,51,40,
115,99,97,56,103,81,59,62,
76,50,70,59,62,
84,51,40,
78,55,51,52,53,120,54,
67,108,53,109,65,43,54,55,
112,88,113,80,47,50,106,62,73,
46,45,44,
95,101,61,52,
80,77,56,

69,
93,92,70,76,97,86,83,
129,61,67,60,93,
97,70,68,
115,99,103,81,97,86,91,83,
68,65,
123,89,64,
101,89,64,
101,66,88,100,89,103,92,
94,76,58,
69,
129,67,60,
113,106,88,89,114,103,92,112,101,
73,77,91,80,86,
114,113,112,90,106,95,100,104,
114,113,100,117,106,134,90,112,
91,86,83,
116,114,113,112,90,95,122,100,126,104,
100,92,88,66,
113,112,106,76,99,88,114,92,94,
114,113,93,106,90,112,
127,114,113,112,90,100,95,106,
113,112,106,76,99,88,114,92,94,

102,81,78,
137,85,95,100,136,
139,85,75,

149,144,85,
136,95,137,104,100,111,
148,139,128,89,101,103,105,

84,
85,

105,
104,98,

125,94,107,99,110,
87,

104,98,
93,
107,96,
139,128,149,138,136,137,

138,139,128,132,110,136,125,122,137,126,
149,126,137,125,136,124,122,128,139,132,138,
105,103,101,
149,144,134,117,
138,102,122,132,126,

111,119,109,108,
105,
149,144,143,
115,
125,110,

121,109,108,

149,138,136,122,132,137,126,139,128,
124,
135,127,117,
146,127,117,
124,
130,116,
149,138,139,128,133,136,137,
149,138,139,128,133,136,137,
139,128,149,138,136,137,

127,118,
123,120,
129,121,
129,
130,
135,134,131,
133,




134,131,
145,142,
135,

140,


140,
141,140,
147,144,143,
147,145,144,143,
142,
147,145,

146,

148,






Coordinates,
0.483628,1.93551,
1.31131,1.94394,
1.47326,1.93823,
0.462529,1.88467,
0.197974,2.14513,
0.138958,2.19403,
1.31401,1.88048,
0.863492,2.16028,
0.586162,1.80831,
0.693756,2.19818,
0.234621,1.72654,
0.0150797,2.32807,
0.814057,1.76978,
1.56019,2.17059,
1.64502,2.16967,
0.720952,1.71847,
0.742841,2.28352,
0.678108,1.65969,
0.160976,1.5521,
1.13271,2.2833,
1.11389,1.62768,
2.71732,1.83043,
1.76663,1.71897,
1.81678,1.71903,
1.10946,1.58988,
0.884112,1.53096,
0.898603,2.48327,
0.642915,1.43253,
0.466403,1.36626,
1.56041,2.36847,
0.0514219,1.20448,
3.30934,2.15672,
1.00896,2.50073,
0.6725,1.40136,
0.504887,2.69089,
0.362899,2.7802,
0.846289,1.38237,
1.89235,1.63307,
0.29468,2.8183,
1.26615,2.51895,
0.460744,2.79154,
2.56977,1.7128,
0.111729,0.976449,
1.0551,2.68788,
0.147219,0.913638,
0.00462421,0.820425,
0.0538288,0.839076,
2.52432,1.65193,
0.517799,2.97609,
3.34915,1.7565,
1.1522,1.26253,
3.66708,2.2117,
1.87515,2.52055,
2.45122,2.39055,
2.53449,2.37541,
3.38438,2.25006,
0.180975,0.738001,
0.536995,3.06712,
3.62286,2.2332,
0.576938,0.890005,
0.769453,3.04375,
1.4928,2.74194,
0.716679,0.904212,
0.582588,3.17384,
2.67607,2.41608,
3.89608,1.76048,
3.20104,2.34032,
1.38074,2.84776,
3.5424,1.7103,
0.187088,0.440044,
1.84579,1.31771,
0.268741,3.57145,
0.420111,3.45706,
0.516004,0.572153,
0.388974,3.6466,
0.816167,3.33092,
2.56657,1.43121,
0.365169,0.263448,
1.78603,1.14503,
0.325686,3.80047,
0.42352,0.264877,
1.33039,0.867372,
0.305922,3.92627,
0.890083,0.521039,
1.81758,1.06448,
0.832496,3.57337,
0.696611,0.234792,
0.929581,3.58164,
3.19727,1.47434,
2.61628,1.29263,
3.7027,2.41247,
0.656368,0.0859544,
2.9841,1.40082,
3.20225,1.45146,
1.74841,0.86329,
2.08322,2.96623,
2.62289,1.25069,
1.01664,0.273437,
1.20317,3.70411,
1.5218,0.529028,
3.49147,2.55344,
1.74943,0.652943,
2.18428,0.872915,
1.62208,0.438302,
1.84015,3.41984,
1.54579,0.333525,
3.4944,1.36841,
2.01058,0.627691,
2.0888,3.34607,
2.31721,3.23822,
2.08177,0.578927,
1.73541,3.70503,
3.60724,1.32797,
3.63149,1.32496,
3.98947,1.42675,
1.68581,0.149427,
1.97722,3.75808,
3.08512,3.02917,
2.08315,3.76473,
2.01479,3.8715,
3.31181,3.04469,
2.43718,3.64202,
2.91767,0.705715,
3.94165,2.78671,
2.13267,0.0126473,
2.2053,0.0297889,
2.77407,0.494972,
2.96543,3.36883,
3.24815,0.76955,
2.52095,3.7719,
3.63569,3.04198,
3.11652,3.3768,
2.68729,0.275314,
2.88092,0.407677,
3.41878,3.24342,
2.8867,3.64736,
3.68135,0.874051,
3.62835,0.81537,
3.09508,0.43303,
3.42004,0.624971,
3.79601,3.31854,
3.32604,3.68101,
3.12431,0.136489,
3.60922,0.39031,
3.73189,0.485342,
3.40422,0.166964,
3.58597,3.68668,
3.46439,0.196404,
3.61388,0.301948,
3.94863,0.554299,
