Storage option,sets
Size,100
Dimension,2
Shape,cube
Spacetime,BlackHole
Past sets, 





0,

4,
1,0,5,
0,


5,0,1,8,
5,0,1,8,
2,

2,3,
4,
4,7,
1,6,10,
5,1,9,0,8,
4,7,17,
1,6,10,
10,6,1,19,
4,7,17,
1,10,5,0,6,
6,4,17,
9,13,5,12,0,1,8,
10,6,1,19,
4,6,
9,10,13,5,12,0,1,8,
0,15,
29,4,6,17,
2,11,4,18,7,17,
9,10,13,5,12,0,1,8,
7,32,4,29,6,17,26,
10,8,0,1,12,13,9,5,27,
15,0,31,
11,21,24,4,18,7,6,17,
6,30,8,9,10,13,5,12,1,0,25,
31,0,15,37,
22,26,19,1,10,32,4,29,23,6,17,28,
1,5,0,15,31,9,
20,10,8,0,1,12,36,13,9,5,27,
1,25,12,5,10,9,8,30,6,0,13,39,
33,11,2,4,18,7,17,16,3,14,
25,19,6,30,8,9,10,13,12,1,23,0,5,28,
27,1,15,0,13,31,5,9,12,8,20,
8,12,22,28,17,0,6,23,29,4,32,10,1,19,25,5,
44,10,1,25,8,12,5,39,9,30,13,6,0,34,
6,25,27,34,12,1,9,10,13,5,0,8,30,
15,43,20,10,36,8,0,13,1,27,12,9,34,5,
22,12,25,8,19,6,23,30,13,46,9,10,1,0,5,39,28,
20,6,25,30,34,10,8,0,1,12,36,13,9,5,27,
1,5,40,31,0,15,37,9,
15,53,36,20,43,6,25,8,30,50,13,34,0,10,27,1,12,9,5,
9,13,35,26,7,48,29,10,8,12,22,28,17,41,0,19,6,25,23,4,32,1,5,
22,27,28,23,19,44,10,1,25,8,49,12,5,39,46,9,30,13,6,0,34,
17,22,4,29,12,25,8,19,6,23,30,13,46,9,10,1,0,5,39,28,
1,5,40,54,31,9,42,0,15,37,
31,51,0,34,15,43,9,20,27,36,8,13,10,47,1,12,5,
31,51,0,34,15,43,9,20,27,36,8,13,10,47,1,12,5,
14,22,2,10,33,3,26,32,38,11,21,1,24,35,4,18,7,29,6,17,
32,44,58,12,17,22,4,29,6,25,8,19,23,46,0,30,13,9,10,1,52,5,28,39,
21,5,1,32,4,23,25,17,28,22,41,12,8,10,0,29,19,48,7,26,6,35,13,9,56,
51,0,34,15,6,43,9,20,10,27,36,8,13,30,1,12,5,
34,22,27,28,52,5,23,46,0,19,44,57,10,1,25,8,49,12,39,9,30,13,6,
30,60,31,12,13,0,34,15,43,5,9,6,47,61,20,42,1,27,8,36,51,10,
30,31,12,13,0,34,15,43,5,9,6,47,61,20,1,27,8,36,51,10,
50,36,20,34,22,27,28,52,5,23,46,0,19,44,57,10,1,25,8,49,12,39,9,30,13,53,6,
2,8,12,0,5,25,35,7,18,24,21,11,22,26,19,10,32,41,4,1,38,29,23,6,17,28,
19,23,39,44,49,9,15,30,36,13,20,43,53,6,25,55,8,50,27,34,0,10,1,12,5,51,
26,29,35,6,24,21,7,11,2,33,4,17,18,45,16,32,3,14,38,
24,30,6,35,21,64,5,1,32,4,23,25,17,46,28,22,41,12,8,10,0,29,19,48,7,26,13,9,56,
41,48,7,26,35,5,32,44,58,29,0,12,17,46,22,63,4,6,25,8,19,23,52,30,1,13,9,10,39,28,56,
41,48,7,26,35,5,32,44,58,29,0,12,17,46,22,63,4,6,25,8,19,23,52,30,1,13,9,10,39,28,56,
7,34,26,41,5,32,44,58,29,0,12,17,46,22,63,4,6,25,8,19,48,23,52,30,1,13,9,10,39,28,
42,20,12,13,27,5,40,8,54,31,9,0,15,37,1,47,
14,33,12,41,2,8,0,29,5,25,35,6,7,18,24,21,70,11,22,26,19,48,10,32,4,1,38,23,17,28,
28,17,23,38,1,32,10,19,26,22,48,11,21,24,18,7,6,35,25,5,29,0,8,2,12,70,33,14,4,41,78,
34,42,36,10,1,37,15,47,0,9,31,54,8,40,5,27,13,12,20,43,
12,20,59,1,40,5,31,54,15,9,13,42,0,8,37,
20,36,26,41,48,50,29,17,58,32,66,8,34,5,4,63,22,27,28,57,52,23,46,0,19,44,10,39,1,30,25,49,12,9,13,6,
11,18,39,58,24,30,73,6,35,4,21,64,5,1,32,23,25,56,17,48,46,28,22,41,10,12,8,0,29,19,7,26,13,9,
18,64,21,24,73,75,1,41,4,48,7,44,26,63,35,5,32,58,29,0,74,12,17,46,9,22,6,25,8,19,56,23,52,30,13,10,39,28,
18,11,38,39,58,24,30,73,6,35,4,21,64,5,1,32,23,25,56,17,48,46,28,22,41,10,12,8,0,29,19,7,26,13,9,
17,4,29,43,15,55,66,50,36,20,49,34,5,22,27,28,57,52,23,46,0,19,44,69,10,39,1,30,25,8,12,9,13,53,6,
77,20,1,42,12,31,27,8,5,40,59,13,54,9,47,0,15,37,
4,43,15,55,66,50,36,20,49,34,5,22,27,28,57,52,23,46,0,19,44,69,10,39,1,30,25,8,12,9,13,53,6,
13,9,5,28,17,23,38,1,32,10,19,56,26,22,48,11,21,24,18,7,6,35,25,29,79,0,8,2,12,70,33,14,4,41,78,
4,43,15,55,66,50,36,20,49,34,5,22,27,28,57,52,23,46,0,19,44,69,10,39,1,30,25,8,12,9,13,53,6,
51,43,15,55,66,50,36,20,49,34,5,22,27,28,57,52,23,46,0,19,44,69,10,39,1,30,25,8,12,9,13,53,6,
10,36,77,20,1,42,12,31,27,8,5,40,59,13,54,9,47,0,15,37,
47,27,81,13,12,20,54,59,8,1,77,40,42,5,31,15,9,37,0,
13,16,45,3,5,28,17,23,38,1,32,10,19,26,22,48,11,21,24,18,7,6,35,25,62,29,79,0,8,2,12,70,33,14,4,41,78,
11,27,49,34,18,64,23,21,24,73,32,75,84,1,41,0,4,48,7,44,26,63,22,35,76,5,46,58,17,29,74,12,9,6,25,8,19,56,52,30,13,10,39,28,
38,34,76,11,18,64,23,21,24,73,32,75,84,1,41,83,0,4,48,7,44,26,63,22,35,5,46,58,17,29,74,12,9,6,25,8,19,56,52,30,13,10,39,28,
65,60,68,43,20,67,12,27,5,40,8,54,31,9,0,47,15,37,1,10,13,36,42,34,80,30,6,61,51,
51,61,6,80,34,42,36,60,13,10,1,37,15,47,0,9,31,54,8,30,77,40,5,27,59,12,67,20,43,
21,53,8,25,30,1,39,10,69,44,19,0,9,88,46,23,28,27,22,5,34,86,7,12,49,57,20,36,13,50,66,55,52,15,6,43,4,17,29,82,26,41,48,58,32,63,76,75,35,56,74,
Future sets, 
40,37,31,9,5,54,59,42,8,75,20,87,13,80,12,79,71,81,70,56,64,89,30,97,78,94,27,48,34,93,44,49,96,63,52,76,74,46,84,58,85,83,39,98,73,86,95,36,66,57,77,50,47,82,69,92,25,55,43,99,53,90,61,67,91,68,60,88,51,65,
54,59,42,25,62,22,28,41,23,8,75,20,87,13,80,12,79,71,81,70,56,64,89,30,97,78,94,27,48,34,93,44,49,96,63,52,76,74,46,84,58,85,83,39,98,73,86,19,95,36,66,57,77,50,47,82,69,92,55,43,99,53,90,61,67,91,68,60,88,51,65,
70,14,33,79,89,78,45,94,72,62,16,
62,16,72,94,45,
90,26,82,41,63,48,58,86,94,76,7,74,45,56,18,85,75,95,88,21,79,78,38,29,96,72,35,64,89,17,84,33,62,70,32,99,83,73,24,
54,59,42,8,75,20,87,13,80,12,79,71,81,70,56,64,89,30,97,78,94,27,48,34,93,44,49,96,63,52,76,74,46,84,58,85,83,39,98,73,86,95,36,66,57,77,50,47,82,69,92,25,55,43,99,53,90,61,67,91,68,60,88,51,65,
68,67,97,65,38,32,29,72,35,26,44,49,39,50,55,53,25,62,98,19,56,23,71,46,83,74,85,48,84,96,22,73,70,75,89,52,95,58,79,94,57,78,41,99,76,82,64,88,69,86,90,91,63,66,28,
76,74,56,75,85,94,95,21,78,38,72,35,89,84,33,70,62,99,45,79,96,83,18,64,73,24,
20,13,12,71,81,70,56,64,89,30,78,94,79,48,34,93,44,49,96,63,52,76,74,46,75,84,58,85,83,39,98,73,27,86,95,36,66,57,77,87,50,47,82,69,92,55,80,43,99,53,90,61,67,91,68,60,97,88,51,65,
64,89,56,54,59,42,34,44,49,96,63,52,76,74,46,75,84,58,85,83,39,73,27,86,47,88,92,65,60,71,97,68,91,55,67,90,61,99,51,80,43,87,93,77,98,69,81,53,82,20,95,36,66,57,50,30,
92,43,36,60,51,61,80,34,98,65,97,67,68,28,66,63,91,90,86,69,88,64,82,76,99,41,78,57,94,79,58,95,52,89,75,70,73,22,96,84,48,85,74,83,46,71,23,56,19,62,25,53,55,50,39,49,44,30,
83,70,96,33,79,89,78,45,94,95,72,85,62,38,
81,70,56,64,89,78,94,79,48,34,44,49,96,63,52,76,74,46,75,84,58,85,83,39,73,27,95,66,57,77,93,87,50,47,36,82,69,92,55,80,43,99,53,90,61,98,86,67,30,91,68,71,60,97,88,51,65,
94,81,64,89,56,34,44,49,96,63,52,76,74,46,75,84,58,85,83,39,73,27,95,66,57,77,93,87,50,47,36,82,69,92,55,80,43,99,53,90,61,98,86,67,30,91,68,71,60,97,88,51,65,
79,89,78,45,94,72,62,
88,99,86,90,55,65,71,91,31,77,54,61,60,37,47,93,67,42,68,97,59,81,80,92,51,98,87,40,
72,94,45,
86,58,45,33,48,63,32,74,41,75,56,35,82,76,94,72,24,62,21,85,79,38,70,89,96,73,95,84,64,83,99,78,26,
83,70,96,33,79,89,78,45,94,95,72,85,62,84,38,
23,71,46,83,74,85,48,84,96,73,70,75,89,52,95,58,56,79,94,57,78,41,99,76,82,64,88,69,86,90,91,63,66,28,
82,81,69,53,77,93,87,43,80,99,61,86,67,55,91,68,71,90,60,98,65,92,51,97,88,47,
99,83,64,84,38,73,96,78,89,79,85,62,95,72,94,70,
62,58,57,66,63,86,91,90,69,88,41,64,82,76,52,99,78,94,79,56,48,95,89,75,70,73,96,84,83,85,74,
71,46,74,85,83,84,96,73,70,75,89,95,48,56,79,94,78,99,52,76,82,64,41,88,57,69,86,90,91,63,58,66,
83,84,38,73,96,78,89,79,85,62,95,72,94,70,
70,53,55,50,56,64,89,78,94,79,48,73,39,83,85,58,90,84,75,46,74,76,52,99,63,86,57,96,49,95,66,88,69,82,44,91,71,
76,82,35,72,95,78,79,56,94,62,85,89,75,70,99,73,96,64,41,84,83,74,
95,66,57,77,93,87,47,36,82,69,92,80,99,53,61,86,67,43,90,55,91,68,71,60,88,65,98,51,50,97,
46,74,85,83,84,96,73,70,75,89,95,48,56,79,94,78,99,52,76,82,64,41,88,57,69,86,90,91,63,58,66,
86,32,63,76,82,64,72,48,95,78,79,56,85,35,94,62,89,75,70,99,41,73,96,84,83,74,58,
68,67,97,65,53,55,50,73,98,39,83,85,58,90,84,75,46,74,76,52,99,63,86,57,96,49,95,66,88,69,82,44,91,71,
61,60,47,67,42,37,87,68,97,77,59,81,54,80,93,92,98,40,
63,76,82,35,72,48,95,78,79,56,94,62,85,89,75,70,99,73,96,64,41,84,83,74,
79,89,78,45,94,72,62,
80,96,76,71,91,86,57,99,66,95,90,61,82,53,69,98,88,49,50,55,51,68,97,60,65,67,
72,78,79,94,62,95,89,75,70,99,73,64,84,96,83,56,85,74,
82,69,43,80,99,61,86,67,55,91,53,68,71,90,60,98,88,65,92,51,97,
87,97,77,98,59,81,54,80,93,92,40,
96,85,78,89,79,62,72,94,70,
83,85,58,90,84,75,74,76,52,99,63,86,96,49,95,88,69,82,66,57,44,91,71,
93,92,81,59,77,80,97,98,87,54,
82,76,78,94,79,95,89,75,70,99,73,64,84,96,83,56,85,74,
77,80,97,67,87,59,93,98,81,92,
80,99,86,55,91,68,61,71,60,88,65,98,51,97,90,67,
84,75,96,74,76,63,49,88,69,82,90,95,66,99,57,86,91,71,
94,72,
73,83,85,57,52,69,86,88,90,91,74,63,96,58,95,84,75,82,99,76,66,
80,87,92,93,67,97,98,60,61,68,77,
82,79,94,78,76,95,89,75,99,73,64,84,96,83,56,85,74,
95,57,90,66,99,88,91,69,82,71,86,
82,55,99,88,91,69,90,71,86,
91,68,61,71,60,65,98,97,67,
69,88,90,91,86,63,74,96,95,84,75,82,76,99,66,
55,99,88,91,69,90,71,86,
97,80,77,87,59,93,98,81,92,
91,90,71,86,99,88,
89,75,99,64,84,95,73,96,85,74,83,
66,99,88,91,69,90,82,86,
85,63,74,96,95,84,75,82,76,99,83,
93,98,87,81,92,
98,97,67,
67,97,98,68,
94,
76,74,95,96,75,82,99,84,
84,95,96,85,83,73,
97,
91,90,82,86,99,88,
98,97,
97,
91,86,99,88,90,
79,94,89,78,


83,85,96,95,84,
95,96,99,84,
95,96,99,84,
99,96,95,
98,93,92,87,
89,94,79,
94,89,
98,97,
93,
99,
96,
96,95,

99,

99,











Past links sets, 





0,

4,
1,5,
0,


8,
8,
2,

2,3,
4,
7,
1,6,10,
8,9,
7,17,
1,6,10,
19,
7,17,
1,6,5,10,
6,17,
9,12,13,
19,
4,6,
9,10,12,13,
0,15,
17,29,
11,2,17,18,
9,10,12,13,
26,7,32,
10,27,
31,
6,24,21,11,18,
25,30,
37,
22,32,28,23,26,
5,9,1,31,
20,36,
39,
14,16,33,
23,28,25,30,
20,27,31,
22,32,28,12,23,25,
34,44,
27,25,30,34,
15,34,43,
22,39,46,
20,34,30,36,25,
1,9,5,40,
15,50,43,53,
9,48,41,13,35,
22,27,46,49,
46,17,39,29,22,
42,54,
47,51,
47,51,
3,14,38,35,33,22,
44,32,52,58,
21,56,
30,6,51,
52,57,
6,61,60,30,42,
30,6,61,
50,53,52,57,
12,41,38,2,35,25,
23,49,51,55,
38,35,45,
46,24,64,
56,63,
56,63,
7,48,63,41,34,
42,47,54,
14,33,48,70,
78,
34,47,42,54,43,
12,13,20,59,
20,36,66,41,63,48,50,
11,18,58,73,
18,73,74,75,
38,58,73,
17,69,29,66,55,
59,77,
55,66,4,69,
56,79,
55,66,4,69,
55,51,66,69,
36,59,77,
77,81,
13,45,62,79,
11,84,76,49,27,
76,38,83,84,
67,68,65,80,
59,67,77,80,
74,88,75,86,21,76,82,
Future links sets, 
31,9,5,
54,42,8,19,22,25,
70,33,16,14,
62,16,
90,17,7,29,88,
54,42,25,8,
68,67,65,38,29,19,22,25,26,
18,76,21,24,35,
20,13,12,
54,42,20,30,27,56,34,
34,22,36,25,19,30,
95,83,38,33,
27,30,34,81,70,48,
94,81,27,30,34,56,
78,62,45,
55,51,31,
45,
86,58,33,26,24,21,32,
84,83,38,33,
28,23,
82,43,53,47,81,
99,64,38,
62,58,48,41,52,57,
48,71,46,41,
73,38,
53,46,70,48,39,50,
41,35,
95,36,47,57,50,
48,46,41,
86,58,32,
67,65,68,46,39,50,53,
47,42,37,
63,48,41,35,
78,62,45,
80,76,49,50,51,53,
70,72,62,56,
92,82,53,43,
40,
62,72,70,96,85,
58,52,44,
54,
82,70,76,56,
80,77,67,59,
80,55,51,
63,49,
94,72,
73,58,57,52,
77,61,80,60,
82,78,76,56,
95,71,57,
82,69,55,
91,65,61,60,71,
69,66,63,
69,55,
80,77,59,
91,71,86,88,90,
75,89,74,64,
69,66,
85,83,63,
98,92,87,81,
67,
68,67,
94,
82,76,75,74,
73,
97,
91,82,86,88,90,
98,97,
97,
90,88,91,86,
78,


85,84,83,
99,84,
99,84,
99,96,95,
98,93,92,87,
79,
94,89,
98,97,
93,
99,
96,
96,95,

99,

99,











Coordinates,
0.0119222,4.31717,
0.0391407,3.86021,
0.0987622,0.783179,
0.154861,0.428242,
0.333281,1.84237,
0.370503,3.97226,
0.485028,2.74836,
0.625687,1.58832,
0.644762,3.8321,
0.675781,4.13967,
0.70195,3.17517,
0.72427,1.10604,
0.8898,3.67519,
0.900613,3.8734,
1.01928,0.683744,
1.04133,4.94691,
1.09959,0.263212,
1.11854,1.7676,
1.43476,1.12244,
1.58421,2.47716,
1.64925,4.15696,
1.68022,1.47543,
1.68179,2.26091,
1.6971,2.42816,
1.71263,1.26137,
1.73217,2.67945,
1.74933,1.66795,
1.76967,3.89419,
1.79852,2.30451,
1.83605,1.78717,
1.97719,3.05595,
1.99895,4.98643,
2.0741,1.70409,
2.21198,0.715815,
2.24776,3.28471,
2.26478,1.55359,
2.27137,3.53273,
2.30056,4.91011,
2.30899,0.951575,
2.46005,2.71451,
2.46937,4.89598,
2.49801,1.65932,
2.56963,4.57763,
2.57679,3.3738,
2.64326,2.68719,
2.71228,0.217219,
2.73337,2.3706,
2.85315,4.20776,
2.88087,1.69826,
2.91872,2.72752,
2.92671,2.83805,
2.97162,3.39027,
2.98866,2.28584,
3.02762,2.85981,
3.1253,4.86121,
3.2574,2.86231,
3.3078,1.53086,
3.35714,2.33281,
3.46178,1.72641,
3.512,4.90903,
3.58725,3.51192,
3.62996,3.46227,
3.63125,0.36701,
3.64783,1.70221,
3.67404,1.31348,
3.69648,3.25789,
3.75794,1.97972,
3.77488,3.39328,
3.80481,3.28758,
3.82196,2.0697,
3.82863,0.742269,
3.83647,2.65523,
3.84121,0.0195451,
3.88733,1.22581,
3.89686,1.50027,
3.94247,1.50037,
3.95237,1.58622,
3.95897,4.40597,
3.99014,0.621044,
4.13433,0.509311,
4.17711,3.81309,
4.19063,4.79679,
4.20537,1.61839,
4.26324,1.00521,
4.36033,1.12189,
4.37676,0.815266,
4.40828,1.75291,
4.42728,4.33465,
4.43887,1.80517,
4.4489,0.503771,
4.53657,1.81586,
4.56992,1.90252,
4.5767,4.09388,
4.61574,4.41832,
4.62136,0.178189,
4.64297,1.04234,
4.77219,0.83411,
4.87575,3.39425,
4.88134,3.6205,
4.94814,1.38863,
