Storage option,sets
Size,100
Dimension,2
Shape,cube
Spacetime,BlackHole
Past sets, 


0,
0,
0,
2,0,3,
1,
4,5,0,2,3,
4,5,0,2,3,
0,1,6,
1,4,0,3,2,
4,5,0,2,3,
6,1,0,9,
2,0,3,
5,7,10,3,1,4,0,2,
12,6,1,0,9,4,
9,0,1,6,12,
0,2,
4,16,9,0,1,6,12,
5,7,2,3,15,4,12,1,6,0,9,10,
6,14,3,5,7,10,1,4,0,2,8,
8,14,3,5,7,10,1,4,0,11,2,
6,8,14,3,5,7,10,1,4,0,11,2,
3,17,0,2,13,
7,8,1,0,11,2,13,3,4,5,10,
1,7,0,11,2,13,3,4,5,8,
11,9,12,15,20,7,6,14,1,3,5,10,4,0,2,8,
25,1,7,0,13,11,2,3,4,5,8,10,
0,2,
1,7,8,5,4,13,2,0,11,17,3,
2,3,10,18,4,15,16,9,0,1,12,6,
25,1,7,0,13,11,2,3,4,5,8,10,
14,27,10,25,8,1,7,24,0,13,11,2,3,4,5,
8,14,16,19,2,5,7,3,15,4,12,1,18,6,0,9,10,
19,26,7,11,9,12,15,20,1,6,14,3,22,5,10,4,0,2,8,
5,4,11,23,2,3,17,0,13,
2,0,28,
9,20,21,14,6,22,24,11,7,8,1,0,13,2,3,4,5,10,
15,12,37,14,9,20,21,6,22,24,1,11,7,8,0,13,2,3,26,4,5,10,
17,31,32,14,27,10,25,8,1,7,24,0,13,11,2,3,4,5,
16,34,11,19,26,3,7,9,12,15,20,1,6,14,22,5,10,4,0,2,8,18,
24,27,17,31,25,8,1,7,0,13,11,2,3,4,5,10,29,
19,21,22,13,26,7,11,9,12,15,20,1,6,14,3,5,24,10,4,0,2,8,
30,33,14,8,16,19,0,2,5,7,3,15,4,12,1,18,6,9,10,
18,8,2,0,4,10,22,14,6,1,20,15,12,9,7,3,26,19,5,34,16,11,40,
13,34,11,19,26,3,7,9,12,15,20,1,6,14,22,5,10,4,0,2,8,21,
19,15,12,37,14,9,20,21,6,22,24,1,11,7,8,0,13,2,3,26,4,5,10,
30,33,14,8,16,19,0,2,5,7,3,15,4,12,1,18,6,9,10,
10,23,25,3,1,7,8,5,4,17,13,29,0,2,11,
23,3,1,7,8,5,4,17,13,29,0,2,11,
7,8,35,2,13,28,5,4,11,0,23,3,17,
25,27,38,9,15,12,37,8,14,20,21,6,22,24,1,11,7,0,13,2,3,32,26,4,5,10,
11,20,33,14,8,16,19,0,2,5,7,3,15,4,12,1,18,6,9,10,
6,21,39,17,31,8,32,14,27,4,10,25,2,1,24,7,0,13,11,3,5,29,
44,15,18,8,2,0,4,10,22,14,6,1,20,12,9,7,3,26,19,5,34,16,11,40,21,
16,24,45,13,42,34,5,11,19,26,3,7,9,12,15,20,1,6,14,22,10,4,0,2,8,21,
13,44,15,18,8,2,0,4,10,22,14,6,1,20,12,9,7,3,26,19,5,34,16,11,40,21,
27,31,10,23,25,8,3,1,7,5,4,17,0,13,29,2,48,11,
9,6,18,1,12,4,15,3,5,2,0,19,16,8,14,10,33,7,30,43,
54,44,15,18,8,2,0,4,10,22,14,6,1,20,12,9,7,3,26,19,5,34,16,11,40,21,13,
31,34,42,19,51,22,25,27,38,9,15,12,37,8,14,20,21,6,24,1,11,7,0,13,2,3,32,26,4,5,10,46,
22,23,53,24,6,21,39,10,17,31,2,8,32,3,14,27,4,25,1,7,0,29,13,11,5,41,
1,7,8,35,2,36,50,13,28,11,5,4,0,17,23,3,
12,22,20,9,37,53,24,6,21,39,10,17,31,2,8,32,3,14,27,4,25,1,7,0,29,13,11,5,41,
31,46,32,37,38,27,25,55,26,16,45,24,13,42,34,5,11,19,3,7,9,12,15,20,1,6,14,22,51,10,4,0,2,8,21,
25,38,37,46,42,45,24,55,56,1,54,44,15,18,8,2,59,0,4,10,22,14,6,20,12,9,7,3,26,19,5,34,16,11,40,21,13,
19,26,22,20,37,12,15,9,38,53,24,6,21,39,10,17,31,2,8,32,3,14,27,4,25,1,7,0,29,13,11,5,51,
47,52,21,40,11,34,26,20,22,44,12,9,6,18,4,15,3,58,5,2,0,19,16,8,1,54,14,10,33,7,30,43,
9,20,35,49,48,32,3,22,23,53,24,6,21,39,10,17,31,61,2,8,14,27,4,25,1,7,0,29,13,11,5,41,57,
47,52,13,21,40,11,16,34,5,19,26,3,7,9,12,20,6,14,22,10,4,0,59,2,8,18,15,44,54,1,58,33,30,43,56,
28,35,41,24,14,32,39,21,11,27,4,31,8,57,10,23,0,25,49,2,3,48,1,7,6,53,5,17,13,29,
29,17,39,60,64,27,31,46,9,32,37,0,38,1,25,55,26,16,45,8,24,13,42,5,34,11,19,3,7,12,15,20,6,14,51,22,10,4,2,21,
56,40,18,44,54,59,60,64,27,31,46,9,32,37,0,38,1,25,55,26,16,45,8,24,13,42,5,34,11,19,3,7,12,15,20,6,14,51,22,10,4,2,21,
45,16,55,46,42,34,60,23,61,41,66,29,19,26,63,22,20,37,0,12,15,9,38,1,53,24,6,21,39,2,10,17,31,8,32,3,14,51,27,4,25,7,13,11,5,
40,18,44,56,60,64,27,31,46,9,32,37,0,38,1,25,55,26,16,45,8,24,13,42,5,34,11,19,3,7,12,15,20,6,14,51,22,10,4,2,21,
40,18,44,71,29,17,60,39,64,21,27,31,46,3,9,32,37,0,38,1,25,55,12,26,16,45,2,8,51,24,13,42,5,34,11,19,7,15,20,6,14,22,10,53,4,
48,63,66,41,61,23,73,75,40,18,44,71,24,29,17,64,60,13,39,21,27,31,46,3,9,32,37,0,38,1,25,55,8,12,26,16,45,2,51,4,42,5,34,11,19,7,15,20,6,53,14,22,10,
23,41,63,65,66,59,54,72,56,74,75,40,18,44,71,24,29,17,64,60,13,39,21,27,31,46,3,9,32,37,0,38,1,25,55,8,12,26,16,45,2,51,4,42,5,34,11,19,7,15,20,6,53,14,22,10,
65,59,54,10,22,14,53,6,20,15,7,19,11,34,5,42,4,51,2,45,16,26,12,8,55,25,1,38,0,37,32,9,3,46,31,27,21,39,13,60,64,17,29,24,71,44,18,40,75,74,56,73,23,61,41,66,63,72,
65,59,54,10,22,14,53,6,20,15,7,19,11,34,5,42,4,51,2,45,16,26,12,8,55,25,1,38,0,37,32,9,3,46,31,27,21,39,13,60,64,17,29,24,71,44,18,40,75,74,56,73,23,61,41,66,63,72,
26,15,38,50,36,62,37,12,63,61,22,20,9,70,28,35,41,4,24,14,32,39,2,21,11,48,27,31,68,8,57,10,23,0,25,49,3,1,7,6,53,5,17,13,29,
30,33,52,41,63,65,66,59,54,72,56,74,75,40,18,44,71,24,29,17,64,60,13,39,21,27,31,46,3,9,32,37,0,38,1,25,55,8,12,26,16,45,2,51,4,42,5,34,11,19,7,15,20,6,53,14,22,10,
17,30,43,33,52,65,59,54,72,74,31,40,18,44,1,56,13,60,64,21,27,46,3,9,32,37,0,38,25,55,12,26,16,45,2,8,51,24,42,5,34,11,19,7,15,20,6,14,22,10,4,
29,30,17,39,33,52,65,59,54,72,74,31,40,18,44,1,56,13,60,64,21,27,46,3,9,32,37,0,38,25,55,12,26,16,45,2,8,51,24,42,5,34,11,19,7,15,20,6,14,22,10,4,
57,65,59,54,72,56,76,17,48,63,4,66,7,41,61,2,23,73,14,75,16,40,18,44,71,12,24,29,64,5,60,1,13,39,21,27,31,46,3,9,32,37,0,38,25,55,8,26,45,51,42,34,11,19,15,74,20,6,53,22,10,
30,43,33,52,65,59,54,72,74,31,40,18,44,1,56,13,60,64,21,27,46,3,9,32,37,0,38,25,55,12,26,16,45,2,8,51,24,42,5,34,11,19,7,15,20,6,14,22,10,4,
17,30,43,33,52,65,59,54,72,74,31,40,18,44,1,56,13,60,64,21,27,46,3,9,32,37,0,38,25,55,12,26,16,45,2,8,51,24,42,5,34,11,19,7,15,20,6,14,22,10,4,
28,57,49,35,68,59,54,72,56,76,17,48,63,4,66,7,41,61,2,23,73,14,75,16,40,18,44,71,12,24,29,64,5,60,1,13,39,21,27,31,46,3,9,32,37,0,38,25,55,8,26,45,51,42,34,11,19,15,74,20,6,53,22,10,
49,77,78,79,52,33,30,84,17,57,65,59,54,72,5,56,76,9,48,63,4,71,66,7,74,41,61,2,23,73,6,14,81,75,8,16,40,18,44,12,24,29,64,60,1,13,39,21,27,31,46,3,32,37,0,38,25,55,26,45,51,42,34,11,19,15,20,53,22,10,
35,49,77,78,79,52,33,30,84,17,57,65,59,54,72,5,56,76,9,48,63,4,71,66,7,74,41,61,2,23,73,6,14,81,75,8,16,40,18,44,12,24,29,64,60,1,13,39,21,27,31,46,3,32,37,0,38,25,55,26,45,51,42,34,11,19,15,20,53,22,10,
36,40,18,44,50,68,48,49,57,35,28,70,64,71,73,26,45,16,63,55,8,46,42,34,60,13,23,61,14,41,66,19,29,22,20,37,0,12,15,9,38,1,53,6,24,21,39,2,10,17,31,32,3,51,4,27,25,7,11,5,
33,50,70,77,78,79,65,87,20,28,57,49,35,68,1,59,54,72,5,56,76,9,17,84,48,63,4,71,66,7,74,41,61,2,23,73,6,14,75,8,16,40,18,44,12,24,29,64,60,13,39,21,27,31,46,3,32,37,0,38,25,55,26,45,51,42,34,11,19,15,53,22,10,
48,67,58,47,69,77,78,61,23,73,79,53,71,75,66,63,41,4,10,22,14,20,15,34,5,42,24,51,8,45,16,26,2,55,25,38,0,37,32,9,46,27,11,64,7,60,13,3,56,44,18,40,31,21,74,19,72,1,54,6,59,12,65,52,43,30,17,33,86,85,83,29,39,82,81,
68,88,89,16,35,49,77,4,78,5,79,6,52,33,30,84,11,17,57,65,59,54,72,56,76,3,9,48,63,71,66,7,74,1,41,61,2,75,23,73,0,14,81,8,40,18,44,12,24,29,64,60,13,39,21,27,31,46,32,37,38,25,55,26,45,51,42,34,19,15,20,53,22,10,
35,47,58,82,83,85,43,88,15,49,77,4,78,5,79,6,52,33,30,84,11,17,57,65,59,54,72,56,76,3,9,48,63,71,66,7,74,1,41,61,2,75,23,73,0,14,81,8,16,40,18,44,12,24,29,64,60,13,86,39,21,27,31,46,32,37,38,25,55,26,45,51,42,34,19,20,53,22,10,
10,22,53,15,19,11,34,42,51,45,26,55,25,38,37,32,3,46,31,27,21,39,13,60,64,29,24,44,18,40,16,75,14,6,73,23,2,61,41,74,7,66,71,4,63,48,17,9,76,56,84,5,72,54,59,1,68,35,49,57,28,20,8,87,65,0,79,78,77,70,50,33,12,91,
65,62,80,74,75,76,56,72,54,59,90,23,36,40,18,44,50,68,1,48,49,57,35,28,70,3,64,71,4,73,6,26,45,16,63,55,8,46,42,34,60,13,61,14,41,66,19,29,22,20,87,37,0,12,15,9,38,53,24,21,39,2,10,17,31,32,51,27,25,7,11,5,
68,94,11,35,47,58,82,83,0,85,2,43,88,5,15,49,77,4,78,79,6,89,52,33,30,84,1,17,57,65,59,54,72,56,76,3,86,9,48,63,71,66,7,74,41,61,75,23,73,14,81,8,16,40,18,44,12,24,29,64,60,13,39,21,27,31,46,32,37,38,25,55,26,45,51,42,34,19,20,53,22,10,
43,82,83,81,30,52,89,88,95,16,10,22,53,15,19,11,34,42,51,45,26,55,25,38,37,32,3,46,31,27,21,39,13,60,64,29,24,44,18,40,75,14,93,6,73,23,2,61,41,74,7,66,71,4,63,48,17,9,76,56,84,5,72,54,59,1,68,35,49,57,28,20,8,87,65,0,79,78,77,70,50,33,12,91,
47,58,62,80,85,86,36,98,9,43,82,83,81,30,52,89,0,88,95,6,16,10,22,53,15,19,11,34,42,51,45,26,55,25,38,37,32,3,46,31,27,21,39,13,60,64,29,24,44,18,40,75,14,93,4,73,23,2,91,61,41,74,7,66,71,63,48,17,76,56,84,5,72,54,59,1,90,68,35,49,57,28,20,8,87,65,79,78,77,70,50,33,12,
Future sets, 
16,12,9,15,18,4,2,99,36,28,17,23,13,30,10,5,88,35,11,94,8,91,7,90,86,62,50,49,29,31,57,27,48,25,41,24,14,97,93,81,47,43,58,33,39,32,20,22,89,53,70,61,87,79,68,52,63,26,85,46,40,42,95,66,51,80,21,34,77,60,55,98,19,45,73,64,71,83,44,38,72,65,59,96,37,67,84,82,92,69,78,54,56,74,75,76,3,
62,49,29,25,21,32,39,14,24,41,27,57,31,48,6,77,70,53,61,22,93,9,80,76,68,37,12,83,79,73,63,18,89,85,15,86,82,74,30,97,26,91,20,38,99,19,90,51,78,72,66,46,40,42,95,34,44,75,16,87,54,56,45,98,84,96,43,59,65,71,64,55,60,33,94,92,52,67,69,47,58,81,10,88,
36,28,17,23,13,30,10,5,88,35,11,94,8,91,7,90,86,62,50,49,29,31,57,27,48,25,41,24,14,97,93,81,47,43,58,33,39,32,99,20,22,89,53,70,61,87,79,68,52,63,26,85,46,40,42,95,66,51,80,21,34,77,60,55,98,19,45,73,64,71,83,44,38,72,65,59,96,37,67,84,82,92,69,78,54,56,74,75,76,
23,13,30,10,5,88,35,11,94,8,91,7,90,86,62,50,49,29,31,57,27,48,25,41,24,14,97,93,81,47,43,58,33,39,32,99,20,22,89,53,70,61,87,79,68,52,63,26,85,46,40,42,95,66,51,80,21,34,77,60,55,98,19,45,73,64,71,83,44,38,72,65,59,96,37,67,84,82,92,69,78,54,56,74,75,76,
18,15,35,11,30,10,8,7,86,62,50,49,29,31,57,27,48,25,41,24,14,93,81,47,43,58,33,39,32,99,20,22,89,53,70,61,87,79,68,52,63,26,85,46,40,42,95,66,51,80,21,88,34,77,60,55,98,19,45,73,64,71,83,44,97,38,72,65,94,59,96,37,67,84,82,92,69,78,54,56,91,74,75,76,90,
35,11,8,7,86,62,50,49,29,31,57,27,48,25,41,24,14,93,81,47,43,58,33,39,32,99,20,22,89,53,70,61,87,79,68,52,63,26,85,46,40,42,95,66,51,80,21,88,34,77,60,55,98,19,45,73,64,71,83,44,97,38,72,65,94,59,96,37,67,84,82,92,69,78,54,56,91,74,75,76,90,
70,53,61,22,9,76,68,37,12,79,73,63,18,85,15,82,74,30,97,91,89,38,99,80,19,86,51,78,72,66,46,40,42,95,34,44,90,75,16,83,77,54,56,26,93,87,20,45,98,84,96,43,59,65,71,64,55,60,33,94,92,52,67,69,47,58,81,88,
62,50,49,29,31,57,27,48,25,41,24,14,81,47,43,58,33,39,32,99,22,89,53,70,61,20,87,79,68,52,63,26,93,85,46,40,42,95,66,51,80,21,88,34,77,60,55,98,45,73,64,71,83,44,97,38,72,65,94,59,96,37,67,86,19,84,82,92,69,78,54,56,91,74,75,76,90,
62,50,47,43,58,33,49,29,31,57,27,48,25,39,32,41,24,22,53,70,61,20,79,68,52,63,26,85,46,99,40,42,95,66,51,80,21,34,93,87,77,60,55,98,45,73,64,71,83,88,44,97,38,72,65,94,59,96,37,67,86,84,82,92,69,78,89,54,56,91,74,75,76,90,81,
68,37,12,73,63,18,79,15,76,74,30,91,89,38,99,97,80,19,51,78,72,66,46,40,42,95,34,44,90,75,16,77,54,56,26,87,85,45,98,84,96,43,59,65,93,71,64,55,60,82,86,33,94,92,52,67,69,47,83,58,81,88,
48,31,30,57,27,41,24,14,81,47,43,58,33,39,32,99,22,89,53,70,61,20,87,79,68,52,63,26,93,85,46,40,42,95,66,51,80,21,88,34,77,60,55,98,45,73,64,71,83,44,97,38,72,65,94,59,96,37,67,86,19,84,82,92,69,78,54,56,91,74,75,76,90,
52,50,62,35,49,29,65,73,82,83,85,86,71,94,77,89,64,42,95,72,84,87,96,93,46,99,76,81,97,60,66,88,92,51,80,22,75,79,91,38,63,78,90,37,55,98,45,53,70,61,68,54,69,67,59,56,74,21,34,40,44,24,41,32,39,25,48,27,57,31,26,
63,18,15,74,30,89,38,97,80,51,19,78,72,66,46,99,40,42,95,44,90,76,75,16,54,56,79,26,85,45,98,84,96,43,59,65,87,34,93,77,71,64,73,55,60,82,86,33,92,52,67,69,94,47,83,58,81,88,91,
59,69,56,45,29,31,27,25,63,51,81,66,75,53,71,83,39,60,72,64,86,85,82,74,32,37,38,46,65,41,42,55,84,61,92,76,94,70,87,35,97,88,57,98,90,23,95,93,62,96,68,99,49,80,50,91,24,89,78,48,79,73,77,
47,43,58,33,39,32,22,53,70,61,20,79,68,52,63,26,85,46,99,40,42,95,66,51,80,21,34,93,87,77,60,55,98,45,73,64,71,83,88,44,97,38,72,65,94,59,96,37,67,86,84,82,92,69,78,89,54,56,91,74,75,76,90,81,
30,38,80,51,19,72,66,46,99,42,95,44,97,90,76,75,74,54,56,78,79,26,45,98,84,96,43,59,65,87,34,77,40,93,71,64,73,55,60,82,86,33,52,85,67,69,92,94,47,83,58,81,89,88,91,
71,64,73,18,44,87,90,47,76,33,75,74,54,97,56,99,78,77,79,84,96,59,65,72,94,67,98,55,92,69,85,86,43,82,58,81,89,88,93,83,40,52,95,30,91,
86,82,84,61,92,76,94,70,87,35,97,88,57,98,90,23,95,93,62,96,29,68,99,49,80,50,91,89,78,48,79,73,77,83,71,66,75,53,41,81,63,39,
44,90,76,75,74,54,56,78,77,79,84,96,59,65,72,87,33,94,47,67,97,98,92,69,85,86,82,58,81,43,89,88,93,83,99,52,30,95,91,40,
66,46,42,44,90,76,75,74,54,56,78,79,45,84,96,59,65,72,87,77,40,71,64,73,55,60,82,86,99,52,85,98,97,67,69,92,94,47,83,58,81,34,93,43,89,88,91,95,33,
68,52,63,26,79,46,99,42,95,66,51,80,34,87,77,60,55,98,45,73,64,71,40,93,83,88,44,97,72,65,94,59,96,67,86,85,84,82,92,69,78,89,54,56,91,38,74,75,76,90,37,81,
56,59,67,69,54,68,61,70,53,45,55,37,78,63,38,79,75,80,51,92,88,66,60,97,91,98,81,76,99,93,96,87,46,84,72,95,64,89,77,90,94,71,86,85,83,42,82,73,74,65,
68,61,42,46,66,51,80,38,63,34,77,60,55,98,73,64,71,40,83,88,45,87,44,72,65,94,59,96,67,86,85,84,82,79,92,69,95,78,89,97,54,56,99,93,91,74,75,76,90,81,37,
77,73,79,78,48,89,91,50,80,99,96,62,95,90,49,98,57,97,68,87,93,70,94,35,76,92,88,84,61,
55,42,41,65,46,38,37,32,73,74,82,85,86,64,72,60,39,80,76,83,71,53,94,90,75,70,99,66,95,77,81,61,98,84,88,51,92,89,78,63,79,97,68,87,96,91,93,
65,48,27,74,57,41,88,32,79,73,82,85,86,39,64,72,60,80,76,83,71,53,94,90,75,70,99,66,95,77,81,61,98,51,84,92,89,78,31,63,97,68,87,96,91,93,
46,42,66,51,80,34,77,60,55,98,73,64,71,40,83,88,45,87,44,72,65,94,59,96,67,86,85,84,82,79,92,69,95,78,89,97,54,56,99,93,91,74,75,76,90,81,38,
57,41,32,73,74,82,85,86,64,72,60,39,80,76,83,71,53,94,90,75,70,99,66,95,77,81,61,98,84,88,51,92,89,78,63,79,97,68,87,96,91,93,
80,96,90,62,99,36,70,87,50,98,95,91,
83,71,66,75,53,49,57,41,70,99,77,48,81,61,90,84,94,88,89,78,76,92,63,79,97,68,87,98,96,73,91,80,93,95,
83,93,88,89,81,47,43,82,86,99,85,69,98,58,97,67,92,94,
64,74,82,85,86,72,60,57,39,76,83,71,53,90,75,70,99,66,95,77,81,61,98,84,94,88,89,78,41,92,63,79,97,68,87,96,73,91,80,93,
74,82,85,86,64,72,60,39,76,83,71,53,90,75,70,99,66,95,77,81,61,98,84,94,88,51,89,78,92,63,79,97,68,87,96,73,91,80,93,
95,91,88,89,93,81,83,94,92,67,97,58,98,69,85,99,86,82,43,47,52,
60,55,73,64,71,40,77,88,87,72,65,94,59,96,67,86,85,84,82,45,79,92,69,98,95,78,89,97,56,93,99,83,91,54,74,75,76,90,81,44,
94,89,70,93,87,97,98,90,95,62,50,96,99,68,91,80,
90,62,96,99,80,
63,38,75,80,51,88,66,60,97,91,98,81,79,78,92,76,99,93,96,87,84,72,95,64,89,77,90,94,71,86,85,83,46,82,73,74,65,
80,51,88,66,60,97,91,75,98,81,79,78,92,76,99,93,96,87,84,72,95,64,89,77,90,94,71,86,85,83,82,73,74,65,
83,71,53,75,70,99,66,95,77,81,61,90,84,94,88,89,78,76,92,63,79,97,68,87,98,96,73,91,80,93,
88,87,72,65,94,59,96,67,86,85,84,82,79,77,92,69,98,95,78,89,97,56,93,99,83,91,54,74,75,76,90,81,44,
70,77,81,61,84,94,88,89,78,76,99,92,79,97,87,98,96,73,68,91,80,93,95,90,63,
55,92,73,65,64,93,75,98,81,79,78,76,99,96,87,84,72,95,91,89,88,97,60,77,90,94,71,86,85,83,82,74,
86,85,98,58,99,97,67,69,92,94,82,
90,76,75,74,54,83,99,93,97,89,78,91,95,98,69,92,77,79,81,82,84,85,56,86,67,96,94,65,72,87,88,59,
74,82,83,85,86,71,94,90,77,97,88,89,91,95,72,84,87,96,99,76,78,79,81,98,75,93,64,65,73,92,55,
65,60,91,75,98,81,79,78,92,76,99,93,96,87,84,72,95,64,89,88,97,77,90,94,71,86,85,83,82,73,74,
99,97,67,92,69,94,
92,95,76,94,88,89,70,84,68,87,97,57,98,96,99,80,93,91,90,
89,94,88,68,97,87,98,96,70,99,80,93,91,95,90,
98,90,95,62,96,99,91,80,
66,60,91,75,98,81,79,78,92,76,99,93,96,87,84,72,95,64,89,88,97,77,90,94,71,86,85,83,82,73,74,
86,85,83,81,94,82,92,67,93,89,88,97,69,98,99,
75,70,66,77,81,61,84,94,88,89,78,76,99,92,79,97,87,98,96,73,68,91,80,93,95,90,63,
99,93,97,89,78,91,95,98,69,92,77,79,81,82,83,84,85,86,67,96,94,65,72,87,88,59,
73,65,64,93,75,98,81,79,78,92,76,99,96,87,84,72,95,91,89,88,97,77,90,94,71,86,85,83,82,74,
74,87,72,65,88,96,86,85,84,83,82,81,79,77,92,69,95,91,78,89,97,93,98,99,94,
94,88,89,84,68,97,87,98,96,70,99,80,93,91,95,90,
99,97,67,92,69,94,
87,72,65,88,96,86,85,84,83,82,81,79,77,92,69,95,91,78,89,97,93,98,99,94,
75,98,81,79,78,92,76,99,93,96,87,84,72,95,91,89,88,97,77,90,94,71,86,85,83,82,73,74,
94,88,89,78,84,76,92,79,97,87,98,96,68,99,73,80,93,91,95,90,
96,99,80,
81,80,77,73,92,90,79,98,76,95,93,96,87,84,78,97,91,89,88,99,94,
75,98,81,79,78,92,76,99,93,96,87,84,72,95,91,89,88,97,77,90,94,71,86,85,83,82,74,
96,86,85,84,83,82,81,79,77,92,95,91,78,89,88,97,93,98,99,94,
81,77,73,92,90,79,98,76,95,93,96,87,84,78,97,91,89,88,99,94,
92,
97,87,98,96,99,80,91,95,90,93,
92,
95,98,91,80,90,99,96,
90,77,94,97,88,89,91,95,84,87,96,93,99,76,92,78,79,81,98,75,
96,87,86,85,84,83,82,81,79,77,92,95,91,78,89,88,97,93,98,99,94,
90,79,92,76,93,96,87,84,95,78,91,89,88,99,97,98,94,
96,87,86,85,84,83,82,81,79,77,92,95,91,78,89,88,97,93,98,99,94,
81,79,78,92,76,93,96,87,84,95,91,89,88,99,97,98,94,77,
96,87,84,95,91,89,88,99,97,93,98,94,
92,95,91,89,88,97,93,98,99,94,
92,95,91,89,88,97,93,98,99,94,
92,95,91,89,88,97,93,98,99,94,
99,96,
92,89,88,97,93,98,99,94,
99,92,97,94,98,
99,92,97,94,98,
95,91,89,88,97,93,98,99,94,
99,94,97,92,
99,94,97,92,
96,91,98,99,95,
97,93,98,99,94,
97,99,98,93,
99,96,
98,99,95,

99,98,
97,
99,98,


99,

Past links sets, 


0,
0,
0,
2,3,
1,
4,5,
4,5,
0,6,
1,2,3,4,
4,5,
9,
2,3,
7,10,
4,12,
12,
2,
4,16,
7,10,15,
6,8,14,
8,11,14,
8,6,11,14,
13,17,
7,13,8,11,10,
1,13,8,11,7,
11,15,20,
10,25,
2,
1,7,17,13,8,11,
10,15,18,
10,25,
14,24,27,
8,18,14,19,
19,22,26,
11,23,
28,
24,22,21,9,20,
26,37,
31,17,32,
18,34,
27,24,29,31,
19,26,21,24,22,
30,33,
40,
13,21,34,
19,26,37,
30,33,
23,10,25,29,
23,29,
7,8,28,35,
32,38,
11,20,33,
6,21,29,39,
21,44,
16,42,45,
13,21,44,
27,31,48,
43,
13,54,
51,46,31,42,34,
22,41,23,53,
1,36,50,
12,37,41,53,
31,46,51,55,
25,38,59,56,46,55,
19,51,53,
47,52,54,58,
9,20,61,49,57,35,
59,47,58,56,52,
28,35,57,53,49,41,
60,29,39,64,
56,60,59,64,
55,66,61,63,60,
56,60,64,
44,53,71,
48,73,75,
23,65,75,63,74,72,66,
65,75,74,73,72,
65,75,74,73,72,
38,70,68,63,62,
65,75,30,52,63,74,72,66,
17,72,74,52,43,65,
29,39,72,30,74,52,65,
57,74,72,76,65,
72,74,52,43,65,
17,72,74,52,43,65,
76,74,28,72,68,
49,77,84,79,81,78,
49,77,84,35,79,81,78,
36,44,50,73,68,71,70,
50,70,33,77,87,84,79,78,
48,82,83,85,86,81,79,78,67,77,69,
68,88,89,
35,47,58,82,88,83,86,85,
91,
87,65,80,90,
68,89,94,
82,83,93,95,
47,58,80,98,90,85,86,
Future links sets, 
9,4,3,2,
6,10,25,62,29,
5,10,13,28,17,
13,10,5,
15,18,7,8,10,11,
11,8,7,
53,22,20,9,
50,29,19,24,14,25,
50,29,25,20,21,33,22,24,
68,37,12,
48,31,14,30,19,24,27,
52,29,26,21,22,35,24,25,
63,16,15,
59,56,45,23,24,29,25,
20,33,22,21,32,
30,26,19,
55,18,
86,23,29,39,82,
33,40,30,
66,33,34,42,46,
68,52,37,26,
54,37,56,45,42,53,
61,42,37,34,
77,35,48,49,61,
41,42,37,32,
65,48,31,27,
46,42,38,34,
41,57,32,
87,70,50,36,
83,41,48,53,71,49,
81,47,83,43,
64,39,41,57,60,
51,39,
91,52,47,43,
60,45,40,
94,50,70,68,89,
90,62,
46,63,38,
80,65,51,
71,83,53,
44,
70,63,61,
60,55,
86,85,82,58,
90,75,56,54,
55,
64,65,60,
99,94,69,67,
76,92,57,
89,70,88,68,
91,90,62,
66,64,60,
86,85,83,67,82,69,81,
75,61,66,63,70,
67,59,
73,65,64,
72,74,69,65,
84,70,68,
99,94,69,67,
72,69,65,
74,73,72,71,
73,68,
80,
81,80,77,73,
74,72,71,
86,96,85,84,83,82,77,78,79,81,
81,77,73,
92,
97,80,90,87,93,
92,
91,90,80,
90,75,
87,86,85,84,83,82,77,78,79,81,
90,79,78,76,
87,86,85,84,83,82,77,78,79,81,
81,76,77,78,79,
87,84,
92,91,89,88,
92,91,89,88,
92,91,89,88,
99,96,
92,89,88,
98,94,92,
98,94,92,
91,89,88,
99,94,92,
99,94,92,
96,91,
94,93,
97,93,
99,96,
95,

98,
97,
98,


99,

Coordinates,
0.0119222,4.31717,
1.04133,4.94691,
0.0391407,3.86021,
0.370503,3.97226,
0.675781,4.13967,
0.644762,3.8321,
1.99895,4.98643,
0.900613,3.8734,
0.8898,3.67519,
2.30056,4.91011,
1.64925,4.15696,
0.70195,3.17517,
2.46937,4.89598,
0.485028,2.74836,
1.76967,3.89419,
2.56963,4.57763,
3.1253,4.86121,
0.333281,1.84237,
3.512,4.90903,
2.85315,4.20776,
2.27137,3.53273,
1.97719,3.05595,
2.24776,3.28471,
0.625687,1.58832,
1.73217,2.67945,
1.58421,2.47716,
2.57679,3.3738,
1.6971,2.42816,
0.0987622,0.783179,
1.11854,1.7676,
4.19063,4.79679,
1.68179,2.26091,
1.79852,2.30451,
3.95897,4.40597,
2.97162,3.39027,
0.72427,1.10604,
0.154861,0.428242,
2.46005,2.71451,
2.64326,2.68719,
1.83605,1.78717,
3.58725,3.51192,
1.74933,1.66795,
2.92671,2.83805,
4.42728,4.33465,
3.62996,3.46227,
3.02762,2.85981,
2.91872,2.72752,
4.61574,4.41832,
1.68022,1.47543,
1.43476,1.12244,
1.01928,0.683744,
2.73337,2.3706,
4.17711,3.81309,
2.0741,1.70409,
3.77488,3.39328,
3.2574,2.86231,
3.69648,3.25789,
1.71263,1.26137,
4.5767,4.09388,
3.80481,3.28758,
2.98866,2.28584,
2.26478,1.55359,
1.09959,0.263212,
2.49801,1.65932,
3.35714,2.33281,
3.83647,2.65523,
2.88087,1.69826,
4.88134,3.6205,
2.30899,0.951575,
4.87575,3.39425,
2.21198,0.715815,
3.46178,1.72641,
3.82196,2.0697,
3.3078,1.53086,
3.75794,1.97972,
3.64783,1.70221,
3.67404,1.31348,
3.95237,1.58622,
3.89686,1.50027,
3.94247,1.50037,
2.71228,0.217219,
4.20537,1.61839,
4.43887,1.80517,
4.40828,1.75291,
3.88733,1.22581,
4.56992,1.90252,
4.53657,1.81586,
3.82863,0.742269,
4.36033,1.12189,
4.26324,1.00521,
3.63125,0.36701,
3.99014,0.621044,
4.94814,1.38863,
4.37676,0.815266,
4.64297,1.04234,
4.13433,0.509311,
3.84121,0.0195451,
4.77219,0.83411,
4.4489,0.503771,
4.62136,0.178189,
