Storage option,sets
Size,250
Dimension,2
Shape,cube
Spacetime,BlackHole
Past sets, 


0,1,
1,0,2,
2,0,1,3,
0,1,
1,

0,1,6,7,
3,2,4,8,1,0,7,6,5,
0,1,6,7,


3,2,4,5,10,0,7,1,8,6,

12,14,
0,11,6,1,7,

11,17,12,15,14,
17,
9,12,8,10,5,4,2,3,1,6,11,7,0,16,13,
14,15,12,11,19,17,18,
3,2,1,6,11,7,0,16,15,12,14,10,8,5,4,
2,3,5,8,10,16,17,6,0,11,1,12,7,15,14,
9,13,22,5,3,2,1,6,11,7,0,16,15,12,14,10,8,4,
14,12,19,17,15,
14,12,19,17,15,

18,19,21,4,22,23,6,2,3,5,8,10,16,17,0,11,1,12,7,15,14,

20,13,9,24,28,5,18,19,21,4,22,23,0,6,2,3,8,10,16,17,11,1,12,7,15,14,
29,
20,13,9,24,25,26,28,5,18,19,21,4,22,23,0,6,2,3,8,10,16,17,11,1,12,7,15,14,
4,18,21,7,1,11,0,6,16,10,8,5,3,2,17,19,12,25,14,27,15,26,23,
4,18,21,7,1,11,0,6,16,10,8,5,3,2,17,19,12,25,14,27,15,26,23,
11,18,26,15,27,29,14,25,12,19,17,
7,21,35,11,18,26,15,27,14,29,25,12,19,17,
14,12,15,17,31,29,19,27,
27,19,29,31,17,12,14,15,37,
29,31,
30,22,28,24,9,13,20,33,4,18,21,7,1,11,0,6,16,10,8,5,3,32,2,17,19,12,25,14,27,15,26,23,
14,12,15,17,31,29,19,27,
27,31,29,39,
23,26,15,27,14,25,12,19,17,2,32,5,8,10,16,6,0,11,1,7,21,18,4,33,20,13,9,24,28,22,30,3,40,
41,19,37,14,12,15,17,39,31,29,27,
2,3,5,8,10,1,6,0,16,36,19,7,21,35,18,11,26,15,27,14,31,29,12,25,17,
22,28,24,9,13,20,32,34,5,4,33,18,21,7,1,11,0,6,16,10,8,3,2,17,19,12,25,14,27,15,26,23,
29,
23,26,15,27,14,25,12,19,17,2,3,8,10,16,6,0,11,1,7,21,18,33,4,5,34,32,20,13,24,28,22,9,46,

22,28,24,9,13,20,32,34,5,4,33,18,21,7,1,11,0,6,16,10,8,3,2,17,19,12,25,14,27,15,26,23,
25,26,38,42,31,44,15,19,37,14,27,41,12,17,39,29,
20,13,9,24,22,28,34,5,4,33,18,21,7,1,11,0,6,16,10,8,3,2,17,19,12,25,14,27,15,26,23,
49,
43,6,23,26,15,27,14,25,12,19,17,2,32,5,8,10,16,0,11,1,7,21,18,4,33,20,13,9,24,28,22,30,3,40,34,
49,
49,53,
2,3,5,8,10,1,6,0,16,25,26,18,11,35,21,7,38,15,27,29,31,17,12,14,37,19,41,36,
53,49,55,
30,40,46,50,13,22,28,24,9,20,32,34,5,4,33,18,21,7,1,11,48,0,6,16,10,8,3,2,17,19,12,25,14,27,15,26,23,
53,29,49,56,
29,32,52,15,20,13,50,9,24,22,28,34,5,4,33,18,21,7,1,11,0,6,16,10,8,3,2,17,19,12,25,14,27,26,23,

23,4,34,37,45,16,2,31,3,5,8,10,1,6,35,0,29,36,7,19,21,18,11,26,15,27,14,12,25,17,38,
49,
7,21,18,11,35,51,25,44,26,38,19,42,31,12,15,37,14,27,41,17,39,29,47,
49,55,64,53,
55,60,53,29,49,56,58,
40,30,43,46,50,13,22,28,24,9,20,32,34,5,4,33,18,21,7,1,11,48,0,6,16,10,8,3,2,17,19,12,25,14,27,15,26,23,
2,3,5,8,10,1,6,0,16,25,26,18,11,35,21,7,29,39,17,12,41,27,14,37,19,15,44,31,42,38,36,
11,18,51,25,44,26,38,19,42,31,12,15,37,14,27,41,17,39,29,47,
49,55,64,53,
30,35,36,46,48,61,24,29,32,52,15,20,13,50,9,22,28,34,5,4,33,18,21,7,1,11,0,6,16,10,8,3,2,17,19,12,25,14,27,26,23,
40,30,43,46,50,13,22,28,24,9,20,32,34,5,4,33,18,21,7,1,11,48,0,6,16,10,8,3,2,17,19,12,25,14,27,15,26,23,
31,29,35,36,32,52,15,20,13,50,9,24,22,28,34,5,4,33,18,21,7,1,11,0,6,16,10,8,3,2,17,19,12,25,14,27,26,23,
45,69,2,39,3,5,42,8,10,1,38,6,0,37,16,25,26,18,11,35,21,7,44,29,17,12,41,27,14,19,15,31,36,57,
23,45,69,2,39,3,5,42,8,10,1,38,6,0,37,16,25,26,18,11,35,21,7,44,29,17,12,41,27,14,19,15,31,36,57,
58,62,71,64,55,53,49,66,
77,55,66,58,62,71,49,64,53,56,
27,31,39,67,56,55,60,49,53,64,29,58,47,
23,26,15,14,25,12,19,17,3,8,10,16,6,0,11,1,48,7,21,18,33,4,34,32,20,24,28,22,13,9,50,5,46,2,43,30,40,27,68,
53,64,49,71,62,58,66,55,77,
40,45,61,48,46,30,74,33,31,72,29,35,36,32,52,11,15,20,13,50,9,24,22,28,34,5,4,18,21,7,1,0,6,16,10,8,3,2,17,19,12,25,14,27,26,23,
31,39,47,64,67,56,55,66,60,49,53,29,58,
58,62,71,64,55,53,49,66,
13,9,24,22,28,33,39,44,41,63,26,23,4,34,37,0,45,8,16,2,31,3,5,10,1,38,6,35,29,36,7,19,21,18,11,15,27,14,12,25,17,57,
37,45,46,74,33,31,29,35,36,32,52,11,15,20,61,13,50,9,24,22,28,34,5,4,18,21,7,1,0,6,16,10,8,3,2,17,19,12,25,14,27,26,23,

20,13,9,24,22,28,33,41,63,26,23,4,34,37,0,45,8,16,2,31,3,5,10,1,38,6,35,29,36,7,19,21,18,11,15,27,14,12,25,17,57,
20,13,9,24,22,28,33,41,63,26,23,4,34,37,0,45,8,16,2,31,3,5,10,1,38,6,35,29,36,7,19,21,18,11,15,27,14,12,25,17,57,

7,21,35,55,56,49,53,70,47,11,18,41,51,25,44,26,38,15,19,42,31,12,37,14,60,27,17,39,29,
53,64,49,62,55,
31,40,59,72,29,30,35,36,46,3,48,5,61,18,24,32,52,9,15,20,13,50,7,22,28,34,4,33,21,1,11,0,6,16,10,8,2,17,19,12,25,14,27,26,23,
47,51,75,1,38,45,8,69,2,39,3,5,42,10,6,0,37,16,25,26,18,11,35,21,7,44,29,17,12,41,27,14,19,15,31,36,57,65,
54,73,32,40,30,43,2,46,5,50,9,13,22,28,24,20,34,4,33,18,21,7,48,1,11,0,6,16,10,8,3,17,19,12,25,14,27,68,15,26,23,
71,62,77,78,83,49,31,39,56,47,27,64,67,55,60,53,66,29,58,79,
90,
62,71,83,49,31,39,56,47,27,64,67,55,60,53,66,29,58,42,79,
82,29,40,45,61,8,48,46,30,74,21,33,31,72,19,35,36,32,52,11,15,20,13,50,9,24,22,28,34,5,4,18,7,1,0,6,59,16,10,3,2,17,12,25,14,27,26,23,
47,29,60,67,56,53,64,49,71,39,62,81,58,66,78,55,31,77,
47,29,60,67,56,53,64,49,71,62,81,58,66,78,55,77,

22,33,47,51,34,4,63,75,76,2,39,23,45,8,69,3,5,42,10,1,38,6,0,37,16,25,26,18,11,35,21,7,44,29,17,12,41,27,14,19,15,31,36,57,

52,54,59,73,80,23,26,15,14,25,12,19,17,3,8,10,16,6,0,11,1,48,7,21,18,33,4,34,32,20,24,28,22,13,9,50,5,46,2,43,30,40,27,68,
79,27,83,77,47,29,60,67,56,100,53,64,71,39,62,81,58,66,31,78,55,49,96,
38,59,72,30,48,40,86,37,45,46,74,27,33,31,29,35,82,36,32,52,5,11,15,20,61,14,13,50,3,9,24,22,28,34,4,18,21,7,1,0,6,16,10,8,2,17,19,12,25,26,23,
4,34,47,51,65,75,76,2,39,23,45,8,69,3,5,42,10,1,38,6,0,37,16,25,26,18,11,35,21,7,44,29,17,12,41,27,14,19,15,31,36,57,
23,26,25,12,17,2,10,16,0,7,18,4,34,28,22,24,9,3,50,13,14,8,61,20,15,11,5,52,32,36,35,82,29,31,27,21,74,46,45,37,33,86,40,48,30,19,72,6,59,38,1,107,
56,78,77,62,49,66,53,64,81,55,92,58,84,71,
12,14,41,81,77,98,29,15,62,39,71,83,60,78,31,56,79,47,27,49,96,17,64,67,55,53,19,66,58,42,
60,67,56,78,77,62,49,29,66,53,64,81,55,92,58,84,71,
90,102,104,
59,72,30,48,40,86,37,45,46,74,27,33,31,29,35,82,36,32,52,5,11,15,20,61,14,13,50,3,9,24,22,28,34,4,18,21,7,1,0,6,16,10,8,2,17,19,12,25,26,23,
49,12,47,6,51,10,75,1,42,38,45,8,69,2,39,3,44,5,0,41,37,16,57,25,26,18,94,11,35,21,7,29,70,17,27,14,19,15,31,36,65,
49,65,47,51,75,1,38,45,8,69,2,39,3,5,42,10,6,0,37,16,25,26,18,11,35,21,7,44,29,17,12,41,27,14,19,15,31,36,57,70,
58,53,55,67,17,96,64,27,47,42,79,19,56,31,60,83,71,39,62,15,66,29,98,77,81,78,41,14,49,12,111,
51,75,42,69,85,38,13,9,24,22,28,33,39,44,41,63,16,26,23,4,34,37,0,45,8,2,31,3,5,10,57,1,6,35,29,76,36,7,19,21,18,11,15,27,14,12,25,17,
21,35,62,17,41,14,37,15,12,42,19,38,26,44,25,51,18,11,79,58,29,66,53,60,55,67,64,27,47,56,39,31,49,83,71,70,
23,49,12,47,6,51,10,75,1,42,38,45,8,69,2,39,3,44,5,0,41,37,16,57,25,26,18,94,11,35,21,7,29,70,17,27,14,19,15,31,36,65,
43,99,46,82,29,40,93,45,61,8,48,30,74,21,33,31,72,19,35,36,32,52,11,15,20,13,50,9,24,22,28,34,5,4,18,7,1,0,6,59,16,10,3,2,17,12,25,14,27,26,23,
1,38,6,19,30,107,48,40,33,37,45,46,21,86,27,31,29,35,36,32,52,5,11,74,15,20,8,14,72,13,3,9,24,22,28,34,4,18,7,59,0,16,10,61,2,17,12,25,26,82,23,50,109,
87,97,90,113,102,104,
42,69,76,44,39,85,88,3,20,63,13,9,24,22,28,33,41,26,23,4,34,37,89,0,45,2,8,16,31,5,10,1,38,6,35,29,36,7,19,21,18,11,15,27,14,57,12,25,17,
41,57,38,63,72,30,48,40,86,37,45,46,74,27,33,31,29,35,82,36,32,52,5,11,15,20,61,14,13,50,3,9,24,22,28,34,4,18,21,7,1,0,6,16,10,8,2,17,19,12,25,26,23,
102,

9,13,28,94,63,33,22,14,4,51,34,47,0,65,18,75,76,29,2,39,23,45,8,69,3,5,42,10,57,1,38,37,16,25,26,108,11,35,21,7,44,17,12,41,27,19,15,31,36,6,103,
41,59,38,63,72,30,48,40,86,37,45,46,74,27,33,31,29,35,82,36,32,52,5,11,15,20,61,14,13,50,3,9,24,22,28,34,4,18,21,7,1,0,6,16,10,8,2,17,19,12,25,26,23,
104,102,113,97,87,90,123,
35,37,26,44,25,51,18,11,70,101,21,100,38,117,58,53,55,67,17,96,64,47,42,79,56,31,60,83,71,39,62,15,66,29,19,98,77,81,78,41,14,49,12,111,27,106,
56,78,77,87,64,55,84,62,49,53,97,92,90,58,81,71,66,
102,127,
62,123,90,87,113,102,104,97,130,
75,51,18,42,69,16,76,23,44,39,85,88,35,3,20,63,10,13,24,22,28,33,41,26,4,57,34,37,89,36,0,45,2,8,31,5,1,38,6,29,7,19,21,11,124,15,27,14,12,9,118,25,17,
104,126,102,127,
43,37,86,99,46,82,29,40,93,45,61,8,48,30,74,21,33,31,72,19,35,36,32,52,11,15,20,13,50,9,24,22,28,34,5,4,18,7,1,0,6,59,16,10,3,2,17,12,25,14,27,26,23,
61,42,69,50,52,32,74,44,39,85,88,3,20,63,13,9,24,22,28,33,41,26,23,4,34,37,89,0,45,2,8,16,31,5,10,1,38,6,35,29,36,7,19,21,18,11,15,27,14,57,12,25,17,
107,11,41,59,0,38,63,4,72,13,30,48,40,86,27,37,45,46,74,15,33,31,29,35,82,23,36,32,52,5,20,61,129,2,14,50,109,3,9,24,22,28,34,18,21,7,1,6,16,10,8,17,19,12,25,26,
90,104,126,136,102,127,113,
58,67,60,53,56,55,49,6,65,47,51,8,75,1,44,38,45,91,2,69,39,3,94,5,42,10,0,37,16,25,18,11,35,21,7,29,26,115,17,12,41,116,27,70,14,57,19,15,31,36,
24,85,22,75,118,9,13,28,94,41,63,10,33,14,4,57,51,34,47,0,65,12,18,76,23,29,2,108,39,45,8,69,16,3,5,42,1,38,37,25,26,11,35,21,7,44,17,27,128,19,15,31,36,6,103,
71,84,92,64,53,66,49,90,81,62,58,77,78,56,97,112,29,67,60,101,55,27,110,47,100,39,31,87,83,
104,102,113,132,78,56,97,77,58,87,64,55,84,62,81,53,92,49,90,71,66,
42,69,44,39,17,25,12,57,14,27,15,11,18,21,19,7,36,29,35,6,38,1,10,5,31,16,8,2,45,0,89,37,34,4,23,26,41,33,28,22,24,9,13,63,20,3,88,86,46,74,32,52,61,50,85,
126,134,123,62,87,90,113,102,127,104,97,130,
4,34,76,60,53,56,55,91,26,120,23,70,49,2,12,47,0,94,6,51,10,57,75,1,42,38,45,8,69,39,3,44,5,41,37,16,25,115,18,65,11,35,21,7,29,17,27,14,116,19,15,31,36,
47,110,29,67,60,132,78,56,97,77,58,87,64,55,84,62,81,53,92,49,90,112,71,66,
97,90,123,130,113,62,87,104,126,136,102,127,134,
123,130,104,58,81,56,90,132,78,102,55,144,97,77,87,64,84,62,53,92,49,71,113,66,
46,20,61,2,42,69,10,50,52,32,74,15,44,39,85,26,88,29,3,63,4,13,9,24,22,28,33,41,23,34,37,89,0,45,8,16,31,5,1,38,6,35,36,7,19,21,18,138,11,27,14,57,12,25,17,76,
55,49,53,92,126,134,123,62,64,87,90,113,102,104,97,130,
79,66,64,141,35,58,5,67,14,60,53,0,56,3,55,2,49,65,12,47,51,8,75,1,44,38,91,45,69,16,39,94,41,42,10,7,116,37,25,18,11,21,29,26,6,115,17,70,27,57,19,15,31,36,83,
32,51,52,18,42,69,16,76,23,44,39,85,88,35,3,20,63,10,13,9,24,22,75,28,33,41,26,4,57,34,37,89,36,0,45,2,8,31,5,1,38,6,29,7,19,21,11,124,15,27,14,12,25,17,
90,113,104,126,133,136,102,127,
127,102,133,
83,39,100,148,31,90,47,110,81,29,58,87,67,60,132,78,49,56,97,77,64,55,84,62,92,53,112,71,66,104,101,
30,42,48,44,39,17,25,12,57,14,27,15,11,18,21,19,7,36,29,35,6,38,1,10,5,31,16,8,2,45,0,89,37,34,4,23,26,41,33,28,22,24,9,13,63,20,3,88,86,46,74,32,52,61,50,85,
49,70,24,85,22,75,118,9,13,28,94,41,63,10,33,14,4,57,51,34,47,0,65,12,18,76,23,29,2,108,39,45,8,69,16,3,5,42,1,38,37,25,26,11,35,21,7,44,17,27,128,19,15,31,36,6,103,
24,85,26,22,75,16,118,0,9,13,28,94,35,41,63,4,10,69,33,14,57,51,34,47,65,6,12,18,76,17,23,29,2,108,39,45,8,3,5,42,128,1,38,37,25,11,21,7,44,103,27,19,142,15,31,36,20,
52,65,47,76,17,75,16,51,18,42,69,10,23,44,103,39,85,26,88,29,35,3,20,63,4,13,24,22,28,33,41,57,34,37,89,36,0,118,45,2,135,8,31,5,1,38,6,124,7,19,21,11,15,27,14,12,9,25,
32,50,51,52,18,42,69,16,76,23,44,39,85,88,35,3,20,63,10,13,9,24,22,75,28,33,41,26,4,57,34,37,89,36,0,45,2,8,31,5,1,38,6,29,7,19,21,11,124,15,27,14,12,25,17,
32,50,51,52,18,42,69,16,76,23,44,39,85,88,35,3,20,63,10,13,9,24,22,75,28,33,41,26,4,57,34,37,89,36,0,45,2,8,31,5,1,38,6,29,7,19,21,11,124,15,27,14,12,25,17,
70,42,24,85,26,22,75,16,118,0,9,13,28,94,35,41,63,4,10,69,160,33,14,57,51,34,47,65,6,12,18,76,17,23,29,2,108,39,45,8,3,5,128,1,38,37,25,11,21,7,44,103,27,19,142,15,31,36,20,
79,96,102,27,83,39,100,148,90,47,84,31,110,81,29,66,58,53,132,87,67,104,60,97,157,78,49,56,77,101,55,92,62,112,71,64,143,
60,53,56,55,91,63,33,22,76,34,4,26,120,23,70,49,2,12,47,0,94,103,6,51,10,57,75,1,42,38,45,8,69,39,3,44,5,41,37,16,25,115,18,65,108,11,35,21,7,29,17,27,14,116,19,15,31,36,
64,55,92,133,140,149,49,123,130,113,87,104,126,62,136,102,53,90,127,97,134,146,
55,64,133,140,149,49,123,130,113,87,104,126,62,136,102,53,90,127,97,134,146,
77,81,66,71,58,84,127,152,55,87,53,92,130,126,134,123,104,62,102,49,90,113,97,64,146,
32,50,51,52,18,42,69,16,76,23,44,39,85,88,35,3,20,63,10,13,9,24,22,75,28,33,41,26,4,57,34,37,89,36,0,45,2,8,31,5,1,38,6,29,7,19,21,11,124,15,27,14,12,25,17,
24,85,70,49,22,75,9,13,28,94,41,63,10,33,14,4,57,51,34,47,0,65,12,18,76,23,29,2,108,39,45,8,69,16,3,5,42,1,38,37,25,26,120,11,35,21,116,7,44,17,27,128,19,15,31,36,115,6,103,
66,71,81,58,84,77,78,132,127,152,55,87,53,92,130,126,134,123,104,62,102,49,90,113,56,97,64,146,
19,15,41,42,12,79,132,143,14,81,112,71,17,84,53,92,64,66,97,49,90,62,98,31,58,27,77,78,47,56,87,96,29,60,67,101,106,39,55,110,100,83,
83,39,100,101,113,102,104,148,31,90,47,110,81,29,58,87,67,60,132,78,49,56,97,77,123,64,55,84,62,92,53,112,71,66,144,
71,76,23,35,94,79,66,7,64,5,58,67,8,141,14,60,1,53,0,56,115,3,55,2,120,49,65,6,12,47,51,75,16,44,38,91,45,69,10,39,41,42,116,57,37,25,18,11,70,21,29,153,26,17,27,19,15,31,36,83,
24,85,70,49,22,75,118,9,13,28,94,41,63,10,33,14,4,57,51,34,47,0,65,12,18,76,23,29,2,108,39,45,8,69,16,3,5,42,1,38,37,25,26,120,11,35,21,116,7,44,17,27,128,19,15,31,36,115,6,103,
71,62,35,94,79,66,7,64,5,58,67,8,141,14,60,1,119,53,0,56,115,3,55,2,49,65,6,12,47,51,75,16,44,38,91,45,69,10,39,41,42,116,57,37,25,18,11,70,21,29,153,26,17,27,19,15,31,36,83,
29,110,172,66,97,71,102,81,58,84,53,146,144,77,78,132,60,127,152,90,55,87,92,56,123,130,126,64,134,104,62,49,113,150,
140,146,134,87,130,123,97,62,156,133,127,104,155,90,113,136,126,102,149,
71,84,58,152,155,92,167,168,53,64,133,140,126,49,123,146,130,66,113,136,90,104,127,62,55,149,102,97,87,134,
38,37,44,113,117,104,148,102,173,79,19,66,62,41,42,12,106,132,143,49,96,111,14,81,15,112,71,165,17,64,84,53,100,92,97,90,98,31,78,58,27,77,47,56,87,29,157,60,67,101,39,55,110,83,
108,94,39,52,65,4,47,76,15,17,75,14,16,51,18,42,103,69,10,23,44,85,24,26,88,27,29,35,3,20,63,2,124,13,8,135,22,28,89,33,41,57,118,161,34,37,36,0,45,31,5,38,6,1,128,7,19,21,11,12,9,25,
60,53,56,55,91,118,49,24,85,70,9,22,75,14,13,28,94,33,41,63,2,10,4,65,57,51,34,47,108,0,12,18,76,15,23,29,39,45,8,69,16,3,5,42,103,38,37,25,26,120,11,35,21,116,7,171,44,17,27,1,128,6,19,31,36,115,
126,136,113,90,155,102,104,127,133,156,
144,56,78,77,81,180,71,84,58,152,155,92,167,130,168,132,53,169,90,127,64,133,140,66,126,49,123,146,113,136,62,104,149,102,97,55,134,87,172,
112,167,136,149,140,133,168,178,104,29,66,110,172,97,60,102,81,58,84,132,53,127,169,90,67,146,144,77,78,152,134,55,92,87,56,130,123,49,47,126,64,62,113,71,150,
88,89,120,49,159,42,103,70,9,24,85,26,22,75,14,16,118,57,0,13,28,94,35,41,63,2,4,65,10,69,8,33,160,38,51,34,47,108,6,12,18,76,17,23,29,39,45,3,5,128,1,164,37,25,11,21,7,44,27,19,15,142,20,31,36,
140,146,134,87,130,123,97,62,156,133,127,104,155,90,113,136,126,102,149,
188,140,146,123,134,87,133,179,130,97,156,62,127,104,155,90,113,136,126,149,102,
49,64,189,97,188,140,146,123,134,87,133,179,130,156,62,127,104,155,90,113,136,126,149,102,
42,106,143,27,96,79,165,31,148,101,100,83,186,92,112,167,39,136,149,102,140,133,84,104,123,66,113,110,172,78,97,157,60,178,81,58,55,152,132,127,169,90,67,174,77,134,87,56,53,150,130,146,49,144,47,29,126,64,62,168,71,
37,111,117,127,150,130,134,126,152,157,165,106,96,27,98,17,14,143,79,12,42,41,15,19,144,71,112,62,92,55,77,56,123,49,78,97,60,87,132,53,58,66,29,81,110,31,84,47,90,148,67,104,102,64,101,113,39,83,100,174,173,
62,108,103,34,22,33,63,41,71,76,23,35,94,27,79,12,66,7,4,141,64,5,58,67,0,8,75,14,60,1,53,120,56,115,3,70,55,2,69,49,116,65,6,47,51,83,44,175,38,91,45,147,10,39,42,57,37,25,18,11,21,16,153,19,26,17,15,31,36,29,166,
52,70,124,89,88,42,24,85,26,22,75,16,118,0,9,13,28,94,35,41,63,4,10,69,160,33,14,57,51,34,47,65,6,12,18,76,17,23,29,2,108,39,45,135,8,3,5,128,1,38,37,25,11,21,7,44,103,27,19,142,15,31,36,20,
76,84,92,23,120,106,111,78,81,77,98,96,117,100,101,131,177,55,116,71,10,62,1,35,94,79,18,66,5,7,64,3,58,119,67,6,8,69,19,141,14,75,60,53,0,56,115,2,49,65,12,47,51,16,44,38,91,45,39,41,42,57,37,25,11,70,21,29,31,153,26,17,27,15,36,83,
115,187,120,88,21,89,49,22,159,25,42,103,36,70,3,9,76,24,85,18,26,75,8,14,16,118,51,57,0,13,28,94,35,41,108,63,2,69,4,65,10,33,38,34,47,6,12,17,160,23,29,39,45,142,5,128,1,27,164,37,11,7,44,19,15,20,31,
150,60,110,29,178,156,179,144,62,56,78,77,81,97,180,71,58,140,152,155,92,133,84,167,126,130,168,127,169,87,90,132,49,172,64,146,123,113,53,136,104,66,149,185,102,55,134,
67,58,141,147,41,60,53,56,55,91,118,47,49,120,24,85,14,70,9,75,4,13,28,94,23,33,63,2,159,10,65,57,128,51,183,34,108,37,0,12,18,76,5,15,29,22,171,39,45,116,8,69,16,3,42,103,38,25,26,11,35,21,7,44,115,166,17,176,27,1,6,19,31,36,
195,116,37,76,84,5,92,23,120,41,106,27,111,78,81,2,77,98,19,96,17,117,38,100,21,101,131,55,71,177,10,62,141,1,35,94,15,79,0,18,66,7,64,3,58,119,67,6,175,8,69,14,75,60,53,56,115,36,49,65,12,91,47,51,16,44,45,39,42,57,25,11,70,29,31,153,26,83,
63,101,100,106,108,111,78,81,77,98,96,117,34,4,147,120,23,76,175,177,55,116,71,10,62,1,35,94,79,18,66,5,7,64,3,58,119,67,6,8,69,19,141,14,75,60,53,0,56,115,2,49,65,12,47,51,16,44,38,91,45,39,41,42,57,37,25,11,70,21,29,31,153,26,17,27,15,36,83,
92,53,55,168,190,167,49,136,102,155,126,184,188,189,130,140,64,123,134,146,87,133,104,179,97,156,127,62,149,90,113,
87,110,84,92,112,106,111,78,81,77,98,96,117,100,101,131,177,55,116,71,10,62,1,35,94,79,18,66,5,7,64,3,58,119,67,6,8,69,19,141,14,75,60,53,0,56,115,2,49,65,12,47,51,16,44,38,91,45,39,41,42,57,37,25,11,70,21,29,31,153,26,17,27,15,36,83,
110,113,180,90,149,62,185,127,156,179,104,133,66,87,134,123,56,146,140,130,188,126,155,97,102,169,189,55,64,136,49,144,77,78,81,71,84,58,152,92,167,168,132,190,53,172,150,
71,201,53,127,90,92,168,190,167,130,49,123,136,62,102,155,126,184,188,189,152,140,64,55,134,97,146,87,133,104,179,156,149,113,
63,84,108,106,111,78,81,77,98,96,117,100,101,34,131,4,147,120,23,76,175,177,55,116,71,10,62,1,35,94,79,18,66,5,7,64,3,58,119,67,6,8,69,19,141,14,75,60,53,0,56,115,2,49,65,12,47,51,16,44,38,91,45,39,41,42,57,37,25,11,70,21,29,31,153,26,17,27,15,36,83,
156,155,180,191,179,42,106,39,143,27,96,29,79,146,165,148,81,101,31,168,100,167,83,150,92,112,136,149,102,169,140,133,66,84,104,123,56,113,110,172,78,97,157,90,60,127,178,58,55,152,132,67,134,174,77,144,87,53,130,186,49,47,126,64,62,71,185,
62,103,128,108,33,63,28,13,9,22,85,24,41,71,76,23,35,94,27,79,12,66,7,4,141,64,5,58,67,0,8,75,14,60,1,53,120,56,115,3,70,55,2,69,49,116,65,6,47,51,83,44,175,38,91,45,147,10,39,42,57,37,34,171,25,18,11,21,166,29,16,153,19,26,17,15,31,36,
67,112,184,178,29,203,97,150,110,113,127,90,149,62,168,185,132,47,156,179,126,104,133,66,172,87,140,134,123,56,146,130,77,188,155,102,49,60,169,189,136,55,64,144,197,78,180,71,84,81,190,152,92,58,167,53,
66,64,67,58,141,147,41,120,60,53,56,55,91,12,118,39,47,49,128,24,103,85,6,14,70,75,13,4,171,28,94,15,23,33,63,2,159,1,10,65,57,51,25,34,108,29,37,116,0,79,18,9,176,76,5,22,45,8,166,69,183,16,3,42,38,26,11,35,21,7,44,115,36,17,27,19,198,31,
53,55,168,190,49,136,102,155,126,184,188,189,130,140,64,123,134,146,87,133,104,179,97,156,127,62,149,90,113,
29,184,203,97,150,110,113,127,90,149,62,168,185,132,156,179,126,104,133,66,172,87,140,134,123,56,146,130,77,188,155,102,49,169,189,136,55,64,144,78,180,71,84,81,190,152,58,167,53,92,201,
90,23,44,87,8,110,31,84,5,92,112,106,27,111,78,81,2,77,98,19,96,17,117,38,100,21,101,131,55,116,37,71,177,10,62,141,1,202,35,94,15,79,0,18,66,7,64,3,58,119,67,6,69,14,75,60,53,56,115,36,49,65,12,91,47,51,16,45,39,41,120,42,57,25,11,70,29,153,26,83,
24,78,77,96,98,13,9,128,119,28,177,120,47,62,108,35,103,34,22,33,63,41,71,76,3,23,94,21,27,79,6,12,66,7,153,4,141,64,5,58,67,0,8,75,2,14,60,1,147,53,56,115,42,70,55,69,49,116,65,51,83,10,193,44,29,38,91,18,45,39,57,37,25,11,16,19,175,26,15,31,36,17,166,
204,29,188,184,78,203,97,150,110,113,127,90,149,62,168,185,132,156,179,126,104,133,66,172,87,140,134,123,56,146,130,77,155,211,102,49,60,169,189,136,55,64,144,180,71,84,81,190,152,58,167,53,92,201,
143,157,27,96,79,165,31,148,101,100,39,83,90,149,67,126,112,184,66,178,60,203,144,97,29,156,150,110,169,113,172,127,186,53,180,168,132,174,47,179,104,133,87,146,140,208,81,134,123,64,56,130,62,189,71,77,136,188,155,102,49,167,55,197,78,84,190,152,92,185,58,
108,34,4,147,120,23,76,195,44,87,175,8,110,31,84,5,92,112,106,27,111,78,81,2,77,98,19,96,17,117,38,100,21,101,131,55,116,37,71,177,10,62,141,1,202,35,94,15,79,0,18,66,7,64,3,58,119,67,6,69,14,75,60,53,56,115,36,49,65,12,91,47,51,16,45,39,41,199,42,57,25,11,70,29,153,26,83,
13,28,84,131,166,22,103,33,200,117,34,63,101,18,100,17,106,23,108,25,111,78,81,77,98,15,96,4,147,64,120,37,76,94,11,55,116,71,177,10,62,1,35,79,66,5,7,3,58,141,119,36,67,6,175,8,91,69,19,14,75,60,53,0,83,56,115,2,49,65,12,47,51,16,44,38,45,39,41,42,57,70,153,21,29,31,27,26,193,
147,83,67,58,141,64,66,79,41,60,53,56,55,91,118,47,49,120,24,85,14,70,9,75,153,4,13,28,94,23,33,63,2,159,10,65,57,128,51,183,34,108,37,0,12,18,76,5,15,29,22,171,39,45,116,8,69,16,3,42,103,38,25,26,11,35,21,7,44,115,166,17,176,27,1,6,19,31,36,
36,31,15,17,26,19,16,29,21,18,34,57,42,39,10,38,44,51,47,6,65,49,69,55,153,70,3,115,56,37,120,53,1,60,14,75,91,8,166,83,0,67,171,5,147,64,58,141,4,7,66,12,79,27,11,94,35,23,76,71,24,2,85,22,175,9,13,28,63,116,33,25,108,45,128,103,62,41,207,
56,78,81,77,169,66,58,84,113,180,90,156,104,149,87,134,123,140,130,127,189,55,184,201,64,188,126,62,155,133,102,136,49,97,168,146,190,53,179,210,204,71,92,167,152,
110,112,92,195,199,200,39,63,84,1,108,25,106,23,111,78,81,77,98,15,96,117,34,100,17,101,18,131,4,147,64,120,37,76,94,11,55,116,71,177,10,62,35,79,66,5,7,3,58,141,119,36,67,6,175,8,91,69,19,14,75,60,53,0,83,56,115,2,49,65,12,47,51,16,44,205,38,45,41,42,57,70,153,21,29,31,26,27,
83,29,70,25,57,41,39,45,16,51,47,65,49,36,26,115,56,53,60,75,14,69,6,67,119,153,64,66,18,0,79,15,35,202,1,141,62,10,177,71,37,55,42,131,12,101,11,100,117,7,96,98,77,91,2,81,78,111,116,27,3,92,94,5,84,199,21,110,8,175,87,44,17,106,195,76,112,23,31,120,58,147,4,34,19,108,38,216,
106,42,191,201,143,157,84,27,100,96,169,79,152,165,92,104,148,101,174,112,185,83,156,90,149,67,140,126,53,184,215,66,60,133,203,130,144,71,97,178,29,102,150,77,110,113,186,172,127,31,180,168,132,47,179,87,146,208,211,62,81,134,123,64,56,189,136,39,188,155,49,167,55,197,78,190,58,
77,66,58,84,113,180,90,156,104,149,87,134,123,140,130,127,189,55,184,201,64,188,126,62,155,133,102,136,49,97,168,146,190,53,179,210,204,71,92,167,152,
24,78,77,96,98,13,9,128,119,28,177,120,47,62,108,35,103,34,22,33,63,41,71,76,3,23,94,21,27,79,6,12,66,7,153,4,141,64,5,58,67,0,8,75,2,14,60,1,147,53,56,115,42,70,55,69,49,116,65,51,83,10,193,44,29,38,91,18,45,39,57,37,25,11,16,19,175,26,15,31,36,17,166,
84,28,13,9,128,131,166,22,103,33,200,117,34,63,101,18,100,17,106,23,108,25,111,78,81,77,98,15,96,4,147,64,120,37,76,94,11,55,116,71,177,10,62,1,35,79,66,5,7,3,58,141,119,36,67,6,175,8,91,69,19,14,75,60,53,0,83,56,115,2,49,65,12,47,51,16,44,38,45,39,41,42,57,70,153,21,29,31,27,26,193,
90,63,83,29,70,25,57,41,39,45,16,51,47,65,49,36,26,115,18,56,153,53,60,75,14,111,69,67,119,64,66,79,15,112,35,8,1,98,195,141,44,62,10,177,71,37,55,42,131,34,12,101,4,11,108,6,205,100,202,3,117,7,96,77,91,2,81,78,175,116,19,27,92,94,5,0,199,84,21,110,87,216,17,106,76,222,23,120,31,58,147,38,
97,143,34,4,147,76,195,90,7,23,106,44,87,175,8,91,110,27,31,84,1,5,92,112,29,111,78,81,2,77,98,15,19,96,17,100,117,38,21,101,18,131,55,116,199,37,120,71,94,11,177,10,62,141,58,119,36,202,35,79,0,83,66,64,3,67,6,69,14,75,60,53,56,115,49,65,12,47,51,16,212,45,39,41,42,57,25,70,153,26,
9,92,23,120,13,28,84,131,34,166,69,22,119,103,33,117,63,101,4,217,18,115,100,3,17,106,108,11,6,205,25,111,14,78,175,81,77,98,200,1,15,96,193,147,64,37,76,94,55,116,19,71,177,10,62,35,79,66,5,7,58,141,44,36,67,8,91,75,60,53,0,83,56,153,2,49,65,12,47,51,16,38,45,39,41,42,57,70,21,29,31,27,26,
166,22,103,92,28,195,199,33,200,39,63,84,1,108,25,106,23,111,78,81,77,98,15,96,117,34,100,17,101,18,131,4,147,64,120,37,76,94,11,55,116,71,177,10,62,35,79,66,5,7,3,58,141,119,36,67,6,175,8,91,69,19,14,75,60,53,0,83,56,115,2,49,65,12,47,51,16,44,205,38,45,41,42,57,70,153,21,29,31,193,26,27,
4,148,97,143,132,76,195,90,7,23,106,44,87,175,8,91,110,27,31,84,1,5,92,112,29,111,78,81,2,77,98,15,19,96,17,100,117,38,21,101,18,131,55,116,199,37,120,71,94,11,177,10,62,141,58,119,36,202,35,79,0,83,66,64,3,67,173,6,69,14,75,60,53,56,115,49,65,12,47,51,16,212,45,39,41,42,57,25,70,153,26,
31,39,100,101,148,186,197,47,178,112,67,155,188,184,66,78,203,144,97,29,156,150,110,169,113,172,127,90,149,168,126,132,179,104,133,214,87,146,140,208,81,134,123,64,56,130,62,189,71,204,77,136,152,102,49,167,60,55,211,84,190,185,58,180,53,92,210,201,
60,144,172,132,185,110,150,203,29,71,204,167,78,210,53,168,92,49,179,90,136,155,66,62,126,102,188,64,201,184,55,146,189,97,140,123,134,130,87,149,190,104,133,180,156,113,127,84,58,152,77,224,220,56,81,169,211,
132,172,169,81,56,220,224,77,152,58,84,127,113,156,180,133,104,190,149,87,130,134,123,140,97,189,146,55,184,201,64,188,102,126,62,66,155,136,90,179,49,92,168,53,210,78,167,204,71,
67,112,178,197,144,60,211,172,132,185,110,150,203,29,71,204,167,78,210,53,168,92,49,179,90,136,155,66,62,126,102,188,64,201,184,55,146,189,97,140,123,134,130,87,149,190,104,133,180,156,113,127,84,58,152,77,224,220,56,81,169,214,
227,90,63,83,29,70,25,57,41,39,45,16,51,47,65,49,36,26,115,18,56,153,53,60,75,14,111,69,67,119,64,66,79,15,112,35,8,98,195,141,44,62,10,177,71,37,55,42,131,34,12,101,4,11,108,205,6,1,200,100,202,3,117,7,96,77,91,2,81,78,175,116,19,27,92,94,5,199,0,84,21,110,87,216,17,106,76,222,23,120,31,58,147,38,
4,113,157,104,148,102,165,97,143,132,76,195,90,7,23,106,44,87,175,8,91,110,27,31,84,1,5,92,112,29,111,78,81,2,77,98,15,19,96,17,100,117,38,21,101,18,131,55,116,199,37,120,71,94,11,177,10,62,141,58,119,36,202,35,79,0,83,66,64,3,67,173,6,69,14,75,60,53,56,115,49,65,12,47,51,16,212,45,39,41,42,57,25,70,153,26,
79,27,143,157,174,83,232,90,102,110,100,101,172,148,77,186,197,126,47,189,29,178,112,67,155,84,39,188,184,113,66,208,78,149,203,132,144,97,168,156,150,169,127,56,179,104,133,55,204,214,87,146,140,62,211,81,152,134,123,64,130,201,220,71,136,49,167,60,190,185,58,31,180,53,92,210,
4,34,148,97,143,132,76,195,90,7,23,106,44,87,175,8,91,110,27,31,84,1,5,92,112,29,111,78,81,2,77,98,15,19,96,17,100,117,38,21,101,18,131,55,116,199,37,120,71,94,11,177,10,62,141,58,119,36,202,35,79,0,83,66,64,3,67,173,6,69,14,75,60,53,56,115,49,65,12,47,51,16,212,45,39,41,42,57,25,70,153,26,
71,204,53,92,90,168,62,179,126,49,155,102,188,64,201,78,184,55,146,136,189,97,123,140,87,149,210,104,133,156,113,180,127,190,84,58,152,130,77,224,167,220,56,134,81,169,66,172,132,234,
63,90,83,29,70,25,57,41,39,45,16,51,47,65,49,36,26,115,18,212,56,153,53,60,75,14,111,69,6,67,119,64,66,79,15,112,35,8,1,98,195,141,44,62,10,177,71,37,55,42,131,34,12,101,4,11,108,100,202,3,117,7,96,77,91,2,81,78,175,116,19,27,92,94,5,0,199,84,21,110,87,216,17,106,76,222,23,120,31,58,147,38,
96,165,224,79,27,185,143,64,157,78,174,83,232,90,169,102,110,189,31,100,179,101,180,172,148,77,156,235,186,197,39,126,29,178,112,67,146,155,84,188,184,113,66,208,149,203,132,211,144,97,168,150,238,71,127,56,47,214,104,133,55,134,204,87,140,62,53,220,81,152,123,130,201,136,49,167,60,190,58,92,210,
101,148,235,168,134,112,179,178,130,144,211,197,60,127,172,132,185,110,150,136,29,208,71,67,204,167,78,210,92,186,49,90,155,203,66,133,62,126,102,169,188,201,64,47,184,55,189,146,97,140,123,53,190,56,224,87,149,104,180,113,156,84,58,152,220,81,77,214,233,
67,112,178,197,71,180,204,53,92,201,90,168,62,179,126,49,155,102,211,188,64,78,184,55,146,136,189,97,123,140,87,149,210,104,133,156,113,233,127,190,81,84,58,167,152,130,77,224,220,56,134,169,60,66,172,132,234,144,185,110,150,203,29,214,
108,34,131,97,143,4,101,147,76,195,1,98,90,7,23,120,106,44,141,87,175,78,8,91,110,27,31,84,5,0,199,92,112,15,228,29,111,14,81,2,77,19,116,96,100,202,3,117,38,21,18,115,212,55,37,71,94,11,177,10,62,58,119,17,216,36,35,79,83,66,64,67,6,69,75,60,53,56,153,49,65,12,47,51,16,45,39,41,42,57,25,70,26,
97,90,83,29,70,25,57,41,39,45,16,51,47,65,49,36,26,115,18,212,56,153,53,60,75,14,111,69,6,67,119,64,66,79,15,112,35,8,1,98,195,141,44,62,10,177,71,37,55,42,131,34,12,101,4,11,108,100,202,3,117,7,96,77,91,2,81,78,175,116,19,27,92,94,5,0,199,84,21,110,87,216,17,106,76,222,23,120,31,58,147,38,
235,148,101,244,110,134,112,179,178,130,208,71,180,113,67,204,92,90,31,168,62,126,186,49,155,102,169,211,144,188,201,64,78,47,184,55,189,146,136,123,53,190,56,140,224,87,149,210,104,133,203,66,156,233,127,197,60,81,84,58,167,97,234,152,220,172,132,185,150,29,77,214,243,
144,185,110,150,203,29,240,134,204,53,90,168,62,179,126,49,155,188,64,92,201,78,184,55,146,136,189,97,123,140,87,149,210,104,133,156,113,71,180,127,81,190,84,152,130,77,224,58,167,220,56,60,169,66,172,132,234,102,211,
110,150,144,240,134,204,53,90,168,62,179,126,49,155,102,188,64,92,201,78,184,55,146,136,189,97,123,140,87,149,210,104,133,156,113,71,180,127,81,190,84,152,130,77,224,58,167,220,56,169,66,172,132,185,234,
Future sets, 
16,10,8,2,129,28,239,193,23,229,9,158,183,105,218,154,219,13,176,54,93,209,82,88,194,52,182,135,159,32,231,226,99,46,139,171,213,86,225,122,121,198,103,230,217,170,43,164,61,80,207,162,59,24,151,74,145,163,187,137,161,34,160,33,22,125,228,20,147,40,246,108,124,227,142,245,118,205,89,216,166,63,30,114,241,109,236,138,95,222,73,200,128,237,107,4,85,212,120,48,175,72,199,68,195,76,45,221,94,75,202,141,115,153,50,177,116,57,196,69,3,5,
10,8,16,6,2,129,28,239,193,23,229,9,158,183,105,218,154,219,13,176,54,93,209,82,88,194,52,182,135,159,32,231,226,99,46,139,171,213,86,225,122,121,198,103,230,217,170,43,164,61,80,207,162,59,24,151,74,145,163,187,137,161,34,160,33,22,125,228,20,147,40,246,108,124,227,142,245,118,205,89,216,166,63,30,114,241,109,236,138,95,222,73,200,128,237,107,4,85,212,120,48,175,72,199,68,195,76,45,221,94,75,202,141,115,153,50,177,116,57,196,69,3,5,
28,239,193,23,229,9,158,183,105,218,154,219,13,176,54,93,209,82,88,194,52,182,129,135,159,32,231,226,99,46,139,171,213,86,225,122,121,198,103,230,217,170,43,164,61,80,207,162,59,24,151,74,145,163,187,137,161,34,160,33,22,125,228,20,147,40,246,108,124,227,142,245,118,205,89,216,166,63,30,114,241,109,236,138,95,222,73,200,128,237,107,4,85,212,120,48,175,72,199,68,195,76,45,221,94,75,202,141,115,153,50,177,116,57,196,69,3,
69,57,116,177,153,115,141,202,75,94,45,76,195,199,175,120,212,4,107,237,128,200,222,138,236,241,30,63,166,216,205,221,118,142,227,124,108,246,40,147,228,125,22,33,245,34,137,187,163,145,74,48,151,59,162,207,61,164,43,114,217,109,24,230,95,198,50,121,122,225,72,86,68,171,139,46,170,99,226,231,20,32,135,129,182,161,52,194,159,88,82,209,196,93,54,89,160,73,176,13,219,154,218,213,105,85,183,80,158,9,229,23,193,103,239,28,
237,231,200,222,241,236,63,216,205,221,245,227,108,246,147,228,239,34,187,163,145,74,48,30,59,207,61,43,114,109,24,95,50,121,137,122,72,86,68,217,139,46,170,99,226,32,129,40,182,33,161,52,194,159,88,82,138,209,135,124,196,125,54,107,89,160,93,164,73,162,13,20,154,225,218,213,142,105,176,118,171,22,85,219,183,198,128,158,9,229,80,151,166,193,103,230,28,
69,57,116,177,153,115,141,202,75,94,45,33,34,239,228,147,246,108,227,245,221,205,216,63,236,241,222,200,76,195,199,231,237,175,120,212,187,163,145,74,48,30,59,207,61,43,114,109,24,95,50,121,137,122,72,86,68,217,139,46,170,99,226,32,129,40,182,161,52,194,159,88,82,138,209,135,124,196,125,54,107,89,160,93,164,73,162,13,20,154,225,218,213,142,105,176,118,171,22,85,219,183,198,128,158,9,229,80,151,166,193,103,230,28,23,
16,8,135,69,196,57,116,177,50,153,115,141,202,75,94,221,45,33,160,34,161,239,228,147,20,246,108,227,245,118,205,216,89,63,236,109,241,114,222,95,200,73,76,195,68,199,72,231,237,175,48,120,212,85,187,163,145,74,30,59,207,80,61,43,170,24,151,121,137,10,122,86,213,217,139,46,99,226,32,159,129,40,182,52,194,88,82,209,138,124,125,54,107,93,164,162,13,154,225,218,142,105,176,171,22,219,183,198,128,158,9,229,166,193,103,230,28,23,
91,65,36,16,8,135,69,196,57,116,177,50,153,115,141,202,75,94,221,45,33,160,34,161,239,228,147,20,246,108,227,245,118,205,216,89,63,236,109,241,114,222,95,200,73,76,195,68,199,72,231,237,175,48,120,212,85,187,163,145,74,30,59,207,80,61,43,170,24,151,121,137,10,122,86,213,217,139,46,99,226,32,159,129,40,182,52,194,88,82,209,138,124,125,54,107,93,164,162,13,154,225,218,142,105,176,171,22,219,183,198,128,158,9,229,166,193,103,230,28,23,
69,57,116,177,153,115,141,202,75,94,45,33,34,239,228,147,246,108,227,245,221,205,216,63,236,241,222,200,76,195,199,231,237,175,120,212,187,163,145,74,48,30,59,207,61,43,114,109,24,95,50,121,137,122,72,86,68,217,139,46,170,99,226,32,129,40,182,161,52,194,159,88,82,138,209,135,124,196,125,54,107,89,160,93,164,73,162,13,20,154,225,218,213,142,105,176,118,171,22,85,219,183,198,128,158,9,229,80,151,166,193,103,230,28,23,
229,128,198,183,219,85,171,118,176,142,218,225,20,73,164,160,107,54,89,124,135,209,82,88,194,161,182,129,159,32,138,226,99,46,139,213,86,72,125,93,40,122,137,121,68,95,162,109,114,61,105,158,52,207,80,196,59,30,154,48,74,163,43,170,145,187,50,151,24,
69,57,116,177,153,115,141,202,75,94,45,33,34,239,228,147,246,108,227,245,221,205,216,63,236,241,222,200,76,195,199,231,237,175,120,212,151,24,170,43,163,74,154,59,50,196,207,61,187,114,22,171,95,68,217,137,122,40,213,139,46,99,80,229,226,138,105,32,129,109,182,48,121,194,161,88,82,209,135,124,162,13,89,54,107,160,164,93,20,225,145,72,218,142,30,176,118,158,85,73,219,183,52,125,198,128,86,159,166,193,103,230,28,23,
35,36,65,91,119,131,21,70,16,69,196,57,116,177,50,153,115,141,202,75,94,221,45,33,160,34,161,239,228,147,20,246,108,227,245,118,205,216,89,63,236,109,241,114,222,95,200,73,76,195,68,199,72,231,237,175,48,120,212,85,22,187,145,18,151,24,170,43,163,74,154,30,59,80,207,52,158,105,61,162,121,137,122,40,93,125,86,213,139,46,99,226,138,32,159,129,182,194,88,82,209,135,124,54,107,164,166,193,103,230,128,229,225,218,142,176,171,219,28,217,183,198,23,
15,111,117,173,36,41,38,175,181,44,192,37,26,163,51,25,162,23,160,24,161,18,145,70,207,21,158,131,119,246,109,91,228,218,65,202,57,194,76,213,237,195,68,205,199,72,209,153,115,75,212,231,94,116,85,222,221,177,40,50,187,141,120,48,45,182,69,196,59,200,63,73,95,241,114,236,99,216,89,226,245,108,118,227,147,239,86,61,198,46,183,34,171,74,30,129,151,80,217,229,35,43,170,33,121,125,54,137,82,219,107,122,138,139,32,159,22,52,105,176,135,93,230,164,124,103,88,225,154,128,142,28,166,193,20,
229,217,128,198,183,219,85,171,118,176,142,218,225,20,73,164,160,107,54,89,124,135,209,82,88,194,161,182,129,159,32,138,226,99,46,139,213,86,72,125,93,40,122,137,121,68,95,162,109,114,61,105,158,52,207,80,196,59,30,154,48,74,163,43,170,145,187,50,151,24,
193,166,28,142,128,154,225,88,103,124,164,230,93,135,176,105,52,22,159,32,139,138,122,107,219,82,137,54,125,121,33,170,43,35,229,217,80,151,129,30,74,171,34,183,46,198,61,86,239,147,227,118,108,245,226,89,216,99,236,114,241,95,73,63,200,59,196,69,182,45,48,120,141,187,50,40,177,221,222,85,116,94,231,212,75,115,153,209,72,199,205,68,195,237,213,76,194,57,202,65,218,228,91,109,246,119,131,158,21,207,70,145,18,161,24,160,23,162,25,51,163,26,37,192,44,181,175,38,41,36,173,117,111,15,
111,117,173,41,38,181,44,192,37,26,51,25,23,24,18,145,70,21,131,119,246,91,218,65,57,76,237,195,68,199,72,153,115,202,75,231,116,212,85,94,221,177,50,141,120,175,48,45,69,196,36,163,200,73,222,95,241,114,236,109,63,216,89,205,245,118,227,108,147,228,239,187,86,213,61,198,46,183,34,161,74,30,59,129,151,80,207,229,217,162,35,43,170,121,125,54,137,82,209,219,107,122,138,139,32,159,52,194,40,182,33,160,171,105,176,135,93,164,124,230,103,88,154,225,226,99,128,142,158,28,166,193,22,
69,57,116,177,153,115,141,202,75,94,45,33,34,239,228,147,246,108,227,245,221,205,216,63,236,241,222,200,76,195,199,231,237,175,120,212,22,50,187,145,151,24,170,43,163,74,48,154,30,59,196,80,207,52,158,105,61,114,109,162,95,68,121,137,122,40,93,125,72,86,213,139,46,99,226,138,32,159,129,182,161,194,88,82,209,135,124,89,54,107,160,164,73,20,166,193,103,230,128,229,225,218,142,176,118,171,85,219,28,217,183,198,23,
23,25,51,26,37,192,44,181,38,41,173,117,111,18,145,70,21,131,119,246,91,218,65,57,76,237,195,68,199,72,153,115,202,75,231,116,212,85,94,221,177,50,141,120,175,48,45,69,196,36,163,200,73,222,95,241,114,236,109,63,216,89,205,245,118,227,108,147,228,239,187,86,213,61,198,46,183,34,161,74,30,59,129,151,80,207,229,217,162,35,43,170,121,125,54,137,82,209,219,107,122,138,139,32,159,52,194,40,182,33,160,171,105,176,135,93,164,124,230,103,88,154,225,226,99,128,142,158,28,166,193,19,
70,21,131,119,246,91,218,65,57,76,237,195,68,199,72,153,115,202,75,231,116,212,85,94,221,177,50,141,120,175,48,45,69,196,36,163,200,73,222,95,241,114,236,109,63,216,89,205,245,118,227,108,147,228,239,187,86,213,61,198,46,183,34,161,145,74,30,59,129,151,80,207,229,217,162,35,43,170,121,125,54,137,82,209,219,107,122,138,139,32,159,52,194,40,182,33,160,171,105,176,135,93,164,124,230,103,88,154,225,226,99,128,142,158,28,166,193,
111,117,173,41,38,181,44,192,37,26,35,51,70,21,131,119,246,91,218,65,57,76,237,195,68,199,72,153,115,202,75,231,116,212,85,94,221,177,50,141,120,175,48,45,69,196,36,163,200,73,222,95,241,114,236,109,63,216,89,205,245,118,227,108,147,228,239,187,86,213,61,198,46,183,34,161,145,74,30,59,129,151,80,207,229,217,162,43,170,121,125,54,137,82,209,219,107,122,138,139,32,159,52,194,40,182,33,160,171,105,176,135,93,164,124,230,103,88,154,225,226,99,128,142,158,28,166,193,25,
164,160,89,124,135,88,161,182,194,32,99,139,72,93,122,107,40,82,137,54,121,73,43,95,162,114,68,105,125,80,109,129,158,196,59,30,154,138,74,163,46,170,151,48,145,61,86,187,50,52,
131,119,91,65,57,76,237,195,199,153,115,202,75,231,116,212,94,177,141,120,175,45,69,36,200,222,241,236,63,216,205,221,245,227,108,246,147,228,239,187,86,61,198,48,46,183,34,163,145,74,30,59,129,109,151,80,229,217,68,162,95,114,43,73,50,121,196,125,54,137,82,219,107,122,72,138,209,139,32,52,194,40,182,33,161,85,171,207,118,105,176,135,93,164,218,124,230,159,88,154,225,160,89,226,128,142,213,158,170,99,28,166,193,103,
166,193,103,128,229,158,213,226,89,225,88,159,160,230,93,124,218,151,164,30,135,68,142,176,109,118,207,73,171,85,24,161,182,48,194,32,99,139,209,72,122,107,40,219,82,137,54,121,43,95,162,28,114,105,125,217,80,129,196,59,154,138,74,163,183,46,170,145,198,61,86,187,50,52,
212,120,175,237,231,199,195,76,200,222,241,236,63,216,205,221,245,227,108,246,147,228,239,187,86,61,198,48,46,183,34,163,145,74,30,59,129,109,151,80,229,217,68,162,95,114,43,73,50,121,196,125,54,137,82,219,107,122,72,138,209,139,32,52,194,40,182,33,161,85,171,207,118,105,176,135,93,164,218,124,230,159,88,154,225,160,89,226,128,142,213,158,170,99,28,166,193,103,
213,89,225,88,159,160,124,218,164,135,142,176,118,207,171,85,161,182,194,32,99,139,209,72,93,122,107,40,219,82,137,54,121,73,43,95,162,114,68,105,125,80,109,129,158,196,59,30,154,138,74,163,183,46,170,151,48,145,198,61,86,187,50,52,
70,51,76,237,195,199,153,202,75,231,115,212,94,57,65,116,177,141,120,175,45,69,36,91,119,131,35,200,222,241,236,63,216,205,221,245,227,108,246,147,228,239,50,159,86,158,61,170,145,48,151,137,59,105,109,218,68,54,163,95,125,43,82,129,107,99,139,93,46,40,122,80,121,230,162,33,142,74,183,138,72,154,114,73,182,32,166,213,229,225,128,193,217,103,89,198,88,187,160,124,164,209,135,176,118,207,161,52,85,194,171,219,196,226,34,
70,51,76,237,195,199,153,202,75,231,115,212,94,57,65,116,177,141,120,175,45,69,36,91,119,131,35,200,222,241,236,63,216,205,221,245,227,108,246,147,228,239,50,159,86,158,61,170,145,48,151,137,59,105,109,218,68,54,163,95,125,43,82,129,107,99,139,93,46,40,122,80,121,230,162,33,142,74,183,138,72,154,114,73,182,32,166,213,229,225,128,193,217,103,89,198,88,187,160,124,164,209,135,176,118,207,161,52,85,194,171,219,196,226,34,
143,106,165,242,215,96,238,79,98,191,223,206,42,111,117,173,41,51,70,38,181,44,192,37,76,237,195,199,153,202,75,231,115,212,94,57,65,116,177,141,120,175,45,69,36,91,119,131,183,151,54,40,137,59,216,105,68,225,95,170,72,229,145,218,61,43,200,82,239,129,80,226,34,107,99,50,207,196,122,73,230,219,139,46,163,74,171,138,48,205,121,194,109,182,158,85,154,118,142,135,209,52,164,124,125,198,160,86,159,114,187,161,88,245,162,89,246,176,103,217,193,128,213,93,166,33,228,147,108,227,221,63,236,241,222,35,
229,213,128,226,89,225,88,159,160,124,218,164,135,142,176,118,207,171,85,161,182,194,32,99,139,209,72,230,93,122,107,40,219,82,137,54,121,73,43,95,162,114,68,105,125,217,80,109,129,158,196,59,30,154,138,74,163,183,46,170,151,48,145,198,61,86,187,50,52,
211,61,67,112,235,244,178,197,214,233,248,60,101,243,148,186,208,47,72,36,31,158,247,120,93,74,82,209,121,99,226,45,39,166,238,111,89,216,151,145,193,170,163,91,218,76,202,75,162,35,65,192,161,241,114,42,153,230,103,164,37,194,63,160,159,70,85,212,182,187,246,119,175,199,154,57,115,242,94,221,147,124,142,239,176,69,196,237,38,165,88,215,177,129,229,171,44,200,51,245,118,138,227,100,236,109,139,131,228,195,125,222,207,213,86,116,108,205,225,98,128,217,135,107,219,122,198,181,141,183,137,231,232,143,157,174,83,106,96,223,79,206,117,191,173,41,
158,40,109,125,59,105,68,114,95,72,73,80,121,54,137,43,82,129,107,99,122,93,139,
247,93,74,82,121,99,45,39,238,89,151,145,193,170,163,91,76,202,162,65,161,241,42,153,158,218,230,75,164,194,63,160,159,70,85,182,187,246,175,199,154,57,212,115,94,147,124,221,142,239,176,69,166,237,38,88,177,129,226,229,171,200,103,51,245,138,227,236,37,139,131,228,195,125,222,207,118,213,116,108,205,209,225,128,120,217,135,196,107,219,122,198,109,181,119,216,141,44,183,86,137,114,192,231,232,100,143,157,174,83,106,165,242,215,96,79,206,117,191,111,173,98,223,41,
154,138,74,162,163,46,93,139,122,99,107,129,82,43,121,80,170,73,95,114,68,105,59,125,109,137,40,54,151,48,145,72,61,158,86,50,
166,213,229,230,225,128,193,217,103,89,88,187,159,160,198,124,164,209,135,142,176,118,207,161,154,85,182,194,52,138,171,74,162,163,46,93,139,219,122,196,99,107,226,129,82,43,218,121,80,170,73,95,114,68,105,59,125,109,137,40,54,151,48,145,72,61,158,183,86,50,
239,228,147,246,108,88,219,85,196,159,183,160,227,198,124,187,218,164,135,142,245,118,176,103,230,229,221,205,225,171,216,89,217,193,128,166,63,54,161,154,182,194,139,207,80,213,86,145,236,109,50,226,99,158,107,48,121,209,82,129,241,114,137,68,222,95,72,105,46,59,125,200,73,93,122,151,170,52,163,162,74,138,61,
131,119,91,36,230,74,171,93,72,69,166,45,142,239,86,183,175,114,137,226,129,109,198,122,219,99,196,107,121,218,82,159,227,138,161,187,151,170,209,120,217,103,200,141,145,88,177,194,163,124,221,213,116,162,65,176,229,207,118,154,57,94,85,182,212,115,205,108,158,225,128,245,231,89,216,164,75,193,202,160,63,125,222,139,236,228,147,135,241,153,246,199,195,237,76,
74,93,72,69,45,86,175,114,137,226,109,198,122,99,107,196,121,82,171,159,227,138,161,187,218,129,151,170,209,120,103,230,141,145,88,177,194,163,124,213,162,176,229,207,118,154,221,94,183,85,212,205,116,182,158,225,245,142,231,89,216,164,75,217,128,193,202,160,219,166,125,139,228,200,147,135,241,63,108,115,239,153,246,199,195,237,222,76,236,57,
192,114,137,86,44,216,181,109,198,122,107,196,38,217,128,209,120,205,116,118,207,222,195,228,139,227,138,245,103,171,229,108,226,177,88,237,166,176,239,221,147,94,183,115,236,57,199,175,246,119,187,182,142,231,213,124,219,70,159,160,194,164,75,51,230,141,200,218,129,69,158,153,212,63,241,161,65,154,202,131,135,225,76,91,162,163,170,193,125,145,151,89,85,
181,109,122,107,217,209,205,118,216,222,195,228,198,227,245,103,171,120,229,108,226,177,237,88,166,176,239,196,221,236,94,115,57,199,128,175,246,119,116,187,182,142,213,219,70,231,160,194,164,230,159,200,51,218,69,147,153,141,212,63,161,183,207,65,202,131,135,225,76,154,91,162,163,241,170,193,125,145,138,158,124,151,89,85,75,139,129,
232,100,143,157,174,83,106,165,242,215,96,238,79,85,131,206,117,191,158,69,111,200,181,192,103,173,98,187,75,164,151,124,213,138,227,145,193,170,241,163,162,91,154,65,76,225,135,202,207,118,183,94,161,212,141,153,147,236,230,51,229,159,70,194,160,231,142,219,182,116,205,119,246,175,128,217,199,115,42,221,196,239,176,166,237,177,226,108,120,209,171,245,198,228,195,222,223,44,216,218,
125,59,105,68,114,95,73,80,121,54,137,43,82,129,107,99,122,93,139,109,
173,139,129,117,192,111,88,89,125,57,44,202,181,158,85,164,75,154,151,230,124,138,217,145,193,170,91,241,162,163,76,225,135,131,65,207,128,183,161,212,141,153,147,226,209,200,159,194,115,160,239,231,237,70,228,219,213,142,221,182,103,187,108,116,195,119,198,246,175,199,120,94,196,176,166,245,177,229,171,227,236,69,222,216,118,205,51,218,
206,223,191,158,117,111,181,192,173,98,75,151,124,138,145,193,170,241,163,162,91,154,76,225,135,131,202,65,207,183,161,212,141,153,147,51,200,159,230,164,194,160,231,70,219,213,142,182,187,116,119,246,175,128,199,115,94,236,221,196,239,176,166,237,177,226,108,229,120,171,103,245,227,198,228,195,222,216,118,205,209,217,218,69,
137,121,80,54,105,73,95,68,
181,158,85,75,151,124,138,145,193,170,241,163,162,91,154,76,225,135,131,202,65,207,183,161,212,141,153,147,51,200,159,230,164,194,160,231,70,219,213,142,182,187,116,119,246,175,128,199,115,94,236,221,196,239,176,166,237,177,226,108,229,120,171,103,245,227,198,228,195,222,216,118,205,209,217,218,69,
86,114,137,109,122,99,107,121,82,196,159,226,227,161,187,218,151,170,209,103,230,198,145,88,194,163,124,162,176,229,207,154,221,94,85,212,138,205,129,182,158,225,118,245,171,142,89,216,164,217,193,75,202,128,160,213,219,166,125,139,200,183,236,135,241,63,147,108,141,115,239,153,120,177,228,175,246,199,195,231,237,116,222,76,
151,145,73,125,59,105,72,48,95,68,137,114,158,82,129,121,107,99,122,80,109,86,93,139,
208,186,148,103,247,243,101,232,100,143,157,174,70,217,209,207,205,202,245,216,222,237,231,195,142,199,193,116,175,228,198,227,230,171,120,229,108,226,177,236,225,98,166,176,239,196,221,94,115,242,128,246,119,187,241,182,213,219,160,194,164,218,91,159,141,200,147,153,212,161,183,65,192,131,79,206,238,111,96,223,215,165,117,191,106,173,181,83,
73,125,82,72,95,68,59,137,158,129,121,105,107,99,80,109,122,93,139,114,
159,187,120,116,171,176,196,115,190,64,53,166,210,168,55,152,167,201,92,205,204,91,71,66,84,197,169,56,224,111,81,77,180,67,153,110,223,207,249,211,98,203,106,219,132,245,229,240,143,172,150,247,144,241,185,220,218,248,233,214,101,117,230,100,213,178,78,191,175,148,147,244,131,226,183,209,96,112,225,198,119,232,216,141,238,212,60,173,157,227,208,165,186,235,243,222,236,174,228,237,221,193,242,79,192,246,177,195,202,234,83,206,199,200,231,215,217,181,239,58,
170,163,162,74,73,95,68,151,72,125,82,86,145,138,114,80,139,93,122,109,158,99,107,105,121,129,137,59,61,
170,163,162,154,135,131,65,183,161,212,153,147,200,141,159,91,218,164,194,160,219,213,182,241,187,119,246,128,115,94,221,196,239,176,166,225,236,177,226,108,229,120,171,103,230,227,198,228,175,116,193,199,142,195,231,237,222,216,118,245,202,205,207,209,217,70,
194,170,163,162,182,105,61,154,107,138,145,99,122,151,158,82,129,125,72,109,86,139,93,137,161,114,121,74,
210,168,152,167,201,92,204,71,66,84,169,224,81,77,180,56,153,110,207,249,211,203,106,132,229,240,143,172,150,247,144,241,185,220,218,248,233,214,117,197,100,178,166,78,175,245,148,147,244,226,183,209,112,198,101,119,216,141,238,212,60,157,227,219,208,111,165,173,186,235,243,222,236,174,228,131,237,221,96,193,242,79,246,177,98,195,230,202,225,234,67,232,83,213,206,199,223,200,231,192,191,215,217,205,181,239,91,58,
105,95,
210,168,152,167,201,92,166,147,183,91,204,71,58,180,83,216,119,67,239,227,78,175,98,195,247,150,207,110,181,84,112,209,205,111,208,217,226,77,174,117,214,229,132,215,222,191,192,231,241,144,200,223,199,153,206,237,213,232,225,131,228,202,230,81,178,106,203,177,236,165,218,246,193,96,242,100,197,249,245,148,238,141,221,79,157,143,240,101,198,243,235,186,173,244,219,212,224,169,220,185,172,234,233,248,211,66,
110,249,211,203,132,240,172,150,144,185,220,218,248,233,214,197,178,166,78,245,147,226,183,209,198,119,141,212,148,60,227,219,208,244,165,173,186,235,243,101,143,222,157,236,174,228,237,221,238,96,175,100,242,193,79,246,177,98,106,230,202,131,225,234,67,232,153,83,241,213,206,199,223,200,231,192,191,112,215,229,117,195,217,111,205,181,207,247,239,216,91,
125,145,138,158,124,151,142,209,170,237,103,163,230,162,229,154,221,135,202,161,228,147,200,159,89,226,164,94,231,175,217,194,141,160,227,182,115,187,120,196,239,153,176,219,166,183,116,236,171,118,198,241,177,193,246,199,195,128,88,225,85,222,216,108,245,205,207,218,75,212,213,76,
180,216,67,239,227,78,98,247,207,181,112,205,111,217,195,226,77,117,229,215,222,191,192,231,241,200,223,199,153,206,237,213,119,83,232,225,131,202,230,81,106,177,236,165,218,175,246,193,242,100,249,96,245,238,221,79,228,174,157,143,101,243,235,186,173,244,208,219,148,212,141,198,209,224,169,220,185,144,150,172,240,234,132,178,197,203,233,84,214,248,211,110,
129,121,105,107,99,122,93,139,109,137,114,
248,233,214,197,178,166,147,183,209,198,141,212,148,219,208,244,173,186,235,243,101,143,157,174,228,79,221,238,245,96,100,242,193,246,175,218,165,236,177,106,230,202,131,225,232,83,119,213,237,206,153,199,223,200,241,231,192,191,222,215,229,117,226,195,217,111,205,112,181,207,247,98,227,239,67,216,91,
138,145,82,99,158,121,107,129,125,72,109,139,122,137,86,151,114,93,
219,207,193,168,149,210,179,189,190,188,146,134,177,119,98,152,204,167,201,92,180,235,224,169,220,185,106,112,191,144,223,217,150,229,172,240,234,132,211,205,148,227,221,77,244,165,178,208,197,186,203,233,214,110,247,174,101,243,216,143,222,239,248,81,202,236,157,111,228,212,246,173,249,100,195,226,181,192,237,231,241,200,117,230,199,206,238,242,84,78,245,96,215,131,213,225,232,
241,236,200,139,125,166,213,128,193,217,89,171,225,158,182,205,138,221,154,229,162,230,163,194,207,176,145,103,170,118,209,142,135,164,151,218,187,124,198,161,227,160,183,226,159,129,196,85,219,88,
190,210,168,152,167,201,92,79,204,66,209,112,180,83,84,181,119,216,98,195,153,177,218,175,78,219,207,110,193,96,235,224,169,220,185,106,203,191,144,241,223,217,150,247,229,132,172,240,143,234,211,205,148,245,227,221,77,174,244,165,178,81,208,111,197,100,186,233,214,117,101,243,222,239,248,202,236,157,228,131,212,246,173,249,226,192,237,231,200,230,199,206,238,242,215,213,225,232,71,
161,94,147,200,159,212,164,194,141,160,213,182,187,115,221,196,239,153,176,219,166,183,236,226,229,120,171,227,198,241,177,230,228,175,193,246,199,142,195,231,128,237,116,225,222,216,245,202,205,207,218,209,217,108,
209,180,84,119,98,153,177,218,175,219,207,193,235,224,169,220,185,106,112,191,144,223,217,150,229,172,240,234,132,211,205,148,227,221,77,244,165,178,208,197,186,203,233,214,110,247,174,101,243,216,143,222,239,248,81,202,236,157,111,228,212,246,173,249,100,195,226,181,192,237,231,241,83,200,117,230,199,206,238,242,78,245,96,215,131,213,225,232,
198,141,148,208,244,186,235,247,243,101,232,143,157,174,79,238,100,209,193,246,219,175,218,165,177,230,202,225,228,119,213,131,237,242,206,153,199,223,200,241,231,83,192,245,191,222,215,106,212,229,173,117,226,195,236,217,111,96,205,112,221,181,207,98,227,239,216,
95,105,80,
145,138,124,151,142,209,170,237,103,163,230,162,229,154,221,135,202,161,228,147,200,159,226,164,94,231,175,217,194,141,160,227,182,115,187,120,196,239,153,176,219,166,183,116,236,171,118,198,241,177,193,246,199,195,128,225,222,216,108,245,205,207,218,75,212,213,76,
194,164,159,131,187,120,171,176,196,91,183,141,239,177,218,221,228,195,116,199,241,200,231,229,226,213,209,246,205,217,237,225,147,230,193,222,216,175,166,207,245,219,212,119,202,227,236,153,198,115,
204,193,207,219,175,177,119,98,180,235,224,169,220,185,106,112,191,144,223,217,150,229,172,240,234,132,211,205,148,227,221,77,244,165,178,208,197,186,203,233,214,110,247,174,101,243,216,143,222,239,248,81,202,236,157,111,228,212,246,173,249,100,195,226,181,192,237,231,241,200,117,230,199,206,238,242,84,78,245,96,215,131,213,225,232,
82,121,107,129,99,125,109,139,137,114,122,93,
105,95,
145,82,121,107,158,129,99,125,86,151,122,138,109,139,137,114,
170,163,162,154,135,161,94,147,200,159,164,108,217,194,141,160,213,182,187,115,221,196,239,153,176,219,166,183,236,226,229,120,171,118,227,198,241,177,230,228,175,193,246,199,142,195,231,128,237,116,225,222,216,245,202,205,207,218,209,212,103,
195,199,231,237,239,175,151,228,166,213,209,142,198,187,194,182,171,229,162,218,160,227,207,183,230,163,176,196,225,226,159,128,164,193,217,219,161,103,170,246,216,205,221,154,200,222,241,108,245,236,118,135,124,147,
224,169,220,185,112,144,217,150,223,172,240,234,132,205,148,221,244,178,235,208,197,186,203,233,214,248,211,110,247,174,101,243,216,143,239,202,78,227,111,228,212,246,173,249,100,236,195,226,229,106,181,222,191,192,237,231,241,200,117,81,230,157,199,206,165,238,242,245,96,215,131,213,225,232,
220,185,144,150,172,240,234,132,112,148,244,178,235,208,197,186,203,233,214,248,211,249,110,247,243,216,239,202,227,245,111,221,228,212,246,205,217,236,195,226,143,173,229,106,181,222,191,192,100,223,237,231,241,200,117,230,199,206,165,242,215,131,213,225,96,157,238,232,174,101,
238,209,193,207,219,175,218,177,96,225,213,131,215,242,165,206,199,230,117,200,241,231,237,223,192,191,222,106,229,173,226,195,153,236,217,205,246,212,228,221,181,98,111,245,227,119,202,239,216,
105,
220,169,185,144,150,172,240,234,132,112,117,111,148,244,178,235,208,197,186,203,233,214,248,211,249,101,216,202,227,245,221,228,212,246,205,217,236,195,226,143,131,173,229,106,181,222,192,237,231,241,200,230,199,206,165,191,232,238,174,215,242,239,157,223,100,243,247,110,
121,107,129,99,122,139,109,137,114,125,
174,157,193,207,219,175,218,238,177,96,225,213,131,215,242,165,206,199,230,117,200,241,231,237,223,192,191,222,106,229,173,143,226,195,153,236,217,205,246,212,228,221,181,98,111,245,227,119,202,239,216,
226,217,205,199,230,195,224,180,220,169,185,172,234,229,132,110,157,249,202,221,174,211,248,214,233,186,203,216,144,241,246,212,165,197,244,208,235,173,150,247,223,206,112,243,242,191,238,228,181,237,240,143,192,239,215,178,231,236,148,245,222,227,232,
171,158,151,138,154,162,163,207,170,118,176,142,135,209,164,218,124,198,161,194,160,183,159,196,187,219,145,182,
145,137,158,125,114,129,107,122,139,109,
216,246,222,212,227,236,202,228,245,143,237,148,173,144,231,181,165,157,239,130,224,240,192,188,235,190,134,243,189,242,179,123,232,220,167,178,172,169,210,204,201,248,149,146,185,238,241,132,191,244,211,197,214,208,234,203,150,186,233,180,223,247,206,215,168,249,152,174,
196,187,145,151,158,135,124,170,163,162,154,182,194,138,161,
196,187,145,151,158,135,124,170,163,162,154,182,194,138,161,
236,227,241,212,140,155,184,231,246,179,228,245,178,143,210,237,148,215,173,240,144,211,181,248,165,232,157,224,239,172,130,197,192,188,235,168,190,123,134,201,243,189,242,220,167,97,234,169,204,149,146,185,238,132,191,244,214,208,203,150,186,233,180,247,113,223,206,249,152,174,
183,141,198,177,221,228,236,199,241,231,147,226,213,209,246,217,237,200,229,225,230,193,222,216,166,245,205,207,219,175,212,195,239,202,218,227,153,
199,230,195,201,167,220,169,180,224,204,185,172,234,229,132,110,157,152,249,202,221,174,211,248,214,233,186,203,216,144,241,246,212,165,197,244,208,235,173,150,247,223,206,112,243,242,191,238,228,181,237,240,143,192,239,215,178,231,236,148,245,222,227,232,
137,121,
159,164,194,160,182,187,115,196,239,153,176,219,183,226,171,227,198,241,177,221,228,193,199,142,231,236,147,213,166,246,128,217,237,200,229,225,141,230,222,216,245,202,205,207,175,218,212,195,209,120,

225,213,215,242,165,117,199,230,200,231,206,237,223,192,191,222,106,173,131,226,195,217,229,205,236,181,212,228,241,221,111,245,246,227,202,239,216,
246,228,245,143,237,148,173,144,231,181,165,157,239,130,224,240,192,188,235,190,134,243,189,242,179,123,232,220,167,178,172,169,210,204,201,248,149,146,185,238,132,191,244,211,197,214,208,234,203,150,186,233,180,223,247,206,215,168,249,152,174,
225,213,227,236,237,231,202,173,230,222,216,245,192,221,195,241,212,199,228,239,181,205,246,217,226,131,111,229,200,117,
137,121,
157,242,215,238,232,165,143,199,230,200,231,206,237,223,192,191,222,106,173,131,226,195,217,229,205,236,181,212,228,174,241,221,245,246,227,202,239,216,
243,232,247,200,157,223,173,206,215,191,238,131,226,217,229,205,181,228,165,212,242,195,241,174,221,245,222,246,199,230,227,202,192,239,216,231,143,237,236,
165,156,133,136,172,237,178,181,113,240,184,243,155,214,144,203,130,189,248,224,192,188,247,235,190,249,134,242,179,238,123,232,220,167,169,210,204,201,149,208,146,185,244,126,191,211,152,197,234,150,186,233,174,180,223,206,215,168,140,
217,193,128,226,225,176,161,230,183,207,160,229,182,159,219,196,194,187,164,198,142,171,218,209,213,166,
165,157,172,237,178,181,113,240,184,243,155,214,144,203,130,189,248,224,192,188,247,235,190,249,134,242,179,238,123,232,220,167,169,210,204,201,149,208,146,185,244,191,211,152,197,234,150,186,233,174,180,223,206,215,168,140,136,

200,206,223,191,173,131,226,217,229,205,181,228,212,195,241,221,245,222,246,199,230,227,202,192,239,216,231,237,236,
122,139,109,
246,216,227,205,221,200,217,193,222,128,226,225,176,230,183,207,160,229,182,159,219,196,241,194,187,164,245,198,236,142,171,218,209,213,166,
139,122,
249,221,211,248,214,233,203,216,241,246,212,202,186,197,208,235,173,247,223,206,243,242,191,228,237,192,181,215,178,238,244,165,239,231,236,157,245,222,143,227,148,232,174,
236,237,231,202,227,230,222,216,245,192,221,195,241,212,199,228,239,181,205,246,217,226,131,229,200,117,
235,221,173,247,223,186,206,243,242,191,228,237,192,181,215,238,244,165,239,202,231,245,208,143,222,232,174,157,236,148,227,212,246,241,216,
237,181,184,155,144,130,224,240,192,188,235,190,134,243,189,242,179,123,232,220,167,178,172,169,210,204,201,248,149,146,185,238,191,244,211,197,214,208,234,203,150,186,233,180,223,247,206,215,168,152,174,249,140,

196,176,183,171,141,198,177,221,228,236,199,241,231,147,226,213,209,246,217,237,200,229,225,230,193,222,216,166,245,205,207,219,175,212,195,239,202,218,227,153,
176,183,171,141,198,177,221,228,236,199,241,231,147,226,213,209,246,217,237,200,229,225,230,193,222,216,166,245,205,207,219,175,212,195,239,202,218,227,153,
200,131,226,217,229,205,181,228,212,195,241,221,245,222,246,199,230,227,202,192,239,216,231,237,236,
176,209,198,218,161,194,183,160,135,142,196,164,187,182,159,
237,236,239,231,202,222,227,230,216,245,199,228,221,195,246,217,200,229,226,241,212,205,213,225,177,
212,195,196,176,199,231,237,239,175,183,147,205,228,218,222,193,187,246,217,241,200,229,209,245,216,198,227,221,213,236,207,171,230,226,219,225,166,


130,224,134,192,240,188,235,190,189,179,220,178,172,169,210,204,201,248,242,149,146,243,232,185,191,238,211,197,244,167,214,208,234,203,186,233,223,180,150,247,206,215,168,249,152,174,
170,163,162,154,135,182,194,161,

192,169,172,178,146,136,184,190,214,188,189,179,220,210,204,167,208,249,201,242,197,149,232,191,211,248,247,206,168,224,240,203,244,238,155,234,186,140,223,233,243,180,185,215,152,235,
192,169,172,178,146,133,215,186,191,149,232,167,208,249,180,206,247,243,188,168,210,201,242,197,156,238,155,234,240,203,244,211,248,214,184,220,179,233,204,140,223,224,185,189,190,235,136,
226,225,213,176,207,183,182,219,160,194,187,164,198,142,196,159,218,209,171,
139,
134,192,240,188,235,190,189,179,220,178,172,169,210,204,201,248,242,149,146,243,232,185,191,238,211,197,244,224,167,214,208,234,203,186,233,223,180,150,247,206,215,168,249,152,
226,217,229,205,212,195,246,221,228,245,230,241,227,222,202,239,231,237,216,236,199,
234,157,165,240,181,239,172,231,150,208,249,191,211,248,214,243,144,203,173,232,174,233,235,206,148,242,185,244,215,186,247,197,192,237,178,223,238,
186,191,167,180,208,206,243,188,168,247,210,201,238,155,234,197,240,203,211,248,232,242,214,184,220,179,233,204,223,224,185,244,215,189,249,190,235,156,
192,146,188,190,189,179,220,178,172,169,210,204,201,242,149,232,191,211,238,197,224,240,167,208,249,234,203,244,248,186,233,243,214,223,180,247,206,185,215,152,235,168,
194,182,161,
184,149,140,214,188,190,189,179,210,204,167,201,238,232,191,211,248,242,247,168,224,240,203,155,234,197,208,249,220,186,223,233,243,206,180,185,215,244,235,

151,

188,190,189,179,210,204,201,232,191,211,242,238,224,240,167,234,203,208,249,220,248,186,233,243,214,223,180,247,185,215,244,197,206,235,168,
198,177,221,228,236,199,241,231,226,213,209,246,217,237,200,229,225,230,193,222,216,245,205,207,219,175,212,195,239,202,218,227,153,
164,196,194,187,160,
245,228,231,239,165,238,215,192,181,237,191,206,242,173,223,
150,208,249,191,211,248,214,243,203,232,233,174,235,206,242,185,244,215,186,247,197,192,178,223,238,

188,190,189,179,178,172,169,210,204,201,232,191,211,242,238,224,240,167,234,203,208,249,220,248,186,233,243,214,223,180,247,185,215,244,197,206,235,168,
228,218,222,246,241,200,209,245,198,221,225,229,217,213,236,230,207,226,193,216,205,227,219,
247,243,231,191,242,239,181,237,206,165,223,157,215,192,238,232,174,
188,190,189,179,210,204,201,232,191,211,242,238,224,240,167,234,203,208,249,220,248,186,233,243,214,223,180,247,185,215,244,197,206,235,168,
249,211,248,214,233,203,235,208,242,191,244,247,197,192,232,178,215,243,206,186,223,238,

204,192,224,180,178,169,240,211,234,220,249,191,208,203,232,248,243,214,223,247,242,238,215,185,244,186,197,233,206,235,172,
218,202,195,212,175,219,207,205,245,216,222,193,225,229,200,217,246,213,230,226,239,237,231,227,241,199,228,221,236,177,

180,208,206,235,188,247,201,234,240,211,203,232,242,214,184,243,220,179,238,233,204,223,224,185,244,215,210,189,248,249,190,197,
208,206,235,188,247,201,234,240,211,203,232,242,214,184,243,220,179,238,233,204,223,224,244,215,210,189,248,249,190,197,
165,242,181,237,191,206,223,215,192,238,

218,196,187,198,209,
187,196,194,164,
182,


196,187,
242,237,215,192,181,191,206,223,
218,219,193,226,213,217,229,230,207,225,198,209,
204,201,191,180,238,224,240,211,234,208,249,220,203,232,248,233,243,214,223,247,242,215,185,244,186,197,206,235,
210,204,201,191,180,238,224,240,211,234,208,249,220,203,232,248,233,243,214,223,247,242,215,185,244,186,197,206,235,
240,234,220,208,249,203,211,248,243,223,247,242,191,238,215,197,244,214,185,232,233,186,206,235,

219,183,207,218,198,209,
240,203,214,233,248,211,249,235,208,242,191,244,247,234,197,232,178,215,243,206,186,223,238,185,
239,231,181,192,237,
242,238,215,191,206,223,192,
219,207,205,245,222,225,229,217,213,236,230,226,193,239,216,237,231,227,241,199,246,200,221,228,
209,218,198,
225,213,205,212,226,229,217,195,246,221,228,245,230,241,227,222,202,239,231,216,236,199,237,200,
235,208,244,247,242,197,243,186,232,191,206,223,238,215,
206,247,201,234,240,211,203,232,242,214,243,220,235,238,233,204,223,224,208,244,215,210,189,248,249,190,197,
224,240,234,208,249,203,211,248,233,243,220,223,247,242,238,215,197,244,214,185,232,206,235,


209,218,198,
210,215,247,224,223,204,238,235,220,243,242,232,249,244,214,211,234,201,248,233,240,208,
249,211,248,233,197,223,208,247,242,238,244,215,214,243,203,232,206,235,
247,238,242,243,232,191,206,223,215,
196,
190,248,210,215,244,208,224,223,204,233,238,235,220,249,243,214,242,232,203,211,240,234,201,247,189,
201,234,240,211,203,232,242,214,243,249,220,235,238,233,204,223,224,247,208,244,215,210,248,190,
210,215,208,247,224,223,204,238,235,220,243,242,232,249,203,244,214,211,234,201,248,233,240,
223,206,

230,226,213,217,229,225,

221,228,245,236,246,230,241,227,222,239,231,237,216,199,

244,208,247,242,238,215,223,243,232,235,
209,
237,231,239,216,227,241,230,246,236,245,222,221,228,
236,230,217,229,221,226,
223,204,238,235,220,243,242,232,249,244,247,224,214,211,248,233,234,240,
236,227,212,222,245,246,241,228,231,237,239,216,
235,233,244,214,248,208,247,242,238,215,223,243,232,211,
235,238,220,243,242,232,244,247,224,214,233,234,240,249,248,
230,221,236,227,229,

219,
247,238,242,215,223,243,232,

232,224,233,238,242,247,234,244,243,240,220,249,248,235,
248,214,247,244,233,243,232,242,238,235,223,
246,241,239,228,245,231,237,

244,247,243,232,242,238,235,
223,
245,227,241,246,236,222,
229,


238,242,247,244,233,243,234,240,249,248,235,

246,241,236,227,

242,247,244,233,243,234,240,249,248,235,


236,
245,



242,238,
244,247,243,
247,240,249,244,248,
243,247,242,


242,

249,248,


247,
247,





Past links sets, 


0,1,
2,
3,
0,1,
1,

0,6,7,
4,5,8,
0,6,7,


4,8,5,10,

12,14,
0,7,6,11,

11,15,17,
17,
9,12,13,16,
18,19,
5,16,4,15,10,8,
3,8,17,5,16,15,10,
9,13,22,
15,19,
15,19,

21,22,23,

20,24,28,
29,
20,28,26,25,24,
21,27,4,26,25,23,
21,27,4,26,25,23,
18,29,27,26,25,
7,21,35,
15,19,27,31,
37,
31,
30,32,33,
15,19,27,31,
27,39,
40,
37,39,41,
8,3,36,31,5,16,10,
32,33,34,
29,
46,

32,33,34,
25,44,42,38,26,
20,34,24,33,28,
49,
34,43,
49,
53,
10,8,41,3,36,5,16,38,
53,55,
48,40,50,
29,56,
29,50,52,

34,38,45,
49,
7,51,21,47,35,
53,55,64,
58,60,
43,48,50,
8,10,44,42,5,16,38,3,36,
18,47,51,
53,55,64,
30,48,36,61,
43,48,50,
31,36,50,52,
45,57,69,
23,45,57,69,
58,62,66,71,
56,77,
27,67,47,64,39,
68,
77,
40,45,72,74,
39,66,47,67,
58,62,66,71,
28,63,24,57,33,44,
37,74,61,46,45,

20,63,33,28,24,57,
20,63,33,28,24,57,

7,21,70,60,55,35,
53,55,62,64,
31,59,72,
65,75,
54,68,73,
79,78,83,
90,
42,83,79,71,62,
59,82,
39,81,78,67,47,
47,67,78,81,

22,33,47,76,51,75,63,

52,80,73,59,54,
96,100,
38,59,82,86,
34,65,75,76,
107,
78,81,84,92,
41,81,96,98,
84,92,81,67,78,
90,102,104,
59,82,86,
70,49,94,
49,65,70,75,
111,
51,76,75,85,
21,62,83,35,79,71,70,
23,70,49,94,
43,93,99,
109,
87,97,113,
76,85,88,89,
63,57,82,86,
102,

13,9,108,103,28,94,
86,82,41,63,59,
123,
21,117,106,35,101,70,
78,97,81,92,87,84,
102,127,
62,130,
118,124,
104,126,127,
86,43,93,99,
61,69,89,88,74,85,
109,129,
113,136,
67,115,91,116,
118,128,
27,83,87,97,110,100,112,101,
113,132,
69,89,88,86,85,
126,127,134,
34,76,120,115,116,91,
110,47,112,132,
134,136,
130,144,
46,76,138,
92,126,134,
79,83,141,
32,124,75,52,51,
113,133,136,
133,
83,148,104,101,100,
48,89,88,42,86,30,85,
49,70,118,128,
20,142,
52,103,65,135,
50,124,75,52,51,
50,124,75,52,51,
70,160,
96,143,102,157,
91,103,120,115,116,108,
92,149,146,140,133,
55,53,64,149,146,140,133,
84,81,146,152,
50,124,75,52,51,
85,128,120,115,116,
146,132,152,
41,98,143,132,106,
83,148,100,144,123,101,
71,76,120,153,
115,128,118,120,116,
119,153,
60,110,150,172,
140,156,146,155,149,
84,168,167,152,155,
38,173,113,44,165,117,
128,161,
118,91,171,
155,156,
144,169,172,180,
47,168,169,112,178,167,
88,159,89,164,120,
140,156,146,155,149,
179,188,
64,189,
186,106,42,174,165,
37,127,117,150,173,165,174,152,
62,147,166,175,
52,70,135,160,
84,177,92,76,131,120,
115,187,
178,179,185,
141,147,183,176,166,159,
175,195,
63,101,108,177,147,106,117,175,
167,168,184,190,
177,112,87,131,110,
110,150,185,190,
152,71,201,
63,84,108,177,147,175,131,
179,185,191,
62,175,171,166,147,
47,203,197,112,184,
66,79,198,
168,184,190,
29,201,203,
90,120,202,
24,96,193,128,98,177,
60,204,211,
165,174,186,208,
108,199,147,202,
13,200,28,193,131,84,
147,153,183,176,166,159,
207,
78,210,204,180,169,
110,205,199,200,112,
216,
191,211,215,
77,204,180,210,
24,96,193,128,98,177,
200,193,84,128,131,
90,205,222,
143,199,147,212,
9,205,92,217,
205,200,199,28,193,
4,212,199,173,148,
101,148,214,100,210,208,186,
211,60,220,224,
172,220,224,
112,224,214,220,197,
200,227,
4,113,212,199,173,165,
79,232,157,143,220,174,
212,34,199,173,148,
234,
63,212,222,
165,235,238,
148,235,101,233,208,186,
234,214,112,233,197,
216,228,
97,212,222,
31,243,244,
211,60,240,
110,150,185,240,
Future links sets, 
2,16,5,10,8,
6,5,2,
3,
69,4,23,45,57,
237,34,9,13,231,33,22,
69,9,57,13,45,23,22,
16,10,8,
8,65,10,16,91,36,
69,9,57,13,45,23,22,
128,229,24,20,
69,57,13,22,23,45,
18,16,
20,15,
217,128,24,20,
15,
41,37,26,18,23,22,25,
69,57,20,22,45,23,
19,23,18,
70,35,21,
41,21,25,26,37,
160,89,32,30,52,88,
119,131,65,28,33,34,91,36,
103,28,24,
28,33,34,120,76,
225,213,89,88,32,30,85,52,
51,32,33,34,35,
51,32,33,34,35,
42,41,143,33,34,79,35,37,
128,89,88,230,32,217,30,85,52,
61,31,211,35,60,47,
158,72,40,
247,93,37,39,74,41,45,
154,46,50,40,
103,89,88,40,50,46,85,52,
147,108,46,50,239,63,52,54,
36,91,131,65,119,
74,45,57,72,69,
192,86,44,38,
181,51,57,107,63,69,
100,42,44,79,83,
82,59,43,
44,173,129,57,111,
51,69,98,191,158,
137,54,68,73,121,
85,69,181,51,
63,86,75,76,82,
151,86,48,
148,100,208,186,65,103,70,101,79,83,
158,59,68,73,72,
120,116,55,159,115,53,64,
170,163,162,74,59,61,68,73,
170,163,154,65,70,103,162,118,
170,163,194,161,162,74,154,61,105,
92,56,66,71,168,58,
105,95,
92,66,71,168,58,91,
78,60,
125,89,75,85,76,88,
84,77,67,
114,93,99,105,129,107,
248,67,91,233,178,214,
138,86,72,
193,134,207,119,77,92,84,98,
241,205,200,129,85,88,125,103,89,
190,168,66,71,79,92,
161,116,108,94,
209,84,83,77,
141,83,100,112,79,101,
95,80,
138,76,145,75,
194,164,131,120,91,116,159,115,119,
204,77,84,119,175,98,
93,82,
105,95,
138,86,82,
170,154,162,118,103,163,108,94,116,
175,147,103,108,195,151,118,124,
224,81,78,
96,112,101,100,220,132,110,
238,209,96,98,153,119,
105,
169,132,110,112,101,100,111,
99,129,107,114,125,
157,96,153,98,143,174,119,
226,205,217,195,112,110,132,180,169,
158,118,171,138,124,145,
145,137,107,129,158,114,125,
202,132,143,123,
187,124,138,158,145,
187,124,138,158,145,
113,227,212,97,
183,147,166,141,
195,167,112,110,132,229,152,
137,121,
128,120,115,

225,106,111,165,213,
246,132,143,123,
225,213,173,111,
137,121,
232,106,143,157,174,
243,232,200,131,143,157,174,
165,126,133,113,
166,161,128,
157,136,113,

200,173,191,131,
109,
166,200,216,128,205,
139,122,
249,221,143,203,148,178,202,
117,
244,221,143,148,208,186,235,202,
237,181,123,140,155,144,

176,196,141,166,171,147,
176,141,166,171,147,
200,192,181,131,
183,135,142,159,176,
177,
212,195,187,176,147,166,171,175,


174,130,
170,135,154,162,163,

152,146,136,
192,146,136,133,
213,142,225,159,226,182,171,176,
139,
150,134,
226,205,202,195,217,
172,173,148,144,
168,167,156,155,
152,149,146,
194,161,
149,155,140,

151,

179,188,168,167,
198,153,
160,
238,228,173,165,
174,185,150,

188,167,172,179,168,169,
228,218,207,193,198,200,216,205,
239,157,243,232,174,231,
179,188,168,167,
249,192,203,178,

204,172,192,169,180,
218,177,175,

188,180,184,179,
188,184,179,
238,165,

218,198,187,
194,164,
182,


187,
242,191,181,192,237,215,
207,218,198,193,
201,186,180,
201,186,210,180,
186,220,185,

207,183,
234,185,178,
239,231,181,192,237,
238,215,192,191,
207,193,199,200,205,
218,198,
225,195,200,205,213,202,
197,186,
206,197,189,
224,220,185,


218,198,
210,208,201,
249,206,203,197,
243,232,215,191,
196,
189,
190,
210,203,201,
223,206,

230,213,217,225,226,

199,

244,235,208,
209,
237,231,216,221,239,228,230,
236,217,221,226,230,
211,204,
216,212,
211,208,
220,224,214,
230,229,227,221,

219,
243,232,215,

232,224,220,
248,233,223,214,
246,241,231,237,228,239,

244,235,232,
223,
245,222,
229,


235,234,238,233,

246,241,227,

235,234,233,


236,
245,



238,
244,243,
244,240,
243,242,


242,

249,248,


247,
247,





Coordinates,
1.88048,1.98313,
1.36841,2.04083,
1.32797,1.94889,
1.26615,1.94394,
0.196404,1.89714,
1.97722,1.93667,
3.20225,2.03546,
1.10946,2.10288,
2.39055,1.94086,
0.111729,1.79978,
2.77407,1.94311,
0.890083,2.15672,
0.166964,2.24199,
0.42352,1.76978,
0.234792,2.25619,
0.365169,2.25492,
3.08512,1.93442,
0.29468,2.28352,
1.33039,2.18525,
0.43303,2.29477,
0.234621,1.65969,
1.58988,2.17548,
0.846289,1.7328,
1.71897,1.82501,
0.656368,1.69206,
1.43121,2.21297,
1.42675,2.22325,
0.362899,2.39066,
1.01664,1.67584,
0.00462421,2.59037,
0.0514219,1.39327,
0.582588,2.50073,
0.388974,1.44645,
1.32496,1.64565,
1.87515,1.71903,
2.16028,2.24578,
3.31181,2.14556,
1.80831,2.32712,
1.93823,2.31479,
0.890005,2.5435,
0.268741,1.25689,
1.64502,2.37541,
1.31401,2.48327,
0.0859544,1.08893,
2.08315,2.34032,
3.17384,1.79476,
0.521039,1.22484,
0.904212,2.64288,
0.485342,1.17762,
0.147219,2.97479,
0.627691,1.23036,
2.43718,2.33079,
0.898603,1.28145,
0.301948,2.97907,
0.0150797,0.86329,
0.325686,2.99098,
0.494972,2.91949,
3.33092,1.77591,
0.483628,2.97836,
0.517799,1.03016,
0.884112,2.80787,
0.705715,1.11617,
0.0297889,3.25717,
2.01479,1.53096,
0.420111,3.04469,
3.68101,2.20916,
0.554299,3.0115,
1.06448,2.80398,
0.180975,0.748774,
3.4944,1.76048,
2.79154,2.34446,
0.576938,3.04375,
0.642915,0.976449,
0.138958,0.678909,
0.81537,1.03118,
3.41878,1.73487,
2.7802,1.62432,
0.738001,3.04909,
0.839076,3.01716,
1.7103,2.66324,
0.197974,0.578927,
0.832496,3.04198,
0.696611,0.867372,
1.72654,2.68489,
0.814057,3.09017,
1.71847,1.30476,
0.816167,0.907054,
0.305922,3.41984,
1.43253,1.18621,
1.36626,1.15568,
0.187088,3.53065,
3.62835,2.27996,
0.820425,3.14343,
0.504887,0.624971,
3.45706,1.68075,
0.0538288,0.233481,
1.93551,2.69632,
0.407677,3.516,
2.19403,2.62179,
0.536995,0.572153,
1.81758,2.75915,
1.74841,2.78979,
0.160976,3.76048,
2.2053,1.36295,
0.264877,3.69519,
0.149427,0.190003,
2.0888,2.69416,
0.678108,0.591973,
2.56977,1.45146,
0.6725,0.575719,
1.38074,3.0058,
2.62289,2.54805,
1.54579,2.9482,
0.466403,3.64736,
0.586162,0.440044,
3.46439,1.62768,
3.60922,1.65193,
2.78671,2.52526,
1.81678,1.14524,
3.63569,2.34585,
3.19727,1.56596,
0.460744,0.273437,
0.652943,0.417225,
0.693756,3.57145,
1.40136,0.894817,
0.872915,0.545217,
0.462529,3.80047,
0.39031,3.88193,
2.17059,1.22548,
0.742841,0.415756,
0.76955,3.57589,
3.7027,2.36847,
1.40082,3.20344,
0.529028,3.88172,
0.874051,3.60347,
1.47326,0.783697,
0.720952,3.7719,
0.516004,0.0257942,
1.13271,0.523495,
0.716679,0.164164,
0.863492,3.7202,
3.63149,1.56863,
1.88467,0.962708,
2.32807,2.8324,
1.63307,3.18421,
1.0551,0.382181,
1.1522,3.56313,
2.91767,1.35212,
2.19818,2.93005,
1.11389,3.60618,
1.73541,3.19151,
1.14503,0.398415,
1.47434,3.38168,
3.70503,1.5469,
1.31131,0.486726,
0.929581,3.83671,
0.769453,3.99006,
2.41608,2.8744,
1.00896,0.21569,
2.01058,0.913638,
1.84015,0.814246,
1.4928,0.589081,
1.20448,0.342529,
1.20317,0.337971,
1.84579,0.786787,
2.56657,2.84776,
2.52432,1.12767,
1.56019,3.42344,
1.5521,3.43456,
1.68581,3.34862,
1.25069,0.314853,
2.18428,0.942445,
1.74943,3.31854,
3.12431,2.66582,
2.52055,2.90692,
3.32604,1.38237,
2.08177,0.843435,
3.6466,1.46472,
2.13267,3.17487,
1.56041,3.6191,
1.78603,3.45993,
3.64202,2.57919,
1.5218,0.275314,
2.16967,0.73957,
1.29263,3.96222,
2.08322,3.34607,
2.53449,3.07547,
1.7565,0.364512,
1.7128,3.69468,
1.83043,3.64328,
1.89235,3.61665,
3.09508,2.91094,
3.66708,2.68788,
2.74194,0.875244,
1.62208,0.011137,
3.62286,1.26253,
1.76663,0.115891,
2.51895,3.31758,
2.2117,0.452119,
3.58597,1.21956,
2.9841,0.904723,
2.14513,3.67288,
3.94165,1.31771,
2.52095,3.39312,
2.25006,3.70252,
3.06712,0.847344,
3.40422,2.97609,
2.45122,0.420507,
2.96543,3.24888,
2.2332,0.19868,
2.2833,3.75791,
2.69089,3.44938,
3.92627,1.19639,
2.61628,0.438302,
2.8183,3.46069,
3.42004,3.10468,
3.3768,0.857389,
2.8867,0.534509,
2.31721,0.0126473,
2.41247,0.0509172,
2.67607,3.75808,
3.11652,0.568189,
3.30934,0.66277,
3.70411,3.10689,
2.68729,3.84637,
2.55344,0.0230797,
2.71732,0.163447,
3.24342,0.449366,
3.60724,0.70621,
2.88092,0.136489,
2.96623,0.213045,
3.8715,0.835392,
3.61388,3.3486,
3.23822,3.66551,
3.02917,3.85508,
3.34915,3.58164,
3.24815,0.333525,
3.94863,0.776682,
3.79601,3.33993,
3.73189,0.612373,
3.20104,3.86939,
3.36883,0.208682,
3.98947,3.32651,
3.76473,3.50361,
3.5424,3.68668,
3.49147,0.263448,
3.38438,0.154927,
3.89608,3.5339,
3.57337,3.8444,
3.68135,3.91896,
