Storage option,sets
Size,75
Dimension,2
Shape,cube
Spacetime,BlackHole
Past sets, 













1,
1,

0,

1,14,
4,
7,9,

17,
5,
7,9,

3,
4,
4,
9,7,12,
1,13,

18,13,1,14,
10,15,
12,
30,1,13,14,
18,13,1,14,
14,1,13,18,32,
24,20,9,29,7,12,
20,9,29,7,12,
3,28,4,19,27,
19,21,27,22,17,4,
9,7,29,34,12,
4,22,17,21,19,
24,20,9,29,7,12,
32,36,30,13,14,1,18,35,

19,21,27,22,17,4,
31,
1,12,7,29,9,20,13,24,38,
14,1,18,4,22,17,21,19,
31,
48,46,31,51,
31,20,39,42,7,9,34,29,12,
20,9,7,24,36,30,13,14,1,18,35,
17,22,45,1,32,30,36,13,35,18,14,37,
24,13,20,9,29,7,12,1,38,49,
12,34,31,48,
17,22,36,37,14,30,13,35,1,18,32,
51,46,48,31,52,
51,46,48,31,52,
12,51,46,48,31,52,
13,34,38,44,1,24,20,9,29,7,12,39,
31,38,39,34,44,24,20,9,42,29,7,12,
49,38,12,30,7,29,9,20,13,1,24,
45,24,1,9,32,7,30,36,13,35,18,14,37,
38,24,44,31,20,42,9,39,53,7,29,34,12,
18,1,14,13,30,36,24,35,9,7,20,54,
24,31,20,42,9,39,53,7,29,34,12,
34,39,44,49,38,12,7,29,9,20,13,1,24,
14,49,38,12,30,7,29,9,20,13,1,24,
12,54,20,9,35,24,7,36,13,14,30,1,18,
52,31,48,51,46,60,
39,56,24,13,7,29,12,9,38,30,1,20,49,44,
51,46,48,31,52,
Future sets, 
16,
50,13,36,62,69,56,49,37,14,32,55,30,73,58,35,71,45,67,54,18,65,64,70,

40,26,
28,27,19,40,47,50,43,41,
23,

42,65,24,20,39,71,54,73,67,44,63,68,49,53,38,62,66,29,70,56,64,69,

42,65,24,20,39,71,54,73,67,44,63,68,49,53,38,62,66,29,70,56,64,69,
33,

61,57,71,34,63,44,42,68,53,70,38,49,29,66,39,73,56,62,64,69,
62,69,56,49,37,32,30,73,58,71,45,67,54,55,36,65,35,64,70,
70,35,18,50,37,67,54,32,45,71,58,36,65,55,
33,

50,47,58,43,41,55,22,
50,67,36,32,45,54,71,37,58,65,55,
50,40,41,43,47,
71,54,67,44,68,53,38,49,63,39,62,73,66,70,56,64,69,
50,47,43,41,
55,41,43,58,47,50,

68,65,71,54,67,44,38,49,63,62,73,66,70,56,64,69,


47,41,40,
40,
44,42,68,53,38,49,63,39,62,73,66,70,56,64,69,
73,35,58,71,67,45,55,65,54,64,70,
63,66,68,53,48,59,52,57,60,72,61,74,51,
45,37,58,65,55,

69,62,42,63,66,68,53,57,
58,71,67,45,55,65,54,
58,71,67,45,55,65,54,
58,65,55,
63,62,66,49,70,56,73,64,69,
69,63,53,68,66,73,62,


66,63,68,53,

73,62,63,66,69,
65,55,
61,72,60,74,59,52,

52,59,57,74,60,72,61,
70,56,73,64,69,

61,72,60,74,59,52,
74,59,60,72,61,
68,66,
71,67,

73,



72,














Past links sets, 













1,
1,

0,

14,
4,
7,9,

17,
5,
7,9,

3,
4,
4,
9,7,12,
13,

13,18,
10,15,
12,
14,30,
13,18,
32,
20,24,29,
20,29,
19,27,3,28,
19,21,22,27,
29,34,
19,21,22,
20,24,29,
32,35,36,

19,21,22,27,
31,
13,38,
18,19,21,22,
31,
48,46,51,
31,39,42,
24,20,35,36,
22,37,45,
49,
34,48,
35,36,22,37,
52,
52,
12,52,
13,44,39,34,38,
44,39,31,42,38,
30,49,
24,37,45,
44,38,53,
54,
24,53,
34,39,44,49,
30,14,49,
12,54,
60,
30,39,44,56,
52,
Future links sets, 
16,
14,13,

40,26,
28,27,19,
23,

29,24,20,

29,24,20,
33,

71,61,34,29,
62,30,32,36,49,
70,35,18,
33,

22,
50,36,32,
50,40,41,43,47,
54,44,39,38,
50,47,43,41,
55,41,43,58,47,50,

68,38,44,54,65,


47,41,40,
40,
42,44,39,38,
73,64,70,35,
51,63,53,48,
45,37,

69,62,57,42,
58,54,45,
58,54,45,
58,65,55,
66,63,62,49,
53,63,73,62,69,


63,53,

73,62,63,66,69,
65,55,
52,

57,52,
70,69,64,56,

52,
61,60,74,59,
68,66,
71,67,

73,



72,














Coordinates,
0.00753984,0.37142,
0.025711,1.34364,
0.0989872,0.0269144,
0.11731,0.7464,
0.14734,0.946173,
0.152961,0.508318,
0.210056,0.328184,
0.21176,1.59863,
0.230372,0.0904873,
0.231265,1.60052,
0.233201,0.464791,
0.252443,0.339054,
0.268498,1.70939,
0.288469,1.26724,
0.291294,1.09214,
0.293081,0.442056,
0.321457,0.0694792,
0.33625,0.908389,
0.346878,1.06633,
0.348305,0.81104,
0.358339,1.56215,
0.360476,0.867704,
0.408084,0.874204,
0.416248,0.258002,
0.431746,1.44335,
0.445041,0.080488,
0.554731,0.423144,
0.566357,0.5761,
0.601585,0.527551,
0.633075,1.54754,
0.657006,1.04088,
0.760901,1.898,
0.780093,0.780207,
0.822509,0.0023121,
0.842905,1.60113,
0.874713,0.893014,
0.883317,0.772897,
0.90879,0.690372,
0.937577,1.26048,
1.00529,1.38703,
1.00739,0.194487,
1.04157,0.241814,
1.04161,1.48271,
1.10265,0.258899,
1.15861,1.21859,
1.22561,0.556943,
1.28328,1.94804,
1.28488,0.0558645,
1.30814,1.81575,
1.31144,0.920074,
1.33803,0.18145,
1.35866,1.81785,
1.44046,1.79299,
1.49205,1.26216,
1.55826,0.384726,
1.62407,0.182585,
1.66302,0.655656,
1.67458,1.45884,
1.70211,0.0736094,
1.73219,1.65467,
1.74574,1.69219,
1.7472,1.54256,
1.7712,0.736629,
1.80362,0.922893,
1.80461,0.504478,
1.80694,0.0935441,
1.81143,0.988612,
1.81418,0.162843,
1.83354,1.0444,
1.84068,0.665194,
1.85135,0.407029,
1.86594,0.13437,
1.97082,1.6559,
1.97431,0.449301,
1.99474,1.71002,
