Storage option,sets
Size,25
Dimension,2
Shape,cube
Spacetime,BlackHole
Past sets, 





0,
0,

0,5,
8,0,5,6,
8,0,5,6,
5,0,8,
0,
0,
5,12,0,8,
0,1,7,
13,0,5,12,
1,6,8,0,5,7,
1,6,8,0,5,7,
1,
7,8,0,11,5,10,6,9,
1,7,8,0,11,5,10,6,9,
5,6,15,0,1,7,
1,
16,13,0,5,12,8,
Future sets, 
15,13,12,5,22,16,8,24,18,17,14,11,9,20,21,10,6,
23,21,19,15,22,17,18,



22,16,8,24,18,17,14,11,9,20,21,10,
22,18,17,9,20,21,10,
21,20,15,22,17,18,
24,18,17,14,11,9,20,21,10,
21,20,
21,20,
21,20,
16,24,14,
24,16,

22,
24,








Past links sets, 





0,
0,

5,
6,8,
6,8,
8,
0,
0,
8,12,
0,1,7,
5,12,13,
1,6,7,8,
1,6,7,8,
1,
7,9,10,11,
1,11,10,9,7,
6,5,15,
1,
8,16,
Future links sets, 
15,5,6,12,13,
23,21,15,17,18,19,



22,16,8,
22,9,10,17,18,
21,15,20,17,18,
24,18,17,9,14,10,11,
21,20,
21,20,
21,20,
16,14,
16,

22,
24,








Coordinates,
0.0313126,3.90507,
0.0790097,1.9755,
0.123889,0.579416,
0.296403,0.266624,
1.14781,0.71184,
1.3194,3.07297,
1.34418,2.76942,
1.3701,2.50024,
1.65928,3.0199,
2.06143,2.8698,
2.11461,2.68571,
2.28252,3.00635,
2.33498,3.30747,
2.3773,3.48827,
2.60592,3.10986,
2.64624,1.34543,
2.8096,3.34169,
2.905,1.81182,
2.91826,1.79821,
3.11749,0.388022,
3.15397,2.42209,
3.62925,1.84719,
3.66136,0.894833,
3.71437,0.00953773,
3.9006,3.54183,
