Storage option,sets
Size,500
Dimension,3
Shape,cylinder
Spacetime,BlackHole
Past sets, 



















































2,



































15,
43,








13,


25,





36,

72,


24,


2,


2,



29,42,

32,
44,

14,86,

58,
4,
4,


31,
12,13,
63,

57,

0,14,23,

20,
25,16,29,42,
6,



39,




64,


27,
58,
19,18,96,72,30,108,
19,96,72,108,

62,
7,11,
62,105,
48,
64,66,
42,



10,
24,
22,59,
25,16,42,29,121,
20,28,
12,53,
0,23,73,
32,
90,
60,
62,
38,39,40,
28,

64,
25,16,29,42,
90,

38,
18,
8,33,
80,
47,55,



7,

18,90,
0,23,73,86,
1,
12,40,
11,45,101,
56,

11,59,
35,37,57,137,
79,
28,
64,
24,

26,72,18,96,
1,41,
119,
56,58,156,
58,128,
26,58,63,135,

40,39,38,180,
32,58,128,151,
60,
60,178,
67,103,
19,30,72,18,96,
64,131,136,

48,52,62,160,
22,118,31,133,
13,12,134,
4,

37,57,81,
19,30,
18,58,63,128,
9,60,71,
39,46,69,
54,43,88,
45,85,10,101,113,
13,53,
49,68,83,90,118,
7,11,60,113,
140,
63,135,58,156,
7,80,
4,131,
119,
105,62,162,
27,24,111,182,
24,
1,41,167,
57,81,
6,14,16,41,25,100,
5,6,16,29,
22,59,65,31,133,
39,46,
45,85,10,101,
27,24,111,182,

22,65,118,83,31,133,
35,37,44,116,
2,51,56,
70,91,20,24,141,145,
47,55,
56,58,
47,55,
15,75,99,159,
45,10,169,
127,119,132,
1,41,
1,14,25,16,29,41,6,143,
5,100,121,42,29,16,25,142,6,143,
67,20,141,
144,148,16,29,42,165,
92,96,108,19,123,32,72,176,
127,119,132,
37,57,
49,59,133,31,83,118,65,22,258,
1,41,
119,168,
129,82,4,130,
20,71,80,28,181,186,
51,79,114,2,117,
12,13,
10,22,45,31,122,
9,22,49,59,65,
18,96,151,123,32,72,176,
111,24,209,
15,31,
111,24,209,
4,
13,35,37,53,112,57,44,124,
0,23,73,146,
71,186,190,28,80,20,7,243,
55,152,66,64,47,164,
34,91,141,28,20,173,
9,22,34,59,65,77,
39,46,64,66,183,
70,98,
6,13,16,94,12,25,100,109,
26,49,18,83,118,177,90,120,185,
90,108,30,72,157,96,18,19,188,
37,57,81,
9,34,20,59,65,77,
51,41,2,117,1,199,
35,12,38,40,53,112,44,124,
0,5,14,54,43,88,150,
40,112,38,116,44,124,225,
60,80,113,11,7,161,
47,55,
0,5,6,1,14,41,
127,132,182,111,24,27,256,
13,39,102,112,53,40,38,12,174,200,
27,132,
6,16,29,42,54,43,88,
5,54,43,88,
15,87,99,105,62,75,153,
34,74,91,111,20,24,141,145,
74,93,125,155,24,27,170,
5,14,126,139,175,86,73,23,0,198,
13,53,137,57,37,35,205,
81,196,
31,75,15,87,
81,
37,13,97,112,124,40,53,38,12,57,44,174,
132,119,127,267,
46,69,93,8,125,
2,51,79,
6,1,14,41,73,86,
38,40,39,78,55,47,191,
27,127,132,
52,62,160,48,163,
22,31,
2,51,79,
10,45,31,122,
48,62,160,
2,51,58,56,202,
78,55,47,262,
6,43,144,16,29,42,165,
26,52,193,162,166,62,105,246,
1,6,41,
26,72,18,83,90,120,185,
10,45,59,31,122,
55,47,264,
35,137,57,37,275,
52,62,160,48,163,
161,220,221,9,178,113,60,11,7,71,240,
54,43,88,
6,41,73,86,23,1,14,0,126,139,
18,135,156,215,151,58,32,63,128,219,
161,220,221,9,178,113,60,11,59,7,71,240,
32,1,56,199,203,41,210,
60,31,122,7,59,11,22,113,204,
41,1,79,
105,160,62,179,
13,53,137,165,35,29,42,81,57,37,205,231,
67,70,98,103,
46,187,180,38,78,39,40,218,
13,35,37,53,112,116,44,124,225,
81,148,196,88,43,54,236,
55,47,264,
187,180,12,38,39,40,218,
45,85,10,101,
64,
67,145,141,24,98,20,91,70,261,
127,132,27,312,
217,103,28,67,222,
39,136,152,164,64,131,66,183,
35,137,57,37,275,
74,145,141,24,111,20,91,70,261,
70,98,217,103,28,67,222,
26,52,105,62,162,
240,161,85,7,11,113,80,60,307,
7,45,10,101,
31,75,15,87,99,159,
41,32,123,92,1,199,203,
64,208,
71,11,161,28,7,20,173,220,178,34,60,221,
78,112,116,44,124,225,257,
6,53,43,88,25,142,16,29,172,121,165,13,42,100,110,184,97,109,
1,56,32,123,210,
5,41,1,14,126,139,86,73,23,0,6,175,
48,52,160,105,162,153,166,62,179,193,
11,80,190,7,195,
52,63,62,160,48,163,
10,22,45,120,31,122,
212,86,73,14,1,6,41,327,
28,181,186,
44,47,55,78,116,35,230,257,
6,143,268,41,1,212,277,
168,91,182,248,209,24,111,145,288,
46,69,164,155,64,27,66,183,
37,44,47,55,116,35,230,257,
240,161,85,7,11,113,80,60,307,
39,78,225,187,44,12,116,38,112,40,124,306,
22,26,31,90,120,
4,82,168,132,119,127,274,
57,81,250,
1,14,25,41,0,143,42,29,16,6,5,252,
70,98,217,103,28,67,222,
150,146,198,0,23,73,86,139,126,14,5,175,318,
175,146,86,73,23,0,291,
31,15,87,99,75,153,159,
40,39,78,38,187,191,55,47,262,
112,124,40,39,180,12,116,38,44,187,225,
16,25,100,6,143,167,41,1,199,277,
116,137,44,57,37,35,205,
150,86,73,23,0,175,
27,130,69,4,82,129,279,
190,186,207,181,28,80,71,7,20,280,
2,202,156,135,63,242,214,58,56,263,
26,48,233,18,58,32,123,63,219,151,128,215,176,72,52,
57,13,187,39,306,37,124,40,53,112,38,174,116,12,304,225,180,35,44,218,
91,127,119,145,245,209,288,27,248,286,182,111,24,256,213,
114,51,2,79,326,
46,134,147,200,180,323,13,39,97,112,37,124,40,53,38,12,57,102,218,44,174,
18,156,56,151,214,58,32,128,219,
1,32,51,56,114,117,2,210,
2,51,56,79,
71,91,98,20,141,207,103,145,28,67,222,
58,123,32,176,1,199,203,41,210,
25,32,6,143,203,41,92,1,199,277,
11,113,237,7,85,255,169,101,10,201,45,266,
20,71,240,11,60,113,178,221,220,7,181,186,28,80,161,
16,25,100,6,32,123,167,92,1,41,249,
85,169,101,10,45,266,
18,26,90,105,120,151,
182,24,209,27,256,132,119,127,111,267,
212,86,73,327,41,6,14,1,339,
121,251,6,14,1,16,29,41,249,25,142,42,100,167,143,
337,272,25,6,43,144,196,53,16,29,13,42,165,148,
12,356,187,46,254,180,38,78,39,235,102,218,40,69,147,
52,233,18,48,135,58,32,63,219,151,216,26,128,215,72,
72,18,135,156,176,151,348,58,32,123,63,215,128,219,
97,81,137,13,53,231,57,44,124,37,205,319,290,35,238,112,
15,75,99,159,
73,86,126,41,79,14,1,212,
24,129,155,82,4,329,27,132,127,182,312,364,
55,69,152,47,164,183,66,38,64,46,39,296,
73,86,109,110,184,41,14,270,269,5,121,13,100,42,29,16,25,142,6,172,143,1,
12,97,137,290,13,238,35,53,112,44,37,124,57,231,205,110,81,
2,126,175,86,73,23,0,146,198,14,79,206,
0,5,14,54,43,88,150,
15,75,99,159,
217,103,98,70,67,355,
129,82,4,130,132,119,127,274,
20,98,71,80,28,67,7,181,103,207,186,280,222,217,
38,109,110,44,124,134,148,200,12,112,25,40,53,39,97,184,16,174,29,13,42,172,121,165,
42,143,198,16,252,126,6,41,73,347,86,139,23,309,1,14,29,0,5,
127,316,34,74,91,182,20,256,111,24,170,141,145,27,209,
52,58,63,135,48,163,
5,54,43,88,150,
129,82,4,130,
6,43,148,144,196,16,29,42,81,320,
39,46,69,152,164,64,66,183,
195,101,45,201,240,161,85,7,11,113,80,60,307,
135,163,48,160,62,63,52,58,383,
55,66,131,136,152,208,64,362,
87,159,99,75,15,265,
150,14,0,305,23,88,43,5,54,314,
130,208,136,129,64,229,131,244,82,4,224,289,
88,43,54,346,
0,5,14,43,23,88,150,
126,139,175,14,79,206,198,146,86,73,23,0,291,
125,91,4,129,145,247,312,182,286,127,364,132,27,209,155,329,310,82,24,111,256,
86,126,23,139,142,309,1,14,25,41,143,42,0,29,16,6,5,397,252,
44,262,55,47,230,308,
73,114,146,206,79,51,2,332,
93,125,91,4,310,69,127,74,132,145,182,247,130,27,170,82,24,111,256,155,
13,53,112,124,225,57,44,37,35,116,259,
39,78,254,296,64,66,38,183,46,191,47,55,40,69,
45,87,169,159,99,10,75,15,265,
52,26,163,18,48,135,156,151,216,348,58,32,63,215,128,219,233,
119,127,129,82,4,130,
12,110,44,142,121,172,112,25,97,184,109,196,137,272,57,144,53,148,16,29,165,35,238,100,42,13,205,124,37,
7,186,80,190,
127,245,168,132,119,70,213,278,
122,11,113,237,101,10,7,85,201,45,60,255,
137,81,250,57,37,275,
12,402,40,39,78,187,191,230,55,38,328,47,262,180,
52,72,123,176,26,163,18,48,135,156,151,216,348,58,32,63,215,128,219,233,
15,87,99,105,160,75,153,166,62,179,193,
156,202,56,58,51,2,335,
40,44,124,134,12,109,97,184,110,53,238,6,43,121,378,88,54,112,25,142,16,174,29,172,165,100,42,13,
43,196,320,81,88,322,
92,212,51,32,56,199,303,203,41,123,268,210,350,2,1,117,
34,71,98,11,7,74,103,161,28,173,271,141,24,67,20,145,261,70,221,60,91,178,220,
67,11,280,20,71,80,28,7,181,220,207,186,60,217,103,161,
152,208,136,64,164,229,66,131,244,82,4,224,289,
152,208,136,64,224,66,131,4,244,
6,16,29,42,54,43,81,250,88,320,196,301,37,231,144,57,322,148,137,
12,116,44,124,180,225,40,39,78,187,191,230,55,38,328,47,262,402,257,
56,48,163,52,156,58,135,63,242,
43,121,44,142,25,184,196,16,148,272,29,81,42,13,53,137,165,6,238,354,35,124,37,205,144,57,231,
247,20,310,168,389,213,91,286,182,127,119,145,245,412,209,288,27,74,132,248,256,24,111,
346,54,43,88,460,
43,137,148,57,37,301,144,196,320,250,81,231,322,
199,212,117,114,51,203,281,210,2,41,79,1,352,
82,289,224,4,244,131,66,229,164,64,129,136,208,152,
141,145,217,445,20,98,222,280,71,80,28,67,7,181,103,91,207,186,
18,335,51,58,32,56,202,2,263,214,156,117,151,128,
Future sets, 
461,441,397,309,305,399,462,380,464,406,198,447,347,318,291,175,440,458,139,400,
416,397,380,464,484,339,419,303,350,374,404,496,379,438,212,420,435,199,385,269,249,423,428,327,268,277,427,309,388,447,347,352,
440,117,114,499,466,51,417,260,481,416,409,496,281,484,326,413,335,303,332,

244,487,129,467,497,289,463,229,451,444,472,488,459,436,407,395,279,130,
461,441,447,464,399,252,397,270,309,450,305,318,458,438,380,314,
492,269,298,327,385,380,464,397,339,404,438,143,420,251,428,270,388,447,313,252,429,309,427,337,347,378,482,423,452,489,
476,474,445,372,351,408,292,243,240,486,498,382,161,422,349,345,371,421,392,376,454,307,485,195,
325,189,
345,302,295,349,284,234,
384,470,421,424,476,255,333,169,372,266,237,341,283,361,
382,240,351,486,485,161,422,201,204,349,345,371,421,392,376,454,307,476,
473,430,393,360,446,134,482,439,323,228,174,490,403,200,478,304,411,414,298,311,282,
438,429,411,319,290,311,282,97,357,473,446,433,354,238,134,482,378,298,414,468,439,323,492,228,
461,441,397,427,305,385,327,269,126,458,139,462,440,438,380,447,464,435,347,318,309,251,399,428,
442,287,434,265,315,401,457,470,480,321,373,87,
489,452,423,313,429,298,269,447,397,252,142,428,492,337,482,378,464,438,473,270,404,172,272,446,251,184,

499,425,432,348,340,157,300,188,197,223,431,211,471,233,285,479,410,415,299,
273,232,223,158,300,157,
422,292,408,486,280,141,445,271,302,418,448,294,363,498,316,368,485,376,173,493,261,

394,384,351,295,283,276,284,258,331,253,227,171,
461,399,462,380,464,406,198,447,347,318,291,175,440,458,139,400,
436,485,248,316,317,288,363,247,170,286,261,493,467,389,463,111,256,209,412,448,368,426,310,
429,420,397,184,446,464,100,438,423,172,404,482,378,473,270,269,298,428,142,251,492,
425,410,394,370,338,299,340,431,479,216,471,211,
364,312,329,155,467,493,463,407,436,247,317,256,412,390,448,426,310,
365,418,398,369,485,498,173,376,181,207,294,422,386,292,408,486,445,280,
489,452,354,313,429,269,447,397,252,121,272,446,492,428,142,378,337,482,438,464,270,473,172,184,
232,223,300,157,
384,394,133,276,253,401,227,331,341,283,258,287,321,373,333,351,
499,420,416,348,415,431,471,123,479,219,484,419,423,410,350,176,379,432,374,285,273,
189,
376,448,485,316,302,295,294,
387,367,343,205,357,473,391,304,405,492,354,290,319,433,259,439,468,411,
106,
411,414,301,343,367,477,391,275,357,473,231,405,492,354,290,319,205,495,489,433,259,323,439,468,
446,437,328,323,311,180,414,356,187,430,403,490,360,469,411,304,478,218,402,306,393,
446,402,393,453,366,328,311,437,147,430,235,296,180,414,356,403,490,360,469,411,478,218,254,
482,402,328,323,393,306,180,414,356,430,403,200,490,360,469,411,304,478,218,446,311,
419,269,385,423,249,327,268,435,464,484,339,397,496,438,380,428,251,427,309,212,277,420,404,303,388,447,347,350,352,374,
489,452,447,184,313,429,354,121,272,446,492,428,142,378,337,482,438,464,397,165,270,473,172,
495,492,452,441,460,489,483,236,314,461,358,429,458,313,337,482,494,88,378,346,305,450,
465,387,403,490,377,290,357,473,405,492,124,414,482,259,433,446,391,304,411,306,393,323,468,439,
470,384,201,476,255,424,333,372,454,421,266,237,341,283,361,
453,414,356,390,325,437,296,254,469,430,235,
437,387,308,490,469,402,391,478,328,465,262,191,336,342,359,264,293,
163,449,491,471,455,383,431,344,330,226,479,334,410,381,
299,284,276,239,

417,260,481,416,496,281,484,326,413,335,303,332,466,499,
491,226,330,338,455,370,383,381,410,449,344,431,471,479,
429,378,304,357,473,482,446,354,238,433,319,174,290,411,414,492,311,468,323,439,
441,460,494,489,450,346,482,313,458,305,358,314,236,
456,437,387,308,490,469,402,391,478,328,465,262,191,336,342,359,264,293,
491,409,417,214,481,202,260,416,499,335,415,484,350,263,379,
411,414,301,275,250,137,290,319,205,495,489,477,433,396,367,354,231,492,405,343,473,468,323,439,
455,449,263,419,216,409,242,491,481,335,219,479,499,233,415,348,471,432,431,410,128,215,214,156,
349,284,341,302,276,253,351,295,204,171,
476,351,371,178,345,349,376,307,220,454,422,240,485,221,234,486,392,

246,381,480,455,338,179,353,383,315,344,162,370,160,334,330,226,
383,410,135,455,449,409,348,491,431,432,471,479,242,216,233,
362,375,296,152,497,487,224,456,183,208,469,437,164,453,366,459,488,293,390,
295,302,276,284,258,253,
456,469,296,488,293,366,390,453,487,497,437,164,
363,271,486,369,398,418,445,355,485,498,443,365,222,
239,
467,453,437,407,390,325,469,430,235,
475,398,369,297,363,355,368,485,443,261,
418,376,349,422,292,408,486,445,485,498,345,280,234,
479,410,285,432,211,157,300,431,340,223,158,273,108,
466,347,318,462,440,427,400,435,406,438,380,198,399,447,175,291,385,327,
493,467,317,448,485,368,316,
480,442,401,373,321,315,457,470,434,265,

302,295,
402,377,469,430,356,336,387,478,490,393,328,
435,413,417,352,326,496,281,332,462,440,466,206,
371,422,190,307,486,408,292,243,382,498,474,445,280,454,392,
358,322,452,439,495,489,320,433,231,492,354,250,477,301,396,483,
497,467,463,451,444,436,395,472,459,407,487,279,
340,299,276,258,239,

454,392,371,361,421,424,255,476,237,
400,126,399,462,440,427,438,380,198,447,406,464,435,347,318,385,327,
480,470,457,401,373,321,315,
483,461,236,314,358,458,313,482,346,305,450,378,494,489,460,441,

425,394,300,239,197,340,185,299,177,
498,485,368,316,363,261,493,467,294,463,448,412,389,418,
484,423,420,374,273,
467,325,317,
298,

285,273,211,223,158,300,157,
473,439,446,433,482,378,414,323,
445,418,398,369,363,443,485,498,355,297,
480,442,401,373,315,457,470,434,265,
473,423,404,482,378,438,270,298,428,251,
361,237,421,454,424,372,255,476,201,
430,414,311,
486,369,398,418,445,485,355,498,443,365,222,

425,353,315,480,246,338,381,370,162,


273,158,300,157,
473,446,438,482,378,298,
473,446,439,438,482,378,
247,286,493,467,389,463,256,412,448,368,426,310,288,316,
482,446,433,304,411,306,393,311,468,439,323,414,473,357,290,377,403,
351,345,371,349,392,454,422,240,421,307,476,237,
466,416,413,496,281,

490,405,391,387,357,393,411,306,403,377,468,259,
499,416,484,303,496,281,
299,276,258,239,227,
472,444,274,426,245,412,324,493,267,475,278,395,213,
425,394,384,340,299,
492,428,270,378,482,438,446,473,172,
384,351,341,476,333,283,
479,484,432,419,423,410,379,374,285,273,
492,482,433,446,304,411,306,393,468,439,323,414,473,357,290,377,490,403,
467,463,325,317,
462,440,380,447,464,347,399,435,318,
475,472,412,267,436,324,493,467,448,274,444,395,426,310,463,329,364,
499,233,415,348,219,479,471,432,431,410,215,
497,463,451,444,436,472,459,407,279,
467,451,444,472,459,407,279,
456,366,244,459,487,488,497,224,
475,329,267,436,324,493,467,274,444,395,426,310,463,312,364,
276,258,253,227,
482,446,414,228,
455,449,409,348,491,431,432,471,479,242,216,
456,366,459,487,488,497,224,
495,489,477,319,433,367,354,492,405,343,473,439,205,

462,380,447,464,347,399,318,
241,
418,448,294,271,363,498,316,368,485,261,
492,473,428,482,378,464,438,270,
447,428,420,404,397,388,270,464,438,269,
495,489,452,429,473,492,337,272,
463,418,412,448,467,493,389,363,498,316,368,485,261,
466,440,399,400,462,291,
430,414,
495,489,452,446,358,429,473,492,272,

450,441,399,406,458,461,305,
499,425,348,471,432,410,285,415,431,479,219,
497,487,456,453,437,366,488,293,
480,401,381,315,

467,463,436,390,317,
481,432,471,479,348,491,242,415,499,409,214,
300,

442,401,373,457,470,434,265,
480,455,381,353,383,344,334,330,226,
486,485,422,349,345,371,392,376,454,307,
381,370,338,246,
491,479,471,449,455,383,344,330,
497,487,453,437,390,366,293,
446,482,378,354,429,473,492,337,272,
480,381,338,
404,423,428,249,
493,389,475,395,278,
470,421,424,266,
467,448,317,

473,446,438,482,378,
485,376,294,
482,446,411,414,323,311,
462,440,400,406,380,399,318,
479,432,419,410,285,273,
299,
345,349,376,422,485,221,
480,381,353,
403,356,430,490,360,411,414,478,218,
422,386,408,486,445,498,280,
436,310,426,448,412,256,463,389,467,493,247,
453,390,366,437,469,296,
492,473,446,438,482,378,
340,299,
386,474,422,292,408,486,445,498,280,
411,403,478,402,393,490,360,430,356,
300,

408,382,474,292,
469,402,478,490,328,

480,381,338,

454,382,
492,473,429,358,452,483,495,489,320,

462,447,440,399,318,
496,404,374,350,419,484,420,303,
446,414,311,
476,454,421,
409,481,499,335,
496,420,374,419,484,350,
351,
473,439,405,492,354,433,319,
462,466,440,
498,445,418,486,408,
497,488,487,459,456,375,
448,426,288,412,389,493,463,286,
416,496,379,419,484,350,

496,484,435,427,388,385,
475,493,412,
499,415,409,
431,410,432,471,479,348,
479,471,431,
498,445,398,486,369,443,365,
414,411,360,430,356,
431,415,410,432,471,479,348,
486,485,422,376,349,345,
485,422,376,349,345,
498,445,418,398,369,365,

497,488,487,459,
490,468,403,377,357,393,411,306,



497,487,459,
490,391,478,465,387,
495,489,439,433,492,354,

479,471,431,410,

430,
358,
476,421,
492,482,473,439,433,

454,422,392,349,371,345,

491,409,
292,
497,488,487,459,
475,493,412,
338,
493,467,463,
412,493,389,
428,423,
495,489,477,396,
428,
447,464,397,

469,430,
476,421,
448,426,412,463,467,493,310,
490,391,387,377,
276,
468,

485,368,363,
465,478,490,402,336,
499,409,
359,342,
470,457,
424,421,
426,324,
484,388,
438,
438,
485,
492,473,429,

444,395,
477,367,343,

420,404,388,
475,
407,
498,445,486,408,
496,




463,493,412,

412,493,389,
497,487,459,
439,433,
462,400,




469,437,




495,489,

484,
411,
458,
411,393,
454,392,371,
465,
464,447,
493,467,463,

436,463,364,

458,

448,

399,
433,
495,489,483,452,

495,489,483,
414,


413,
427,385,
490,478,
463,436,


466,


499,481,

429,

427,






494,460,
447,
479,471,432,

484,

496,

492,
443,
430,





456,

463,436,













482,




455,





493,







464,




490,478,









493,
































498,














494,







































Past links sets, 



















































2,



































15,
43,








13,


25,





36,

72,


24,


2,


2,



29,42,

32,
44,

14,86,

58,
4,
4,


31,
12,13,
63,

57,

0,14,23,

20,
25,16,29,42,
6,



39,




64,


27,
58,
19,18,96,30,108,
19,96,108,

62,
7,11,
62,105,
48,
64,66,
42,



10,
24,
22,59,
16,25,121,
20,28,
12,53,
0,23,73,
32,
90,
60,
62,
38,39,40,
28,

64,
25,16,29,42,
90,

38,
18,
8,33,
80,
47,55,



7,

18,90,
0,23,73,86,
1,
12,40,
11,45,101,
56,

11,59,
35,37,137,
79,
28,
64,
24,

26,72,18,96,
1,41,
119,
56,156,
128,
26,58,135,

180,
32,128,151,
60,
178,
67,103,
19,30,72,18,96,
64,131,136,

48,52,160,
22,118,133,
134,
4,

37,57,81,
19,30,
18,63,128,
9,60,71,
39,46,69,
54,88,
45,85,10,101,113,
13,53,
49,68,83,90,118,
7,11,60,113,
140,
135,156,
7,80,
4,131,
119,
162,
27,111,182,
24,
1,41,167,
57,81,
6,14,16,41,100,
5,6,16,29,
22,59,65,133,
39,46,
45,85,10,101,
27,111,182,

22,65,83,118,133,
35,37,44,116,
51,56,
70,91,24,141,145,
47,55,
56,58,
47,55,
15,75,99,159,
45,169,
127,119,132,
1,41,
1,14,25,16,29,41,143,
5,100,121,142,143,
67,141,
16,29,144,148,165,
92,96,108,19,123,176,
127,119,132,
37,57,
49,59,258,
1,41,
119,168,
82,129,130,
20,71,80,181,186,
51,79,114,117,
12,13,
10,22,45,31,122,
9,22,49,59,65,
18,96,123,151,72,176,
111,209,
15,31,
111,209,
4,
13,35,37,53,57,112,124,
0,23,73,146,
20,28,71,186,190,243,
55,152,47,164,
34,91,141,173,
9,22,34,59,65,77,
39,46,66,183,
70,98,
6,12,13,16,94,100,109,
26,49,18,83,118,177,120,185,
90,157,188,
37,57,81,
9,34,20,59,65,77,
41,51,117,199,
35,12,38,40,53,112,124,
0,5,14,54,88,150,
40,112,38,116,124,225,
60,80,113,161,
47,55,
0,5,6,1,14,41,
127,132,256,
38,13,39,102,112,174,200,
27,132,
6,16,29,42,54,88,
5,54,88,
87,99,105,62,75,153,
34,74,91,111,141,145,
74,93,125,155,170,
5,126,139,175,198,
13,53,205,
81,196,
31,75,87,
81,
37,38,40,97,112,124,57,174,
267,
46,69,93,8,125,
51,79,
6,1,14,41,73,86,
38,40,39,78,191,
27,127,132,
52,160,163,
22,31,
51,79,
10,45,31,122,
48,160,
51,58,202,
78,262,
6,16,29,43,144,165,
26,52,166,193,246,
1,6,41,
26,72,18,83,120,185,
10,45,59,31,122,
264,
35,137,275,
52,160,163,
9,161,220,221,71,240,
54,88,
1,6,41,73,126,139,
18,135,156,215,219,
9,59,161,220,221,71,240,
32,56,199,203,41,210,
7,60,31,122,22,113,204,
41,1,79,
105,160,179,
13,29,53,165,205,231,
67,70,98,103,
46,78,187,218,
13,35,37,53,112,116,124,225,
81,148,196,236,
264,
12,187,218,
45,85,10,101,
64,
67,98,261,
127,312,
28,217,222,
39,136,152,164,131,183,
35,137,275,
74,111,261,
28,70,98,217,222,
26,52,162,
85,240,307,
7,45,10,101,
31,75,87,99,159,
41,92,123,199,203,
208,
34,71,161,173,220,221,
78,112,116,124,225,257,
53,88,109,6,97,110,142,100,165,172,184,
1,56,123,210,
1,5,41,126,139,6,175,
48,52,160,162,153,166,179,193,
11,190,195,
52,63,160,163,
10,22,45,120,31,122,
212,327,
181,186,
44,47,55,78,116,35,230,257,
143,268,212,277,
168,91,182,248,145,288,
46,69,155,164,183,
37,44,47,55,116,35,230,257,
85,240,307,
12,39,78,187,306,
22,26,31,90,120,
4,82,168,274,
250,
1,14,25,41,42,0,143,252,
28,70,98,217,222,
146,150,318,
86,175,291,
31,87,99,75,153,159,
40,39,78,187,191,262,
112,12,116,124,180,187,225,
16,100,143,167,199,277,
44,116,205,
86,150,175,
27,69,279,
190,207,7,280,
2,202,214,242,263,
48,26,52,123,72,176,215,219,233,
13,37,218,57,174,187,304,306,
127,213,245,248,256,91,286,145,288,
114,326,
46,134,147,200,218,102,323,
18,214,219,
1,32,51,56,114,117,210,
51,56,79,
71,91,98,141,145,207,222,
58,123,176,199,203,41,210,
25,32,92,143,203,199,277,
7,237,255,201,266,
20,80,161,186,181,220,221,71,240,
16,92,100,6,123,249,
85,101,266,
18,26,90,105,120,151,
209,256,267,
212,327,339,
142,143,249,121,251,
13,53,196,25,272,337,
12,102,147,235,254,356,
48,52,72,215,216,219,233,
123,72,176,348,
97,231,238,290,319,
15,75,99,159,
73,79,126,212,
24,129,155,82,329,182,364,
38,55,69,152,47,164,296,
13,73,86,109,110,172,184,269,270,
12,97,110,205,231,238,290,
2,126,175,146,198,206,
0,5,14,54,88,150,
15,75,99,159,
217,355,
82,129,130,274,
207,217,222,7,98,280,
38,200,174,148,109,172,165,134,124,112,110,184,97,39,
143,42,198,252,309,347,
127,170,209,256,316,
52,58,135,163,
5,54,88,150,
82,129,130,
6,16,29,42,43,144,148,320,
39,46,69,152,164,183,
85,195,201,240,307,
135,58,383,
55,66,131,136,152,208,362,
87,265,
23,305,314,
82,129,130,208,229,244,224,289,
346,
0,5,14,23,88,150,
126,139,175,198,206,291,
125,145,129,155,310,82,329,91,247,286,364,
126,139,142,309,397,
44,262,230,308,
73,114,146,206,332,
74,69,82,125,93,145,155,170,91,130,247,310,
13,53,57,112,124,225,259,
38,40,69,78,191,254,296,
45,87,169,265,
52,163,216,233,348,
82,119,127,129,130,
12,272,142,238,205,172,124,112,110,184,97,196,109,100,
7,186,190,
127,132,245,70,213,278,
7,122,201,237,60,255,
137,250,275,
180,230,328,12,402,
52,123,72,163,176,216,233,348,
87,99,105,160,75,153,166,179,193,
156,335,
54,112,124,174,134,238,40,378,
320,88,322,
92,123,268,212,303,350,
34,71,74,98,161,173,103,220,221,261,271,
67,161,217,103,207,220,280,
82,152,208,164,229,244,224,289,
66,152,208,224,244,
6,88,320,301,54,250,42,29,16,322,148,231,144,137,
124,180,225,230,257,328,12,116,402,
52,56,163,242,
6,124,184,196,43,121,238,142,272,354,
20,247,310,389,74,412,
460,
43,137,144,148,250,301,320,231,322,
210,199,212,203,281,352,
82,129,152,208,164,229,244,224,289,
91,141,145,445,
18,117,128,151,32,214,263,335,
Future links sets, 
441,397,309,291,198,461,305,175,139,
416,199,212,277,249,379,268,327,269,347,309,397,339,352,380,
440,409,117,114,51,

395,289,244,229,130,129,
450,441,380,314,461,318,305,309,270,252,
489,143,337,251,309,313,252,339,378,298,327,492,347,380,452,423,
445,476,372,243,474,240,351,195,421,408,161,
325,189,
345,302,295,349,284,234,
384,361,283,372,333,255,341,237,169,
204,240,201,382,161,
134,174,473,282,360,298,393,490,200,403,430,439,304,478,
468,97,357,134,438,298,282,311,290,319,238,354,411,429,
441,397,327,309,461,305,251,269,139,126,
442,287,434,265,87,
489,142,272,337,184,251,252,298,269,313,172,404,423,452,

499,425,348,299,415,285,233,211,340,223,197,188,157,
273,232,223,158,157,
493,302,422,292,280,173,141,

394,384,351,295,283,284,258,331,253,227,171,
291,458,198,461,175,139,
261,248,209,170,436,111,
429,420,397,184,172,142,269,100,
425,410,394,370,340,338,299,216,211,
407,329,256,312,247,155,
398,369,365,292,207,181,173,
489,452,354,313,269,252,184,337,272,142,121,
232,223,157,
401,394,384,351,333,331,373,321,287,283,341,133,
499,420,416,350,219,176,123,
189,
376,485,316,302,295,294,
391,367,357,343,304,290,259,387,205,
106,
411,391,357,323,290,301,275,259,231,205,
469,446,437,328,311,306,304,187,323,180,
366,393,328,402,311,296,254,235,453,180,446,147,
482,469,402,328,306,304,200,323,180,
380,374,212,277,419,303,249,268,327,269,347,251,309,397,339,352,350,
489,452,447,397,313,184,165,142,121,
495,492,337,452,88,
405,391,465,387,259,124,
470,384,361,283,372,333,255,341,237,266,201,
453,414,356,390,325,296,254,235,
437,391,387,293,264,262,308,191,
431,381,334,226,410,163,
299,284,276,239,

335,332,417,326,303,281,416,260,
491,479,471,431,449,410,381,383,370,344,338,330,226,
468,429,378,357,354,319,290,238,304,174,
441,489,450,346,482,313,305,314,236,
437,456,391,387,293,264,262,308,191,
491,417,379,350,263,416,260,214,202,
468,411,323,290,301,275,250,231,137,
449,335,419,263,216,455,156,128,
349,284,341,302,276,253,295,204,171,
476,307,240,351,234,220,178,

315,179,162,160,
383,233,135,
362,224,208,183,164,152,
302,295,284,258,253,
488,456,296,164,
486,363,355,271,222,
239,
467,453,437,407,390,325,469,235,
475,398,369,355,297,261,
485,418,376,349,422,292,345,280,234,
479,410,285,431,340,223,432,211,108,
466,438,347,327,291,198,435,175,
493,467,317,485,368,316,
480,442,401,373,321,315,434,265,

302,295,
469,402,387,377,356,336,393,328,
435,332,417,352,326,281,206,
422,280,243,307,190,
358,320,301,250,322,231,
497,467,463,472,459,451,444,436,395,487,279,
340,299,258,239,

454,392,371,361,424,255,237,
400,327,406,198,438,126,
480,470,457,401,373,321,315,
441,489,450,346,378,313,461,305,483,314,236,

425,394,300,239,197,185,177,
418,412,467,389,498,316,463,294,261,
484,423,420,374,273,
467,325,317,
298,

285,273,211,223,158,157,
473,439,446,433,378,323,
445,418,398,369,363,485,355,297,
480,442,401,373,315,434,265,
473,423,404,378,298,270,251,
361,424,372,255,237,201,
430,414,311,
486,485,355,222,

480,425,353,315,162,


273,158,157,
473,446,438,378,298,
473,446,439,438,378,
368,316,288,256,286,247,
482,468,403,377,357,323,311,306,473,304,446,290,
351,307,240,237,
466,416,413,281,

490,405,391,387,403,377,357,306,259,
499,416,303,281,
299,258,239,227,
472,274,267,245,278,213,
425,394,384,340,299,
492,428,270,172,
384,351,341,476,333,283,
479,484,432,419,423,410,379,374,285,273,
490,482,468,403,377,357,492,323,306,473,304,446,290,
467,463,325,317,
462,440,380,464,347,435,318,
448,412,364,472,329,310,274,475,267,
499,233,219,215,
497,463,472,459,451,444,436,279,
467,472,459,451,444,279,
456,366,244,224,
329,312,310,274,475,267,
258,253,227,
482,446,414,228,
455,449,348,242,216,
456,366,224,
495,489,477,367,343,205,

462,380,464,347,318,
241,
418,498,316,294,271,261,
492,473,464,428,378,270,
447,428,420,404,397,388,270,269,
495,489,452,337,272,
463,418,412,467,389,498,316,261,
466,440,399,291,
430,414,
495,489,452,446,358,272,

450,441,406,399,461,305,
499,425,285,219,
497,487,456,453,437,366,488,293,
480,401,381,315,

467,463,436,390,317,
481,348,242,214,
300,

442,401,373,434,265,
480,381,353,383,344,334,330,226,
486,485,422,376,349,345,307,
381,370,246,
491,479,471,449,383,344,330,
497,487,453,437,390,366,293,
446,378,354,337,272,
480,381,338,
404,249,
389,395,278,
470,266,
467,448,317,

473,446,438,378,
485,376,294,
482,446,411,323,311,
462,440,400,406,380,318,
479,432,419,410,285,273,
299,
221,
480,381,353,
490,403,478,218,
422,386,280,
436,389,256,247,
453,390,366,296,
492,473,446,438,378,
340,299,
386,474,422,292,280,
411,403,402,393,360,356,
300,

408,382,474,292,
469,402,328,

480,381,338,

454,382,
492,473,429,358,320,

462,447,440,318,
496,419,404,374,350,420,303,
446,414,311,
476,454,421,
409,335,
496,420,419,374,350,
351,
473,439,405,354,319,
462,466,440,
445,418,486,408,
497,488,487,459,456,375,
448,426,288,286,
419,416,496,379,350,

496,484,435,427,388,385,
475,412,
499,415,409,
431,410,348,
479,471,431,
445,398,486,369,443,365,
414,411,360,356,
431,415,410,348,
486,485,422,376,349,345,
485,422,376,349,345,
445,418,398,369,365,

497,488,487,459,
490,468,403,377,357,306,



497,487,459,
490,391,478,465,387,
495,489,439,433,354,

479,471,431,410,

430,
358,
476,421,
492,482,473,439,433,

454,422,392,349,371,345,

491,409,
292,
497,488,487,459,
475,412,
338,
493,467,463,
412,389,
428,423,
495,489,477,396,
428,
447,397,

469,430,
476,421,
448,426,412,310,
490,391,387,377,
276,
468,

485,368,363,
465,402,336,
499,409,
359,342,
470,457,
424,421,
426,324,
484,388,
438,
438,
485,
492,473,429,

444,395,
477,367,343,

420,404,388,
475,
407,
445,486,408,
496,




463,412,

412,389,
497,487,459,
439,433,
462,400,




469,437,




495,489,

484,
411,
458,
411,393,
454,392,371,
465,
464,447,
493,467,463,

364,

458,

448,

399,
433,
495,489,483,452,

495,489,483,
414,


413,
427,385,
490,478,
463,436,


466,


499,481,

429,

427,






460,
447,
479,471,432,

484,

496,

492,
443,
430,





456,

463,436,













482,




455,





493,







464,




490,478,









493,
































498,














494,







































Coordinates
-3.98485,3.91809,5.59335
-3.98143,2.95712,5.52228
-3.97739,3.92432,5.0221
-3.96422,0.658072,5.2489
-3.9562,3.99974,1.58442
-3.95253,3.05719,5.72776
-3.94602,2.86572,5.96376
-3.94452,3.3202,2.99578
-3.93139,1.53696,1.68176
-3.92803,2.14499,2.89101
-3.91966,3.6893,3.3745
-3.91474,3.08113,3.02902
-3.91111,2.29438,0.55859
-3.90174,2.69644,0.318895
-3.88652,3.0696,5.57729
-3.88228,3.38942,3.79695
-3.87499,2.70415,6.16455
-3.86634,1.2547,1.16079
-3.85639,2.37198,4.48552
-3.85412,1.69066,4.60288
-3.85266,2.99948,2.61639
-3.84297,0.691756,4.51472
-3.84145,2.26291,3.46597
-3.83687,3.97733,5.48404
-3.82871,2.75894,2.25372
-3.82332,2.27452,6.12696
-3.82151,2.95663,4.33688
-3.82135,2.93025,1.89149
-3.82112,3.31934,2.60687
-3.80277,2.81886,6.18853
-3.80261,1.59111,4.55379
-3.79604,2.59918,3.63028
-3.79137,2.89021,4.85376
-3.77331,1.18723,1.99214
-3.7655,2.14762,2.59442
-3.76219,3.21183,0.416375
-3.75907,0.878556,2.92325
-3.7416,3.32319,0.346854
-3.72289,2.71708,0.887213
-3.71975,2.78242,0.998015
-3.71339,2.52502,0.835271
-3.71111,2.8664,5.54497
-3.71049,2.72509,6.20417
-3.70901,3.85818,5.9391
-3.70116,3.04641,0.502673
-3.69765,3.88903,3.30019
-3.67332,2.71089,1.31794
-3.67295,3.87531,0.862516
-3.67232,3.39327,4.30798
-3.66384,1.64306,3.9103
-3.66112,0.734279,1.98728
-3.65545,3.89639,4.98018
-3.65488,3.0699,4.22932
-3.6534,2.85327,0.381096
-3.64552,3.25995,5.88838
-3.62721,3.70627,0.871814
-3.62484,3.76786,4.81078
-3.61693,3.52114,0.290513
-3.61222,3.59014,4.61048
-3.60193,2.33019,3.21143
-3.56059,2.78007,2.98842
-3.54236,1.29999,2.47587
-3.53882,3.68456,4.08395
-3.53294,3.33712,4.42077
-3.53131,3.49469,1.21423
-3.52397,1.77257,3.32696
-3.52346,3.08966,1.10177
-3.52196,3.64902,2.40365
-3.50137,1.39748,3.81365
-3.47514,2.52187,1.4397
-3.46519,3.64863,2.24082
-3.45273,3.06813,2.65212
-3.44941,1.98982,4.54253
-3.44051,3.63614,5.37671
-3.41702,2.33454,2.26552
-3.41472,3.51409,3.75483
-3.40604,0.84432,2.65129
-3.39264,1.96293,2.63213
-3.38912,3.09298,0.802638
-3.37298,3.96399,5.12163
-3.37236,3.508,2.83373
-3.35972,3.4623,6.27505
-3.35202,3.39446,1.59326
-3.35032,1.76251,3.90023
-3.32387,0.670873,1.22065
-3.32172,3.23396,3.09346
-3.32042,3.25371,5.41889
-3.31911,3.15363,3.74565
-3.31634,3.65157,5.90199
-3.31564,0.152353,1.88526
-3.315,1.97828,3.99804
-3.29372,2.73421,2.35446
-3.26189,1.88455,4.85371
-3.2576,2.06023,1.54112
-3.25577,1.24999,6.0083
-3.24252,0.933524,3.67996
-3.23324,1.77329,4.54289
-3.23143,2.16535,0.244247
-3.22145,3.67824,2.30873
-3.22106,3.86097,3.73917
-3.20551,1.87918,5.98149
-3.2001,3.60715,3.10318
-3.19462,1.89646,0.98499
-3.19451,3.78107,2.39676
-3.1737,0.74994,3.47052
-3.11764,3.29586,3.9512
-3.11726,0.402174,2.76394
-3.1108,1.25271,2.31295
-3.10026,1.65347,4.49995
-3.08855,1.98817,0.0114281
-3.06921,2.06726,0.0808985
-3.06591,2.67772,2.14105
-3.05806,2.56373,0.453485
-3.05737,2.99183,3.11424
-3.05125,3.41099,4.98021
-3.03652,0.847395,3.74477
-3.03446,3.41823,0.472019
-3.02175,3.0307,4.98446
-3.01368,1.68439,3.73719
-3.00756,3.72674,1.90257
-3.00475,2.38158,3.84687
-3.0014,2.12294,6.16524
-2.98705,2.66943,3.28719
-2.98619,2.2425,4.78656
-2.98394,2.87568,0.472563
-2.9685,2.06981,1.57392
-2.95916,3.06342,5.4173
-2.92937,3.46192,1.81829
-2.91968,2.99337,4.57341
-2.91802,3.67459,1.56396
-2.91421,3.26009,1.47898
-2.91088,3.68908,1.33145
-2.90831,3.19287,1.79458
-2.85048,1.75233,3.54997
-2.84877,1.76347,0.219567
-2.84858,3.28419,4.41409
-2.84015,3.4681,1.22159
-2.83619,3.31889,0.172577
-2.83238,1.67173,1.96936
-2.81031,3.04526,5.44671
-2.80601,1.03278,4.90867
-2.80042,2.62084,2.37559
-2.79705,2.14594,6.00526
-2.79663,2.12719,5.77376
-2.77241,3.06403,6.07782
-2.77218,2.78042,2.26526
-2.76763,3.93933,5.25631
-2.76588,1.91783,0.936636
-2.76583,3.17425,6.10353
-2.72537,0.958452,5.5391
-2.71375,3.98065,5.66343
-2.69526,2.47529,4.53326
-2.69482,3.30087,1.05173
-2.6889,3.32235,3.81136
-2.67637,0.933857,5.37558
-2.67224,2.49694,1.63352
-2.66438,3.27351,4.50239
-2.65306,1.29493,4.47282
-2.65277,1.46265,4.48847
-2.63149,3.8899,3.61444
-2.62741,3.5161,4.04719
-2.58648,2.99863,2.84756
-2.56717,3.0937,3.91443
-2.56461,3.61637,4.23449
-2.56026,3.16732,1.0627
-2.55605,2.61392,6.20335
-2.54594,3.81612,3.88474
-2.54412,1.39112,5.29101
-2.54106,3.92795,1.93599
-2.5405,3.96235,3.36955
-2.53184,1.94209,1.94754
-2.51468,1.91788,3.08488
-2.51114,1.94914,6.11624
-2.51014,2.28105,2.55877
-2.50106,2.01788,0.380309
-2.50045,3.61526,5.37117
-2.49472,2.02983,4.61799
-2.48795,1.81488,3.77335
-2.48541,2.54211,2.76129
-2.46363,3.70765,3.94331
-2.46168,2.37084,0.75114
-2.46009,3.53035,2.56118
-2.45157,2.71004,1.92492
-2.44981,3.00388,1.15015
-2.44807,2.13536,6.09829
-2.44286,1.72385,3.87856
-2.41846,3.73353,2.63866
-2.41292,2.64706,0.674188
-2.40895,1.25526,3.9996
-2.39301,0.426994,1.678
-2.37971,3.72219,2.75781
-2.37304,3.20678,0.805284
-2.3674,1.08659,5.32289
-2.35104,3.93713,3.86801
-2.3398,1.02937,5.16466
-2.33732,3.5538,2.90096
-2.31284,3.32867,6.02003
-2.29204,1.27226,3.94764
-2.28206,3.28163,5.30104
-2.27547,2.27323,5.03886
-2.26174,1.70624,0.432174
-2.25035,3.47967,3.00922
-2.24687,3.5445,4.65432
-2.2231,2.20072,4.92552
-2.2103,2.16832,3.0236
-2.19734,3.01402,0.145587
-2.19404,3.64916,5.09497
-2.19039,3.37252,2.47479
-2.17676,3.76462,1.19005
-2.1655,2.88164,2.07815
-2.16336,2.67692,5.03149
-2.16022,1.40757,4.18726
-2.15456,2.43196,5.14702
-2.15074,3.42263,1.86452
-2.13779,3.32895,4.49571
-2.13437,2.60146,4.42547
-2.12875,3.02673,4.32736
-2.12789,3.84733,2.40728
-2.12609,2.21084,0.70097
-2.10627,2.48944,4.53195
-2.087,2.64178,2.65693
-2.08189,2.43221,2.66524
-2.07511,3.67587,2.37499
-2.07364,0.630493,4.36222
-2.06959,3.49329,1.1746
-2.06833,2.80447,0.523168
-2.06,3.07809,4.00849
-2.05582,1.27093,3.39009
-2.0341,1.01189,0.0224973
-2.03196,3.51179,1.35459
-2.02618,3.90462,0.536226
-2.02051,3.11253,6.26007
-2.01877,0.183821,4.25661
-2.00125,2.51029,4.3456
-1.99643,2.0391,2.63078
-1.99439,1.92997,0.968521
-1.98011,3.32565,5.86935
-1.96997,3.1185,3.07994
-1.9668,2.50086,6.2827
-1.96639,0.996477,3.63432
-1.96529,2.65874,2.86016
-1.96237,0.505931,4.82919
-1.95808,3.31727,4.38878
-1.93343,3.3327,2.65582
-1.93184,3.79391,1.2655
-1.90711,3.47234,1.82059
-1.89753,3.07959,3.86762
-1.88708,2.28254,1.80794
-1.88655,2.85895,2.0879
-1.87795,1.19253,5.24507
-1.87676,3.52578,6.26094
-1.85506,1.22364,5.54482
-1.85478,2.24508,5.65706
-1.85062,1.35118,3.20027
-1.84114,2.11522,0.908361
-1.84072,3.39707,3.05121
-1.83139,2.55095,1.87701
-1.83138,3.55262,0.473968
-1.82173,0.995534,3.21316
-1.80141,3.06962,0.292625
-1.79674,3.629,4.67742
-1.78844,2.66142,2.22642
-1.78342,3.75036,0.636212
-1.76698,3.4379,4.51748
-1.75963,3.80574,0.799341
-1.75322,3.48736,3.4995
-1.73703,3.66736,3.20969
-1.72925,3.27626,1.72727
-1.70184,2.00098,5.0511
-1.70107,1.64824,5.51672
-1.68277,1.64778,5.71725
-1.67717,2.19361,2.36213
-1.67346,2.56195,6.03547
-1.66558,1.34495,4.49648
-1.65702,3.30196,1.64298
-1.64853,3.65996,0.0920845
-1.64074,0.859902,3.14699
-1.63895,1.52381,5.05915
-1.63823,3.85432,1.77315
-1.62855,3.03053,1.39987
-1.6118,3.31086,2.48041
-1.59591,3.29271,4.92849
-1.58682,0.509314,0.021161
-1.5791,2.02397,3.26891
-1.56503,0.458202,2.79235
-1.56485,1.53016,4.34479
-1.56226,2.62041,1.92814
-1.55817,2.82407,3.46109
-1.54261,2.71606,1.95513
-1.53905,3.94328,1.34002
-1.53726,2.54204,0.192056
-1.53668,3.99837,5.22659
-1.52555,3.29292,2.57081
-1.52532,3.06577,0.86156
-1.51402,1.88566,2.29109
-1.50642,0.613404,2.56368
-1.50362,2.56273,0.907902
-1.50289,3.28014,1.93722
-1.49148,0.506583,5.92793
-1.49137,1.2187,3.65687
-1.49015,0.357036,3.93241
-1.48829,3.15319,6.15576
-1.48153,0.694608,2.3524
-1.47906,1.8589,4.96965
-1.47872,2.26864,0.365969
-1.47676,3.32337,5.57076
-1.47618,2.5609,0.430466
-1.46914,2.79059,2.81842
-1.46816,3.99208,0.647501
-1.4568,2.52876,5.49164
-1.4537,2.41752,1.78516
-1.4535,1.14532,0.294426
-1.43879,2.74425,1.61621
-1.43317,2.68134,5.76453
-1.427,3.3183,5.70219
-1.425,3.1433,3.6402
-1.41101,1.70084,2.0928
-1.40824,1.3633,1.51299
-1.40137,3.18265,5.30021
-1.39041,2.92467,0.0102798
-1.37589,3.52027,5.99599
-1.37524,2.47123,3.58486
-1.36701,3.79822,6.06224
-1.3514,1.72745,0.214746
-1.34895,3.15246,1.66499
-1.34874,0.756167,1.12641
-1.33358,3.91492,4.82539
-1.32404,2.14612,5.26417
-1.32197,2.72632,0.739604
-1.31926,2.781,1.68047
-1.31738,3.2983,4.00628
-1.31507,2.40695,3.42899
-1.31158,3.95065,4.96054
-1.30209,2.46333,3.23959
-1.29275,3.63284,3.97792
-1.2778,3.6674,4.52394
-1.26261,3.3322,0.581248
-1.25504,2.48766,5.91157
-1.25064,2.87879,3.86237
-1.23726,1.89847,5.17805
-1.23246,1.301,3.80741
-1.20287,2.40846,3.16588
-1.20087,3.94617,0.748324
-1.19841,3.35826,0.0176239
-1.15662,3.29491,3.96493
-1.14825,2.18067,2.63596
-1.14359,3.78076,5.82693
-1.14081,2.14341,5.35611
-1.1407,2.39171,4.40008
-1.14023,2.08315,2.65207
-1.13382,1.84545,4.79146
-1.13231,1.88612,2.90422
-1.12503,2.64014,5.07154
-1.1089,3.79805,3.93391
-1.10491,2.68213,6.16877
-1.09366,3.91175,2.17047
-1.09245,1.94749,0.625747
-1.08075,2.62896,0.313732
-1.07951,3.27829,5.83529
-1.07356,3.96149,0.750289
-1.06837,2.00716,0.53924
-1.05635,3.76615,3.05885
-1.04973,3.98894,0.939581
-1.04567,2.68346,2.17342
-1.02223,2.76664,1.60822
-1.00304,3.76926,2.36311
-0.997457,3.02664,0.907556
-0.996774,3.4492,0.082149
-0.972612,2.12,2.115
-0.964621,3.6128,2.2351
-0.959998,2.28081,3.89359
-0.954217,2.66775,2.80411
-0.946311,3.97074,2.97893
-0.938031,2.81622,3.5622
-0.931694,1.27614,4.7484
-0.929924,3.91824,1.0313
-0.919926,2.10423,2.48001
-0.918367,2.88584,0.444715
-0.897192,1.66609,5.89086
-0.894112,2.20155,4.69506
-0.88078,2.66761,5.33143
-0.880625,3.28853,3.79821
-0.875383,3.56146,2.65877
-0.869131,3.44277,4.03094
-0.86269,1.94384,3.27829
-0.861441,2.05867,5.14068
-0.855923,3.82156,2.42851
-0.853928,3.17967,0.377635
-0.847412,1.26402,5.04223
-0.84239,2.72844,1.91189
-0.840975,1.87353,1.05811
-0.840253,3.1999,0.296524
-0.835971,2.67466,2.76695
-0.820469,2.49322,0.426071
-0.810118,1.60203,3.42671
-0.808272,3.43002,1.57747
-0.802174,3.62392,6.14637
-0.799721,1.90133,5.50334
-0.792586,3.48824,2.18559
-0.777467,3.22115,5.23307
-0.772061,3.73464,5.19644
-0.76238,2.59065,3.60389
-0.759043,2.75738,0.630466
-0.747937,2.26553,0.434677
-0.727963,0.855265,4.93946
-0.719988,3.28085,0.129751
-0.718294,3.95144,5.35182
-0.706781,2.6216,1.36135
-0.704829,3.40236,2.40921
-0.69761,3.45166,4.36039
-0.691557,1.63118,4.14345
-0.68003,1.88887,0.284664
-0.671059,2.47687,1.80066
-0.658325,3.69971,4.81689
-0.651656,1.08663,0.177512
-0.636726,2.51309,4.43167
-0.635413,2.43542,4.76143
-0.631494,3.85138,4.68248
-0.626174,2.9373,2.26231
-0.625002,1.78127,4.6008
-0.618332,0.785837,4.80467
-0.613119,3.36269,2.98539
-0.608889,2.48209,2.5426
-0.608294,0.367765,4.66089
-0.594425,3.89295,3.08184
-0.59296,1.59804,3.81543
-0.584705,2.53991,1.68423
-0.581946,1.77161,5.13966
-0.57737,0.366529,4.90002
-0.576477,2.25948,5.90856
-0.575985,1.52072,0.554019
-0.575019,1.74364,4.08477
-0.568464,1.869,4.35059
-0.565511,2.19284,6.2292
-0.538972,3.90174,3.39436
-0.5115,2.35963,5.10435
-0.506421,2.39508,1.5299
-0.503427,2.27564,0.861769
-0.490101,0.957746,5.33882
-0.48991,2.02593,6.24419
-0.486979,3.18275,5.01184
-0.483936,3.71293,5.53603
-0.468994,3.92494,3.41765
-0.462996,3.85703,2.11166
-0.460573,3.10634,1.41396
-0.450315,3.09024,2.2765
-0.440475,0.910831,6.09766
-0.43474,1.90395,5.29023
-0.433854,1.47042,1.8131
-0.432907,3.73244,4.1657
-0.421908,3.9092,5.65579
-0.419525,3.82195,1.37634
-0.41094,2.96448,5.93062
-0.393108,2.23143,0.976675
-0.385457,2.89436,2.81404
-0.340576,3.116,4.0091
-0.32909,3.68781,0.864394
-0.325789,3.66736,3.39831
-0.305751,3.2906,5.48368
-0.278175,3.40132,1.15338
-0.271235,3.96762,5.76267
-0.266142,3.79823,5.44693
-0.252195,3.27664,5.0759
-0.24916,2.12317,1.5499
-0.249041,1.81671,5.40165
-0.245929,3.90835,0.475913
-0.237631,3.84864,4.84712
-0.214499,1.50566,1.41491
-0.207884,2.81583,0.212766
-0.20358,2.03479,0.767902
-0.202786,3.24346,3.25772
-0.199177,2.17489,4.17616
-0.196795,3.69428,1.41055
-0.187964,1.62284,5.97698
-0.184186,3.98013,2.63469
-0.17,3.75241,1.70592
-0.168738,2.96203,2.96442
-0.164004,3.79118,6.2269
-0.151423,2.45465,0.529283
-0.14671,1.71933,4.14659
-0.145869,3.8339,3.73294
-0.142453,3.96689,4.45477
-0.137813,1.05865,5.78203
-0.126527,3.8096,5.89593
-0.113372,1.63304,4.71348
-0.0921798,1.97188,2.22327
-0.0862981,2.65771,2.387
-0.079249,3.58921,1.03454
-0.0757827,3.93612,1.04591
-0.0743495,3.00418,5.87178
-0.064995,2.38466,0.454829
-0.0526368,3.68238,4.19892
-0.0506965,2.02432,5.91734
-0.05032,2.38085,1.73224
-0.0485561,3.86365,5.74682
-0.0477159,3.13473,5.91381
-0.0319752,2.22993,4.87634
-0.0293257,3.62287,1.04898
-0.0235519,2.93608,2.26249
-0.0135953,2.81275,4.45046
r_S,2
NLambdas_Sized_1,4
Lambda0,3,
Lambda1,17,
Lambda2,21,
Lambda3,50,
Lambda4,61,
Lambda5,76,
Lambda6,84,
Lambda7,89,
Lambda8,95,
Lambda9,104,
Lambda10,106,
Lambda11,107,
Lambda12,115,
Lambda13,138,
Lambda14,149,
Lambda15,154,
Lambda16,158,
Lambda17,171,
Lambda18,189,
Lambda19,192,
Lambda20,194,
Lambda21,197,
Lambda22,211,
Lambda23,223,
Lambda24,227,
Lambda25,228,
Lambda26,232,
Lambda27,239,
Lambda28,241,
Lambda29,253,
Lambda30,273,
Lambda31,276,
Lambda32,282,
Lambda33,284,
Lambda34,285,
Lambda35,294,
Lambda36,295,
Lambda37,298,
Lambda38,299,
Lambda39,300,
Lambda40,302,
Lambda41,311,
Lambda42,317,
Lambda43,325,
Lambda44,340,
Lambda45,351,204
Lambda46,374,
Lambda47,384,
Lambda48,388,
Lambda49,390,
Lambda50,394,
Lambda51,404,
Lambda52,410,
Lambda53,411,304
Lambda54,414,
Lambda55,419,
Lambda56,420,
Lambda57,423,
Lambda58,425,
Lambda59,427,
Lambda60,428,
Lambda61,430,
Lambda62,431,
Lambda63,432,
Lambda64,438,
Lambda65,446,
Lambda66,447,347
Lambda67,448,
Lambda68,464,
Lambda69,467,
Lambda70,473,
Lambda71,479,
Lambda72,482,
Lambda73,484,
Lambda74,485,271