Storage option,sets
Size,150
Dimension,2
Shape,cube
Spacetime,BlackHole
Past sets, 

0,

0,1,
2,1,0,3,
1,0,3,
1,0,3,
3,0,1,2,4,
3,0,1,2,4,
2,
3,0,1,2,4,
0,1,
3,0,1,2,4,
0,1,2,9,
3,0,1,2,4,

4,2,1,3,0,7,
9,13,14,0,3,1,2,4,
15,
0,1,
15,18,
0,
0,
0,21,
5,6,8,10,16,4,2,1,12,3,0,7,
5,8,10,12,7,17,9,13,2,14,3,0,1,4,16,
2,5,3,6,19,1,0,11,
7,8,17,9,13,2,14,3,0,1,12,4,
7,8,17,9,13,2,14,3,0,1,12,4,
18,15,20,
5,6,8,10,12,7,17,9,13,2,14,3,0,1,4,16,
5,6,8,16,4,2,1,3,0,11,7,10,
9,14,3,18,15,4,20,0,1,2,13,
9,14,3,18,15,4,20,0,1,2,13,
15,18,
5,10,27,7,8,17,0,9,13,2,14,3,1,12,4,16,
22,21,2,5,26,3,6,19,1,23,0,11,
11,9,13,24,7,5,6,8,10,16,4,2,1,12,3,0,14,
0,21,
31,5,6,8,16,4,2,1,3,0,11,7,10,12,
7,8,12,17,20,9,14,1,32,3,18,15,2,33,4,0,13,
19,1,23,21,11,0,22,
15,
24,30,5,6,25,8,10,12,7,17,9,13,2,14,3,0,1,4,16,
28,40,2,7,8,12,17,20,1,9,14,33,32,13,3,18,15,4,0,
0,4,15,18,3,13,32,33,14,9,1,20,17,12,8,7,2,40,
16,18,15,20,28,7,8,17,0,9,13,2,14,3,1,12,4,27,
36,2,19,22,5,21,4,26,3,6,23,1,0,11,
20,9,14,1,3,18,15,2,33,4,29,0,13,
4,10,22,21,2,5,26,3,6,19,1,23,0,11,
15,42,

17,14,24,13,9,5,31,6,8,16,4,39,2,1,3,37,0,11,7,10,12,
0,4,15,18,3,13,32,33,14,9,1,20,17,12,8,7,2,40,
15,42,
50,15,42,18,
19,38,1,23,22,0,21,
2,8,12,40,17,20,1,14,33,9,32,13,3,18,15,4,0,7,53,
10,5,35,32,33,40,46,0,16,18,15,20,28,7,8,17,9,13,2,14,3,1,12,4,27,44,
19,5,31,6,8,16,4,39,2,1,3,0,11,7,10,12,26,
27,35,11,43,24,1,30,7,5,6,25,2,8,10,12,17,9,13,14,37,3,0,4,16,
25,17,12,10,7,11,0,37,3,1,2,39,4,16,8,6,31,5,9,13,24,14,30,
2,27,35,6,11,43,14,24,60,1,30,7,5,25,8,37,10,12,17,9,13,3,0,4,16,28,
55,34,50,15,42,18,
5,10,44,40,33,32,46,0,16,18,15,20,28,7,8,17,9,13,2,14,3,1,12,4,27,45,
25,30,6,17,14,37,24,1,13,9,52,5,31,8,16,39,4,2,3,0,11,7,10,12,
18,15,20,24,25,28,6,35,16,5,10,27,8,7,17,0,9,13,2,14,3,1,12,4,30,
18,15,20,24,25,28,6,35,16,5,10,27,8,7,17,0,9,13,2,14,3,1,12,4,30,
27,31,11,43,24,1,30,7,5,6,25,2,8,10,12,17,9,13,14,37,3,0,4,16,
5,3,6,11,56,1,19,41,38,22,23,0,21,
38,1,23,22,0,21,
8,12,17,32,48,14,20,3,9,1,18,15,2,33,4,29,0,34,13,
5,3,6,11,56,1,19,41,38,22,23,0,21,
54,18,42,15,50,34,55,63,
28,34,45,29,57,2,8,12,40,17,20,48,1,14,33,9,32,13,3,18,15,4,0,7,53,
43,44,46,40,33,32,58,9,18,15,20,24,25,28,6,35,16,5,10,27,67,8,66,7,17,0,13,2,14,3,1,30,12,4,
38,1,23,22,0,21,
17,32,48,14,20,3,9,1,18,15,2,33,4,29,0,34,13,
19,39,52,10,27,31,61,2,11,43,14,24,1,30,7,5,65,6,25,8,37,12,17,68,9,13,3,0,4,16,
26,2,36,69,5,22,3,6,23,11,56,19,4,41,1,38,21,0,10,47,
7,16,8,31,36,12,49,41,4,21,22,5,39,2,19,26,3,6,23,1,0,11,10,47,
19,39,52,10,27,31,61,2,11,43,14,24,1,30,7,5,65,6,25,8,37,12,17,68,9,13,3,0,4,16,
9,2,13,20,29,55,0,34,50,15,42,1,18,
3,4,9,2,1,0,34,15,42,20,18,29,13,
7,16,8,31,36,12,49,41,4,21,22,5,39,2,19,26,3,6,23,38,1,0,11,10,47,
2,26,69,72,21,5,22,3,6,23,11,38,1,56,19,70,41,0,
26,7,19,39,81,2,52,10,27,31,68,61,24,11,43,6,14,1,30,5,65,25,8,37,0,12,17,9,13,3,4,16,59,
7,16,8,31,36,12,49,41,4,21,22,5,39,2,19,26,3,6,23,38,1,0,11,10,47,
26,2,36,47,72,21,5,22,3,6,23,11,38,1,69,56,19,4,41,0,
34,29,48,53,57,35,64,5,10,44,15,40,33,4,32,3,46,17,0,58,16,45,18,20,28,7,8,9,13,2,14,1,12,27,
28,45,53,7,40,71,2,8,12,17,32,9,14,20,3,48,1,18,15,33,4,29,0,34,57,13,
45,37,60,11,75,1,43,6,44,7,46,9,40,3,33,32,58,18,15,20,24,25,62,28,35,16,5,10,27,67,30,8,66,17,0,13,2,14,12,4,
5,3,6,11,41,19,56,76,21,38,22,23,0,1,70,
26,28,60,35,62,7,19,39,81,2,52,10,27,31,68,61,24,11,43,6,14,1,30,5,65,25,8,37,0,12,17,9,13,3,4,78,16,
40,7,71,2,8,12,17,32,9,14,20,3,48,1,18,15,33,4,29,0,34,13,53,
4,36,2,26,72,3,47,0,21,5,69,22,6,11,85,38,1,23,70,56,19,41,76,
15,28,60,35,78,4,19,39,2,52,10,27,31,68,61,24,11,43,6,14,1,30,7,5,65,25,62,8,37,0,12,17,9,13,3,16,
25,6,30,29,48,53,57,35,64,5,10,44,15,40,33,4,32,3,46,17,0,58,16,45,18,20,28,7,8,9,13,2,14,1,12,27,
14,15,28,60,19,35,78,37,4,39,2,43,52,11,10,27,68,31,61,24,65,6,1,30,7,5,25,62,8,0,12,17,9,96,13,3,16,81,
30,37,9,13,24,14,17,52,25,84,26,7,36,16,8,31,2,12,41,49,4,22,21,80,5,39,10,19,3,6,23,38,1,59,0,11,47,
7,16,8,31,79,56,10,26,3,72,49,2,36,23,5,69,22,6,11,19,4,41,1,0,47,38,21,
38,52,9,13,24,37,14,17,30,25,22,7,36,16,8,31,2,12,41,49,4,80,21,5,39,10,19,26,3,65,6,23,1,59,0,11,47,
19,61,60,16,4,0,3,62,13,67,8,9,68,17,12,37,25,6,65,5,7,66,30,1,24,14,43,11,2,31,27,10,18,15,20,28,35,52,39,
37,9,13,24,14,17,52,87,59,0,7,36,16,8,31,2,12,41,49,4,80,21,22,5,39,10,19,26,84,3,6,23,38,1,11,47,
7,10,79,19,26,72,3,49,2,36,1,21,5,6,70,23,22,69,47,0,11,56,4,88,41,38,85,
39,45,60,62,37,11,31,75,1,43,6,44,7,46,9,40,3,33,32,58,18,15,20,24,25,28,35,16,5,10,27,67,30,8,66,17,0,13,2,14,12,4,68,
32,46,61,20,102,19,60,16,4,0,3,62,13,67,8,9,68,27,17,12,37,25,66,6,65,24,5,7,30,1,14,43,2,11,52,31,10,18,15,28,35,39,
88,7,36,16,8,31,2,79,21,56,26,3,72,49,23,5,10,69,70,11,22,6,19,4,100,41,1,0,47,38,
43,61,101,19,38,52,11,9,13,24,65,37,14,17,30,25,22,7,36,16,8,49,31,2,12,41,0,4,80,39,21,5,10,26,3,6,47,23,84,1,59,
39,12,87,7,36,16,8,31,2,79,21,56,26,3,72,49,23,5,10,69,11,22,6,19,4,100,41,1,0,47,38,
79,88,4,95,36,2,72,3,47,76,0,21,5,92,10,69,22,6,26,85,56,38,1,23,11,70,41,19,
52,44,46,40,33,32,58,39,61,60,16,4,0,3,62,13,67,8,9,68,17,12,37,25,6,5,7,66,30,1,24,14,43,11,2,31,27,10,18,15,20,28,35,
68,4,12,14,2,0,17,66,8,30,27,10,5,16,35,25,24,67,20,18,32,33,3,40,9,46,7,44,6,43,1,28,75,31,37,15,62,13,60,45,39,58,11,105,
76,104,7,95,36,79,21,19,72,3,49,2,1,88,5,6,41,23,22,10,69,70,11,47,0,56,26,85,4,38,
36,23,21,22,49,28,60,35,62,12,26,86,7,19,39,81,2,52,10,27,31,68,61,24,11,43,6,14,1,30,5,65,25,8,37,0,17,9,13,3,4,78,16,59,
65,22,43,0,61,108,19,38,52,9,11,13,24,37,80,14,17,30,25,7,36,16,59,8,49,6,31,2,101,12,41,84,4,47,39,21,5,99,10,26,3,23,1,
1,23,3,26,10,39,4,41,31,6,2,49,8,12,59,16,36,101,7,25,30,17,80,84,37,24,13,11,9,99,5,52,38,19,14,108,61,47,0,43,22,65,21,115,
22,59,26,16,14,98,15,28,60,19,35,78,37,4,39,2,43,52,11,93,10,27,68,31,61,24,65,6,1,30,7,5,25,62,8,0,12,17,9,96,13,86,3,81,
8,16,76,104,7,36,79,21,19,72,3,49,2,1,88,5,6,41,23,22,10,69,70,11,47,0,56,26,85,4,38,
118,7,8,76,2,104,36,5,21,16,95,19,56,72,3,49,1,38,88,41,4,23,22,10,47,69,70,11,6,85,79,0,26,
21,22,59,81,26,14,15,28,60,19,35,78,37,4,39,2,43,52,11,93,10,27,68,31,61,24,65,6,1,30,7,5,25,62,8,0,12,17,9,96,13,86,3,16,
32,33,40,44,46,61,60,16,4,0,3,62,13,67,8,9,68,17,12,37,25,6,65,5,7,66,30,1,24,14,43,11,2,31,27,10,18,15,20,28,35,52,39,
25,30,56,103,21,37,9,13,24,14,17,52,11,5,59,0,41,7,36,16,8,49,31,2,12,87,4,80,39,22,10,19,26,3,6,47,23,38,84,1,69,
24,59,70,109,72,39,2,12,49,7,36,16,87,8,31,84,5,56,19,26,21,100,3,23,10,47,69,11,22,6,4,41,80,1,38,79,0,88,
72,56,69,103,21,37,9,13,24,14,17,52,11,5,59,0,41,7,36,16,8,49,31,2,12,87,4,80,39,22,10,19,26,3,6,47,23,38,79,84,1,
124,38,72,56,13,69,26,17,21,37,80,9,52,24,103,14,100,11,5,59,16,0,41,84,7,36,79,8,49,6,31,2,12,87,1,4,47,39,22,10,19,3,23,
24,59,104,70,88,109,72,39,2,12,49,7,36,16,87,8,31,84,5,56,19,26,21,100,3,23,10,47,69,11,22,85,6,4,41,80,1,38,79,0,107,
36,49,23,120,26,21,68,22,59,12,81,14,61,15,62,28,60,13,19,35,78,31,37,4,39,86,2,96,43,52,5,11,93,10,27,24,65,6,98,1,30,7,25,8,0,17,9,3,16,
14,13,9,37,123,41,0,59,100,70,72,31,39,80,85,2,12,49,8,7,36,16,56,19,109,26,104,21,3,23,10,47,6,5,88,69,11,22,87,4,84,1,38,79,24,107,
92,107,31,12,109,119,87,8,39,118,7,76,2,113,104,36,5,100,21,95,16,19,56,72,3,49,1,38,88,41,4,23,22,10,47,69,70,11,85,6,79,0,26,
15,36,23,21,68,22,49,2,28,60,13,35,62,12,59,26,86,39,7,19,81,52,5,10,27,31,78,61,14,24,11,43,6,1,30,65,25,8,37,0,114,17,9,3,4,16,93,
56,87,22,1,23,3,26,10,39,41,31,49,8,12,59,16,36,4,101,7,25,30,17,80,84,37,24,13,9,6,103,2,99,5,52,38,116,19,14,11,108,61,47,0,43,65,21,115,
68,27,81,87,22,1,23,3,26,10,39,41,31,49,8,12,59,16,36,4,101,7,25,30,17,80,84,37,24,13,9,6,103,2,99,5,52,38,116,19,14,11,108,61,47,0,43,65,21,115,
9,13,14,76,123,126,24,59,16,104,70,88,2,109,23,72,39,12,49,6,7,36,79,87,1,8,31,84,41,5,56,19,26,69,21,107,3,10,47,4,100,11,22,85,80,38,0,
9,13,14,76,118,123,126,24,59,16,104,70,88,2,109,23,72,39,12,49,6,7,36,79,87,1,8,31,84,41,5,56,19,26,69,21,107,3,10,47,4,100,11,22,85,80,38,0,
35,60,78,68,27,81,86,22,1,23,3,26,10,39,41,31,6,49,8,12,59,16,36,4,101,7,25,30,17,80,84,37,24,13,9,2,99,5,52,38,116,19,14,11,108,61,47,0,43,65,21,115,87,
27,87,22,1,23,3,26,10,39,41,31,49,8,12,59,16,36,4,101,7,25,30,17,80,84,37,24,13,9,6,103,2,99,5,52,38,116,19,14,11,108,61,47,0,43,65,21,115,
61,65,30,125,31,124,38,72,56,9,13,69,22,26,17,21,37,84,80,52,5,24,14,103,6,11,59,12,16,0,47,41,7,36,79,8,49,99,2,87,1,101,4,39,10,19,100,3,23,25,122,
59,80,84,129,92,31,12,109,72,87,8,39,76,2,49,19,7,104,107,10,36,5,6,118,21,95,1,113,16,110,56,100,3,38,85,88,41,4,23,70,119,22,69,47,0,11,79,26,
79,61,43,65,122,36,25,30,56,13,17,21,37,80,9,52,24,103,14,11,5,59,16,0,41,84,7,8,49,6,31,2,101,12,87,1,4,47,39,22,99,10,108,19,115,26,69,3,23,38,
65,85,30,25,122,88,70,125,31,124,38,72,56,9,13,69,22,17,21,37,84,80,52,5,24,14,103,6,11,59,109,12,16,0,47,41,7,36,79,8,49,99,2,87,1,4,39,107,10,19,100,3,23,26,123,
95,52,103,124,37,134,13,76,23,9,118,12,14,123,70,17,126,59,6,16,69,104,88,2,56,3,72,128,19,39,49,7,36,79,26,87,1,107,8,31,84,41,5,21,119,10,47,100,4,11,22,85,80,24,133,38,109,0,
30,103,52,124,37,80,118,9,13,76,23,14,123,70,17,126,133,24,59,6,125,16,69,104,88,2,56,3,72,39,12,49,7,36,79,26,87,1,107,8,31,84,41,5,21,10,47,100,4,11,22,19,128,85,38,109,0,
79,26,61,8,43,65,12,16,69,36,25,139,30,56,3,122,13,17,21,37,80,9,52,24,103,14,11,5,59,115,6,0,41,84,31,7,49,2,108,101,87,1,4,47,39,22,99,10,19,72,23,38,
25,30,103,52,124,37,80,9,13,76,23,14,123,70,17,126,133,24,59,6,125,16,69,104,88,2,56,3,72,39,12,49,7,36,79,26,87,1,107,8,31,84,41,5,21,10,47,100,4,11,22,19,128,85,38,109,0,
107,88,70,137,31,84,61,8,65,12,30,72,19,124,38,56,3,9,69,125,16,13,122,22,26,79,17,21,37,80,52,5,24,123,14,103,6,59,11,109,0,47,100,41,7,36,49,99,2,87,1,101,4,39,10,23,25,
113,119,95,142,24,30,103,52,124,37,80,21,118,59,0,9,13,72,76,17,23,141,14,123,5,70,11,126,8,6,133,125,134,7,16,69,10,104,88,2,56,3,39,12,49,36,79,26,85,87,128,1,107,31,84,41,100,47,4,22,19,38,109,
61,22,65,124,6,85,26,30,25,84,122,4,88,70,11,125,7,31,38,72,140,13,56,9,69,10,17,21,80,37,52,5,123,24,14,103,59,0,109,12,16,47,41,100,36,79,8,49,99,2,87,1,39,107,19,3,23,101,
109,38,19,22,4,47,100,41,31,107,1,87,79,36,49,12,39,3,56,2,88,104,128,10,69,16,7,125,0,59,24,133,8,126,11,70,5,123,14,23,17,76,72,13,9,21,80,37,6,124,52,103,30,84,25,85,26,144,
37,95,92,129,134,13,76,23,9,118,12,14,123,70,17,126,59,6,16,69,104,88,2,56,3,72,128,19,39,49,7,36,79,26,87,110,1,107,8,31,84,41,5,21,119,10,47,100,113,4,11,22,85,80,24,133,38,109,0,
Future sets, 
22,38,23,1,138,76,70,56,19,82,13,41,3,140,130,6,143,133,36,85,26,69,72,92,4,141,131,83,88,95,47,32,77,17,144,7,33,48,14,12,149,139,49,79,110,10,147,137,71,134,104,113,16,53,45,142,5,94,57,40,44,74,90,28,125,27,124,99,119,118,35,132,64,46,129,58,89,59,11,148,80,84,87,109,39,136,122,25,100,107,24,121,31,128,114,30,127,97,108,146,126,43,65,37,123,62,145,8,67,66,52,75,60,68,61,91,105,135,112,115,111,81,101,120,98,93,103,96,78,86,106,102,116,117,21,
76,70,56,19,82,13,41,3,130,6,133,36,85,26,69,72,92,4,131,83,88,95,47,32,77,17,144,33,48,14,141,12,139,49,79,110,10,137,71,7,134,104,113,16,143,53,45,142,94,57,40,44,74,90,28,125,27,124,99,119,118,35,132,5,64,147,46,129,58,89,59,138,11,80,84,87,109,39,136,122,25,100,107,24,121,31,128,114,30,127,97,108,146,126,43,140,65,148,37,123,62,145,67,66,149,52,75,60,68,61,91,105,8,135,112,115,111,81,101,120,98,93,103,96,78,86,106,102,116,117,
36,85,26,13,82,4,131,83,88,95,47,32,77,17,144,33,48,14,141,12,139,49,79,110,10,137,71,7,134,104,113,16,143,53,45,142,94,57,40,44,74,90,28,125,27,124,99,119,118,35,132,64,147,46,129,58,89,59,138,80,84,87,109,39,136,9,122,25,100,107,24,121,31,128,114,30,127,97,108,146,126,43,140,65,148,133,37,123,62,145,67,66,149,52,75,60,68,61,91,105,8,135,112,115,111,81,101,120,98,93,103,96,78,86,106,102,116,130,117,
6,36,85,26,69,72,92,4,131,83,88,95,47,32,77,17,144,33,48,14,141,12,139,49,79,110,10,137,71,7,134,104,113,16,143,53,45,142,94,57,40,44,74,90,28,125,27,124,99,119,118,35,132,5,64,147,46,129,58,89,59,138,80,84,87,109,39,136,122,25,100,107,24,121,31,128,114,30,127,97,108,146,126,43,140,65,148,133,37,123,62,145,67,66,149,52,75,60,68,61,91,105,8,135,112,115,111,81,101,120,98,93,103,96,78,86,106,102,116,130,117,
83,88,95,47,32,77,17,33,48,14,12,49,79,110,10,71,7,104,113,16,53,45,142,94,57,40,137,44,141,74,90,28,125,27,124,99,119,118,35,132,64,147,46,143,129,58,89,59,138,80,84,87,109,39,136,122,25,100,107,24,121,31,128,114,30,127,97,108,146,126,43,140,65,148,133,134,37,123,62,145,67,66,149,52,75,60,68,61,144,91,105,8,135,112,115,111,81,101,120,98,93,103,96,139,78,86,131,106,102,116,130,117,
92,72,69,64,58,89,35,39,31,132,135,120,140,117,130,148,108,116,145,102,137,106,131,147,86,78,139,141,125,99,43,96,149,103,93,98,37,101,142,81,124,111,115,112,52,105,144,91,114,122,61,60,121,68,143,136,75,127,66,128,67,62,123,134,133,65,126,146,24,25,97,26,85,59,110,119,113,118,79,84,36,109,138,107,129,80,104,87,88,95,100,47,49,30,
92,72,69,39,31,97,132,135,120,140,117,130,148,108,116,145,102,137,106,131,147,86,78,139,141,125,99,43,96,149,103,93,98,37,101,142,81,124,111,115,112,52,105,144,91,114,122,61,60,121,68,143,136,75,127,66,128,67,62,123,134,133,65,126,146,24,26,85,59,110,119,113,118,79,84,36,109,138,107,129,80,104,87,88,95,100,47,49,30,
113,104,53,45,94,57,40,44,74,90,28,27,16,99,119,118,35,64,147,46,129,58,141,89,59,142,138,80,84,87,109,39,122,100,107,24,31,114,30,97,25,108,146,126,43,65,148,133,134,123,62,145,67,128,66,149,127,75,136,143,60,68,121,61,144,91,105,52,135,112,115,111,124,81,101,37,120,98,93,103,96,125,139,78,86,131,106,137,102,116,130,117,140,132,
119,118,71,53,45,94,57,40,59,138,80,84,87,129,109,39,100,107,132,135,120,140,117,130,148,108,116,145,102,137,106,131,147,86,78,139,141,125,99,43,96,149,103,93,98,37,101,142,81,124,111,115,112,52,105,144,91,114,122,61,60,121,68,143,136,75,127,66,128,67,62,123,134,133,65,126,146,24,25,97,27,64,35,89,46,58,28,90,74,44,30,31,
127,93,130,111,61,140,98,86,30,139,105,32,121,68,81,112,75,27,116,108,115,117,28,145,66,91,65,144,101,120,97,99,148,78,114,25,143,64,89,147,58,90,74,67,40,60,149,136,146,57,94,43,132,142,53,131,35,124,135,46,125,62,52,141,103,71,77,96,106,17,122,33,137,48,37,128,82,83,44,133,45,134,102,13,
110,79,64,104,118,113,119,49,58,89,35,59,138,80,84,87,129,109,39,100,107,31,30,97,25,24,146,126,65,133,134,123,62,67,128,66,127,75,136,143,68,121,60,61,122,114,91,144,105,52,112,115,111,124,81,142,101,37,98,93,103,149,96,43,99,125,141,139,78,86,147,131,106,137,102,145,116,108,148,130,117,140,120,135,132,
69,72,92,31,100,95,104,134,126,133,141,80,129,107,138,109,128,36,125,137,145,84,140,79,132,123,88,149,118,144,113,119,124,139,143,49,110,47,108,131,136,99,101,135,115,103,116,122,114,130,127,142,117,59,120,147,86,146,85,93,148,87,26,68,39,98,112,105,61,111,52,65,81,96,121,78,106,102,37,91,62,60,41,
71,53,45,94,57,40,59,138,80,84,87,129,109,132,135,120,140,117,130,148,108,116,145,102,137,106,131,147,86,78,139,141,125,99,43,96,149,103,93,98,37,101,142,81,124,111,115,112,52,105,144,91,114,122,61,60,121,68,143,136,75,127,66,128,67,62,123,134,133,65,126,146,24,25,97,27,64,35,89,46,58,28,90,74,44,30,39,
134,133,83,82,128,37,48,33,17,96,77,71,103,141,62,125,46,124,45,52,131,53,132,94,57,136,149,40,146,67,142,44,74,90,58,137,89,64,143,25,78,148,99,97,120,101,35,114,144,65,91,66,145,28,122,43,117,115,108,116,75,112,81,147,68,121,105,60,139,30,86,102,98,135,140,61,111,32,130,93,106,27,127,
134,133,128,37,48,33,17,96,77,71,103,141,62,125,46,124,45,52,131,53,132,94,57,136,149,40,146,67,142,44,74,90,58,137,89,64,143,25,78,148,99,97,120,101,35,114,144,65,91,66,145,28,122,43,117,115,108,116,75,112,81,147,68,121,105,60,139,30,86,102,98,135,140,61,111,32,130,93,106,27,127,
130,120,98,96,54,50,18,55,73,32,63,20,102,94,53,57,67,66,111,46,83,42,89,48,106,97,71,29,112,117,34,75,82,45,74,33,77,40,90,127,44,58,121,91,64,105,
119,118,64,46,58,89,35,59,138,80,84,87,129,109,39,100,107,31,30,97,25,24,146,126,65,133,134,123,62,67,128,66,127,75,136,143,68,121,60,61,122,114,91,144,105,52,112,115,111,124,81,142,101,37,98,93,103,149,96,43,99,125,141,139,78,86,147,131,106,137,102,145,116,108,148,130,117,140,120,135,132,
77,71,103,141,125,124,52,53,45,94,57,149,40,146,142,44,74,90,58,46,89,64,25,78,131,148,99,97,67,120,101,35,144,91,65,66,145,28,137,122,43,96,117,115,62,108,116,75,112,81,147,68,121,105,60,30,139,86,102,98,135,140,61,114,111,130,93,106,143,127,132,136,27,
55,73,63,20,94,57,67,102,66,29,46,83,89,106,97,71,34,82,45,48,74,32,111,77,40,90,53,75,44,58,121,91,64,105,112,33,
106,102,81,96,98,78,56,69,72,92,26,87,148,93,85,146,86,147,120,59,117,142,127,130,114,122,116,103,115,135,101,99,136,131,108,47,110,49,143,139,124,119,113,144,118,149,88,123,132,79,140,84,145,137,125,36,128,109,138,107,129,80,141,133,126,134,104,95,100,41,
67,102,66,46,89,106,97,71,82,45,83,48,74,32,111,77,40,90,53,94,57,29,75,44,58,121,91,64,105,112,33,
120,23,76,143,70,137,56,123,49,116,69,136,72,139,85,92,142,127,130,114,47,122,103,36,115,135,101,99,131,108,41,110,124,119,113,144,118,149,132,79,146,84,125,145,128,147,80,109,138,107,129,133,126,134,104,140,87,141,88,148,95,100,38,
120,117,76,70,56,49,69,72,85,92,142,127,130,114,122,116,103,115,135,101,99,136,131,108,110,143,139,124,119,113,144,118,149,123,132,79,146,84,137,125,36,145,128,147,41,109,138,107,129,80,133,126,134,104,140,87,141,88,148,95,100,47,
76,70,56,49,69,72,85,92,142,127,130,114,122,116,103,115,135,101,99,136,131,108,110,143,139,124,119,113,144,118,149,123,132,79,146,84,137,125,36,145,128,147,41,109,138,107,129,80,133,126,134,104,140,87,141,88,148,95,100,47,
126,133,134,123,67,66,75,143,128,68,121,61,114,91,144,105,52,112,62,115,111,124,81,122,101,37,146,93,103,149,96,43,60,142,99,125,141,98,139,86,127,78,131,106,137,102,145,116,147,108,65,136,148,130,117,140,120,135,132,
148,99,97,67,101,144,65,66,145,137,122,43,117,115,78,136,62,131,108,116,75,112,81,147,68,105,60,139,102,98,135,140,61,96,111,130,93,106,143,121,86,127,114,132,91,120,
93,85,86,120,117,59,142,127,130,114,122,116,103,115,135,101,99,136,131,108,110,143,139,124,119,113,144,118,149,123,132,79,146,84,137,125,36,145,128,147,109,138,107,129,80,133,126,134,104,140,87,141,88,148,95,100,47,49,
136,81,78,132,86,64,35,93,67,96,60,89,112,75,105,46,97,111,91,120,106,135,102,62,121,98,68,127,130,114,58,117,66,
90,74,67,66,96,127,120,130,114,93,98,102,112,89,64,75,105,46,111,91,121,62,97,117,58,44,106,
90,74,83,94,82,71,77,89,97,48,
148,142,99,97,146,67,101,144,65,66,145,137,122,43,117,115,78,136,62,131,108,116,75,112,81,147,68,105,60,139,102,98,135,140,61,96,111,130,93,106,143,121,86,127,114,132,91,120,
107,100,68,39,98,112,105,109,129,87,146,84,143,80,139,61,120,133,123,134,128,149,126,138,111,52,124,65,81,140,122,144,101,103,142,99,125,141,96,127,121,78,137,106,102,145,86,115,116,147,108,136,93,131,59,148,130,117,114,135,132,
106,77,40,97,57,75,90,44,58,74,71,112,45,121,91,94,53,111,64,105,89,
77,40,97,57,75,90,44,58,74,71,112,45,121,91,94,53,111,64,105,48,89,
89,77,90,83,94,74,63,73,82,71,
67,60,89,112,105,75,97,111,91,120,96,106,135,102,62,121,98,127,130,93,114,58,117,66,
127,130,114,122,116,103,115,135,101,99,136,131,108,110,143,139,124,119,113,144,118,149,123,132,79,146,84,137,125,145,128,147,109,138,107,129,80,133,126,142,134,104,140,87,141,88,148,95,100,47,
128,68,61,91,105,112,62,111,124,81,122,144,101,146,103,149,60,142,99,125,52,141,98,96,139,127,121,78,106,137,102,145,115,116,147,108,65,136,93,131,143,148,130,117,86,140,120,114,135,132,
101,87,116,115,132,103,135,99,136,108,84,76,138,131,92,133,143,122,85,126,88,129,125,95,110,69,147,141,100,104,145,56,139,124,119,113,72,144,107,148,118,149,123,79,146,109,137,128,140,142,134,70,
112,105,109,129,87,84,80,61,133,123,134,128,149,126,138,111,124,81,122,144,101,146,103,142,99,125,52,141,98,96,139,127,121,78,106,137,102,145,115,116,147,108,65,136,93,131,143,59,148,130,117,86,140,120,114,135,132,
57,94,90,44,58,97,74,45,91,53,111,121,75,64,105,89,112,
92,87,84,116,103,115,132,135,101,99,136,131,108,80,143,122,85,88,125,95,110,147,141,104,139,124,119,113,144,107,118,149,123,79,146,109,72,137,100,69,148,145,128,140,138,129,133,126,142,134,
83,50,63,73,82,54,55,
115,136,131,108,116,75,81,78,68,60,139,98,117,62,96,111,130,112,93,105,106,143,102,121,135,86,127,114,132,91,120,
58,91,111,97,121,75,64,105,89,112,
105,91,112,90,89,74,64,97,
106,58,91,111,97,121,75,64,105,89,112,
95,88,87,104,134,142,126,133,129,107,138,109,140,147,80,100,128,145,148,125,137,146,79,123,149,118,144,113,119,124,139,143,141,110,108,131,136,99,101,135,132,115,103,116,122,84,
97,89,77,71,94,74,90,
127,130,114,119,113,118,104,107,100,109,129,87,80,138,101,126,133,149,128,134,145,108,131,136,99,139,135,143,137,132,115,140,103,147,116,141,148,125,142,146,144,122,124,123,84,
63,73,82,55,

111,124,122,144,146,142,125,141,103,96,127,121,106,137,102,115,116,147,139,108,136,131,143,148,81,130,99,117,86,140,93,120,78,145,114,98,135,101,65,132,
94,74,89,90,97,57,
73,
82,73,63,
131,92,143,122,85,88,125,95,110,147,141,104,139,124,119,113,144,107,118,149,123,79,146,109,72,137,100,69,148,145,128,140,138,129,133,126,142,134,
97,90,89,74,
111,89,97,75,105,112,91,
138,126,149,128,134,123,124,122,144,142,125,141,103,108,146,99,145,117,140,120,143,114,137,127,135,130,133,86,132,147,148,101,115,116,139,136,131,
62,96,111,112,105,106,102,121,135,98,130,93,127,114,91,120,117,
147,137,121,111,115,116,139,136,131,143,96,130,117,127,81,93,120,145,98,114,135,78,132,86,102,106,108,
111,112,105,106,102,121,98,93,114,91,130,120,127,117,96,
73,
97,89,
121,106,102,137,115,116,139,136,131,108,147,143,96,130,117,127,81,140,93,120,145,98,114,135,78,101,132,86,
121,111,106,75,105,112,102,91,
121,111,106,75,105,112,102,91,
111,105,106,102,86,132,78,112,135,114,121,98,120,93,81,127,117,130,96,
122,88,95,85,110,141,143,139,124,119,113,144,118,149,123,79,146,137,125,148,145,128,100,147,140,109,138,107,129,133,126,142,134,104,
123,145,107,85,140,126,149,134,147,118,141,144,128,148,119,95,142,113,146,138,92,110,133,129,104,
94,90,
143,124,109,125,137,107,145,123,85,140,126,149,134,88,100,147,118,141,144,128,148,119,95,142,113,146,138,110,133,129,104,


112,105,91,
144,148,133,134,142,95,146,149,138,110,129,92,141,113,119,118,

135,114,98,120,93,127,117,130,96,
143,139,124,110,119,113,118,123,146,137,125,148,141,145,128,100,147,140,138,129,109,133,107,144,126,149,142,134,104,
138,126,133,149,128,134,145,108,131,136,99,139,101,135,143,137,132,115,140,103,147,116,141,148,125,142,146,144,122,124,123,
98,132,86,130,135,127,114,120,117,93,


138,145,108,131,136,99,139,135,143,103,140,137,132,115,147,116,141,148,125,142,146,144,122,124,123,134,128,149,133,126,
140,126,134,147,118,144,128,95,141,148,119,142,113,146,138,149,110,129,133,104,
135,127,114,130,120,117,
135,126,133,149,134,128,123,129,138,109,141,122,136,132,131,148,125,103,144,142,146,140,137,145,139,143,124,147,
123,140,110,147,145,138,128,148,107,144,133,129,146,149,118,113,142,134,119,104,141,126,



110,129,149,138,
130,120,127,117,

141,113,146,138,149,110,129,119,
127,117,98,120,

127,117,
147,140,115,137,143,132,135,116,139,136,131,145,
137,125,123,141,145,128,147,140,138,129,109,146,148,133,107,144,126,149,142,134,
147,145,108,131,136,135,139,116,132,143,115,137,
106,
136,132,131,141,148,125,142,146,144,140,137,122,145,139,143,147,124,
128,148,144,133,129,146,149,138,118,113,142,134,119,141,126,
112,

145,147,140,138,129,148,133,144,126,149,141,146,142,134,128,
131,136,139,135,116,132,143,115,
138,129,123,140,145,128,147,134,149,148,141,146,142,144,133,126,
149,138,


146,138,149,129,
130,
143,116,135,132,139,136,131,
135,132,136,131,

142,134,119,146,129,149,138,141,
146,129,149,138,141,
127,

147,140,137,145,139,143,
145,147,140,134,128,149,148,141,146,142,144,133,
147,144,146,142,125,148,137,145,140,141,
144,146,142,148,137,147,145,140,
133,144,149,148,141,146,142,134,

149,148,141,146,142,144,
149,138,



149,148,141,146,142,144,
149,146,141,


145,

143,
147,
146,
146,

148,





Past links sets, 

0,

1,
2,3,
3,
3,
4,
4,
2,
4,
1,
4,
1,9,
4,

7,
13,14,
15,
1,
18,
0,
0,
21,
6,5,16,12,10,8,
8,17,12,5,16,10,
2,19,11,6,5,
8,7,12,17,
8,7,12,17,
20,
8,6,17,12,5,16,10,
6,5,16,11,10,8,
13,14,20,
13,14,20,
18,
5,10,16,27,
22,23,26,
11,13,14,24,
21,
12,31,
7,8,33,32,17,12,
11,19,22,23,
15,
24,25,30,
28,40,
40,
16,20,27,28,
4,36,
29,33,
10,22,23,26,
42,

17,37,39,
40,
42,
18,50,
19,22,23,38,
53,
35,44,46,
26,39,
35,37,43,
25,30,37,39,
28,60,
34,55,
5,46,45,10,44,
25,30,52,
20,24,35,30,25,28,
20,24,35,30,25,28,
31,27,37,43,
5,6,41,56,
1,22,23,38,
8,48,12,34,32,17,
5,6,41,56,
54,63,
28,57,48,45,34,
43,58,66,67,
1,22,23,38,
17,32,34,48,
19,61,65,68,
10,47,69,
41,47,39,49,
19,61,65,68,
13,29,34,55,
4,42,34,29,13,
38,49,39,47,41,
26,69,70,72,
59,81,
38,49,39,47,41,
69,47,72,
34,64,58,48,57,
28,45,57,71,
62,45,75,
5,6,76,56,41,70,
62,78,26,81,
53,71,
47,76,85,
15,62,78,
30,64,25,58,48,57,
81,96,
84,59,25,80,30,52,
31,72,49,79,
38,59,65,80,
19,61,62,68,67,66,65,
52,87,84,59,80,
7,88,85,79,49,
39,75,45,68,62,
46,32,102,
88,70,100,
43,84,61,101,
87,100,
79,88,92,95,
52,58,61,68,67,62,66,
105,
95,104,
36,86,78,62,49,
99,108,
115,
22,86,93,98,
8,16,76,104,
95,118,
21,96,86,93,22,
61,62,46,68,67,44,66,65,
25,30,69,103,
24,59,70,109,84,88,80,
72,79,103,
100,124,
24,59,80,109,104,84,107,
36,49,98,120,
104,37,107,123,
92,119,109,113,107,
15,93,114,
103,56,116,
103,81,116,
126,76,13,123,14,
126,13,123,118,14,
60,116,86,87,78,
27,103,116,
61,125,122,101,99,
59,129,84,110,80,
79,115,122,
65,99,125,123,122,85,107,
119,134,124,133,128,
133,128,30,118,125,
72,139,
25,133,128,125,30,
123,107,137,
113,141,142,
61,101,140,
144,
17,110,134,129,133,128,
Future links sets, 
22,21,1,
76,70,3,13,11,19,
26,9,4,
6,5,4,
83,47,14,7,12,8,10,
72,64,31,35,24,69,25,30,92,26,
72,69,24,92,26,31,30,
104,16,27,28,40,
40,31,118,30,24,25,71,27,28,
13,
49,79,35,24,25,30,64,31,
37,41,31,26,
40,30,24,25,71,27,39,28,
134,133,82,83,17,32,37,33,
134,133,17,32,37,33,
130,96,42,18,
46,35,24,25,118,30,31,
77,40,25,52,30,71,27,149,28,
34,55,20,
102,81,26,41,56,78,
67,29,32,66,33,46,
120,38,23,
117,120,76,70,36,41,56,49,
76,70,36,41,56,49,
126,123,37,67,43,66,
97,144,122,67,61,99,66,43,65,
36,93,49,59,85,
68,136,46,35,
74,67,90,46,44,66,62,
82,83,48,
97,144,122,67,61,99,66,142,43,65,
100,68,39,
77,106,71,40,
48,40,
89,83,82,71,63,74,77,
67,66,60,58,
114,127,47,
128,52,60,61,68,
101,56,87,76,70,84,
87,84,52,59,105,61,80,
53,45,44,
92,87,84,72,69,80,
83,54,50,
108,68,75,60,
121,64,58,
105,64,74,90,91,
121,106,64,58,
88,79,95,84,80,87,
97,71,74,89,77,
127,114,104,80,100,84,87,
55,

111,103,99,65,
94,57,
73,
82,63,
131,92,72,69,
97,90,89,74,
111,97,89,75,
138,126,86,123,101,99,103,
135,62,
137,121,111,78,108,147,81,102,
121,114,111,105,96,93,91,102,
73,
97,89,
140,121,78,81,101,102,
121,111,102,75,
121,111,102,75,
121,111,78,81,102,105,
122,88,85,79,
123,107,92,85,
94,90,
85,100,143,88,124,


105,91,
133,118,95,92,

135,114,96,93,
139,100,110,104,124,
138,126,99,103,101,123,
132,98,93,86,


138,126,99,103,108,123,
104,140,95,
135,120,117,114,
135,109,103,
123,110,107,104,



129,110,
130,120,117,

119,113,110,
120,98,

127,117,
137,140,115,
125,109,107,
147,137,108,
106,
136,122,132,124,131,
126,128,118,113,
112,

145,126,128,129,140,
115,
129,126,123,
149,138,


146,129,
130,
139,116,
135,132,136,131,

142,134,119,
141,129,
127,

140,139,137,
128,133,145,134,140,
141,125,
144,140,142,137,
134,133,

149,144,142,141,
149,138,



149,144,142,141,
149,141,


145,

143,
147,
146,
146,

148,





Coordinates,
0.152961,1.96314,
0.162843,1.90024,
0.13437,1.78572,
0.194487,1.8233,
0.210056,1.72853,
0.416248,1.78669,
0.464791,1.79082,
0.291294,1.58692,
0.268498,1.53356,
0.14734,1.40915,
0.408084,1.66546,
0.601585,1.85205,
0.258899,1.48805,
0.18145,1.3901,
0.230372,1.39577,
0.00753984,1.16404,
0.384726,1.52188,
0.252443,1.34545,
0.0694792,1.09702,
0.867704,1.85251,
0.0989872,1.07257,
1.00739,1.93575,
0.988612,1.87904,
1.04157,1.88237,
0.527551,1.34394,
0.449301,1.24164,
0.920074,1.70992,
0.37142,1.14176,
0.346878,1.09909,
0.11731,0.86327,
0.504478,1.25036,
0.690372,1.42388,
0.241814,0.967756,
0.231265,0.942337,
0.080488,0.77605,
0.431746,1.08014,
1.0444,1.67304,
0.633075,1.25947,
1.26048,1.88595,
0.7464,1.37097,
0.293081,0.904157,
1.21859,1.82101,
0.025711,0.602242,
0.566357,1.14165,
0.360476,0.859236,
0.339054,0.829844,
0.407029,0.884889,
1.15861,1.61911,
0.233201,0.683129,
1.04161,1.48311,
0.0558645,0.488224,
0.0023121,0.410212,
0.780207,1.18424,
0.321457,0.716264,
0.0269144,0.419538,
0.0736094,0.456819,
1.44335,1.82368,
0.33625,0.70068,
0.442056,0.765479,
0.937577,1.26028,
0.655656,0.971971,
0.780093,1.0853,
0.657006,0.940241,
0.0904873,0.369001,
0.423144,0.691186,
0.822509,1.08483,
0.556943,0.813841,
0.554731,0.794939,
0.736629,0.969116,
1.48271,1.68442,
1.66302,1.8405,
0.288469,0.445003,
1.55826,1.6884,
0.0935441,0.220022,
0.358339,0.452106,
0.5761,0.631266,
1.79299,1.84334,
0.258002,0.286077,
0.883317,0.859487,
1.54256,1.51458,
1.22561,1.19528,
0.908389,0.859515,
0.182585,0.131724,
0.21176,0.132438,
1.26724,1.1877,
1.70939,1.62171,
0.946173,0.816537,
1.33803,1.20804,
1.6559,1.52235,
0.445041,0.260519,
0.348305,0.117396,
0.665194,0.433686,
1.898,1.65927,
0.922893,0.658856,
0.328184,0.0429772,
1.81785,1.52099,
0.893014,0.572513,
0.508318,0.136718,
0.90879,0.532239,
1.28488,0.856398,
1.60052,1.17016,
1.26216,0.825966,
0.874204,0.431645,
1.35866,0.915217,
1.74574,1.27672,
0.760901,0.264514,
0.874713,0.326471,
1.69219,1.12503,
1.28328,0.715605,
1.65467,1.07836,
1.97082,1.39335,
0.81104,0.219151,
0.772897,0.166763,
1.85135,1.20624,
1.09214,0.436458,
1.30814,0.646316,
1.31144,0.625344,
1.00529,0.313846,
1.81143,1.1166,
1.83354,1.10585,
1.04088,0.289463,
0.842905,0.0747136,
1.49205,0.700412,
1.67458,0.87825,
1.59863,0.73717,
1.60113,0.725728,
1.7712,0.85515,
1.06633,0.00632364,
1.7472,0.684204,
1.94804,0.88024,
1.10265,0.0148944,
1.45884,0.352858,
1.38703,0.247486,
1.80362,0.663984,
1.81575,0.662478,
1.34364,0.137657,
1.44046,0.203838,
1.62407,0.384775,
1.99474,0.713374,
1.54754,0.216515,
1.71002,0.312486,
1.84068,0.437025,
1.81418,0.407685,
1.56215,0.0682444,
1.80461,0.195155,
1.70211,0.083482,
1.86594,0.242671,
1.73219,0.0982019,
1.80694,0.150974,
1.97431,0.277149,
