Storage option,sets
Size,50
Dimension,2
Shape,cube
Spacetime,BlackHole
Past sets, 





1,

0,
1,5,
1,
6,
0,
0,2,4,
6,10,



2,4,
6,
6,

1,
0,2,4,
10,6,13,
10,13,6,19,
0,7,5,1,8,
6,18,
14,15,16,
1,9,
1,14,15,
0,7,5,8,1,9,
19,6,13,23,10,24,
6,18,
18,6,32,
14,16,20,13,6,10,23,
10,18,19,6,26,
14,16,20,13,19,6,10,23,
18,6,32,
10,24,18,19,6,13,26,
24,10,23,13,6,19,18,31,
20,21,15,27,14,1,16,29,
20,21,15,27,14,1,16,29,
9,1,28,
14,15,16,20,13,6,10,23,
24,18,31,34,6,19,13,20,16,14,23,10,36,
24,18,31,6,19,13,20,16,14,23,10,36,
20,13,6,10,23,16,15,14,27,
33,13,26,10,35,19,32,6,18,37,
6,18,
29,16,15,21,20,1,14,27,40,
Future sets, 
22,11,12,25,30,7,
40,49,41,28,29,42,9,21,8,30,25,5,
22,17,12,

22,17,12,
25,30,8,
26,19,48,32,37,33,23,36,35,13,10,39,38,24,31,44,45,18,47,34,43,46,
30,25,
30,25,
30,42,28,
35,13,39,38,24,31,44,45,47,34,43,46,36,23,


38,24,31,44,45,39,47,34,43,46,36,23,
43,45,44,34,29,36,49,41,46,40,27,
43,29,49,41,46,40,27,
43,45,44,34,36,49,41,46,40,27,

44,33,37,45,32,48,35,47,38,39,26,
36,47,35,31,44,45,39,38,24,
46,43,41,40,45,49,36,44,34,
41,49,40,

46,43,36,34,39,45,44,31,
38,39,45,44,31,

38,47,35,
46,41,49,40,
42,
41,49,40,

45,44,39,
37,47,33,
47,
44,
47,
45,44,
47,


49,









Past links sets, 





1,

0,
5,
1,
6,
0,
0,2,4,
10,



2,4,
6,
6,

1,
0,2,4,
13,
13,19,
7,8,
18,
14,15,16,
9,
1,14,15,
7,8,9,
23,24,
18,
32,
14,16,20,23,
10,19,26,
14,16,19,20,23,
32,
24,26,
18,31,
20,21,27,29,
20,21,27,29,
28,
14,15,16,20,23,
18,31,34,36,
18,31,36,
20,23,27,
13,33,35,37,
18,
40,
Future links sets, 
22,12,11,7,
29,21,9,5,
22,17,12,

22,17,12,
8,
19,18,10,
30,25,
30,25,
30,28,
35,13,


47,24,23,
43,36,34,29,27,
43,29,27,
43,36,34,27,

48,44,45,32,39,26,
36,35,24,
46,43,41,40,36,34,
41,40,

46,43,36,34,31,
38,31,

38,35,
46,41,40,
42,
41,40,

45,44,39,
37,33,
47,
44,
47,
45,44,
47,


49,









Coordinates
-2.45886,1.1119
-2.30632,1.39398
-2.27562,0.845039
-2.18986,0.345076
-2.10275,0.66973
-1.90128,0.997029
-1.88646,2.40692
-1.88349,0.89386
-1.775,0.908479
-1.70138,1.10207
-1.61176,2.20302
-1.60215,0.602367
-1.53301,0.247566
-1.51272,2.14208
-1.50582,1.65699
-1.45011,1.42022
-1.42585,1.6789
-1.38822,0.0239815
-1.38796,2.41534
-1.35535,2.23689
-1.31286,1.66934
-1.25038,1.1474
-1.23316,0.0567263
-1.12296,1.76369
-0.997924,1.99759
-0.901038,0.290881
-0.827091,2.26996
-0.814996,1.11215
-0.789565,0.615433
-0.767353,1.01055
-0.718872,0.177107
-0.701057,1.71661
-0.688194,2.35472
-0.616356,2.29686
-0.570592,1.40106
-0.557876,2.19642
-0.545782,1.54057
-0.499868,2.31951
-0.486132,1.93388
-0.401706,1.68687
-0.379964,0.808601
-0.353028,0.823579
-0.334869,0.219162
-0.304386,1.04776
-0.21967,1.27264
-0.20903,1.35855
-0.160844,0.878378
-0.147525,2.06756
-0.0483985,2.4838
-0.0443075,0.475885
r_S,2
Lambda0,3,
Lambda1,11,
Lambda2,12,
Lambda3,17,
Lambda4,22,
Lambda5,25,
Lambda6,30,
Lambda7,38,
Lambda8,39,
Lambda9,41,
Lambda10,42,
Lambda11,43,
Lambda12,44,
Lambda13,45,
Lambda14,46,
Lambda15,49,