Storage option,sets
Size,25
Dimension,2
Shape,cube
Spacetime,BlackHole
Past sets, 

0,
0,
0,2,
0,2,
2,0,3,
0,
0,
2,0,4,
2,0,4,
3,8,2,0,4,
0,6,
6,0,7,
0,1,
1,0,13,
0,
0,1,
5,9,4,2,8,3,0,11,6,7,12,10,
1,5,9,4,2,8,3,0,11,6,7,12,10,
10,12,7,6,11,0,3,8,2,4,9,5,1,18,
1,5,0,6,7,12,10,3,8,2,4,9,
1,10,12,7,6,11,3,8,2,4,9,5,0,17,
13,16,18,11,20,3,1,5,0,6,7,12,10,8,2,19,4,9,
18,19,21,4,1,10,12,7,6,11,3,20,8,2,9,5,0,17,
14,16,13,23,0,18,19,21,4,1,10,12,7,6,11,3,20,8,2,9,5,17,22,
Future sets, 
15,7,12,11,2,20,19,23,18,16,22,13,24,21,14,1,8,9,3,5,10,17,4,6,
21,14,24,13,22,16,18,23,19,20,
8,9,3,5,18,21,10,23,24,17,4,22,19,20,
5,21,10,24,23,17,18,22,19,20,
9,8,19,20,22,18,17,23,24,21,10,
21,24,23,17,18,22,19,20,
20,11,22,19,18,17,23,12,24,21,
20,19,22,18,17,24,21,23,12,
20,19,22,18,17,23,24,21,10,
21,24,23,17,18,22,19,20,
21,24,23,17,18,22,19,20,
19,22,18,17,23,24,21,
21,24,23,17,18,22,19,20,
22,24,14,
24,

24,22,
23,24,21,
22,23,24,19,
23,24,22,
23,24,22,
24,23,
24,
24,

Past links sets, 

0,
0,
2,
2,
3,
0,
0,
4,
4,
3,8,
6,
6,7,
1,
13,
0,
1,
5,12,11,10,9,
5,1,12,11,10,9,
18,
1,12,10,5,9,
1,17,
13,16,19,20,
19,20,21,
14,22,23,
Future links sets, 
15,1,6,2,7,
21,13,18,16,20,
4,3,
10,5,
9,8,
20,18,17,
12,11,
12,
10,
20,18,17,
20,18,17,
18,17,
20,18,17,
22,14,
24,

22,
21,
19,
23,22,
23,22,
23,
24,
24,

Coordinates,
0.0156563,1.95254,
0.0395049,0.987748,
0.6597,1.53648,
0.67209,1.38471,
0.829639,1.50995,
0.685052,1.25012,
1.18865,1.74413,
1.16749,1.65373,
1.03072,1.4349,
1.14126,1.50317,
1.0573,1.34286,
1.4048,1.67084,
1.30296,1.55493,
0.0619443,0.289708,
0.148201,0.133312,
1.9503,1.77091,
0.573905,0.35592,
1.57699,1.21105,
1.4525,0.905911,
1.45913,0.899104,
1.32312,0.672716,
1.81463,0.923594,
1.55874,0.194011,
1.83068,0.447416,
1.85719,0.00476886,
