Storage option,sets
Size,100
Dimension,2
Shape,cube
Spacetime,BlackHole
Past sets, 


0,
1,



4,
5,
1,4,
0,4,3,1,2,
5,6,
5,6,

5,6,4,7,
6,5,8,
6,5,8,
15,6,16,5,8,
12,15,5,6,8,
6,7,9,10,3,0,4,1,2,


5,13,
0,3,1,9,14,7,5,6,4,11,
5,13,
13,5,22,
13,5,24,
12,17,15,8,6,16,5,

21,
13,5,20,
21,
21,
1,8,6,5,15,4,14,7,12,11,
18,13,27,16,5,12,17,6,15,8,22,
3,1,9,8,6,5,15,4,14,7,12,11,
3,1,9,8,6,5,15,4,14,7,12,11,
28,29,21,31,
8,2,10,23,0,3,1,14,9,7,5,6,4,11,12,
28,21,29,
11,8,18,34,5,13,27,16,12,17,6,15,22,
16,18,33,36,3,1,35,9,8,6,5,15,4,14,7,12,11,
4,7,11,8,18,34,5,13,27,16,12,17,6,15,22,
13,20,21,
6,22,25,26,8,30,5,20,24,13,
15,6,12,16,27,13,22,5,17,34,18,11,7,4,8,42,
21,22,25,26,30,5,20,24,13,
25,24,26,8,18,34,5,13,27,16,12,17,6,15,22,
11,13,7,14,4,27,16,5,12,17,6,15,8,18,
7,11,18,13,4,27,16,5,12,17,6,15,8,22,
44,5,6,22,25,26,13,8,30,20,24,16,
20,5,30,26,25,22,21,13,24,46,
15,6,12,16,27,22,5,17,34,18,26,24,8,25,13,47,
4,25,24,40,6,11,8,18,34,17,5,22,13,27,16,12,15,26,
4,27,25,24,47,40,17,53,6,11,34,8,18,5,22,13,16,12,15,26,
25,24,26,7,15,34,6,12,16,27,8,13,22,5,17,18,11,45,4,42,40,
29,28,37,13,31,20,32,43,21,
20,30,11,52,15,34,25,12,16,27,8,22,5,24,17,18,26,13,6,47,40,
14,25,40,34,15,7,11,18,13,4,27,16,42,5,22,49,12,17,6,45,8,
6,8,29,31,32,25,20,46,5,30,43,26,13,51,22,21,24,
13,20,31,37,29,39,28,32,21,
42,18,40,17,5,45,22,13,8,4,27,16,12,6,11,34,15,7,26,24,25,55,
16,8,6,15,44,25,20,17,46,5,30,26,13,51,22,24,21,50,
15,17,12,27,18,16,44,5,22,6,25,8,26,50,13,30,20,24,34,
6,8,29,31,32,25,20,46,5,30,43,26,13,51,22,21,24,
13,20,31,37,29,39,28,32,21,
20,31,37,29,39,28,32,21,
13,26,18,40,17,47,24,5,22,8,27,16,12,25,15,6,52,30,20,34,11,57,
28,37,64,26,6,25,8,29,31,32,13,51,20,46,5,43,24,30,22,21,
15,17,12,27,18,34,21,16,44,5,22,6,25,8,26,50,13,30,20,24,46,
24,30,39,56,29,5,28,37,13,31,32,20,43,21,
28,21,29,
39,56,22,28,51,5,37,64,26,6,29,25,8,31,32,13,59,20,43,46,24,30,68,21,
11,40,21,46,47,17,15,12,27,50,18,63,16,44,22,6,5,52,25,8,26,13,30,20,24,34,
11,40,47,51,46,62,15,17,12,27,50,18,34,21,44,63,16,52,5,69,22,6,25,8,26,13,30,20,24,
7,42,53,54,50,44,13,26,18,47,40,11,17,24,5,34,4,63,22,67,8,27,16,12,25,15,6,52,30,20,57,
43,74,12,11,40,47,16,51,20,46,15,62,17,27,50,18,34,21,52,44,13,63,5,69,22,6,25,8,26,30,24,
22,26,60,70,24,30,13,39,56,5,29,37,20,31,28,65,32,43,21,
11,40,47,24,20,30,13,26,8,25,6,22,69,5,52,16,63,44,21,34,18,50,27,12,59,17,15,62,46,51,29,31,32,43,
50,17,44,15,16,43,39,68,56,22,51,28,37,8,5,64,6,26,29,25,31,32,72,13,59,30,20,46,24,21,62,
66,46,59,8,6,64,51,31,22,26,25,72,37,70,24,77,30,60,13,39,56,5,28,29,20,43,65,32,68,21,
20,31,37,71,32,21,39,28,29,
13,65,32,39,60,37,31,29,28,21,71,20,66,
59,66,46,51,8,25,6,64,31,22,26,37,70,24,77,30,60,13,39,56,5,28,29,20,43,65,32,68,21,
80,6,43,66,29,46,59,22,8,64,51,31,68,26,25,72,37,70,24,77,30,60,13,39,56,5,28,65,20,32,21,44,
51,46,25,8,6,64,31,22,26,37,70,24,77,30,60,13,39,56,5,28,29,20,43,66,65,32,21,
13,32,39,60,37,31,29,28,21,71,20,66,
83,21,59,28,66,46,77,51,20,8,70,39,25,56,6,37,68,64,31,22,26,24,30,60,29,13,72,5,43,65,32,
13,81,37,66,20,31,71,32,21,39,28,29,
88,37,20,71,13,81,32,31,21,39,28,66,29,60,
89,21,88,37,20,71,13,81,32,31,39,65,28,66,29,60,86,
44,80,82,71,13,83,46,21,59,22,28,65,66,29,77,51,20,87,8,70,39,25,56,85,6,43,37,68,31,64,26,24,30,60,72,5,32,86,
62,16,15,17,50,79,71,82,44,80,13,83,46,21,59,22,28,65,66,29,77,51,20,87,8,70,39,25,56,43,37,68,31,64,26,24,30,60,72,84,5,32,6,85,
25,46,43,5,56,30,24,70,26,22,86,60,29,66,28,65,39,31,32,81,13,71,20,37,88,21,89,82,77,
5,43,56,82,90,30,71,89,13,32,21,88,31,37,20,39,81,65,28,66,29,86,60,
62,16,15,17,50,79,84,81,44,85,80,39,82,71,30,13,83,46,87,21,59,22,28,65,24,66,25,29,70,77,51,20,91,8,56,6,5,88,43,37,68,31,72,64,26,60,32,86,
16,84,81,44,85,80,39,82,71,30,13,83,46,87,88,5,21,59,22,28,65,24,66,25,29,70,77,51,20,91,8,56,43,37,68,31,72,64,26,60,32,86,6,89,
68,59,83,64,6,8,51,85,90,31,25,56,46,77,43,72,5,30,24,86,70,39,93,26,60,29,66,28,65,32,81,13,71,20,82,37,88,21,22,89,
77,26,70,24,46,25,94,65,5,43,56,82,32,71,13,30,89,90,31,60,21,37,66,20,39,22,81,28,86,88,29,93,
84,87,80,44,91,68,25,59,83,64,21,6,97,8,51,85,90,31,56,13,46,89,77,43,86,72,29,94,5,30,24,70,39,82,93,26,60,66,28,71,65,22,32,81,20,37,88,
Future sets, 
23,2,19,38,10,
3,36,35,33,10,38,23,41,19,9,
19,38,10,
36,35,10,38,23,41,19,
54,53,10,45,49,36,75,55,14,33,7,48,58,35,23,61,42,38,19,41,9,
94,30,26,70,24,93,51,46,98,25,77,22,14,12,23,11,8,61,85,68,15,64,87,34,80,27,72,83,59,91,38,84,99,44,97,50,52,35,41,78,18,92,55,75,79,42,95,36,73,58,33,63,57,69,16,40,47,96,17,54,76,45,74,49,53,67,48,62,
85,68,64,87,80,97,72,83,59,91,84,99,44,19,50,96,16,62,17,92,95,79,42,73,14,57,53,76,75,55,54,12,41,33,61,67,38,23,58,35,36,74,15,45,48,78,49,40,11,18,47,34,63,69,52,27,
49,55,45,75,14,36,48,58,35,23,61,38,33,41,42,19,
85,68,64,87,80,72,83,59,91,84,99,44,38,50,15,52,35,41,78,97,18,92,55,75,79,42,36,73,58,33,34,63,27,57,69,40,47,96,17,54,76,45,74,49,61,53,95,16,67,48,62,
36,41,19,23,38,35,
38,19,
49,48,45,40,36,35,58,23,38,61,33,41,54,78,55,75,76,53,57,67,73,74,42,
38,36,35,33,18,47,76,49,78,34,63,57,69,40,52,75,45,74,54,55,61,58,53,42,67,73,41,48,27,
88,65,82,86,90,89,60,48,56,43,94,30,26,70,22,75,77,24,49,42,95,40,93,45,98,34,87,25,78,58,99,46,61,55,96,53,54,57,67,47,59,80,72,83,64,68,85,44,97,51,92,63,52,84,76,91,50,62,73,69,79,74,
48,58,36,35,23,38,33,41,
35,41,18,75,79,36,95,33,92,34,63,27,57,69,40,52,47,17,76,45,74,54,78,49,55,61,58,53,42,67,73,48,62,
96,50,41,75,79,95,92,34,63,27,57,69,40,52,47,17,76,45,74,54,78,49,55,61,58,53,42,67,73,48,62,
79,95,92,27,34,63,57,69,40,52,75,47,76,45,74,54,78,49,55,61,58,53,42,67,73,48,62,
49,34,57,69,63,40,52,75,47,45,74,54,78,55,61,58,76,53,42,67,73,41,48,

81,88,66,65,82,86,90,89,60,56,43,30,67,94,57,77,78,74,79,50,87,97,69,92,73,62,99,91,44,75,95,76,46,83,93,84,96,59,63,98,51,85,68,64,72,80,70,
69,62,74,51,73,46,76,43,32,31,29,66,71,64,78,59,96,39,37,68,99,81,88,97,60,65,82,86,90,89,56,93,87,79,94,70,83,91,92,95,72,84,80,85,98,77,
77,49,42,40,45,34,25,58,99,61,55,96,53,54,95,57,98,67,47,59,80,72,83,87,46,64,68,85,44,51,92,63,52,93,84,76,75,91,50,62,73,69,97,79,74,78,
38,
70,26,67,78,74,79,50,91,97,69,92,51,73,62,44,85,75,95,54,76,46,87,93,52,84,99,96,55,63,98,57,68,64,83,72,80,59,47,53,61,77,
58,61,55,53,54,57,67,47,59,80,72,83,87,64,68,85,51,98,63,96,52,99,84,93,46,76,95,75,44,91,62,73,92,69,97,50,79,74,78,
78,74,79,50,97,69,92,73,62,91,44,75,95,76,46,93,84,99,52,96,63,98,51,85,68,64,87,83,72,80,59,47,67,57,54,53,55,61,77,
34,57,69,63,40,52,75,47,45,74,54,78,55,61,58,76,53,42,67,73,48,49,
71,39,37,68,99,81,88,66,97,65,96,82,86,90,89,56,87,79,94,70,93,83,60,91,92,95,72,84,80,85,98,77,
71,64,78,59,39,37,68,99,81,88,66,97,65,96,82,86,90,89,56,87,79,94,70,93,83,60,91,92,95,72,84,80,85,98,77,
94,77,78,74,79,50,97,69,92,73,62,91,44,75,95,76,46,93,84,99,96,63,98,51,85,68,64,87,83,72,80,59,57,67,70,
64,78,59,37,68,99,81,88,66,97,65,96,82,86,90,89,56,87,79,94,70,93,83,60,91,92,95,72,84,80,85,98,77,
81,88,59,77,98,85,97,80,91,84,72,95,99,92,96,83,87,93,70,94,79,56,78,60,89,90,86,82,64,68,65,66,
41,
69,63,52,47,45,40,57,74,54,78,61,55,75,58,76,42,53,67,73,
41,
41,
81,68,88,66,65,82,86,90,89,56,79,94,70,93,87,83,60,96,92,99,95,72,84,91,80,97,85,98,77,

81,79,72,70,88,66,60,83,89,90,86,94,77,98,93,85,87,97,80,91,84,95,99,82,92,96,65,
54,78,55,75,76,53,61,57,67,58,73,74,

75,45,55,58,61,
76,68,64,78,56,79,94,70,93,87,83,96,92,99,95,72,84,91,80,97,85,98,77,59,
96,99,84,76,75,91,62,73,95,69,63,92,50,79,74,78,
58,61,55,
93,73,98,51,74,97,85,62,68,91,64,87,76,99,83,72,95,80,84,92,69,79,59,96,78,
73,75,67,78,57,54,76,74,52,

58,
75,73,62,95,69,92,74,63,79,76,78,
85,68,64,76,74,83,72,97,80,84,92,79,59,96,91,78,95,62,99,87,
76,74,57,78,67,75,73,
75,54,
75,
61,
94,79,70,87,83,96,92,99,95,84,91,80,97,85,93,98,77,72,
75,67,

83,72,97,84,92,79,80,91,78,95,99,96,87,
89,90,86,94,77,98,93,85,87,97,80,91,84,95,99,82,92,96,83,

92,95,74,79,76,78,
78,73,74,76,75,
68,85,72,97,80,84,92,79,96,91,95,99,83,87,
90,94,77,98,93,85,87,97,80,91,84,95,99,82,92,96,83,
89,88,90,82,96,92,99,95,84,91,80,93,98,97,94,83,87,85,86,
75,
72,97,84,92,79,80,91,95,99,96,83,87,
78,76,74,
83,96,92,99,95,84,91,80,97,87,85,93,98,77,
86,92,91,81,94,89,96,90,97,98,93,95,82,99,88,
97,92,80,91,95,84,79,99,96,87,

76,


98,93,85,87,97,80,91,84,95,99,92,96,83,

95,92,
84,91,99,92,96,95,
89,96,90,97,94,98,93,95,99,88,
95,99,96,91,92,93,98,97,94,
97,87,92,99,91,96,95,
99,96,95,92,
97,92,91,96,99,95,
93,95,96,90,97,94,99,98,91,
92,91,96,99,95,
95,93,98,99,94,97,90,96,89,
96,90,97,94,99,98,93,
94,99,98,97,
99,96,95,

98,99,97,
99,98,


99,


Past links sets, 


0,
1,



4,
5,
1,4,
2,3,4,
5,6,
5,6,

5,6,7,
6,8,
6,8,
15,16,
12,15,
6,7,9,10,


5,13,
9,0,11,14,3,
5,13,
22,
24,
12,17,

21,
13,5,20,
21,
21,
15,14,1,12,11,
18,22,27,
9,15,3,14,12,11,
9,15,3,14,12,11,
28,29,31,
10,12,8,23,
28,29,
11,34,
16,36,35,33,18,
7,11,34,
13,20,21,
6,25,26,30,8,
42,
21,26,25,30,
25,26,34,
11,27,18,13,14,
27,7,18,22,11,
16,44,
46,
47,
4,26,25,40,
47,53,
26,25,40,45,
32,37,43,
30,40,52,
49,45,40,14,25,
6,8,29,51,31,43,32,
13,39,37,32,20,
55,
17,50,51,
34,50,
6,8,29,51,31,43,32,
13,39,37,32,20,
20,32,37,39,
57,
37,64,
34,46,50,
30,24,39,56,
28,29,
56,39,59,68,
40,46,52,63,
69,40,62,63,52,
54,63,42,67,
43,74,
22,65,60,70,26,
69,59,52,63,40,62,
62,72,
66,72,77,
20,71,39,37,32,
60,65,66,71,
59,66,68,77,
44,80,
64,66,77,
60,66,71,
72,83,
13,66,81,
60,88,
65,86,89,
44,80,87,82,86,85,
79,87,82,85,84,
46,89,86,82,77,
56,82,30,90,
79,84,88,91,
84,89,16,91,
93,72,83,90,85,
93,94,
91,84,94,97,
Future links sets, 
23,2,
9,33,3,
10,
36,23,35,10,
53,10,9,7,
24,30,8,22,11,12,14,
64,19,16,44,11,12,14,59,15,
42,49,19,14,
64,59,15,16,38,44,
36,35,23,19,
38,19,
49,48,42,40,23,33,35,36,
36,18,33,38,27,35,
60,48,88,22,24,30,65,43,
48,23,33,35,58,36,
36,17,18,33,35,
50,96,41,17,
62,27,
48,41,49,34,

81,66,30,60,65,43,
46,29,31,32,43,
77,49,34,25,
38,
70,26,
55,44,46,58,47,53,
77,55,44,46,47,53,
48,49,34,
71,39,37,
71,39,37,59,64,
94,44,46,57,70,
64,59,37,
66,65,56,81,59,64,60,
41,
40,42,69,47,63,
41,
41,
81,68,56,66,60,65,

72,60,65,81,70,66,
78,74,73,53,58,55,57,

75,45,
64,59,76,56,
91,84,50,
58,55,
93,73,69,51,
54,52,

58,
69,63,62,
62,64,59,
74,78,73,57,
54,
75,
61,
94,72,70,
67,

83,78,72,
89,86,82,77,

78,79,74,
75,74,78,73,
85,68,
90,82,77,
88,86,80,85,82,83,
75,
83,72,
78,74,
77,
82,86,81,
97,87,80,79,

76,


93,83,85,80,

95,92,
91,84,
88,
94,93,92,91,
97,87,
99,96,95,92,
97,92,91,
93,91,90,
92,91,
95,89,
96,93,90,
97,94,
99,96,95,

98,97,
99,98,


99,


Coordinates,
0.309722,0.856484,
0.197524,1.56636,
2.19918,0.526424,
2.03856,1.36749,
1.44854,2.21207,
0.666561,3.68473,
1.25137,3.17664,
2.86952,2.24489,
2.23708,3.5352,
4.42397,1.43163,
5.42455,0.434438,
3.42526,2.52274,
3.36045,2.95086,
0.970056,5.49671,
4.61797,1.90315,
3.49867,3.33589,
3.67211,3.57435,
4.1482,3.40818,
4.52956,3.10718,
7.68242,0.0390902,
1.4039,6.35035,
0.0782814,7.72041,
3.36358,4.52182,
7.26249,0.734021,
3.16842,4.95433,
3.59704,4.60902,
3.39419,4.85631,
4.99603,3.31864,
0.0238443,8.63434,
0.741007,7.94452,
3.46433,5.35889,
1.28952,7.6642,
1.7796,7.35038,
7.65725,1.48454,
5.76174,3.39652,
7.98028,1.24209,
8.26867,1.01862,
1.80123,7.74679,
9.24272,0.356379,
1.35156,8.27934,
6.61561,3.06172,
8.8978,1.00754,
7.34808,2.62696,
3.95438,6.1119,
5.46674,4.74119,
7.77466,2.45163,
4.9201,5.42901,
6.92356,3.45281,
8.75353,1.63053,
8.52648,2.01043,
5.97731,4.57167,
5.28652,5.37438,
7.29566,3.40442,
7.79372,3.00054,
7.88493,3.00074,
8.72067,2.24379,
4.49552,6.56941,
7.90475,3.17244,
9.54439,1.66822,
5.83744,5.45504,
3.53935,7.78838,
9.28593,2.08469,
6.71428,4.66563,
7.51587,3.95945,
5.85342,5.67611,
4.54274,7.06547,
3.2985,8.31393,
8.41075,3.23679,
6.05524,5.71962,
7.64392,4.13939,
5.15358,6.74759,
2.08265,9.89382,
6.5148,5.72462,
8.81657,3.50581,
8.87774,3.61034,
9.89629,2.77726,
9.07313,3.63171,
5.94324,6.78054,
9.13984,3.80504,
7.67294,5.31045,
7.39295,6.51578,
3.99789,9.97286,
5.7063,8.41552,
7.25993,6.92455,
7.60963,6.57516,
7.1745,7.02385,
5.13926,9.15527,
7.54976,6.78656,
4.60112,9.82021,
4.93874,9.79195,
6.25061,9.72242,
8.35422,7.62619,
9.75149,6.7885,
7.91795,8.81195,
7.024,9.81805,
9.76268,7.24099,
9.15339,8.18776,
8.85457,8.6693,
8.38125,9.59358,
9.23147,8.83664,
