Storage option,sets
Size,50
Dimension,2
Shape,cube
Spacetime,BlackHole
Past sets, 

0,
0,
1,0,2,
1,0,2,
3,4,1,0,2,
2,0,1,4,
3,4,1,0,2,
2,0,1,3,
3,4,1,0,2,
4,8,1,2,0,3,5,
4,1,0,2,6,
5,7,8,9,2,3,4,1,0,
4,8,1,2,0,3,5,
5,7,8,9,2,3,4,1,0,
12,14,3,5,7,8,9,2,4,1,0,
5,7,8,9,2,3,4,1,0,
7,13,2,4,8,1,0,3,5,10,
7,13,2,4,8,1,0,3,5,10,
5,6,7,9,2,3,4,1,0,
6,15,2,12,14,1,3,5,7,8,9,4,0,

1,0,2,
7,10,4,8,1,2,0,3,5,9,
3,9,11,4,1,0,2,6,
5,6,7,9,2,3,4,1,0,
0,4,9,8,7,5,1,14,12,2,15,6,3,20,
10,20,3,6,15,2,12,14,1,5,7,8,9,4,0,16,
8,0,1,24,4,2,25,9,7,6,5,3,11,19,12,
8,12,19,3,5,6,7,9,25,2,4,1,0,
5,2,3,9,11,0,4,24,1,6,7,
0,22,11,1,2,4,6,3,
11,3,5,6,7,9,25,2,4,24,1,0,
26,16,14,15,20,10,29,12,8,25,19,2,3,5,6,7,9,4,1,0,27,
17,13,18,23,27,8,10,20,1,3,6,15,2,12,14,5,7,26,9,4,0,16,
14,15,20,11,24,29,12,8,25,19,2,3,5,6,7,9,4,1,0,28,
13,23,27,10,16,26,35,12,14,15,20,11,24,1,29,6,8,25,2,19,3,5,28,7,9,4,0,33,
26,30,35,12,14,15,20,11,24,1,29,6,8,25,2,19,3,5,28,7,9,32,4,0,
17,13,18,23,27,10,16,26,35,12,14,15,20,11,24,1,29,6,8,25,2,19,3,5,28,7,9,4,0,33,
22,28,19,12,8,29,32,11,3,5,6,7,24,9,25,2,4,1,0,30,
27,10,16,37,8,26,30,1,35,6,12,14,15,20,11,24,29,0,25,2,19,3,32,5,28,7,9,4,33,
21,12,19,8,28,30,22,32,11,3,5,6,7,24,9,25,2,4,1,0,31,
17,13,18,23,27,10,16,26,35,12,14,15,20,11,24,1,29,6,8,25,2,19,3,5,28,7,9,4,0,33,
17,18,23,13,36,40,9,27,10,16,37,6,8,26,30,1,32,35,4,12,14,15,20,11,24,29,0,25,2,33,19,3,5,28,7,
36,32,30,38,1,17,13,18,23,27,10,16,26,35,12,14,15,20,11,24,29,6,8,25,2,19,3,5,28,7,9,4,0,37,33,
7,28,5,19,33,2,25,29,24,11,20,15,14,12,4,35,32,1,30,26,8,0,37,16,10,27,9,3,40,36,13,23,18,17,6,43,
38,45,4,7,28,5,19,33,2,43,25,29,24,11,20,15,14,12,35,32,1,30,26,8,0,37,16,10,27,9,3,44,40,36,13,23,18,17,6,
17,18,22,23,13,36,40,9,27,10,16,37,6,8,26,30,1,32,35,4,12,14,15,20,11,24,29,0,25,2,33,19,3,5,28,7,
17,18,21,31,23,13,36,22,39,40,9,27,10,16,37,6,8,26,30,1,32,35,4,12,14,15,20,11,24,29,0,25,2,33,19,3,5,28,7,
21,31,38,39,43,47,6,17,18,22,23,13,36,40,9,27,10,16,37,8,26,30,1,32,35,4,45,12,14,15,20,11,24,29,0,25,2,33,19,3,5,28,7,
Future sets, 
1,22,6,11,4,3,46,31,24,9,8,7,5,48,42,30,32,25,19,16,14,13,28,35,20,37,26,15,41,39,29,38,49,12,45,18,47,10,44,34,43,23,17,36,27,33,40,2,
22,6,11,4,3,46,31,24,9,8,7,5,48,42,30,32,25,19,16,14,13,28,35,20,37,26,15,41,39,29,38,49,12,45,18,47,10,44,34,43,23,17,36,27,33,40,
22,6,11,4,3,46,31,24,9,8,7,5,48,42,30,32,25,19,16,14,13,28,35,20,37,26,15,41,39,29,38,49,12,45,18,47,10,44,34,43,23,17,36,27,33,40,
31,24,9,8,7,5,42,30,32,25,19,16,14,13,28,35,20,37,26,15,41,39,29,38,49,12,45,18,47,10,44,34,43,23,17,36,46,27,33,40,48,
9,7,11,24,31,6,5,42,30,32,25,19,16,14,13,28,35,20,37,26,15,41,39,29,38,49,12,45,18,47,10,44,34,43,23,17,36,46,27,33,40,48,
30,32,25,19,16,14,13,28,35,20,37,26,15,41,39,29,38,49,45,18,47,44,34,43,42,23,17,36,46,27,33,40,48,10,12,
31,35,19,42,38,40,36,48,37,44,43,46,49,39,41,45,28,30,32,47,24,11,33,29,20,26,34,27,25,
30,32,25,23,19,18,17,16,12,41,29,39,15,44,38,48,47,49,20,26,36,40,42,27,46,33,34,37,43,14,45,35,28,
16,14,13,28,35,20,37,26,15,41,39,29,38,49,45,18,47,44,34,43,42,23,17,36,46,27,33,40,48,10,12,
25,30,32,24,23,19,16,12,41,29,39,15,44,38,48,47,49,20,26,36,40,42,27,46,33,34,37,43,14,45,35,28,
40,33,27,36,23,43,48,34,42,44,47,18,17,46,45,49,38,
24,47,32,30,28,45,41,39,49,46,43,44,37,48,36,40,38,42,35,31,
29,39,41,15,38,44,48,47,49,26,36,40,42,27,46,33,34,37,43,20,45,35,28,
36,43,48,34,42,44,47,18,17,46,45,49,38,
35,45,20,43,37,34,33,46,27,42,40,36,26,49,47,48,44,38,15,
38,44,48,47,49,36,40,42,27,46,33,34,37,43,45,26,35,20,
45,38,43,48,47,49,36,40,42,46,33,34,44,27,
48,47,43,42,44,46,45,34,49,38,
48,47,43,42,44,46,45,34,49,38,
33,29,28,45,41,39,49,46,43,44,37,48,47,36,40,38,42,35,
35,26,43,37,34,33,46,42,40,36,49,47,48,44,27,38,45,
49,48,41,
47,39,31,41,49,48,
42,36,47,34,45,48,44,43,46,49,38,
32,30,28,45,41,39,49,46,43,44,37,48,47,36,40,38,42,35,
32,33,29,28,45,41,39,49,46,43,44,37,48,47,36,40,38,42,35,
37,34,33,46,42,40,36,49,47,48,44,43,38,45,
34,33,46,42,40,36,49,47,48,44,43,38,45,
41,39,45,49,46,43,44,37,48,47,36,40,38,42,35,
39,37,35,33,46,42,40,36,49,47,48,44,43,38,45,
41,37,48,44,45,49,46,43,47,40,39,
49,48,41,
41,37,48,44,45,49,46,43,47,40,39,
42,40,36,47,48,44,43,46,49,38,45,

42,38,40,36,47,48,37,44,43,46,49,45,
48,47,44,43,46,49,45,
44,45,49,46,43,47,48,40,
46,49,44,
49,48,
48,47,43,46,49,45,


46,49,45,
46,
49,46,

49,


Past links sets, 

0,
0,
1,2,
1,2,
3,4,
4,
3,4,
3,
3,4,
5,8,
6,
5,7,8,9,
5,8,
5,7,8,9,
12,14,
5,7,8,9,
7,10,13,
7,10,13,
5,6,7,9,
6,15,

1,2,
7,9,10,
9,11,
5,6,7,9,
20,
16,10,20,
12,19,24,25,
12,19,25,
5,7,24,
3,11,22,
24,25,
26,27,29,
17,27,26,23,18,
20,28,29,
13,23,33,35,
26,32,30,35,
17,35,33,23,18,
22,32,30,29,28,
33,37,
21,32,31,30,28,
17,35,33,23,18,
17,18,36,40,
36,37,38,
43,
44,45,
17,36,22,40,18,
21,18,40,17,39,36,31,
21,31,47,45,39,38,
Future links sets, 
2,1,
22,4,3,
22,4,3,
5,7,8,31,9,
9,7,6,5,
30,19,16,10,12,13,25,14,
25,20,19,11,
30,19,18,23,12,17,25,14,16,
16,10,12,13,14,
24,23,12,25,14,19,16,
23,18,27,17,
31,24,
29,28,15,
36,18,17,
15,
20,
27,
48,47,34,38,43,42,
48,47,34,38,43,42,
29,28,
35,27,26,
49,48,41,
47,39,31,
42,38,36,34,
32,30,28,
32,29,28,
37,34,33,
34,33,
41,39,35,
39,35,33,
41,39,37,
49,48,41,
41,39,37,
42,40,38,36,

38,42,37,36,
47,44,48,43,
44,40,
49,44,
49,48,
47,48,43,


45,
46,
49,46,

49,


Coordinates,
0.0782814,8.81657,
0.309722,8.87774,
0.197524,8.38125,
1.7796,8.8978,
0.741007,7.65725,
3.36358,8.52648,
0.970056,5.85342,
3.36045,7.98028,
4.61797,9.13984,
2.86952,7.25993,
7.024,9.54439,
1.44854,3.95438,
4.93874,7.34808,
7.54976,9.89629,
5.94324,7.91795,
6.05524,7.64392,
6.92356,8.41075,
7.77466,9.23147,
7.79372,9.24272,
4.52956,5.97731,
6.25061,7.67294,
0.0238443,1.4039,
0.666561,2.03856,
7.51587,8.75353,
3.2985,4.42397,
4.1482,4.99603,
6.61561,7.39295,
7.1745,7.60963,
5.15358,4.9201,
5.7063,5.46674,
3.42526,3.16842,
2.23708,1.80123,
4.49552,3.53935,
7.26249,5.76174,
9.76268,7.90475,
6.5148,4.54274,
7.68242,4.60112,
6.71428,3.59704,
8.85457,5.13926,
5.83744,2.08265,
7.29566,3.46433,
5.28652,1.25137,
9.75149,5.42455,
8.35422,3.67211,
9.15339,3.99789,
8.72067,3.49867,
9.28593,3.39419,
8.26867,2.19918,
7.88493,1.28952,
9.07313,1.35156,
