Storage option,sets
Size,75
Dimension,2
Shape,cube
Spacetime,BlackHole
Past sets, 




1,
0,



0,5,
0,
6,
0,5,
1,4,


2,7,8,
1,13,4,14,
3,7,
1,4,14,
2,4,1,13,
2,1,4,
7,3,8,
15,
3,9,10,6,12,5,0,11,
2,16,22,7,3,8,
3,9,10,6,12,5,0,11,
6,7,3,18,
1,3,16,2,7,8,
14,20,13,2,4,1,17,
5,9,6,3,18,7,0,11,
14,4,2,13,1,21,20,17,
17,14,20,13,4,1,2,19,
4,8,7,2,16,3,1,28,
2,13,19,15,4,23,1,14,17,
1,4,16,2,7,8,
17,14,4,15,19,13,2,1,23,34,
4,22,28,1,3,16,25,2,7,8,
11,22,16,2,27,6,7,3,1,18,8,25,
22,28,3,35,2,1,4,16,7,8,33,
18,22,28,2,1,3,16,25,7,4,33,37,8,
4,6,18,22,28,1,3,16,25,2,7,8,
2,13,19,15,4,23,1,14,17,
36,23,17,4,14,1,15,2,19,13,34,20,
19,8,31,20,14,4,2,13,1,21,17,29,
6,35,18,1,22,28,39,2,40,3,37,16,33,25,8,7,4,
3,13,35,2,1,4,16,7,8,21,
15,29,21,32,17,14,20,8,31,13,2,4,1,19,
29,21,20,36,23,17,4,14,1,15,31,2,19,32,13,34,
15,29,21,32,17,14,20,8,31,13,2,4,1,19,
28,46,7,3,16,13,35,2,1,33,4,8,21,
7,8,31,20,14,4,2,13,1,21,17,16,
43,36,2,19,23,17,34,4,14,1,15,13,20,42,
22,16,33,28,46,7,3,50,13,35,1,4,21,8,2,39,
3,13,20,35,2,1,4,16,7,8,21,
1,43,36,2,19,23,17,34,4,14,52,15,32,13,20,42,
1,19,2,13,8,20,31,14,17,4,21,29,32,15,49,
1,19,2,13,8,20,31,14,17,4,21,29,32,15,49,
21,29,43,36,2,19,23,17,34,4,14,1,15,32,13,20,
11,21,27,41,7,6,25,35,16,18,37,1,39,22,3,28,2,40,33,8,45,4,
22,39,46,28,54,2,3,16,13,20,7,35,1,33,4,8,50,21,
44,1,56,19,2,13,8,57,20,31,14,17,4,21,29,32,15,49,
34,2,13,42,19,15,4,23,1,14,17,
36,23,34,2,15,13,42,19,62,4,17,1,14,
8,48,29,21,43,2,20,1,36,17,23,4,14,15,34,31,19,32,13,47,
8,31,48,52,42,1,20,21,29,2,43,36,58,17,19,23,4,34,15,55,14,32,13,
8,31,2,29,21,43,20,48,1,47,36,13,64,17,23,4,14,15,34,19,32,58,
13,50,46,59,1,11,40,21,27,41,7,6,35,25,16,45,18,37,8,39,22,3,28,2,33,4,53,
20,63,36,2,19,23,34,17,15,13,42,62,4,1,14,43,
5,9,38,13,46,0,59,1,11,40,21,50,27,41,7,6,35,25,16,45,18,37,8,39,22,3,28,2,33,4,
7,47,34,23,36,15,44,21,56,19,1,48,13,8,31,57,20,61,14,17,4,29,32,2,49,
13,9,5,30,0,59,1,11,40,21,27,41,7,6,35,25,16,45,18,37,8,39,22,3,28,2,33,4,38,
8,31,48,52,42,1,20,21,29,2,43,36,58,17,19,23,4,34,15,55,14,32,13,
70,7,36,47,34,23,15,44,21,56,19,48,1,13,8,31,57,20,49,2,61,32,14,17,4,29,16,
8,31,48,52,42,1,20,21,29,2,43,36,58,17,19,23,4,34,15,55,14,32,13,
Future sets, 
5,71,12,30,69,24,9,26,10,
38,4,57,41,37,35,40,45,39,33,59,21,74,13,66,54,71,50,69,67,53,46,60,19,72,17,70,58,48,42,73,20,32,62,31,52,43,68,36,63,64,47,29,44,61,49,65,34,56,51,55,28,
42,62,36,63,34,21,64,47,70,44,61,72,66,29,49,48,65,74,57,56,58,31,68,32,55,43,52,59,45,67,20,25,71,38,40,41,33,37,60,53,35,54,69,46,28,51,50,73,39,16,
54,46,50,33,22,59,30,38,67,69,40,27,71,45,41,18,53,24,39,60,37,25,26,28,
41,37,35,40,45,39,33,59,21,13,54,71,50,69,67,53,46,60,19,17,58,48,42,73,32,62,31,72,52,43,74,68,36,63,64,47,70,29,44,61,20,66,49,65,34,57,56,51,55,
12,30,69,24,9,26,71,
45,41,11,67,69,24,59,26,38,71,27,30,
70,27,30,18,16,39,73,50,51,28,46,22,69,54,35,53,60,37,33,41,40,38,71,25,67,45,59,
74,65,56,57,49,64,66,47,61,70,44,16,39,73,50,51,28,46,22,69,54,35,53,60,37,33,41,40,38,71,72,25,67,45,59,
69,24,26,71,30,
26,24,
67,69,24,59,26,38,71,30,
26,24,
71,50,69,67,53,46,54,60,17,48,42,73,62,31,52,43,74,68,36,63,32,64,47,70,44,61,72,66,29,49,65,34,57,56,58,51,20,55,
17,48,42,73,62,31,52,43,74,68,36,63,32,64,47,70,44,61,72,66,29,49,65,34,57,56,58,51,55,19,
61,56,57,49,34,72,23,70,47,63,36,55,74,73,48,65,42,68,64,43,66,62,52,58,
73,51,46,54,35,53,60,39,50,33,41,40,38,71,25,67,45,59,37,69,28,
42,62,52,43,68,36,63,64,47,70,44,61,72,66,29,49,48,65,74,57,73,56,58,31,51,32,55,34,
41,45,40,30,27,69,67,38,59,71,
44,42,62,52,43,68,63,34,32,66,49,58,48,65,64,47,70,36,73,56,74,57,72,55,61,
60,54,52,43,55,32,51,68,31,58,56,73,57,74,65,48,49,29,66,72,61,44,70,47,64,
71,59,58,54,50,69,60,67,53,46,31,65,48,56,73,57,74,49,66,72,51,61,44,70,47,64,
53,39,69,60,37,59,45,67,25,71,38,40,41,
34,72,70,63,36,55,74,73,48,65,68,64,43,62,66,52,58,42,

37,59,45,67,71,38,69,40,41,

67,38,71,69,59,
41,33,59,50,37,39,60,71,45,67,53,40,69,
58,56,57,65,49,72,74,61,73,48,44,66,70,47,64,
71,
56,57,65,49,72,51,74,61,73,48,44,66,70,47,64,
58,48,65,64,47,70,66,49,73,56,74,57,72,55,61,
50,39,60,71,45,67,59,53,69,40,
70,63,36,73,48,65,68,64,43,66,55,72,52,74,58,62,
54,50,39,60,71,45,67,59,53,69,46,
63,70,73,48,65,68,64,43,66,55,52,74,58,72,
45,59,67,71,69,40,
71,69,
60,45,59,67,53,71,69,
69,71,67,59,45,
67,71,69,59,
63,68,52,65,74,72,55,62,
68,64,66,52,65,58,74,72,55,
70,73,61,
67,71,69,59,
53,67,60,69,50,
73,70,66,64,
74,72,73,64,66,65,70,
57,56,61,70,73,
69,60,67,53,

72,74,65,55,
67,
60,
74,72,65,
70,73,61,
70,73,61,
74,72,66,65,
71,69,67,

73,70,
68,63,
68,
66,





73,




Past links sets, 




1,
0,



5,
0,
6,
5,
4,


2,7,8,
13,14,
3,7,
4,14,
2,13,
2,4,
7,3,8,
15,
3,12,11,10,9,
16,22,
3,12,11,10,9,
6,18,
3,1,16,
17,20,
9,11,18,
17,20,21,
17,19,20,
4,28,
2,17,19,23,
4,16,
34,
4,25,28,
1,11,25,27,
22,33,35,
18,33,37,
4,18,25,28,6,
2,17,19,23,
20,36,
8,19,29,31,
6,39,40,
3,13,21,35,
8,32,31,29,15,
29,32,31,36,
8,32,31,29,15,
33,46,
16,31,
42,43,
39,50,
3,21,20,35,
32,52,
49,
49,
21,29,32,43,
11,45,41,21,27,
50,39,54,
44,56,57,
34,42,
36,62,
47,43,48,
55,8,48,58,
58,64,
53,59,
43,63,
38,50,9,59,
7,47,48,61,
30,13,38,59,
55,8,48,58,
16,70,
55,8,48,58,
Future links sets, 
10,5,
38,28,4,
16,21,42,20,34,
54,28,18,22,46,24,26,
37,35,13,33,41,19,21,
12,9,
45,27,41,11,
70,22,18,16,
74,72,65,49,16,47,22,44,
30,26,69,24,
26,24,
24,59,26,30,38,
26,24,
71,46,20,17,
19,17,
49,47,23,
25,35,28,73,51,
29,34,42,31,32,
41,40,30,27,
44,34,42,32,
29,31,54,32,43,
59,31,46,54,58,
39,25,
42,34,

41,38,37,

59,38,
41,37,33,
44,49,58,47,48,
71,
51,44,49,47,48,
58,47,48,49,55,
50,40,39,
62,36,
46,54,39,
63,48,43,
40,
71,69,
53,60,45,
45,
59,
62,52,
64,68,58,52,
61,
59,
50,
70,64,
74,64,65,70,72,
57,56,
69,60,53,

55,
67,
60,
74,72,65,
61,
61,
74,72,66,65,
71,69,67,

70,
63,
68,
66,





73,




Coordinates,
0.0119222,1.04234,
0.0391407,3.95237,
0.0987622,3.67404,
0.154861,1.97719,
0.333281,3.97226,
0.370503,1.01928,
0.485028,1.50027,
0.625687,2.33281,
0.644762,2.85981,
0.675781,0.951575,
0.72427,0.428242,
0.8898,1.12244,
1.04133,0.509311,
1.11854,4.09388,
1.43476,4.4489,
1.58421,4.86121,
1.64925,2.30056,
1.68022,4.20537,
1.68179,1.53086,
1.6971,4.31717,
1.71263,3.83647,
1.73217,3.28471,
1.99895,1.7676,
2.0741,4.94814,
2.21198,0.0195451,
2.24776,1.70221,
2.26478,0.36701,
2.27137,1.22581,
2.30899,1.81586,
2.46005,3.51192,
2.46937,0.783179,
2.49801,3.39328,
2.57679,3.80481,
2.64326,1.79852,
2.71228,4.33465,
2.73337,1.97972,
2.85315,4.37676,
2.88087,1.55359,
2.91872,1.09959,
2.97162,1.74933,
3.02762,1.50037,
3.1253,1.26137,
3.2574,4.61574,
3.3078,4.26324,
3.35714,2.68719,
3.46178,1.47543,
3.512,1.83605,
3.58725,3.3738,
3.62996,3.67519,
3.63125,2.98866,
3.64783,1.76967,
3.69648,2.26091,
3.75794,4.20776,
3.77488,1.70409,
3.82863,1.84237,
3.84121,4.15696,
3.88733,2.86231,
3.89686,2.92671,
3.94247,3.82196,
3.95897,1.12189,
3.99014,1.72641,
4.13433,2.72752,
4.17711,4.90903,
4.19063,4.89598,
4.36033,3.39027,
4.40828,3.6205,
4.42728,3.39425,
4.43887,1.10604,
4.53657,4.56992,
4.5767,0.900613,
4.62136,2.74836,
4.64297,0.70195,
4.77219,3.81309,
4.87575,2.56963,
4.88134,3.86021,
