Storage option,sets
Size,50
Dimension,2
Shape,cube
Spacetime,BlackHole
Past sets, 

0,


0,1,2,
2,1,0,4,
3,
0,1,2,3,
0,6,1,3,2,
3,
6,3,9,

3,9,
4,5,7,8,1,0,6,3,2,

4,7,8,1,0,6,3,2,
4,5,7,8,1,0,6,3,2,
4,5,7,8,1,0,6,3,2,

11,
18,
2,3,0,1,8,7,5,4,6,17,
4,7,2,1,0,10,9,3,12,6,8,
14,18,20,
11,14,18,20,
7,2,1,0,10,9,3,12,6,8,
14,20,18,19,11,
7,2,1,0,10,9,3,12,6,8,
11,23,18,14,20,
11,8,6,3,9,10,0,1,2,7,12,25,
7,19,2,1,0,10,9,3,6,25,8,11,12,29,
24,19,26,14,28,11,18,23,20,
24,19,26,14,28,11,18,23,20,
23,18,11,28,14,26,19,24,20,31,
15,4,22,27,1,7,2,0,10,9,3,12,25,6,8,
19,24,14,28,11,18,23,20,
14,11,25,12,7,2,1,0,10,9,3,6,19,8,
11,23,18,14,20,
15,4,27,1,7,2,0,10,9,22,3,12,6,8,
31,26,35,24,19,14,28,11,33,18,23,20,
19,24,23,28,11,18,14,37,20,
18,4,22,27,29,36,2,19,14,11,25,8,12,7,1,0,10,9,3,6,30,
19,24,23,28,11,18,14,37,20,
3,9,10,0,1,30,7,12,8,11,14,19,25,2,36,6,29,22,27,4,18,41,
23,28,11,18,14,37,20,
44,11,23,28,18,14,37,20,24,
44,11,23,28,18,14,37,20,24,
3,32,33,35,26,31,37,14,18,11,28,23,24,19,42,20,40,39,
23,28,11,18,14,37,20,
4,22,24,18,20,26,27,29,36,2,19,14,11,25,8,12,7,1,0,10,9,3,6,30,
Future sets, 
49,16,17,34,5,22,43,41,21,15,38,4,27,7,30,29,25,13,36,8,1,
8,36,25,29,30,27,38,21,4,41,7,43,22,5,34,17,16,13,49,15,
8,36,25,29,30,27,38,21,4,41,7,43,22,5,34,17,16,13,49,15,
47,12,9,6,29,27,30,7,8,49,10,25,41,22,43,34,15,38,16,36,13,17,21,
41,43,22,5,34,17,38,21,16,13,49,15,
17,21,16,13,
27,30,8,49,29,10,25,41,22,43,34,15,38,16,36,17,13,21,
27,30,29,25,41,43,49,34,15,38,16,36,13,17,21,22,
27,30,29,25,41,43,49,34,15,38,16,36,13,17,21,22,
10,36,49,27,30,43,29,25,38,22,34,12,41,
27,30,29,36,25,22,43,34,41,49,38,
37,29,44,48,28,45,46,19,36,42,40,35,41,24,43,26,49,32,31,39,47,30,33,
27,30,29,36,25,22,43,34,41,49,38,

41,43,36,26,49,23,40,28,45,48,31,46,33,44,47,39,42,32,35,37,24,
38,34,

21,
41,37,35,32,42,39,24,47,44,33,31,48,45,28,40,46,23,49,26,43,20,
42,40,36,35,41,43,26,49,32,31,39,47,33,30,
26,49,23,40,28,45,48,31,46,33,44,47,39,42,32,35,37,24,

34,49,38,43,41,
28,45,48,31,46,33,44,47,39,42,32,35,40,37,
49,33,47,39,31,42,32,35,46,40,45,
36,29,43,41,34,49,30,
49,32,31,39,47,33,
34,49,38,43,41,
48,45,46,33,44,47,39,31,42,32,35,40,
41,43,49,30,
49,43,41,
39,47,33,
47,
47,39,

47,39,
49,43,41,
48,45,46,40,47,42,44,

47,
47,
43,
47,

46,45,





Past links sets, 

0,


1,2,
4,
3,
1,2,3,
2,1,6,
3,
6,9,

9,
5,7,8,

4,7,8,
5,7,8,
5,7,8,

11,
18,
17,
4,12,7,10,8,
14,20,
11,14,20,
8,10,7,12,
14,19,20,
8,10,7,12,
11,23,
11,25,
19,29,
24,26,28,
24,26,28,
31,
15,25,22,27,
19,24,28,
14,19,25,
11,23,
15,22,27,
33,35,
19,24,28,37,
18,36,30,27,22,
19,24,28,37,
41,
28,37,
24,44,
24,44,
3,42,32,40,39,
28,37,
22,24,36,26,30,27,
Future links sets, 
1,
8,7,4,
8,7,4,
9,47,7,6,
22,15,5,
17,16,13,
10,8,
25,22,13,15,27,16,17,
25,22,13,15,27,16,17,
12,10,
25,27,22,
37,19,24,29,28,
25,27,22,

36,26,24,23,
38,34,

21,
41,20,
42,40,26,36,30,35,
26,24,23,

41,38,49,34,
37,28,
49,45,42,31,32,46,35,40,
36,34,29,
49,32,31,
41,38,49,34,
48,44,42,31,32,35,40,
30,
49,41,
33,
47,
39,

39,
49,41,
48,44,42,40,

47,
47,
43,
47,

46,45,





Coordinates,
1.65928,1.99841,
2.06143,1.96804,
3.54183,2.0557,
0.388022,2.34137,
1.3194,1.76959,
0.579416,1.58175,
2.28252,2.1867,
2.60592,1.8171,
3.07297,1.84045,
1.81182,2.39092,
3.9006,2.16982,
0.296403,3.0629,
2.905,2.3047,
0.266624,0.815426,
0.0790097,3.3525,
1.79821,1.41574,
0.00953773,0.56156,
1.3701,1.26737,
0.0313126,3.52663,
1.14781,2.90397,
0.123889,3.5511,
0.894833,0.72049,
2.68571,1.43882,
0.71184,3.55912,
1.34418,3.19211,
3.66136,1.59916,
1.9755,2.93923,
2.91826,1.38573,
1.34543,3.41059,
3.34169,1.46884,
3.48827,1.39947,
2.42209,3.05757,
2.64624,2.95718,
2.50024,3.06918,
2.33498,0.833061,
2.3773,3.16718,
3.71437,1.35768,
1.84719,3.65594,
2.11461,0.500549,
2.8698,3.04385,
2.76942,3.3643,
3.30747,0.879671,
3.00635,3.50141,
3.15397,0.51581,
2.8096,3.81776,
3.10986,3.69259,
3.11749,3.69709,
3.90507,3.1619,
3.0199,3.95852,
3.62925,0.540625,
