Storage option,sets
Size,75
Dimension,2
Shape,cube
Spacetime,BlackHole
Past sets, 







4,

0,

0,
0,
5,


2,

4,7,0,9,

2,4,7,5,13,
10,15,
0,12,
0,10,14,15,
5,8,2,16,
2,8,19,
13,5,4,2,7,20,
14,15,10,21,
5,8,2,16,
8,19,
14,15,10,21,
2,8,
8,2,16,
8,19,
12,15,14,0,10,23,
10,15,
24,16,8,5,2,28,
9,20,7,2,4,5,0,13,26,
10,11,14,12,0,22,
23,10,0,14,15,12,34,
9,0,13,18,5,4,2,7,20,
24,25,5,31,16,2,8,19,32,
21,15,14,0,10,23,
25,31,29,16,2,8,19,32,
11,12,9,0,7,4,18,
4,9,11,0,12,
11,12,22,15,14,0,10,23,
13,4,7,20,24,16,8,5,2,28,
4,7,13,28,2,5,8,16,24,36,
4,7,0,9,12,11,18,44,
11,9,0,13,18,5,4,2,7,20,
20,7,2,4,5,18,26,13,0,9,40,
16,26,13,0,18,5,4,2,7,20,9,37,
11,20,7,2,4,5,18,26,13,0,9,40,
8,16,26,13,0,18,5,4,2,7,20,9,37,
19,8,33,
28,2,5,16,24,20,7,4,26,13,8,47,
29,19,8,33,
28,43,25,5,29,16,31,2,41,8,19,32,24,33,
8,16,26,13,0,18,5,4,2,7,20,9,37,
16,37,20,7,2,4,5,18,26,13,0,9,40,
20,7,2,4,5,18,13,0,9,11,50,
0,56,4,28,2,5,16,24,20,36,7,26,13,8,47,
26,0,18,47,13,4,7,20,24,8,37,16,5,2,28,9,
18,24,9,20,7,2,28,4,5,0,13,26,37,8,16,
2,11,12,9,13,0,7,4,5,18,
51,52,54,11,40,16,8,37,20,7,60,2,4,5,18,26,13,0,9,
33,24,32,19,8,41,2,16,29,5,31,25,43,
33,32,19,8,2,16,29,5,31,25,43,
25,2,33,8,19,55,29,31,57,
26,41,32,29,25,43,19,48,33,4,20,13,28,31,2,5,8,47,16,24,7,36,
13,36,4,33,24,19,32,28,41,43,25,5,2,31,58,29,16,8,
24,28,40,52,54,59,7,20,37,8,16,26,13,0,18,5,4,2,9,
48,56,16,8,37,64,47,18,63,5,24,9,20,36,7,2,28,62,4,0,13,26,
20,13,36,7,4,33,24,48,19,32,28,41,43,25,5,2,31,58,29,16,8,
Future sets, 
62,42,40,11,51,22,64,18,49,63,34,50,65,52,23,54,45,61,9,38,53,37,66,72,59,60,44,73,46,12,39,

65,31,69,25,53,37,51,26,40,24,63,56,32,61,52,66,67,28,54,59,60,68,16,74,43,72,64,36,62,71,58,73,47,48,70,41,20,50,

71,50,54,56,52,26,70,49,20,62,61,74,45,48,65,47,18,64,51,63,40,53,37,7,66,72,59,60,44,73,
68,28,67,41,64,51,73,60,54,37,66,53,24,59,48,71,65,36,20,13,72,74,61,50,63,47,40,56,52,26,70,62,58,

48,62,70,26,56,74,54,52,61,50,20,49,47,18,65,64,51,63,40,53,37,66,72,59,60,44,73,
59,41,70,48,74,47,73,58,29,71,62,33,36,64,72,43,24,67,63,56,25,54,68,69,28,57,31,32,55,66,
45,54,52,61,50,49,18,65,64,51,63,40,53,37,66,72,59,60,44,73,
38,35,39,46,23,27,30,42,34,21,
65,66,53,61,50,46,45,49,44,38,
45,49,44,65,39,34,38,46,22,
71,65,48,59,53,66,37,54,60,73,51,64,20,72,74,61,50,63,47,40,56,52,26,70,62,
38,30,27,34,39,42,46,23,
35,39,46,23,27,30,42,34,21,
60,59,54,66,52,68,32,28,56,63,67,24,43,72,64,36,62,71,58,73,47,74,48,70,41,

65,64,63,40,53,66,72,59,60,51,73,44,49,50,61,52,54,
55,25,68,69,43,29,58,71,74,57,67,70,41,33,
74,61,50,47,40,56,52,72,26,70,62,63,64,51,73,60,54,37,66,53,59,
42,30,27,
46,38,
46,42,39,34,
72,64,36,62,71,58,73,47,74,48,70,41,67,63,56,
68,69,43,58,71,74,70,67,41,
70,62,63,64,51,73,60,54,37,66,53,59,72,52,56,

72,64,56,63,48,74,47,73,70,58,71,62,36,
58,71,74,67,68,57,70,69,43,

68,69,43,58,71,74,70,67,41,
68,43,58,71,74,70,67,41,
67,74,71,58,70,57,69,68,55,
39,

71,62,70,73,74,48,
64,63,73,60,54,66,59,72,52,


72,60,53,66,51,
70,67,74,71,58,

70,68,67,74,71,58,
49,


70,63,62,73,56,
74,73,70,

61,
66,
72,66,

72,66,
69,
73,62,
69,
74,71,
72,
66,

73,
73,
73,










Past links sets, 







4,

0,

0,
0,
5,


2,

7,9,

2,7,13,
10,15,
12,
0,10,14,15,
5,8,16,
2,8,19,
20,
14,21,
5,8,16,
8,19,
14,21,
2,8,
8,16,
8,19,
12,23,
10,15,
24,28,
9,26,
10,11,14,22,
34,
18,20,
24,25,31,32,
21,23,
25,29,31,32,
11,12,18,
4,9,11,12,
11,22,23,
20,24,28,
7,13,36,
44,
11,18,20,
26,40,
16,18,37,
11,26,40,
8,16,18,37,
33,
26,47,
29,33,
33,28,41,43,
8,16,18,37,
16,37,40,
50,
0,36,56,
18,37,47,
18,28,24,37,
2,11,12,13,18,
11,51,52,54,60,
33,41,43,
5,33,43,
25,55,31,57,
26,33,41,43,47,48,
4,13,36,58,
24,40,52,28,54,59,
48,62,63,64,
20,48,58,
Future links sets, 
62,23,12,11,9,

65,31,25,20,16,

71,45,7,
68,28,24,13,

48,20,18,
59,33,32,31,29,54,28,25,24,
45,37,18,
38,35,23,21,
65,66,53,50,46,45,44,38,
65,45,44,34,22,
71,65,48,20,
38,30,27,23,
35,23,21,
60,59,52,32,54,28,24,

64,59,54,65,52,63,50,44,40,
33,29,25,
74,50,47,40,26,
42,30,27,
46,38,
46,42,34,
72,64,47,41,36,
69,43,41,
70,56,53,51,37,

72,64,58,47,36,
57,43,

69,43,41,
43,41,
67,58,70,57,68,55,
39,

71,62,48,
64,63,60,59,54,52,


72,60,53,51,
70,67,58,

70,68,67,58,
49,


70,63,56,
74,73,70,

61,
66,
72,66,

72,66,
69,
62,
69,
74,71,
72,
66,

73,
73,
73,










Coordinates
-2.49611,1.52477
-2.44651,0.300501
-2.38232,2.22192
-2.34888,0.378978
-2.32168,1.76701
-2.26256,1.98473
-2.21151,0.677612
-2.18619,1.67957
-2.15076,2.38113
-2.13837,1.44445
-2.02215,0.894979
-2.01799,1.22785
-1.98085,1.05312
-1.97434,1.75515
-1.96457,0.907706
-1.95296,0.796983
-1.91091,2.09264
-1.82101,0.0439815
-1.74979,1.30815
-1.70925,2.49507
-1.65262,1.5576
-1.64111,0.563125
-1.57863,0.754325
-1.55287,0.59302
-1.45931,1.87057
-1.43799,2.23557
-1.42142,1.45591
-1.40867,0.385982
-1.38915,1.78476
-1.37653,2.30673
-1.36793,0.335313
-1.36621,2.13455
-1.35725,2.08877
-1.3416,2.37532
-1.21449,0.307853
-1.16983,0.0862518
-1.15468,1.72631
-1.09023,1.22162
-1.08826,0.378171
-1.05616,0.162968
-0.995836,0.994102
-0.986529,1.82923
-0.969885,0.0377975
-0.956348,1.98167
-0.942733,0.57843
-0.938725,0.431672
-0.903963,0.124299
-0.89452,1.37636
-0.849622,1.53121
-0.818034,0.505056
-0.699394,0.622746
-0.69508,0.808841
-0.661266,0.88153
-0.655664,0.735612
-0.655303,0.890914
-0.651689,2.42909
-0.628603,1.19703
-0.625378,2.362
-0.615856,1.71568
-0.602803,0.941064
-0.580703,0.774813
-0.567939,0.512588
-0.516896,1.12723
-0.444971,0.943585
-0.423011,0.883893
-0.383802,0.22736
-0.303478,0.575023
-0.277325,1.72568
-0.21832,1.88923
-0.21685,2.14041
-0.081856,1.16383
-0.0693082,1.51746
-0.0516133,0.509266
-0.0157237,0.7055
-0.0090339,1.23724
r_S,2
Lambda0,1,
Lambda1,3,
Lambda2,6,
Lambda3,17,
Lambda4,27,
Lambda5,30,
Lambda6,35,
Lambda7,38,
Lambda8,39,
Lambda9,42,
Lambda10,45,
Lambda11,46,
Lambda12,49,
Lambda13,53,
Lambda14,61,
Lambda15,65,
Lambda16,66,
Lambda17,67,
Lambda18,68,
Lambda19,70,
Lambda20,71,
Lambda21,72,
Lambda22,73,
Lambda23,74,