Storage option,sets
Size,50
Dimension,2
Shape,cube
Spacetime,BlackHole
Past sets, 


0,1,
0,1,
3,0,1,2,
1,0,2,
1,0,2,
2,1,0,5,
1,0,2,

6,5,7,8,1,0,2,
0,1,
3,2,0,1,8,7,5,6,4,
0,1,
2,1,0,3,4,
0,1,
1,0,2,9,
1,0,15,
6,5,7,8,1,0,2,
5,16,2,9,1,8,0,
0,1,9,
3,4,15,11,0,1,2,13,
10,12,1,3,2,0,8,7,5,6,4,
6,5,7,14,0,2,1,3,4,
3,2,13,17,1,11,0,15,
16,2,9,1,8,0,
3,10,7,6,19,8,5,16,2,9,1,0,18,
9,1,0,20,
4,3,1,2,0,14,12,8,7,5,6,10,
10,4,3,18,7,6,5,8,1,12,0,2,
6,19,8,5,16,2,9,1,0,7,
2,13,3,17,24,1,11,0,15,4,
15,0,11,1,17,3,13,2,24,
19,8,5,16,2,9,1,0,7,
14,31,2,15,13,0,3,17,4,24,11,1,21,
1,11,24,4,17,3,0,13,15,2,31,
11,13,22,28,4,3,1,2,0,14,12,8,7,5,6,23,10,
9,2,0,8,5,6,7,1,18,3,4,10,12,29,
8,17,13,11,15,21,1,6,5,7,14,3,23,0,2,4,
34,0,17,14,31,2,15,13,3,4,21,24,11,1,6,
10,8,4,2,0,23,3,14,7,5,6,1,21,15,11,13,17,12,
5,34,0,17,14,31,2,15,13,3,4,21,24,11,1,6,
14,22,10,12,1,3,2,0,8,7,5,6,4,
5,34,0,17,14,31,2,15,13,3,4,21,24,11,1,6,
13,11,15,21,22,28,4,3,1,2,0,14,12,8,7,5,6,23,10,
12,24,38,0,8,17,13,11,15,21,2,1,6,5,7,14,3,23,4,31,
8,7,23,5,24,34,15,17,14,31,43,2,21,13,3,0,41,4,11,1,6,
39,46,23,0,8,31,7,5,24,1,34,11,15,17,14,43,2,21,13,3,41,4,6,
7,32,35,39,5,24,34,15,17,14,31,43,2,21,13,3,0,41,4,11,1,6,
45,12,24,1,38,15,0,23,8,31,17,13,11,34,21,2,6,5,7,14,3,4,
Future sets, 
27,20,17,15,13,11,3,2,43,32,24,16,25,8,49,6,47,18,26,10,33,30,7,48,19,4,45,35,31,44,22,28,42,29,14,40,37,36,12,41,39,34,5,46,23,38,21,
27,20,17,15,13,11,3,2,43,32,24,16,25,8,49,6,47,18,26,10,33,30,7,48,19,4,45,35,31,44,22,28,42,29,14,40,37,36,12,41,39,34,5,46,23,38,21,
32,24,16,25,8,6,18,26,10,33,30,7,19,4,35,31,44,22,28,42,29,14,43,40,37,45,36,49,12,41,48,39,34,5,23,46,47,38,21,
26,32,4,35,31,44,22,28,42,29,14,43,40,37,45,36,49,12,41,48,39,34,23,46,47,38,21,24,
35,31,44,22,28,42,29,14,43,40,37,45,36,49,12,41,48,39,34,23,46,47,38,21,
43,41,19,7,30,48,33,10,38,47,46,23,36,44,22,45,42,26,49,37,28,29,40,12,18,
43,41,48,39,30,38,47,46,36,44,22,45,42,26,49,37,28,29,40,10,12,18,23,
48,33,30,38,47,46,36,44,22,45,42,26,49,37,28,29,40,10,12,18,23,
47,46,38,25,30,18,12,33,10,40,29,28,37,49,26,19,42,45,22,44,36,
27,37,20,30,25,16,33,19,26,
40,29,28,37,26,42,22,44,36,
36,35,32,31,21,38,44,40,45,34,49,43,46,39,48,47,41,24,
49,45,37,40,29,28,42,22,44,36,
36,35,32,31,21,38,44,40,45,34,49,43,46,39,48,47,41,24,
42,41,48,39,43,34,45,23,46,44,40,47,36,38,49,28,
44,21,17,34,40,38,39,35,46,43,49,32,45,47,48,31,41,24,
25,33,19,30,26,
40,38,39,35,46,43,49,32,45,47,34,48,31,41,24,
37,29,26,
33,30,26,
27,
44,40,45,34,49,38,43,46,39,48,47,41,
44,42,36,
46,44,40,47,36,38,49,45,
31,34,47,45,32,49,43,46,35,48,39,41,



44,36,
37,

34,45,49,43,46,35,39,48,47,41,
48,

49,43,46,39,48,47,41,
48,


49,45,
48,47,

48,47,46,

48,47,46,

49,
47,



Past links sets, 


0,1,
0,1,
2,3,
2,
2,
5,
2,

6,7,8,
0,1,
4,6,7,8,
0,1,
4,
0,1,
2,9,
15,
6,7,8,
5,8,16,
0,1,9,
4,11,13,15,
10,12,
6,7,14,
17,2,13,3,11,
8,16,
10,3,18,19,
20,
10,12,14,
10,12,18,
6,7,19,
4,24,
24,
7,19,
14,21,31,
31,
28,23,13,11,22,
9,29,
17,21,8,23,
6,34,
10,21,17,23,12,
5,6,34,
14,22,
5,6,34,
21,22,23,28,
12,31,38,
41,8,23,43,
39,46,
7,32,43,41,39,35,
34,45,
Future links sets, 
20,15,3,2,13,11,
20,15,3,2,13,11,
24,4,16,5,6,8,
26,24,4,
31,21,14,12,
43,41,19,7,
39,41,30,43,10,18,12,23,
48,33,30,10,18,12,23,
46,38,25,10,12,18,19,
37,20,16,
22,26,28,40,29,
24,36,21,
45,22,28,29,40,
24,36,21,
42,34,28,23,
21,17,
25,19,
40,38,24,
29,26,
33,30,26,
27,
40,38,44,34,
44,42,36,
46,36,38,40,44,
32,31,



44,36,
37,

45,35,34,
48,

43,41,49,39,
48,


45,
48,47,

48,46,

48,46,

49,
47,



Coordinates,
0.11731,1.99474,
0.0989872,1.97431,
0.210056,1.80362,
0.348305,1.81575,
0.416248,1.70939,
0.233201,1.45884,
0.291294,1.49205,
0.268498,1.35866,
0.230372,1.31144,
0.00753984,0.946173,
0.346878,1.21859,
1.00739,1.80694,
0.445041,1.22561,
1.04157,1.81418,
0.822509,1.55826,
1.15861,1.86594,
0.21176,0.780093,
1.30814,1.84068,
0.321457,0.842905,
0.252443,0.7464,
0.14734,0.408084,
1.28328,1.54256,
0.760901,0.893014,
1.00529,1.10265,
1.62407,1.69219,
0.231265,0.241814,
0.360476,0.33625,
0.152961,0.0904873,
0.937577,0.867704,
0.633075,0.554731,
0.293081,0.194487,
1.66302,1.54754,
1.85135,1.59863,
0.288469,0.0023121,
1.70211,1.38703,
1.83354,1.48271,
1.04161,0.601585,
0.657006,0.0269144,
1.44046,0.736629,
1.80461,1.09214,
1.33803,0.566357,
1.7472,0.90879,
0.874713,0.025711,
1.74574,0.883317,
1.28488,0.0694792,
1.67458,0.431746,
1.7712,0.358339,
1.81143,0.18145,
1.97082,0.328184,
1.73219,0.080488,
