Storage option,sets
Size,25
Dimension,3
Shape,cylinder
Spacetime,BlackHole
Past sets, 









2,
1,
0,
3,



4,

1,
6,
14,
5,

4,
6,15,
Future sets, 
11,
18,10,
9,
12,
23,16,
21,
24,19,







20,
24,









Past links sets, 









2,
1,
0,
3,



4,

1,
6,
14,
5,

4,
6,15,
Future links sets, 
11,
18,10,
9,
12,
23,16,
21,
24,19,







20,
24,









Coordinates
-3.89854,3.95929,2.70461
-3.78348,2.98457,4.50417
-3.69523,2.05155,3.01447
-3.5626,3.11388,0.099017
-3.40114,2.9407,5.13374
-3.18209,2.09715,1.51992
-2.73184,1.70151,0.601346
-2.37453,1.29533,0.549645
-2.11608,3.28283,1.93848
-1.91174,1.24339,2.70273
-1.82443,1.40431,4.11132
-1.48898,3.61462,2.54954
-1.45659,3.16866,6.03463
-1.14027,2.66363,0.353951
-1.10966,3.32687,0.173751
-0.543459,1.42525,0.274511
-0.49049,1.52628,5.01163
-0.391981,3.37022,5.49367
-0.390655,2.30765,3.94783
-0.344883,0.601687,0.120073
-0.300601,2.78183,0.162669
-0.294855,0.741623,1.10133
-0.241163,3.60722,1.32358
-0.184977,0.837266,4.61907
-0.081956,1.25188,0.21254
r_S,2
NLambdas_Sized_1,2
Lambda0,7,
Lambda1,9,2
Lambda2,10,
Lambda3,16,
Lambda4,19,
Lambda5,21,5
Lambda6,23,
Lambda7,24,