Storage option,sets
Size,50
Dimension,2
Shape,cube
Spacetime,BlackHole
Past sets, 





1,





7,

1,



3,
1,5,
7,
1,5,
7,11,
1,5,
7,11,
15,
11,7,21,
9,1,13,

7,16,

19,11,7,21,
11,7,19,
5,9,1,13,

29,

27,
33,29,34,

27,


33,38,
27,39,
16,
27,36,
38,41,

27,36,

Future sets, 

26,13,20,22,32,18,5,

17,

32,22,20,18,

28,19,21,30,25,23,31,11,

32,26,

31,23,25,30,21,

32,26,

24,
44,28,


31,30,

30,25,





43,39,45,48,36,

37,34,



42,37,
37,

48,45,

46,42,
43,

46,








Past links sets, 





1,





7,

1,



3,
5,
7,
5,
11,
5,
11,
15,
21,
9,13,

7,16,

19,21,
11,19,
5,9,13,

29,

27,
33,34,

27,


33,38,
39,
16,
36,
38,41,

36,

Future links sets, 

13,5,

17,

32,22,20,18,

28,19,11,

32,26,

31,23,21,

32,26,

24,
44,28,


31,30,

30,25,





39,36,

34,



42,37,
37,

48,45,

46,42,
43,

46,








0.00917279,0.147768,
0.230996,2.14329,
0.353238,-0.91989,
0.520427,1.1793,
0.589902,1.00676,
0.737632,1.89087,
0.741229,0.362967,
0.885826,-2.01,
1.13349,-0.453353,
1.35845,2.22587,
1.46913,0.07377,
1.55174,-1.62899,
1.56387,-0.62005,
1.70993,1.59595,
1.79674,-0.793797,
1.86479,-0.916471,
1.87501,-1.72978,
1.94436,0.175632,
1.95883,0.734733,
2.019,-1.09053,
2.14892,0.823344,
2.24577,-1.19573,
2.24582,0.442195,
2.35038,-1.14654,
2.66386,-0.1213,
2.9141,-0.578862,
2.94893,0.920766,
3.01076,-1.7897,
3.18442,-0.931539,
3.19028,2.09435,
3.19149,-0.262884,
3.20518,-0.200158,
3.23898,0.530014,
3.37219,2.19195,
3.58025,1.86327,
3.71478,-0.938668,
3.78824,-1.12079,
3.88158,1.73454,
3.88254,2.17076,
3.96756,-1.29174,
4.20107,-1.7753,
4.28923,2.06917,
4.33719,1.77866,
4.35377,-0.961138,
4.44859,-0.039137,
4.7319,-0.409718,
4.74449,1.76662,
4.77245,-1.74702,
4.93544,-0.0508954,
4.93621,-2.07817,
r_S4
NLambdas_Sized_0,29
NLambdas_Sized_1,1
Lambda0
2,
Lambda1
4,
Lambda2
6,
Lambda3
8,
Lambda4
10,
Lambda5
12,
Lambda6
14,
Lambda7
17,
Lambda8
18,
Lambda9
20,
Lambda10
22,
Lambda11
23,
Lambda12
24,
Lambda13
25,
Lambda14
26,
Lambda15
28,
Lambda16
30,
Lambda17
31,
Lambda18
32,
Lambda19
35,
Lambda20
37,
Lambda21
40,
Lambda22
42,
Lambda23
43,
Lambda24
44,
Lambda25
45,
Lambda26
46,41,
Lambda27
47,
Lambda28
48,
Lambda29
49,
