Storage option,sets
Size,50
Dimension,2
Shape,cube
Spacetime,BlackHole
Past sets, 


0,

1,0,2,
0,1,3,
2,0,1,4,
1,0,2,3,

3,4,1,0,2,

4,1,0,2,6,
7,8,1,0,2,3,5,4,

5,3,2,0,1,8,7,
14,3,5,2,0,1,8,7,4,
3,1,0,8,5,
10,13,
10,13,
5,7,9,2,3,4,1,0,
7,8,1,0,2,5,3,14,

1,0,2,
0,10,8,3,1,
6,9,2,3,4,1,0,
5,6,7,9,2,3,4,1,0,
4,20,7,8,1,0,2,5,3,14,15,
10,4,15,20,7,8,1,0,2,5,16,3,14,
8,12,19,3,5,6,7,9,25,2,4,1,0,
6,8,19,5,7,9,2,3,4,1,12,0,
5,7,2,6,9,3,4,24,1,0,11,
3,6,4,2,1,11,22,0,
11,3,5,6,7,9,25,2,4,24,1,0,
6,12,9,19,27,10,4,15,20,3,7,8,1,0,2,5,16,14,26,
7,2,1,18,8,3,10,0,17,23,13,16,5,14,
15,14,20,25,29,12,6,8,19,2,5,7,9,3,4,1,0,28,
13,23,25,28,33,10,6,29,12,9,19,27,4,15,20,3,26,7,8,1,0,2,5,16,14,
11,24,35,12,15,14,20,25,2,29,6,8,19,5,28,7,9,3,26,4,1,0,
17,13,18,23,33,10,6,29,12,9,19,27,4,15,20,3,26,7,8,1,0,2,5,16,14,
28,12,19,8,29,32,11,3,5,6,7,24,9,25,2,4,1,0,30,
32,16,10,27,37,8,11,24,35,6,12,15,14,20,25,2,29,0,19,5,28,7,9,3,26,4,33,1,
21,19,12,8,28,30,22,32,11,3,5,6,7,24,9,25,2,4,1,0,31,
17,13,18,23,33,10,6,29,12,9,19,27,4,15,20,3,26,7,8,1,0,2,5,16,14,
11,17,18,24,36,7,13,23,25,28,33,4,10,6,35,29,0,12,9,19,27,15,20,3,26,8,1,2,5,16,14,
24,35,28,25,38,9,17,13,18,23,33,4,10,6,29,0,12,19,27,15,20,3,26,7,36,8,1,2,5,16,14,
32,43,6,11,17,18,24,36,7,13,23,25,28,33,4,10,35,29,0,37,12,9,19,27,15,20,3,26,8,1,2,5,16,14,
40,38,45,8,32,43,6,11,17,18,24,36,7,44,13,23,25,28,33,4,10,35,29,0,37,12,9,19,27,15,20,3,26,1,2,5,16,14,
17,18,30,23,13,40,9,32,1,16,10,27,37,6,8,11,24,35,4,12,15,14,20,25,2,33,29,0,19,5,36,28,7,3,26,
17,18,21,22,31,23,13,36,30,40,9,32,1,16,10,27,37,6,8,39,11,24,35,4,12,15,14,20,25,2,33,29,0,19,5,28,7,3,26,
21,22,31,38,39,43,45,47,10,17,18,30,23,13,40,3,9,32,1,16,27,37,0,6,8,11,24,35,4,12,15,14,20,25,2,33,29,19,5,36,28,7,26,
Future sets, 
23,16,2,43,22,14,34,20,4,45,41,27,26,15,12,49,19,6,47,35,33,38,9,46,5,42,29,36,28,25,44,7,48,24,11,40,31,32,39,30,37,
23,22,7,14,34,20,16,4,41,27,26,15,12,49,19,6,43,35,33,38,9,46,42,5,29,36,28,25,44,45,24,11,48,40,31,32,39,47,30,37,
22,14,34,20,4,41,27,26,15,12,49,19,6,43,35,33,38,9,46,42,29,36,28,25,44,7,45,24,11,48,40,31,32,39,47,30,37,
31,23,24,9,5,42,30,32,25,19,16,20,27,26,15,34,12,49,35,33,38,28,45,41,39,36,46,29,44,7,37,14,48,40,47,43,
27,26,15,12,19,6,35,33,38,9,42,29,36,28,25,44,45,43,41,24,11,40,48,31,49,32,39,47,30,46,37,
30,32,25,19,16,20,27,26,15,34,12,35,33,38,42,28,45,41,39,36,46,29,44,37,14,48,40,47,49,43,
33,38,42,29,35,36,28,25,44,45,43,41,24,11,48,31,49,32,39,47,30,46,40,37,
30,32,25,19,20,27,26,15,34,12,35,33,38,42,28,45,41,39,36,46,29,44,37,14,48,40,47,49,43,
23,16,20,27,26,15,34,12,35,33,38,42,28,45,41,39,36,46,29,44,37,14,48,40,47,49,43,
25,30,32,19,42,33,38,28,45,41,39,36,35,46,29,44,37,48,40,47,24,49,43,
33,40,27,36,23,43,48,34,42,44,47,18,17,46,45,49,38,
43,41,48,31,49,32,39,47,30,45,46,40,37,
33,38,42,28,45,41,39,36,35,46,29,44,37,48,40,47,49,43,
36,43,48,34,42,44,47,18,17,46,45,49,38,
34,15,35,26,45,43,37,33,46,27,42,40,36,49,47,48,44,38,20,
35,26,43,37,33,46,42,40,36,49,47,48,44,27,38,45,
34,33,46,42,40,36,49,47,48,43,38,45,44,27,
48,47,43,42,44,46,45,34,49,38,
48,47,43,42,44,46,45,34,49,38,
33,38,42,28,45,41,39,36,35,46,29,44,37,48,40,47,49,43,
35,26,43,37,33,46,42,40,36,49,47,48,44,27,38,45,
49,48,41,
48,49,41,31,
42,36,47,34,45,48,44,43,46,49,38,
44,43,41,48,49,32,39,47,30,45,46,40,37,
28,45,41,39,36,35,46,44,37,48,40,47,49,32,43,
37,33,46,42,40,36,49,47,48,44,43,38,45,
45,38,43,44,48,47,49,36,40,42,46,33,
41,39,36,35,46,44,37,48,40,47,49,45,43,
42,39,38,36,35,46,44,37,48,40,47,49,45,43,
47,39,49,48,41,
49,48,41,
45,41,46,47,39,49,48,40,
42,40,36,47,48,44,43,46,49,38,45,

44,37,48,40,47,49,46,45,43,
48,47,44,43,46,49,45,
40,47,48,49,46,45,
46,49,44,
49,48,
48,49,47,46,


46,49,45,
46,
49,46,

49,


Past links sets, 


0,

1,2,
0,1,3,
4,
1,2,3,

3,4,

6,
4,5,7,8,

5,7,8,
4,14,
5,8,
10,13,
10,13,
5,7,9,
14,

1,2,
0,10,8,3,1,
6,9,
5,6,7,9,
15,20,
16,10,15,20,
12,19,25,
6,12,19,
5,7,11,24,
3,11,22,
11,24,25,
6,27,12,26,19,
14,23,18,17,16,
15,20,28,29,
13,33,28,23,29,
24,11,26,35,
17,33,23,18,29,
28,29,30,32,
33,32,37,
21,32,31,30,28,
17,33,23,18,29,
11,17,36,35,24,18,
24,35,36,38,
32,37,43,
44,40,45,
17,30,36,40,18,
21,18,40,17,39,36,31,
21,31,47,45,39,38,
Future links sets, 
23,5,2,
23,4,5,7,22,
22,7,4,
5,7,31,9,23,
15,12,9,6,
12,25,14,30,19,16,
33,11,24,29,25,
12,30,19,14,25,
23,16,14,12,
25,24,19,
23,18,27,17,
30,31,43,32,37,
29,33,28,
36,18,17,
34,20,15,
35,27,26,
34,27,
48,47,34,38,43,42,
48,47,34,38,43,42,
29,33,28,
35,27,26,
49,48,41,
31,
42,38,36,34,
44,30,37,32,43,
32,28,
37,33,
33,
39,41,36,35,
42,35,36,38,39,
47,41,39,
49,48,41,
41,45,40,39,
42,40,38,36,

44,43,37,
47,44,48,43,
45,40,
49,44,
49,48,
48,47,46,


45,
46,
49,46,

49,


Coordinates,
0.0156563,1.76331,
0.0619443,1.77555,
0.0395049,1.67625,
0.35592,1.77956,
0.148201,1.53145,
0.672716,1.7053,
0.194011,1.17068,
0.67209,1.59606,
0.923594,1.82797,
0.573905,1.45199,
1.4048,1.90888,
0.289708,0.790877,
0.987748,1.46962,
1.50995,1.97926,
1.18865,1.58359,
1.21105,1.52878,
1.38471,1.68215,
1.55493,1.84629,
1.55874,1.84854,
0.905911,1.19546,
1.25012,1.53459,
0.00476886,0.28078,
0.133312,0.407713,
1.50317,1.75071,
0.6597,0.884794,
0.829639,0.999205,
1.32312,1.47859,
1.4349,1.52193,
1.03072,0.98402,
1.14126,1.09335,
0.685052,0.633685,
0.447416,0.360245,
0.899104,0.70787,
1.4525,1.15235,
1.95254,1.58095,
1.30296,0.908548,
1.53648,0.920225,
1.34286,0.719408,
1.77091,1.02785,
1.16749,0.41653,
1.45913,0.692867,
1.0573,0.250275,
1.9503,1.08491,
1.67084,0.734422,
1.83068,0.799578,
1.74413,0.699734,
1.85719,0.678838,
1.65373,0.439835,
1.57699,0.257905,
1.81463,0.270313,
