Storage option,sets
Size,25
Dimension,2
Shape,cube
Spacetime,BlackHole
Past sets, 

0,
0,1,
1,0,2,
2,0,1,3,
1,0,2,
2,0,1,3,
3,1,0,2,4,
2,1,0,5,

6,2,0,1,3,4,
0,1,9,
9,
0,1,9,
3,8,1,2,0,5,4,
10,6,2,0,1,3,4,7,
9,12,
15,4,10,6,2,0,1,3,7,5,
15,4,10,6,2,0,1,3,7,5,
3,8,1,2,0,5,4,
14,3,8,1,2,0,5,4,7,
7,4,5,0,2,1,8,3,14,20,
6,14,3,8,1,2,0,5,4,7,
6,14,3,8,1,2,0,5,4,7,
7,6,14,3,8,1,2,0,5,4,10,
Future sets, 
17,15,10,6,18,5,7,14,19,23,4,20,22,3,8,21,2,11,13,24,1,
13,11,2,21,8,3,22,20,4,23,19,14,7,24,5,18,6,10,15,17,
8,3,20,4,21,19,14,7,24,18,23,6,22,5,10,15,17,
4,21,19,14,7,24,18,23,6,22,10,15,20,17,
19,14,7,18,24,23,22,21,10,15,20,17,
18,17,23,22,20,24,21,14,19,8,
23,10,24,17,18,15,22,
24,23,22,21,15,20,18,17,
19,14,21,24,20,22,23,
13,12,16,11,
24,17,18,15,

16,

24,20,21,22,23,
18,17,




21,




Past links sets, 

0,
1,
2,
3,
2,
3,
4,
5,

4,6,
1,9,
9,
1,9,
4,8,
7,10,
12,
5,15,
5,15,
4,8,
7,14,
20,
6,7,14,
6,7,14,
7,10,14,
Future links sets, 
1,
13,11,2,
5,3,
6,4,
19,14,10,7,
17,18,8,
23,22,10,
24,15,20,22,23,
19,14,
13,12,11,
24,15,

16,

24,23,22,20,
18,17,




21,




Coordinates,
0.420111,3.94165,
0.42352,3.7027,
0.582588,3.60922,
0.890083,3.46439,
1.26615,3.32604,
0.642915,2.56977,
2.08322,3.66708,
2.01058,3.40422,
0.720952,1.87515,
0.197974,1.31401,
2.67607,3.62286,
0.536995,0.832496,
0.234621,0.504887,
0.460744,0.305922,
1.74943,1.5218,
3.49147,3.24815,
0.29468,0.0150797,
3.5424,2.88092,
3.4944,2.56657,
1.64502,0.576938,
2.01479,0.586162,
2.08315,0.462529,
2.31721,0.693756,
2.61628,0.696611,
3.34915,0.466403,
