Storage option,sets
Size,50
Dimension,2
Shape,cube
Spacetime,BlackHole
Past sets, 


0,1,
1,0,2,
2,0,1,3,
1,0,2,
1,0,2,
2,1,0,5,
1,0,2,

6,5,7,8,1,0,2,
3,1,0,2,4,
3,10,6,5,7,8,1,0,2,4,
2,0,1,3,4,11,
3,4,6,1,0,2,
3,1,0,2,4,
1,0,2,9,
11,13,15,1,3,0,2,4,
8,9,1,0,2,7,5,6,
5,16,2,9,1,8,0,
0,1,9,
5,11,13,6,14,15,1,3,0,2,4,
9,4,2,0,1,8,7,5,6,10,3,12,
8,7,5,10,14,3,4,6,1,12,0,2,
5,6,17,11,0,13,2,15,4,1,3,14,
8,2,16,0,1,20,9,
3,10,6,7,19,8,5,16,2,9,1,0,18,
9,1,0,20,
22,5,9,4,2,0,1,8,7,6,10,3,12,14,
4,10,3,12,6,7,19,8,5,16,2,9,1,0,18,
6,7,8,2,16,5,9,20,1,0,19,
7,24,5,6,17,0,11,13,2,15,4,21,1,3,14,
7,24,5,6,17,0,11,13,2,15,4,21,1,3,14,
7,5,8,19,25,2,16,0,1,20,9,
8,31,14,7,24,5,6,17,0,11,13,2,15,4,21,1,3,
8,31,14,7,24,5,6,17,0,11,13,2,15,4,21,1,3,
11,13,16,18,28,22,5,9,4,2,0,1,8,7,6,23,10,3,12,14,
0,18,1,9,16,5,8,2,19,7,6,3,10,4,12,29,
17,15,13,11,21,28,22,5,9,4,2,0,1,8,7,6,23,10,3,12,14,
12,10,23,34,15,8,31,14,7,24,5,6,17,0,11,13,2,21,4,1,3,
17,18,15,13,11,21,28,22,5,9,4,2,0,1,8,7,6,23,10,3,12,14,
12,10,23,34,15,8,31,14,7,24,5,6,17,0,11,13,2,21,4,1,3,
14,22,29,12,4,10,3,6,7,19,2,8,5,16,9,1,18,0,
12,10,23,34,15,8,31,14,7,24,5,6,17,0,11,13,2,21,4,1,3,
19,15,36,13,11,16,18,28,5,22,9,4,2,0,23,1,8,7,6,10,3,12,14,21,
18,24,31,38,15,17,13,11,21,28,5,22,9,4,2,0,23,1,8,7,6,10,3,12,14,
18,9,22,28,38,41,43,12,10,23,0,34,11,15,8,31,14,7,24,1,5,6,17,13,2,21,4,3,
39,40,46,15,18,9,22,28,38,7,41,10,43,12,23,0,31,34,3,11,8,14,45,24,1,5,6,17,13,2,21,4,
18,32,35,9,22,28,38,39,41,43,12,10,23,0,34,11,15,8,31,14,7,24,1,5,6,17,13,2,21,4,3,
34,45,18,24,31,2,38,9,15,17,13,11,40,21,28,5,22,4,0,23,1,8,7,6,10,3,12,14,
Future sets, 
27,2,49,16,25,8,6,19,18,10,30,33,7,3,40,26,14,28,42,5,22,23,29,37,34,38,39,35,46,43,12,32,45,11,48,31,47,24,17,21,44,36,13,15,41,4,20,
27,2,49,16,25,8,6,19,18,10,30,33,7,3,40,26,14,28,42,5,22,23,29,37,34,38,39,35,46,43,12,32,45,11,48,31,47,24,17,21,44,36,13,15,41,4,20,
16,25,8,6,19,18,10,30,33,7,3,40,26,14,28,42,5,22,23,29,37,34,38,39,35,46,43,12,49,32,45,11,48,31,47,24,17,21,44,36,13,15,41,4,
26,14,28,42,22,23,29,37,34,38,39,35,46,43,12,49,32,45,11,48,31,47,24,40,17,21,44,36,13,15,41,4,
15,13,36,44,21,17,40,24,47,41,31,48,45,32,49,43,46,12,35,39,38,34,11,37,29,23,22,42,28,14,
24,21,7,38,33,32,35,34,31,30,10,41,40,47,44,36,26,49,18,28,42,48,45,22,46,23,43,12,39,29,37,19,
30,18,35,32,34,31,21,24,10,40,47,44,36,26,49,38,28,42,48,45,22,46,23,43,41,39,29,37,14,12,
33,32,35,34,31,30,10,40,47,44,36,26,49,38,28,42,48,45,22,46,23,43,41,18,39,29,37,12,
35,34,25,30,33,19,10,40,47,44,36,26,49,38,28,42,48,45,22,46,23,43,41,18,39,29,37,12,
38,28,36,25,37,26,19,48,33,18,47,44,30,42,29,16,45,46,40,49,20,27,22,
40,47,44,36,26,49,38,28,42,48,45,22,46,23,43,41,39,29,37,12,
38,39,35,46,43,49,32,45,48,31,41,47,24,34,40,17,21,44,36,13,
37,29,39,41,43,23,22,48,42,28,38,49,36,44,47,45,46,40,
36,44,21,17,34,40,24,41,31,48,47,45,32,49,43,46,35,39,38,
42,28,24,36,23,21,38,44,40,31,48,34,47,45,32,49,43,46,35,39,41,
44,21,17,34,40,24,41,31,48,47,45,32,49,43,46,35,39,38,
30,44,33,29,19,42,26,37,25,36,
40,24,41,31,48,34,47,45,32,49,43,46,35,39,38,
48,46,37,42,29,40,36,47,44,26,49,45,
44,33,30,29,42,26,37,
27,33,30,25,
44,40,38,31,34,47,45,32,49,43,46,35,48,39,41,
42,28,38,49,44,36,47,48,45,46,40,
43,41,40,38,49,44,36,47,48,45,46,39,
31,34,47,45,32,49,43,46,35,48,39,41,
33,


38,49,44,36,47,48,45,46,40,
42,37,

34,45,49,43,46,35,39,48,47,41,
48,

49,43,46,39,48,47,41,
48,
44,

48,45,49,47,46,
48,47,
49,47,
48,47,46,

48,47,46,

49,47,
47,



Past links sets, 


0,1,
2,
3,
2,
2,
5,
2,

6,7,8,
4,
4,10,
11,
4,6,
4,
2,9,
13,15,
6,7,8,9,
5,8,16,
0,1,9,
13,14,5,15,
9,12,
12,14,
5,14,17,
8,16,20,
10,3,18,19,
20,
14,22,
12,18,19,
6,7,19,20,
7,21,24,
7,21,24,
7,19,25,
8,31,
8,31,
13,28,23,18,16,
29,
17,21,23,28,
23,34,
17,28,23,18,21,
23,34,
22,14,29,
23,34,
19,21,36,
31,18,38,
41,18,38,43,
39,40,45,46,
18,35,32,43,38,41,39,
34,40,45,
Future links sets, 
20,2,
20,2,
3,8,16,5,6,
26,4,
15,14,12,11,
21,24,19,7,
18,14,30,10,
33,32,10,30,18,31,
35,34,10,25,18,19,
22,20,18,16,
26,12,
13,
29,23,22,
36,21,17,
42,21,23,28,24,
21,17,
36,25,19,
40,38,24,
46,45,48,26,36,29,40,
26,29,30,44,33,
27,30,25,
44,31,32,38,40,
42,28,
43,41,36,38,39,40,
32,31,
33,


40,38,36,
42,37,

45,35,34,
48,

43,41,49,39,
48,
44,

48,46,45,
48,47,
49,47,
48,46,

48,46,

49,47,
47,



Coordinates,
0.234621,3.98947,
0.197974,3.94863,
0.420111,3.60724,
0.696611,3.63149,
0.832496,3.41878,
0.466403,2.91767,
0.582588,2.9841,
0.536995,2.71732,
0.460744,2.62289,
0.0150797,1.89235,
0.693756,2.43718,
2.01479,3.61388,
0.890083,2.45122,
2.08315,3.62835,
1.64502,3.11652,
2.31721,3.73189,
0.42352,1.56019,
2.61628,3.68135,
0.642915,1.68581,
0.504887,1.4928,
0.29468,0.816167,
2.56657,3.08512,
1.5218,1.78603,
2.01058,2.2053,
3.24815,3.38438,
0.462529,0.483628,
0.720952,0.6725,
0.305922,0.180975,
1.87515,1.73541,
1.26615,1.10946,
0.586162,0.388974,
3.32604,3.09508,
3.7027,3.19727,
0.576938,0.00462421,
3.40422,2.77407,
3.66708,2.96543,
2.08322,1.20317,
1.31401,0.0538288,
2.88092,1.47326,
3.60922,2.18428,
2.67607,1.13271,
3.4944,1.81758,
1.74943,0.0514219,
3.49147,1.76663,
2.56977,0.138958,
3.34915,0.863492,
3.5424,0.716679,
3.62286,0.362899,
3.94165,0.656368,
3.46439,0.160976,
