Storage option,sets
Size,500
Dimension,2
Shape,cylinder
Spacetime,BlackHole
Past sets, 






1,



1,6,









7,








3,










37,
8,

22,26,

19,32,
12,


18,

31,

12,3,29,
3,8,
25,
3,8,

16,24,
8,27,


27,8,41,
29,3,12,53,
21,
37,
9,
38,
37,40,

13,34,
28,
27,
3,27,8,41,
38,42,
37,40,

13,23,38,
76,
47,
67,42,38,74,
9,

40,37,65,

6,1,10,12,
13,23,34,
6,1,10,12,
9,19,32,
41,8,27,59,72,
74,38,42,67,80,


18,28,
6,1,10,

27,
9,14,
6,1,10,
60,
9,32,19,45,
34,69,
28,18,49,
54,8,29,3,56,

92,
54,8,3,56,

80,67,42,74,38,90,
25,
18,
14,
6,10,46,1,53,12,3,29,63,
3,6,1,10,12,46,
34,69,
72,59,8,41,89,27,96,
25,55,
52,
3,46,12,10,1,6,87,
48,50,52,
104,92,105,
10,1,6,98,
107,
10,1,6,94,

56,3,29,8,54,103,
18,
91,
18,
62,3,72,59,27,73,8,41,89,
69,34,101,
107,
52,50,48,119,
19,84,
69,
47,90,38,74,42,67,80,108,
84,91,
42,67,23,13,38,77,
47,90,38,74,42,67,80,108,
46,54,8,56,1,53,12,3,29,63,
28,18,49,
9,14,66,
70,13,69,86,34,23,101,
1,6,91,
62,78,96,27,41,8,59,72,76,89,115,
76,78,27,92,105,
6,10,46,8,56,1,53,12,3,29,63,
62,78,96,27,41,8,59,72,76,89,115,
32,19,45,

47,23,13,77,90,38,74,42,67,80,108,

6,10,63,29,3,12,53,1,56,8,54,46,139,
76,105,92,78,104,120,

47,23,13,77,90,38,74,42,67,80,108,
23,13,80,67,42,74,77,38,90,

122,124,107,131,
23,13,135,108,80,67,42,74,77,38,90,47,138,
104,92,105,
72,59,8,96,105,92,27,104,78,89,76,41,145,
50,79,135,108,80,67,42,48,74,38,90,47,138,
70,38,77,23,13,34,86,

48,50,52,47,79,

18,61,28,71,
63,29,3,12,53,1,46,10,6,8,112,
108,80,67,42,74,38,90,77,13,23,47,150,
61,71,18,28,93,
42,67,70,38,77,23,13,34,86,
63,29,3,12,53,1,46,10,6,8,112,
78,96,92,105,27,41,8,59,72,76,89,115,
72,145,41,89,78,104,27,92,76,105,120,96,8,59,

125,8,73,3,29,54,106,12,41,103,56,27,53,62,
120,104,78,27,92,105,76,153,
85,118,1,53,3,46,12,10,6,29,87,113,112,63,
8,59,72,96,120,105,92,27,104,78,76,145,
48,50,117,52,119,132,
38,70,23,13,34,86,

166,
41,89,8,59,72,96,120,179,92,27,104,78,105,76,145,
154,157,
28,61,
101,23,34,86,69,13,70,142,
114,101,23,34,86,69,130,13,70,142,
164,166,
164,

101,23,34,86,69,13,70,38,142,
154,157,
119,132,79,47,52,50,48,165,

157,154,185,
34,101,114,122,124,107,131,69,134,
63,113,87,6,10,12,85,46,29,3,53,1,118,
42,79,47,52,50,48,165,

107,122,124,149,154,157,
160,153,76,105,92,27,78,104,120,177,
12,87,10,1,6,46,85,98,
48,50,117,52,119,132,
166,189,164,190,
96,145,153,76,105,92,27,78,104,120,177,
8,85,118,1,53,3,46,12,10,6,29,87,113,112,63,
142,70,13,130,69,86,34,23,101,114,188,
156,169,137,108,80,13,42,74,67,38,90,77,23,47,34,150,
132,119,52,117,48,50,180,
149,157,154,185,
3,12,87,10,1,6,46,85,98,
70,122,124,114,101,34,13,130,107,131,69,134,
63,113,87,6,10,12,85,46,29,3,53,1,118,
182,
80,74,171,70,67,38,77,90,23,42,13,34,86,163,137,
34,86,137,90,38,77,74,42,67,80,23,13,156,
70,122,124,114,101,34,13,130,107,131,69,134,
87,6,10,12,85,98,46,3,1,118,
12,87,10,1,6,46,85,98,
96,29,103,129,62,3,72,59,73,8,41,106,54,89,27,56,
70,23,114,101,86,34,13,130,107,131,69,134,

150,155,159,23,42,13,50,79,108,138,80,74,48,135,77,67,38,90,47,
74,171,80,70,67,38,77,23,42,13,34,86,163,137,
59,63,62,53,176,125,8,73,3,29,54,106,41,12,103,56,27,

188,114,101,23,34,86,69,187,70,142,130,13,208,
120,76,153,105,92,78,104,160,175,
158,131,157,154,124,122,107,149,201,
42,67,69,163,86,34,13,23,70,77,38,181,

122,142,222,131,70,23,114,86,34,13,101,130,107,69,134,
85,118,1,53,3,46,12,10,6,29,87,113,112,63,
166,182,191,
38,187,13,142,70,69,86,208,34,23,114,192,130,101,188,
195,223,
192,23,114,34,86,69,187,13,70,38,142,101,130,188,
197,13,158,34,114,122,70,124,107,131,69,134,101,130,
63,112,178,113,85,46,118,1,53,3,87,29,12,10,6,
175,177,120,104,78,27,92,105,76,153,160,202,
200,232,
195,223,227,
50,52,79,108,80,67,42,48,74,38,90,47,135,
137,163,86,34,80,171,74,70,67,38,77,90,23,216,42,13,
72,160,96,145,8,153,76,105,92,27,78,104,120,206,177,202,
54,92,73,3,129,62,78,96,56,27,41,8,59,72,76,147,89,144,115,
62,73,106,103,125,139,152,6,10,63,29,3,41,12,53,146,1,27,56,8,112,54,46,
103,139,56,172,29,3,63,12,53,146,1,46,10,6,8,54,112,152,
195,223,227,
74,137,171,23,69,163,231,86,34,42,13,70,77,67,38,181,
191,200,182,215,
124,134,69,107,233,142,122,70,222,131,23,114,86,34,13,101,130,
213,130,101,239,122,70,197,158,13,34,114,124,107,131,69,134,
34,101,114,69,134,149,154,131,107,124,122,158,
38,228,114,23,208,34,86,69,70,142,188,101,130,187,13,
103,113,152,56,172,29,3,63,12,139,168,53,146,1,46,10,6,8,54,112,
29,92,54,106,73,3,129,62,78,96,56,27,41,8,59,72,76,147,89,144,115,
139,46,59,146,1,63,10,6,152,62,53,176,125,8,73,3,29,54,106,41,12,103,56,27,
155,150,34,47,23,209,156,169,137,108,80,13,42,74,67,38,90,77,
69,134,201,149,107,122,124,154,157,131,158,230,
161,144,115,173,177,174,145,76,105,184,41,89,153,8,59,72,96,62,120,179,92,27,104,78,
227,
193,154,157,196,227,223,195,185,237,
101,181,38,67,77,251,69,74,137,163,171,23,231,86,34,42,13,70,
182,215,232,200,242,
6,46,27,56,103,12,41,139,226,1,59,176,63,62,53,125,8,73,3,29,54,106,
232,
72,27,56,103,12,41,226,59,89,176,63,62,53,125,8,73,3,29,54,106,
62,73,106,103,125,139,152,6,10,63,29,3,41,12,53,146,1,27,56,8,54,46,
34,158,131,157,154,124,122,107,149,134,69,230,201,114,
213,130,101,13,34,86,253,124,134,69,107,233,142,122,70,222,218,131,23,114,
122,142,222,131,70,23,114,86,208,34,13,188,101,130,107,69,134,
107,131,13,142,70,69,134,86,208,34,23,114,130,101,188,
166,164,190,229,177,120,153,76,105,92,27,78,104,160,175,202,
228,236,238,69,192,23,114,188,130,101,208,34,86,70,187,13,38,142,

6,72,46,27,56,103,12,41,139,226,1,59,176,63,62,53,125,8,73,3,29,54,106,
77,90,38,67,74,260,156,169,42,13,155,150,34,47,23,209,137,108,138,80,
144,115,78,56,27,147,89,54,76,221,125,96,29,3,103,129,62,72,59,73,8,12,41,106,
124,195,193,154,196,157,149,185,211,223,



137,171,142,101,23,69,192,163,231,86,34,42,13,70,77,67,38,181,
161,72,59,89,41,184,160,96,174,145,8,153,76,105,179,92,27,78,104,120,206,177,115,173,202,
164,229,175,202,177,206,120,246,72,160,241,96,145,8,153,76,105,92,27,78,104,
164,166,183,235,215,182,191,200,252,
29,54,106,73,3,129,62,78,96,56,27,41,8,59,72,76,147,89,144,115,
134,193,158,131,157,196,154,122,107,124,211,69,185,149,230,201,
277,
283,
161,72,59,89,41,184,160,96,174,145,8,153,76,105,179,92,27,78,104,120,206,177,115,202,
283,
284,

284,295,
256,142,38,13,187,70,86,276,228,236,238,69,134,192,23,114,101,188,130,208,34,
53,56,27,89,54,221,125,96,29,3,103,129,62,72,59,73,8,12,41,106,
34,193,196,261,157,131,185,69,134,149,107,122,211,124,154,158,114,201,230,
284,295,
282,292,283,294,
161,59,89,41,184,115,202,177,206,120,246,72,160,96,174,145,8,153,76,105,179,92,27,78,104,
191,200,215,182,266,232,242,268,

182,215,200,232,242,268,
175,190,164,189,191,104,182,205,166,92,105,183,235,
161,164,89,41,184,229,59,175,115,202,177,206,120,246,72,160,241,96,174,145,8,153,76,105,179,92,27,78,104,
181,228,236,238,69,192,23,114,188,130,101,208,34,86,70,187,13,38,142,
120,78,205,166,153,164,190,183,92,76,105,175,189,160,191,104,
160,78,104,27,92,179,120,62,96,72,8,153,59,262,184,41,161,145,174,105,76,147,89,202,144,115,173,206,177,

122,237,195,193,154,196,157,149,227,243,185,124,211,107,281,223,264,
243,223,195,227,237,250,263,
266,268,242,232,200,182,215,306,
41,12,8,73,59,72,62,129,103,3,29,106,280,144,115,78,76,221,27,56,89,147,54,125,96,
106,145,104,161,173,115,144,89,147,105,76,72,59,78,54,41,92,247,73,8,3,129,120,62,96,27,56,
115,144,89,147,76,72,59,8,41,258,29,3,92,54,106,247,73,129,62,78,96,27,56,
86,222,142,233,134,69,218,131,107,254,124,213,239,122,70,130,101,114,23,197,13,158,34,
213,124,134,69,107,233,142,122,70,222,218,131,197,23,114,86,34,158,13,101,130,
243,250,237,185,195,223,149,227,196,157,154,193,264,
114,77,130,101,23,34,86,69,70,13,187,67,38,142,181,192,163,
175,288,164,190,166,205,183,235,215,189,182,191,200,252,
122,237,195,193,154,196,157,149,227,243,185,124,211,107,281,223,264,
120,78,205,166,164,190,183,92,76,105,153,182,191,104,175,189,160,
145,205,183,241,202,175,189,160,104,275,166,153,164,190,229,177,120,76,105,92,27,78,
268,242,232,266,182,215,191,200,304,
104,161,173,115,144,89,147,105,76,72,59,8,41,258,145,29,3,92,54,106,247,73,129,62,78,96,27,56,
183,205,202,175,189,160,104,275,166,153,164,190,229,177,120,76,105,92,27,78,
286,144,173,202,115,62,120,104,78,27,92,179,105,76,177,206,293,72,59,161,96,89,41,184,174,145,160,8,153,
157,70,239,213,254,197,255,34,130,101,114,69,134,149,154,131,107,124,122,13,158,
122,250,237,195,193,154,196,157,149,227,243,185,124,211,107,281,223,264,
268,242,232,266,182,215,191,252,200,304,
181,34,208,130,188,101,114,23,192,134,298,142,38,256,13,187,70,86,276,228,236,238,69,
277,294,283,292,282,302,
145,104,161,173,115,144,89,147,105,76,72,59,78,54,41,92,247,73,8,3,129,120,62,96,27,56,
120,215,235,190,164,175,160,189,307,191,104,182,205,166,92,105,183,
181,142,38,13,187,70,86,276,228,236,238,69,192,23,114,101,188,130,208,34,
189,288,164,242,166,183,235,215,182,191,200,252,266,232,
54,73,3,129,161,144,115,173,59,8,96,72,174,145,41,147,89,78,104,56,27,92,76,105,62,120,
104,78,27,92,179,105,76,153,8,145,174,241,96,160,303,161,175,59,89,202,115,41,184,293,206,177,120,72,246,
70,239,213,254,23,197,255,34,130,101,114,69,134,149,154,218,131,107,124,122,13,158,
282,305,
229,104,191,160,189,120,310,78,205,166,182,153,164,190,183,92,76,105,175,
305,
266,268,242,232,200,182,215,306,
189,190,288,164,242,166,183,235,215,182,191,200,252,266,232,
295,284,297,
195,201,230,149,290,134,185,69,193,154,158,131,157,196,122,107,211,124,
34,195,114,201,230,149,261,290,134,185,69,193,154,158,131,157,196,122,107,211,124,
131,158,122,201,237,195,193,154,196,157,149,227,243,185,124,211,107,281,223,264,
305,
124,211,264,321,250,237,243,185,195,223,149,227,196,157,154,193,
286,8,153,72,96,62,120,179,92,104,78,160,311,177,59,184,41,161,27,145,105,76,89,202,262,144,174,115,173,147,206,
239,130,101,197,255,261,271,154,34,13,158,131,70,157,211,124,122,107,149,134,185,69,114,201,230,
166,235,306,268,242,232,266,215,191,252,200,333,304,182,327,315,
166,306,268,242,232,266,215,191,252,200,333,304,182,327,315,
161,166,96,241,160,246,206,202,175,177,59,229,287,115,174,8,153,76,164,105,92,120,179,145,27,78,104,72,190,184,41,89,
305,345,
78,27,92,105,76,120,206,177,229,190,164,326,145,72,275,205,166,8,153,96,183,241,202,175,189,160,104,


232,266,183,235,189,215,288,164,242,166,182,191,200,339,252,
173,229,246,241,96,153,76,92,145,27,78,104,105,341,160,8,303,161,89,202,174,115,41,184,175,293,206,59,177,179,120,72,
145,326,78,27,92,105,76,120,177,229,329,96,241,183,205,166,153,202,160,189,175,104,275,164,190,
235,315,356,327,182,183,357,266,166,306,215,268,242,232,191,252,200,333,304,
195,227,237,250,263,243,295,297,284,223,301,
286,293,8,153,72,96,62,120,179,92,104,78,160,311,177,59,184,41,161,27,145,105,76,89,202,262,144,174,115,173,147,206,
183,89,96,241,160,189,246,275,179,120,206,59,177,202,175,229,287,8,153,76,164,105,92,145,27,78,104,166,72,190,205,184,41,
227,263,301,297,284,295,348,
206,147,173,160,92,96,72,62,179,120,153,8,78,104,286,311,354,177,59,184,41,161,27,145,105,76,89,202,262,144,174,115,

173,229,246,241,96,153,76,92,145,27,78,104,164,105,341,160,8,303,161,89,202,174,115,41,184,175,293,206,59,177,179,120,308,72,
252,200,323,175,288,164,190,166,205,183,235,215,189,182,104,191,
312,
202,27,177,275,325,175,105,76,92,183,190,164,344,229,104,191,160,189,120,78,310,205,166,182,153,
304,333,200,252,191,232,242,366,235,315,327,356,182,183,357,266,166,306,215,268,
296,312,
205,175,323,232,266,339,252,347,191,189,215,190,164,242,288,166,183,235,182,200,
153,182,166,205,310,78,120,189,160,191,104,229,344,376,202,27,92,183,177,190,164,275,325,175,105,76,
73,286,8,153,72,96,3,62,120,179,92,104,78,160,311,177,59,184,41,161,27,145,105,76,89,202,262,144,174,115,173,147,206,
205,232,266,339,252,347,191,189,215,190,164,242,288,166,183,235,182,200,

230,201,114,69,185,134,149,107,122,124,211,157,70,355,239,130,101,13,158,197,255,34,261,131,213,271,154,
230,201,114,69,185,134,149,107,122,124,211,157,70,355,239,130,101,13,158,197,255,34,261,131,213,271,154,
131,201,313,321,264,223,281,107,211,124,332,122,250,324,237,195,193,154,196,157,149,227,185,243,
313,122,332,193,154,157,196,281,107,223,124,211,250,324,353,237,264,263,321,185,243,195,149,227,
182,215,232,277,200,291,242,268,294,283,292,282,302,

388,232,182,302,215,277,200,291,242,268,294,283,292,282,
166,287,104,175,202,184,41,206,59,177,89,229,161,76,164,105,246,190,308,72,160,241,96,115,174,8,153,120,179,92,145,27,78,
122,332,193,154,157,196,281,107,223,124,211,250,353,237,264,263,321,185,243,195,149,227,
302,294,277,283,335,292,305,282,291,343,
291,346,315,327,182,357,266,166,277,306,215,268,242,232,191,252,200,333,304,
302,294,277,283,335,282,291,343,292,305,352,
130,101,197,255,230,201,114,13,158,154,124,211,271,300,196,290,261,157,131,34,193,107,185,69,134,149,122,
296,223,370,227,263,367,250,297,284,237,295,301,243,348,195,
323,175,200,182,235,183,166,288,379,205,232,382,266,252,339,347,191,363,189,215,190,164,242,
124,211,223,281,107,122,196,157,349,193,154,195,149,201,230,261,290,134,69,185,158,131,
361,312,362,375,
101,197,255,230,201,114,158,154,124,211,271,300,196,290,261,157,131,34,193,107,185,69,134,149,122,
290,154,271,300,261,197,158,131,13,101,130,239,355,70,157,34,211,124,122,107,149,185,69,114,201,230,134,193,255,196,
296,361,312,362,375,
312,361,362,

232,92,266,242,347,191,104,182,189,166,205,252,374,200,323,175,288,164,190,183,235,215,
27,202,177,235,325,175,105,76,92,183,190,164,344,229,307,104,191,160,189,120,78,310,205,166,182,153,
246,229,287,59,177,206,179,120,76,164,105,326,92,78,27,145,190,72,275,205,166,8,153,96,360,183,241,202,175,189,160,104,
291,346,268,215,277,306,166,266,357,183,200,252,304,333,242,191,377,232,366,182,356,327,235,315,
134,250,313,223,281,107,211,124,69,185,243,264,351,195,131,196,157,158,122,230,201,149,227,324,237,193,154,
389,405,
291,294,283,292,282,346,268,242,266,232,200,304,182,277,306,315,215,302,191,
282,352,345,305,359,372,
242,164,190,215,189,363,191,347,339,252,323,232,175,200,266,382,182,235,183,398,166,288,205,379,
191,304,315,266,346,282,292,390,182,388,232,302,215,306,277,200,291,242,268,294,283,

157,154,223,370,314,227,263,193,367,250,297,284,237,295,301,243,348,195,
325,145,326,27,177,275,202,329,175,105,76,92,241,183,190,164,344,229,104,191,160,189,120,78,310,205,166,182,153,
325,235,215,175,337,105,76,92,183,190,164,344,200,229,307,104,191,160,189,120,78,310,205,166,182,153,
254,157,70,124,122,107,185,69,193,134,114,201,230,385,149,355,239,384,130,101,158,197,196,255,211,34,261,13,131,271,213,154,
227,263,301,312,297,284,295,296,348,
305,282,292,390,182,388,232,302,215,335,277,200,291,242,268,294,283,
242,164,190,215,189,363,191,347,339,252,323,232,175,200,266,382,182,235,183,398,166,288,205,379,
378,375,362,400,361,296,312,403,
361,362,383,
361,362,383,
131,201,227,149,195,243,185,321,263,264,237,353,324,250,387,313,157,196,122,332,193,154,124,211,281,107,223,
243,185,227,149,157,196,193,195,237,324,250,154,386,321,131,313,230,201,351,264,223,281,107,211,124,158,332,122,
200,229,310,78,325,183,92,166,205,76,105,337,120,215,235,190,164,175,189,160,307,191,104,153,182,
361,362,383,

196,157,154,264,193,367,250,263,195,237,295,297,284,223,185,243,301,227,314,
284,193,154,157,196,107,281,223,124,211,250,295,353,237,264,263,321,301,185,243,195,149,314,227,
305,345,372,
383,
164,288,189,363,304,333,200,339,252,191,232,242,366,235,315,327,356,182,183,357,266,166,306,215,268,
205,347,315,304,333,268,190,306,252,339,200,232,266,357,183,235,363,189,215,288,164,242,166,356,327,182,191,
302,306,277,166,282,266,357,182,356,315,327,268,346,394,191,183,242,291,232,252,377,200,215,333,304,366,294,235,292,283,
296,195,348,295,237,243,301,417,157,154,297,284,397,223,370,314,227,263,193,367,250,
196,157,154,264,193,367,250,263,195,237,295,297,284,223,185,243,301,227,314,
200,229,310,78,325,183,92,166,205,76,105,337,120,215,235,190,164,175,189,160,307,191,104,153,182,
182,153,104,191,307,160,189,175,164,190,235,215,120,429,325,200,229,78,310,183,92,166,205,76,105,337,
283,294,268,242,291,200,335,277,306,415,191,282,304,315,215,302,266,292,346,390,182,388,232,
315,268,304,333,323,175,200,327,182,235,183,166,288,379,205,232,382,266,252,339,347,191,363,189,215,306,190,164,242,
297,284,264,263,321,250,295,237,301,243,185,195,223,149,314,227,196,157,154,193,

232,268,200,345,359,395,291,343,302,283,393,277,335,282,292,305,294,352,
343,372,359,292,305,345,352,282,283,413,

215,235,183,190,164,288,175,323,200,374,406,232,92,266,242,347,191,104,182,189,166,379,205,339,252,
232,242,92,76,105,337,307,191,104,182,160,189,166,205,252,374,200,120,323,175,288,164,190,183,235,215,
282,352,359,372,345,305,434,
378,375,362,361,296,312,403,

431,
195,348,296,397,223,243,301,312,370,227,263,367,250,297,284,237,295,
413,283,282,352,345,294,359,372,343,305,292,448,
403,312,296,361,400,362,375,378,424,

446,
158,223,107,281,211,124,154,386,193,332,122,196,157,387,250,324,353,237,264,351,263,321,185,243,313,195,149,227,131,201,
446,
78,252,200,288,183,92,166,205,76,105,337,323,120,215,235,190,164,175,189,160,307,191,104,153,182,
264,154,157,196,149,193,367,250,195,314,227,237,295,263,321,297,284,223,185,243,301,
332,321,243,185,69,281,223,107,211,124,250,264,351,410,149,313,195,131,196,157,158,122,230,201,227,324,237,134,193,154,386,
250,367,193,263,227,314,196,370,223,397,439,296,348,195,295,237,185,243,301,417,157,154,297,284,
339,164,357,166,277,306,346,288,252,266,235,215,333,183,242,191,394,200,377,291,409,232,182,356,268,327,315,304,363,366,189,
223,421,227,263,250,243,301,370,312,195,297,284,295,296,348,
343,434,292,305,345,372,359,352,282,283,413,452,
157,154,195,348,296,397,223,243,301,370,314,227,263,193,367,250,297,284,237,295,
295,237,284,297,250,456,195,348,296,397,223,301,243,312,370,314,227,263,367,
201,313,387,314,227,149,195,243,185,321,263,264,324,237,353,131,392,122,332,193,154,157,196,223,281,107,124,211,250,
182,242,352,294,305,292,282,395,291,343,232,268,359,200,345,447,302,283,335,393,277,
449,454,431,416,455,
295,297,284,362,375,312,348,361,296,378,
223,195,421,227,263,250,301,370,312,297,284,295,296,348,378,
158,351,386,353,237,324,264,263,321,185,243,149,227,201,131,392,427,250,387,195,313,157,196,122,332,193,154,124,211,281,107,223,
405,389,411,446,
383,403,312,296,361,400,362,375,404,378,424,
356,414,166,242,183,444,235,182,175,200,327,268,315,379,232,323,205,382,266,252,398,339,288,347,191,304,363,189,333,215,306,190,164,
223,195,421,227,263,250,243,301,370,312,297,284,295,296,348,378,
424,378,284,453,375,362,400,361,296,312,403,458,
405,389,411,446,
449,454,431,416,455,
283,292,268,327,356,182,357,266,166,164,282,277,306,315,302,438,346,394,191,183,242,409,291,232,252,377,200,215,333,304,366,235,294,
189,366,252,339,288,346,306,277,166,266,357,164,235,467,215,333,363,304,183,242,191,394,200,377,409,232,291,182,356,327,268,315,

427,250,263,321,185,243,227,387,195,313,149,201,264,472,124,211,324,237,353,131,392,122,332,193,154,157,314,196,223,281,284,107,
378,482,424,453,404,375,362,361,296,312,403,284,400,458,
432,348,296,149,439,314,227,417,301,243,185,397,223,284,154,297,370,196,157,264,193,367,250,263,195,440,237,295,
449,454,431,416,455,
405,389,372,411,
295,297,378,482,424,453,375,362,361,296,312,403,284,400,458,
388,390,283,292,268,327,415,356,182,357,266,166,282,277,306,315,302,438,346,335,394,191,183,242,291,232,252,377,200,215,333,304,366,412,235,294,
282,352,405,389,359,411,372,345,305,434,
405,389,343,434,305,345,411,372,359,352,282,413,452,
432,348,296,149,439,314,227,417,301,243,185,397,223,284,154,297,370,196,157,264,193,367,250,263,195,440,237,295,
367,468,476,378,348,296,237,295,481,195,223,421,227,312,370,263,250,301,243,297,284,
375,468,476,378,348,296,237,295,481,195,223,421,227,312,370,263,250,301,243,297,284,
Future sets, 

118,234,87,146,249,220,248,278,219,10,113,172,259,143,112,121,168,267,6,123,152,270,94,212,139,257,198,98,214,240,207,178,85,203,

212,118,381,73,56,336,106,129,247,340,316,257,139,198,267,249,219,278,226,168,207,178,214,317,258,269,328,125,146,29,240,299,63,270,152,248,176,234,113,54,172,259,318,289,53,112,221,103,280,


267,143,259,123,121,112,168,172,113,10,248,278,219,152,270,94,212,249,220,257,198,98,214,240,207,178,85,203,146,87,234,118,
20,
287,207,179,408,59,172,299,358,280,221,103,257,139,258,317,336,168,41,278,259,318,89,125,289,173,369,115,174,56,293,391,249,341,248,161,364,246,373,286,270,152,269,328,316,62,381,340,184,311,247,129,330,354,267,144,262,371,226,73,368,147,303,176,308,54,360,106,146,
100,97,88,81,141,66,
146,113,168,257,112,121,152,123,94,259,172,85,248,219,270,212,249,220,198,98,214,240,207,178,203,87,234,118,

280,176,269,214,234,118,248,212,270,152,87,146,85,203,267,46,220,219,278,249,259,113,172,53,112,178,207,316,198,257,139,168,226,299,240,63,
396,137,209,150,225,402,231,245,156,274,187,169,228,251,192,309,279,338,86,322,217,276,334,216,256,285,236,265,171,181,384,355,77,254,159,218,224,342,420,188,70,155,273,238,239,298,385,208,222,163,320,233,253,331,213,272,260,142,319,
141,111,97,

58,

126,110,170,93,167,128,102,140,49,
133,88,100,148,45,

64,
43,
187,188,309,298,272,253,233,320,276,217,159,225,192,251,77,265,236,208,228,169,285,256,274,156,171,245,334,216,231,142,319,260,322,86,222,163,338,279,150,209,238,137,342,224,181,155,273,
58,
109,116,55,
43,
275,380,329,202,376,177,418,340,161,364,286,246,373,341,247,129,365,317,258,336,278,371,226,89,147,206,408,179,59,354,262,144,267,328,269,311,184,308,326,72,391,96,293,358,299,174,369,115,173,289,259,318,381,145,241,368,73,221,407,280,330,316,62,270,303,176,248,360,287,
186,140,93,102,167,170,71,
258,146,214,178,207,168,226,249,278,267,328,269,63,240,299,152,270,125,248,176,234,172,318,259,289,53,112,280,103,221,198,139,257,316,

51,
88,100,148,45,

260,272,331,253,233,320,163,222,208,385,239,238,273,188,420,342,218,254,181,298,171,265,236,285,256,70,197,216,334,276,217,322,213,86,338,279,309,319,192,251,187,401,274,245,231,402,225,355,228,101,142,396,255,384,130,114,350,300,271,209,


65,68,75,83,40,
236,298,238,309,181,163,77,260,231,276,217,159,224,137,135,209,150,265,171,67,244,162,338,279,322,90,155,245,334,216,80,256,138,225,156,108,285,169,192,251,74,

83,75,68,
173,115,174,293,391,308,303,341,364,373,286,161,184,369,89,248,259,318,289,278,336,317,258,316,280,221,358,299,270,269,328,62,381,340,311,247,129,330,354,267,144,262,371,226,73,368,147,176,
199,171,285,169,156,225,138,80,216,245,155,90,279,74,265,135,251,137,108,224,217,159,150,209,231,260,244,162,


148,100,
203,146,152,212,270,267,219,248,118,234,240,214,113,220,278,249,259,172,198,112,257,178,207,139,168,
155,169,260,209,244,79,224,159,199,194,165,162,279,135,138,150,
244,224,199,162,165,204,194,180,132,210,119,
140,102,
244,224,199,162,165,204,194,180,132,210,119,

244,199,194,180,132,119,210,165,204,117,
267,278,249,168,139,226,207,178,63,214,198,146,152,240,269,299,270,248,176,234,172,259,257,112,
340,247,152,318,289,176,267,106,280,317,259,257,221,258,316,328,270,299,125,103,248,139,226,336,278,249,269,
116,
340,247,146,152,318,289,176,267,106,280,317,259,257,221,258,316,328,270,299,125,103,248,139,226,336,278,249,269,


267,278,226,408,179,262,144,354,328,269,316,258,317,336,303,247,129,147,89,341,373,286,364,161,311,340,369,371,184,308,391,293,358,299,174,115,173,289,259,318,381,368,221,280,330,
99,
186,170,167,
270,299,316,221,280,336,278,289,258,317,318,259,340,311,247,129,330,354,267,144,262,371,226,368,381,147,176,328,269,248,
214,198,146,152,270,248,234,269,240,259,172,112,257,178,207,226,139,168,249,278,267,

83,
141,
171,265,137,108,224,159,217,150,209,231,260,251,135,244,162,279,322,90,155,245,216,80,138,225,156,285,169,

231,290,349,465,134,271,300,350,114,342,401,272,213,331,410,233,261,320,238,402,228,298,239,334,276,218,254,253,319,142,285,255,256,197,187,274,265,236,251,192,130,188,420,399,222,309,101,396,338,355,384,322,273,385,208,
355,218,254,384,420,342,181,171,256,285,236,265,238,273,385,208,222,163,320,233,253,331,213,272,319,142,239,298,216,334,276,322,338,309,192,251,228,188,187,274,245,231,402,225,
170,167,
360,278,287,408,179,262,144,354,328,269,316,258,317,336,303,247,129,147,89,341,373,286,246,364,161,311,340,369,371,184,308,391,293,358,299,174,115,173,289,318,381,368,221,280,330,
381,248,226,269,267,176,129,340,259,317,318,289,278,336,280,258,316,247,270,328,299,221,
265,108,224,159,217,150,209,260,251,135,244,162,279,90,155,245,216,80,138,225,156,169,

451,329,202,275,354,177,365,247,316,287,258,317,376,330,328,418,340,429,381,145,173,147,206,442,241,368,78,310,369,358,293,341,391,326,308,144,262,380,289,153,407,280,318,371,311,184,161,364,373,246,303,286,463,336,174,179,408,360,419,325,344,441,229,
171,322,156,155,150,169,285,265,251,225,159,217,245,216,231,260,163,279,209,137,224,
173,310,358,206,147,442,293,341,391,308,326,418,145,381,429,340,241,368,330,317,258,376,247,365,287,316,328,354,177,144,262,380,289,280,153,407,318,371,311,184,161,364,303,369,286,336,463,246,373,174,179,408,360,419,325,344,441,229,275,202,329,
244,224,194,199,165,162,
135,244,162,279,90,155,245,216,225,138,156,169,260,209,150,217,159,224,108,



136,133,
234,219,212,220,207,203,198,214,240,178,
181,171,256,285,236,265,238,273,208,222,163,320,233,253,272,319,142,298,216,334,217,276,322,338,309,192,251,228,188,187,274,245,231,225,
212,203,178,240,214,198,220,207,219,234,118,

369,184,161,371,340,311,286,373,364,341,147,303,308,391,293,299,358,174,115,173,289,318,381,368,221,280,330,129,247,336,317,258,316,269,328,354,144,262,
245,216,156,155,169,260,209,150,138,217,159,108,224,279,162,244,135,
143,136,127,
450,406,258,318,229,441,325,354,177,344,391,364,330,380,262,153,407,105,341,365,307,161,317,376,328,358,371,173,329,202,340,408,174,369,310,287,160,337,308,451,179,247,120,145,381,184,311,429,246,373,286,336,463,360,419,303,418,368,241,293,326,206,442,275,
170,
123,

287,360,369,184,408,179,161,371,340,311,286,373,246,364,341,206,147,303,308,391,293,299,358,174,115,173,289,318,381,368,221,280,330,365,247,336,317,258,316,328,354,144,262,

220,219,203,212,121,


265,255,187,285,192,253,254,142,319,276,334,218,197,256,236,274,222,309,396,338,355,384,322,273,130,188,420,208,385,239,298,228,402,238,320,233,331,213,272,401,342,

257,221,316,125,299,270,248,226,249,278,269,259,280,267,176,
374,307,328,161,341,358,329,371,368,376,317,202,407,262,380,153,330,364,246,344,354,177,325,441,287,406,229,450,391,365,336,340,408,174,184,369,310,160,337,308,451,179,120,381,311,429,373,286,463,360,419,303,418,241,293,326,206,442,275,
307,173,161,328,341,358,329,371,368,376,317,202,407,262,380,153,330,364,246,344,354,177,325,441,287,229,391,365,336,340,408,174,184,369,310,160,337,308,451,179,120,145,381,311,429,373,286,463,360,419,303,418,241,293,326,206,442,275,
289,318,176,267,280,317,259,269,278,226,221,248,316,258,270,299,328,
131,396,261,320,290,349,319,201,355,384,239,420,385,428,222,399,254,313,465,427,253,386,472,488,273,332,158,218,274,392,387,271,477,300,324,433,197,401,342,255,122,350,230,331,213,272,402,461,410,233,351,
155,169,260,209,150,138,159,224,279,162,244,135,



248,234,240,178,249,172,257,207,168,
257,234,207,198,214,240,178,
350,322,300,271,255,233,253,222,218,273,338,309,396,274,236,334,276,208,385,228,402,238,188,420,256,197,401,342,254,319,384,355,298,239,320,331,213,272,
358,391,308,303,341,293,364,286,373,147,311,340,381,368,280,330,317,247,336,258,316,328,354,173,144,289,318,262,371,

204,210,180,
234,219,207,198,214,240,178,
180,194,204,210,132,
451,337,336,184,179,340,174,365,408,369,310,311,429,308,373,286,463,360,419,418,241,293,303,381,326,206,442,275,391,229,287,441,325,177,354,344,246,364,330,153,380,262,407,202,317,376,368,371,329,358,341,

392,324,387,332,273,253,218,472,488,386,427,197,271,350,401,342,255,230,300,477,158,272,213,331,402,461,233,351,410,465,313,254,399,428,385,420,239,384,355,201,319,349,290,320,261,396,

353,332,387,324,392,253,218,472,488,386,427,433,197,271,350,401,342,255,230,300,477,158,272,213,331,402,461,351,410,465,313,254,281,399,428,385,420,239,384,355,201,319,349,290,320,261,396,
299,316,270,248,226,278,269,259,280,267,176,



340,317,318,289,328,258,336,280,316,247,299,221,
396,322,355,273,338,309,222,274,236,256,334,276,218,208,385,228,402,238,188,420,320,233,331,213,272,342,384,298,239,319,254,253,
472,488,427,386,274,253,273,218,197,271,350,401,342,255,230,300,477,158,272,213,331,402,461,233,351,410,465,254,222,399,428,385,420,239,384,355,319,349,290,320,261,396,
204,194,210,180,

465,334,385,410,233,402,273,396,355,384,298,239,197,255,420,319,320,261,349,290,254,222,399,342,401,300,271,331,213,272,218,253,350,274,
244,162,224,159,

285,265,251,225,217,245,216,260,279,209,
279,162,224,159,
278,267,248,249,257,270,259,152,


253,272,319,320,233,192,208,273,238,236,285,256,298,334,276,322,338,309,228,188,187,274,

330,247,336,316,258,328,354,289,318,317,262,371,280,368,381,340,311,
365,418,326,287,368,262,308,391,341,354,328,336,293,206,371,358,184,317,161,246,364,381,303,340,311,369,330,286,373,174,179,408,360,
259,270,257,249,248,
354,247,336,328,289,318,317,280,371,258,316,381,368,340,311,

464,321,331,255,332,387,433,392,490,313,488,342,401,271,350,230,201,300,477,445,386,427,402,461,351,410,465,281,399,428,472,385,211,420,384,355,349,290,497,261,396,324,353,
224,209,279,260,169,

259,270,257,249,248,
325,344,441,229,246,364,275,326,381,303,330,293,442,206,354,177,380,262,407,202,376,287,391,368,371,329,358,341,241,418,419,360,463,286,373,308,429,311,310,369,408,365,
331,271,201,417,470,477,300,332,465,445,386,387,402,461,255,432,196,490,313,392,439,321,350,230,466,464,349,290,428,396,384,355,399,281,385,211,472,185,353,324,440,261,497,193,488,342,401,420,427,410,351,264,433,
279,260,224,
217,260,279,209,
331,271,201,417,470,477,300,332,465,445,386,387,402,461,432,196,490,313,392,439,321,350,230,466,464,349,290,428,396,384,355,399,281,385,211,472,185,353,324,440,261,497,193,488,401,420,427,410,351,264,433,
461,477,351,255,342,331,402,350,271,300,401,230,410,320,465,349,254,399,428,385,420,239,384,355,319,290,261,396,
224,
451,337,325,442,344,441,229,391,287,376,202,380,293,354,330,303,381,368,407,371,329,358,341,241,418,419,360,463,286,373,308,429,311,310,369,408,365,326,275,364,246,
358,336,328,317,391,308,262,354,341,371,293,368,381,303,340,311,364,330,286,373,

265,285,322,231,251,225,245,216,
373,287,275,358,485,308,190,444,326,414,323,382,205,441,344,365,423,407,451,480,288,406,347,376,463,339,398,310,369,391,450,363,307,189,374,437,379,486,408,467,380,436,442,325,337,418,329,429,360,419,
199,194,
358,394,357,275,356,235,337,205,441,382,323,442,429,310,369,339,398,374,451,480,391,450,363,437,463,380,409,379,438,408,467,418,376,494,407,325,344,329,485,365,423,419,360,183,414,189,307,366,436,377,288,347,406,486,444,326,

257,
260,279,209,

285,265,251,225,245,216,
257,249,
262,354,328,371,368,381,340,311,373,286,364,330,317,336,
358,391,308,262,354,341,371,293,368,381,303,340,311,364,330,286,373,
325,374,398,379,414,480,308,337,373,344,407,380,360,419,423,364,451,429,376,463,323,441,406,229,287,310,369,408,365,307,442,444,326,275,450,391,329,358,418,241,341,
259,267,269,278,226,
206,391,287,376,202,262,380,293,354,330,303,381,368,407,371,329,358,341,241,418,360,286,373,308,311,369,408,365,326,275,364,246,
240,
408,373,286,330,364,262,184,358,371,293,391,308,354,341,368,381,303,311,369,
210,
338,334,251,265,285,322,309,231,
344,380,418,407,374,315,480,450,363,304,422,398,339,485,288,406,347,357,444,409,438,379,467,486,325,266,443,327,473,414,346,235,412,337,307,366,419,390,388,442,306,333,451,215,394,423,376,494,356,415,437,463,436,377,382,441,323,252,429,
485,409,329,365,325,344,418,380,494,376,463,437,438,379,414,423,366,307,377,436,407,486,408,467,326,444,347,406,288,363,450,480,451,374,398,339,369,310,360,419,429,442,323,382,441,337,
358,391,308,262,354,341,371,293,368,381,303,369,311,364,330,286,373,
355,385,384,211,396,281,399,290,349,464,321,392,353,324,440,497,488,401,350,466,420,427,428,410,351,264,472,433,313,490,196,432,461,402,387,386,445,465,332,300,477,

238,236,256,334,298,276,338,322,309,228,
238,228,309,276,298,334,256,236,274,338,273,208,
363,486,436,374,450,339,398,347,406,467,408,451,480,442,325,337,376,463,310,369,418,329,437,379,429,380,360,419,407,307,423,365,344,441,205,382,323,414,326,444,
358,275,374,391,450,398,347,406,408,451,480,442,325,337,376,463,310,369,418,329,437,379,429,380,360,419,407,307,423,365,344,441,205,382,323,414,326,444,
344,418,380,310,327,325,443,357,394,337,441,382,323,442,252,429,419,423,415,356,414,307,366,437,379,438,409,412,235,467,463,376,494,407,485,436,377,486,444,347,406,288,304,363,450,480,333,451,374,398,339,
238,276,338,334,285,298,322,309,236,
470,420,466,417,401,350,488,497,324,440,353,427,392,410,351,264,472,433,428,313,490,432,402,461,387,465,332,300,477,445,386,439,321,464,349,290,399,281,396,

349,399,281,350,468,481,243,471,353,476,417,464,466,321,439,498,250,427,324,237,440,499,470,392,497,488,456,397,367,410,351,264,472,433,428,313,490,314,432,461,387,465,332,477,445,386,
466,420,401,350,488,497,324,440,353,427,392,410,351,264,472,433,428,313,490,432,402,461,387,465,332,300,477,445,386,321,464,349,290,399,281,396,
401,254,319,384,420,342,355,396,331,402,320,385,239,


442,463,429,252,357,444,415,356,409,438,379,467,480,486,412,485,394,423,374,315,398,339,441,323,382,306,447,388,494,390,450,419,242,473,414,327,266,443,366,437,346,288,347,406,436,377,451,333,363,422,304,
427,386,461,477,351,402,350,271,300,488,401,230,410,465,349,399,428,472,385,420,384,355,290,261,396,
407,330,354,371,368,381,376,293,380,303,287,241,329,358,364,341,418,360,286,373,308,311,369,408,365,326,275,246,391,


437,329,418,369,310,376,463,337,325,451,480,442,429,380,360,419,407,307,423,365,344,382,441,323,414,326,444,379,408,406,398,450,374,
360,293,330,354,371,368,341,308,364,373,286,303,381,358,311,369,408,246,391,287,

274,236,256,334,298,276,273,338,309,228,
279,260,

384,324,353,428,488,401,427,313,392,410,351,472,385,433,399,281,387,465,332,300,477,386,349,290,396,461,402,350,355,420,

385,320,272,331,342,420,384,319,254,

390,388,419,442,337,306,412,327,346,443,266,333,451,394,423,494,414,415,356,437,463,436,377,366,441,323,382,429,252,486,467,379,438,409,444,357,347,406,288,485,339,398,422,304,363,450,480,315,374,
245,

342,320,319,272,


299,316,280,
273,253,319,320,272,233,
399,281,468,481,243,471,353,476,417,464,466,321,439,498,250,427,324,237,440,499,470,392,497,488,456,397,367,410,351,264,472,433,428,313,490,314,432,461,387,465,332,477,445,386,


278,269,267,
264,421,392,470,433,471,353,464,324,263,440,499,387,465,367,250,427,332,477,370,488,456,397,468,497,481,445,386,243,476,417,461,314,432,428,472,410,351,490,313,466,439,321,498,
309,338,276,298,334,256,
441,429,364,419,407,344,373,308,380,376,418,360,369,408,365,442,326,287,275,391,329,358,
410,465,349,428,399,385,420,384,355,261,290,396,401,300,271,350,402,
285,265,251,
357,444,415,356,409,438,379,467,480,486,412,485,394,423,315,398,339,382,306,447,388,494,390,450,242,473,414,268,327,266,443,366,437,346,347,406,436,377,451,333,363,422,304,
320,319,272,253,

409,485,494,463,437,438,379,414,356,423,366,307,377,436,407,486,467,444,347,406,288,363,450,480,451,374,398,339,419,429,442,323,382,441,337,
309,298,334,338,276,
397,456,367,470,488,497,324,499,440,427,392,410,351,264,472,433,428,313,490,314,432,461,387,465,332,477,445,386,498,439,321,466,464,417,353,471,
309,298,334,338,276,
385,402,331,355,342,420,384,319,254,

364,341,418,360,373,308,358,369,408,365,326,391,287,
390,388,306,382,450,339,398,315,494,423,394,485,473,414,327,366,437,346,347,406,436,377,443,266,451,333,422,304,363,412,486,480,467,379,438,409,356,415,444,357,
481,468,397,456,367,488,477,332,465,387,386,445,461,314,432,428,472,351,410,497,427,417,490,313,466,498,439,321,499,440,324,464,353,471,433,470,392,


341,308,373,364,303,358,369,408,391,287,
336,328,318,317,


481,468,410,433,497,387,490,461,464,499,440,471,353,466,439,498,321,476,417,488,432,314,472,470,392,427,397,456,477,332,445,386,465,428,367,
265,
366,494,463,437,414,356,423,394,377,436,323,382,486,467,379,438,409,444,357,347,406,288,485,363,450,480,374,398,339,451,333,
272,
420,342,331,319,
401,384,385,402,420,355,342,396,331,
334,298,

328,318,

279,
399,384,385,420,355,396,401,350,402,300,
354,371,368,381,311,
421,433,497,468,471,445,387,490,461,464,439,498,466,432,314,472,470,440,499,367,427,456,397,488,370,481,417,476,477,392,
351,433,392,440,324,353,313,427,497,410,488,472,428,490,432,461,445,387,465,332,477,386,321,464,

406,347,346,443,327,414,485,394,423,494,366,437,333,363,304,412,486,436,377,480,467,379,438,409,356,415,444,357,315,398,339,450,382,

447,390,388,315,346,473,357,444,415,409,438,467,422,306,480,377,486,412,304,333,437,366,436,494,394,485,356,327,443,


401,396,384,385,402,420,355,



380,376,329,360,369,408,418,365,326,
338,334,298,
485,394,486,447,395,412,388,438,409,467,473,415,443,291,494,390,335,422,393,


316,
433,351,392,313,427,410,488,472,399,428,324,461,387,465,332,477,386,
495,452,413,457,469,343,496,438,412,485,494,448,390,443,395,302,447,393,335,422,388,473,415,
294,415,473,388,422,335,393,292,469,443,457,438,412,485,494,448,390,395,447,302,
489,488,370,481,475,301,397,456,432,490,295,433,471,297,445,367,421,440,499,470,497,498,439,468,466,348,493,464,417,476,482,

381,368,371,354,330,
391,408,369,358,
467,486,382,436,323,414,423,444,437,379,406,347,463,398,363,450,480,451,374,339,

396,402,350,399,401,349,
412,395,388,409,438,467,443,494,390,422,393,415,473,447,486,394,485,
469,457,438,412,485,494,448,390,443,395,302,447,393,335,422,388,473,415,
368,364,373,341,330,
457,438,412,485,494,390,443,395,302,447,393,335,422,388,473,415,
433,490,432,466,301,417,475,456,397,481,370,498,440,471,297,445,367,421,499,470,497,439,468,348,493,464,476,
468,439,497,471,403,490,466,456,397,378,481,498,470,499,475,458,493,421,479,476,489,482,453,424,
445,367,499,470,439,497,468,493,464,348,421,476,440,498,370,481,397,456,475,417,466,432,490,471,
334,

402,401,396,
445,433,421,476,481,370,397,367,471,468,497,439,464,432,490,498,440,466,417,456,499,470,
485,494,390,443,395,447,335,422,393,388,473,415,412,438,
364,373,341,
412,333,366,436,494,394,485,443,327,356,486,437,377,480,467,438,409,415,444,357,
352,359,434,343,395,447,473,469,495,496,457,448,422,393,345,413,452,
346,366,436,494,357,415,444,315,412,394,485,443,356,486,437,377,480,438,467,409,
407,419,429,442,451,463,441,337,
391,373,

442,429,441,376,380,419,407,418,344,
381,368,371,354,
471,456,468,476,498,481,404,375,421,479,499,475,403,489,453,424,482,378,493,458,400,
427,410,488,472,428,461,387,465,477,386,
488,417,466,440,464,490,432,445,471,497,439,433,472,470,
412,394,443,356,486,437,377,480,485,438,467,409,444,415,357,494,436,366,





464,353,392,427,488,477,386,461,433,472,465,428,387,445,

423,480,414,444,379,406,463,398,450,451,374,
427,410,488,472,428,461,387,465,477,386,
442,429,418,407,419,380,441,376,
418,365,408,360,
394,356,486,437,377,480,485,438,467,409,444,357,494,436,366,

418,365,


392,427,488,472,428,461,387,465,477,386,
394,356,486,437,377,480,485,438,467,409,444,357,494,436,366,

494,443,422,395,447,473,393,

463,451,441,442,429,419,

450,398,437,423,436,414,379,444,382,486,480,467,363,

373,364,

469,496,457,448,395,447,473,393,
418,407,419,380,376,
413,452,469,495,496,457,448,434,447,473,359,
443,409,412,438,494,415,467,486,485,394,
406,382,437,398,450,423,480,414,444,379,
421,476,498,370,481,397,456,475,417,466,490,471,468,497,439,470,499,
399,

477,461,428,465,410,
448,457,496,495,469,452,413,447,473,395,
392,427,488,477,461,433,472,387,
371,
402,385,420,384,
437,377,494,438,480,467,486,485,409,436,366,
437,377,494,438,467,486,394,485,409,436,366,

473,447,448,457,496,495,469,452,413,
408,
475,426,400,458,493,404,430,479,489,482,453,424,403,425,
475,426,400,458,493,404,430,479,489,482,453,424,403,425,
486,444,414,467,480,436,423,437,398,


436,409,485,486,467,438,494,377,
498,439,432,497,471,464,490,440,466,417,456,470,397,


481,397,456,417,466,490,471,497,439,468,470,499,498,476,

492,434,448,457,496,495,469,452,413,

451,450,406,
499,475,403,424,489,453,479,482,493,458,400,
380,
494,438,467,486,485,409,
481,498,499,475,458,493,482,453,479,476,489,424,
444,414,480,423,450,398,


444,414,480,423,398,
479,435,430,426,425,
420,
420,
477,465,461,428,
472,461,477,488,427,
415,443,422,494,390,
478,483,496,492,495,411,
422,443,494,415,

477,488,472,
473,447,
486,467,485,494,438,
473,447,

470,456,466,490,471,497,439,
423,480,414,

458,493,482,479,489,424,


458,493,482,453,479,489,424,
489,479,
478,483,496,492,495,411,
450,


485,486,467,
465,
495,492,496,483,478,
494,
469,496,457,448,
480,
494,443,
491,484,474,
466,490,497,439,



476,498,499,481,468,


479,482,493,489,458,


488,477,

442,

474,484,491,455,
497,490,

495,469,496,452,



494,485,
497,490,466,
497,490,



480,

483,478,462,460,
473,
457,
491,484,474,


496,469,
489,493,482,
491,484,474,
491,484,474,
471,

489,493,482,








486,
499,498,



488,



499,498,




499,498,
493,489,

















Past links sets, 






1,



6,









7,








3,










37,
8,

22,26,

19,32,
12,


18,

31,

12,29,
3,8,
25,
3,8,

16,24,
8,27,


27,41,
53,
21,
37,
9,
38,
40,

13,34,
28,
27,
3,27,41,
38,42,
40,

13,23,38,
76,
47,
67,74,
9,

40,65,

10,12,
13,23,34,
10,12,
9,19,32,
41,59,72,
80,


18,28,
10,

27,
9,14,
10,
60,
9,45,
34,69,
28,49,
29,54,56,

92,
54,56,

90,
25,
18,
14,
10,46,63,
3,10,46,
34,69,
89,96,
55,
52,
3,46,87,
48,50,52,
104,105,
98,
107,
94,

103,
18,
91,
18,
62,73,89,
101,
107,
119,
19,84,
69,
47,108,
84,91,
42,67,77,
47,108,
1,46,54,56,63,
28,49,
14,66,
70,86,101,
6,91,
62,78,115,
78,27,105,
10,46,56,63,
62,78,115,
45,

47,77,108,

10,139,
78,120,

47,77,108,
77,90,

122,124,131,
77,135,138,
104,105,
89,96,104,145,
48,50,79,135,138,
70,77,86,

48,50,52,79,

18,61,71,
8,112,
150,
61,71,93,
42,67,70,77,86,
8,112,
78,105,115,
89,96,120,145,

53,62,106,73,125,
27,153,
85,112,113,118,
59,72,96,120,145,
117,132,
38,70,86,

166,
89,179,
154,157,
28,61,
142,
114,130,142,
164,166,
164,

38,142,
154,157,
132,165,

185,
101,114,122,124,131,134,
63,85,113,118,
42,165,

122,124,149,154,157,
160,177,
87,46,85,98,
117,132,
189,190,
96,145,177,
85,8,112,113,118,
188,
34,137,156,169,
180,
149,185,
3,87,46,85,98,
114,70,122,124,130,131,134,
63,85,113,118,
182,
90,137,163,171,
86,137,156,
114,70,122,124,130,131,134,
85,98,118,
87,46,85,98,
96,106,103,129,
70,86,114,130,131,134,

48,50,79,150,155,159,
137,163,80,171,
63,59,176,

187,208,
153,160,175,
158,201,
42,67,69,163,181,

122,142,222,
85,112,113,118,
166,182,191,
187,192,208,
195,223,
187,188,192,
70,130,158,197,
178,
175,202,
200,232,
195,223,227,
48,50,52,79,135,
216,
8,72,202,206,
54,129,92,144,56,147,
62,106,73,112,125,146,152,
103,152,146,172,
195,223,227,
74,137,171,231,
191,200,215,
124,233,
213,239,
101,114,134,149,154,158,
38,228,
113,152,103,168,146,172,
29,106,129,92,144,147,
146,152,59,176,
155,209,
134,230,
144,173,161,174,177,184,
227,
193,196,227,237,
101,251,
215,242,
6,139,226,
232,
89,226,
62,106,73,125,146,152,
114,134,230,
213,218,253,
122,208,222,
131,134,208,
166,202,190,229,
228,236,238,

6,72,139,226,
138,260,
12,125,144,147,221,
124,193,195,196,211,223,



137,171,192,231,
173,161,174,184,202,206,
164,229,241,246,
164,183,235,252,
29,106,129,144,147,
134,193,196,211,230,
277,
283,
161,174,184,202,115,206,
283,
284,

295,
134,256,276,
53,125,221,
114,193,211,196,261,
295,
282,292,294,
115,161,174,184,246,
191,266,268,

215,242,268,
104,175,205,105,183,235,
115,161,174,184,164,229,241,246,
181,228,236,238,
160,175,183,191,153,205,
147,202,206,262,

122,243,264,281,
243,237,250,263,
266,306,
280,
106,120,161,173,247,
247,258,
218,233,254,
158,197,213,218,233,
149,243,250,264,
67,130,163,181,187,114,192,
175,205,288,
122,243,264,281,
160,175,182,183,191,153,205,
183,205,241,145,275,
304,
161,173,247,258,
183,205,275,
144,286,293,
157,254,255,
122,243,250,264,281,
252,304,
181,298,
277,302,
120,161,173,247,
120,160,215,307,
181,276,
189,266,288,
54,129,144,56,147,173,161,174,
241,293,303,
23,218,254,255,
282,305,
182,229,310,
305,
266,306,
189,190,266,288,
297,
195,290,
114,195,261,290,
158,201,243,264,281,
305,
124,211,321,
286,311,
211,239,255,261,271,
235,315,327,333,
166,315,327,333,
115,166,161,174,184,190,287,
345,
8,72,206,326,


339,
173,229,341,
96,326,329,
183,356,357,
243,237,250,263,297,301,
286,293,311,
205,184,275,183,287,
263,301,348,
354,

173,308,341,
104,323,
312,
275,325,344,
366,
296,312,
323,339,347,
376,
73,286,311,
205,339,347,

213,355,
213,355,
201,131,313,321,324,332,
263,313,324,332,353,
215,242,268,291,302,

388,
166,190,287,308,
263,332,353,
335,291,343,
291,346,357,
335,291,343,352,
13,130,197,255,271,290,300,
296,367,370,
363,379,382,
261,281,349,
361,362,375,
197,255,271,290,300,
300,290,355,
296,361,362,375,
312,361,362,

92,347,374,
202,307,325,344,
179,287,360,
291,346,377,
134,230,250,313,324,351,
389,405,
291,304,302,315,346,
282,352,359,372,
398,
304,315,346,390,

193,314,367,370,
325,326,329,344,
200,325,337,344,
193,196,254,384,385,
263,301,312,296,348,
305,335,390,
398,
378,400,403,
361,362,383,
361,362,383,
131,201,387,
351,230,386,
200,229,310,325,337,
361,362,383,

264,314,367,
107,281,301,314,353,
345,372,
383,
363,366,
205,347,356,357,363,
302,377,394,
397,417,
264,314,367,
200,229,310,325,337,
429,
335,415,
315,333,363,327,379,382,
297,301,314,321,

268,359,393,200,395,
292,343,413,

379,406,
76,242,337,374,
282,352,359,434,
378,403,

431,
312,397,
294,448,
424,

446,
351,386,387,
446,
153,323,337,
314,321,367,
386,410,
196,439,
363,394,409,
243,250,370,421,
292,343,413,452,
193,314,397,
314,456,
131,201,387,314,392,
182,242,447,
449,454,416,455,
348,361,362,375,378,
250,370,378,421,
351,386,392,427,
411,446,
383,404,424,
356,414,444,
243,250,370,378,421,
284,453,458,
411,446,
449,454,416,455,
164,409,438,
467,

284,427,472,
404,482,
149,432,439,440,
449,454,416,455,
372,411,
297,482,
335,415,412,438,
282,352,359,411,434,
343,411,413,452,
149,432,439,440,
367,476,468,481,
237,375,476,468,481,
Future links sets, 

139,6,

118,113,73,212,56,54,29,


278,267,143,10,
20,
360,172,246,207,168,59,56,54,41,
100,97,88,81,66,
112,146,94,152,113,87,98,85,

87,53,280,85,46,
396,86,77,70,
141,111,97,

58,

167,128,126,110,93,49,
133,88,45,

64,
43,
342,86,77,
58,
109,55,
43,
145,96,177,73,62,72,59,
186,140,102,93,71,
289,258,103,53,

51,
88,45,

209,114,101,86,70,


65,40,
192,181,77,256,74,67,

83,75,68,
89,73,62,
231,199,171,137,74,


148,100,
220,212,146,118,139,113,203,112,
155,150,138,135,79,
244,224,165,162,119,
140,102,
244,224,165,162,119,

244,165,119,117,
299,176,63,
247,139,340,106,103,
116,
247,146,139,340,106,103,


259,226,179,89,
99,
186,170,167,
270,176,147,248,144,129,
226,214,198,146,139,112,

83,
141,
322,231,137,171,80,

134,231,114,101,
222,218,239,213,171,163,181,142,
170,167,
360,278,246,179,89,
381,270,248,176,129,
251,80,

451,78,
171,159,156,155,163,150,137,
153,173,147,145,144,
244,224,165,162,
225,90,



136,133,
234,219,214,212,220,207,203,198,178,
222,217,171,163,181,142,
220,212,203,118,

269,184,174,161,129,115,
216,156,108,
143,136,127,
406,258,247,105,
170,
123,

365,221,179,174,161,206,115,

220,219,203,212,121,


265,255,197,142,130,

257,249,221,125,
374,307,161,160,120,
307,173,160,145,120,
317,289,270,258,248,221,176,
433,131,122,
155,150,138,135,



248,234,178,172,207,168,
257,234,214,207,198,178,
350,271,255,300,222,322,218,213,197,188,
308,358,293,303,173,147,144,

204,180,
234,219,214,207,198,178,
132,
337,336,317,174,179,153,

332,313,273,324,233,218,213,201,197,158,

281,218,213,253,201,353,197,158,
299,270,248,280,176,



340,289,258,247,221,
222,322,218,239,213,396,188,
472,427,386,274,222,218,213,197,158,
204,194,180,

410,298,290,271,255,274,261,222,218,213,197,
244,162,159,

285,251,225,217,216,209,
279,162,159,
278,267,152,


233,192,188,187,

330,289,280,340,262,258,247,
326,206,179,174,161,
259,270,257,249,248,
340,311,289,280,258,247,

490,321,255,497,211,201,
224,169,

259,270,257,249,248,
325,310,463,229,177,
255,201,193,185,
260,224,
217,209,
331,201,193,185,
351,320,255,239,230,
224,
337,325,310,229,202,
336,328,317,308,303,358,293,286,340,262,

322,231,225,216,
485,308,288,287,190,189,
199,194,
357,275,358,189,391,235,183,

257,
209,

285,251,225,216,
257,249,
373,336,328,317,364,286,340,262,
308,303,358,293,286,340,262,
325,323,310,241,307,229,
259,226,
262,206,202,
240,
408,184,
210,
338,334,322,309,231,
473,344,325,235,215,
369,329,326,325,310,307,366,288,
369,308,303,358,293,286,262,
211,196,

322,238,236,228,
238,208,
347,339,205,
391,358,347,275,205,
325,310,304,252,235,
322,285,238,236,
470,417,300,281,420,290,264,

350,349,281,243,250,237,
466,300,281,420,290,264,
401,396,320,239,


441,429,419,447,252,242,
472,427,351,386,230,
407,286,275,311,246,293,241,


382,369,329,326,325,323,310,437,307,
360,293,286,311,246,

274,273,236,228,
260,

353,300,355,290,281,

385,320,272,384,254,

388,337,306,266,252,
245,

342,320,319,272,


299,280,
273,233,
281,243,250,237,


278,269,267,
264,263,250,243,
309,276,256,
441,429,364,344,308,287,275,
428,410,290,271,261,
285,251,
268,242,
320,319,253,

356,307,288,
309,276,
499,367,314,264,
309,276,
355,254,

341,308,326,287,
473,451,388,306,266,
367,481,468,351,332,324,321,314,313,


308,303,287,
336,328,318,317,


476,481,468,367,410,332,321,314,
265,
333,288,
272,
420,342,331,319,
401,355,342,396,331,
298,

328,318,

279,
399,355,350,300,
311,
421,387,370,367,392,314,
440,432,351,332,324,321,313,

347,346,339,315,304,

388,306,447,304,


401,396,355,



376,369,329,326,
338,298,
335,291,


316,
433,399,351,332,324,313,
495,452,413,343,302,
294,292,
488,482,295,

381,368,354,330,
391,408,369,358,
347,339,323,

396,402,350,401,349,
412,409,395,394,393,388,
469,448,302,
368,341,330,
457,302,
301,297,
421,403,397,378,
493,445,367,348,
334,

402,401,396,
433,421,370,445,367,
438,412,388,335,
341,
415,412,333,327,
422,352,345,343,
346,315,
407,337,
391,373,

441,429,344,
381,368,354,
421,456,404,378,375,
410,387,386,
470,464,440,472,433,471,445,432,417,
444,415,412,357,356,





445,464,386,353,

463,379,374,
410,387,386,
429,419,418,407,441,376,
418,365,360,
444,357,356,

418,365,


392,387,386,
444,357,356,

494,443,422,395,393,

463,451,441,429,419,

382,379,363,

373,364,

496,469,448,395,393,
419,418,407,376,
434,359,
415,412,409,394,
437,406,382,379,
475,421,370,
399,

477,461,428,410,
495,452,413,395,
433,392,387,
371,
402,385,384,
480,437,366,
437,394,366,

495,447,452,413,
408,
475,425,430,404,403,426,400,
475,425,430,404,403,426,400,
467,444,436,437,398,


436,377,
498,464,440,432,417,397,


476,481,468,417,397,

492,434,413,

451,406,
499,475,403,400,
380,
438,409,
481,475,453,476,424,
444,450,398,


444,398,
479,435,430,426,425,
420,
420,
477,465,461,428,
472,461,427,
390,
411,
422,415,

477,472,
447,
467,438,
447,

470,456,439,
423,414,

424,


453,424,
489,479,
411,
450,


485,467,
465,
495,492,496,483,478,
494,
496,469,448,
480,
494,443,
491,484,474,
439,



476,481,468,


479,458,


488,477,

442,

455,
497,490,

495,452,



494,485,
497,490,466,
497,490,



480,

483,478,462,460,
473,
457,
491,484,474,


496,469,
482,
491,484,474,
491,484,474,
471,

482,








486,
499,498,



488,



499,498,




499,498,
493,489,

















Coordinates
-3.49683,-0.0512384
-3.49376,0.789422
-3.49199,-0.0800859
-3.48945,0.921125
-3.48761,-0.00791728
-3.48486,0.0936
-3.48187,0.781931
-3.47662,-0.168525
-3.461,0.984687
-3.45637,0.503858
-3.45424,0.763297
-3.44934,-0.300254
-3.44441,0.806996
-3.43854,-0.992066
-3.43501,0.431893
-3.43295,0.0349265
-3.42893,0.223507
-3.42297,-0.13
-3.42232,-0.558899
-3.41886,0.530272
-3.40431,-0.103605
-3.40414,0.236941
-3.39872,-0.271073
-3.38653,-0.936968
-3.38355,0.188472
-3.38158,-0.395315
-3.37457,-0.259176
-3.37037,0.984269
-3.35157,-0.536805
-3.34981,0.801806
-3.34744,-0.155632
-3.34679,0.127241
-3.34299,0.45417
-3.3421,-0.103941
-3.34086,-0.992214
-3.34064,0.0166029
-3.33995,-0.159972
-3.32543,-0.294782
-3.32395,-0.837116
-3.32167,0.248426
-3.31531,-0.28512
-3.30999,0.921726
-3.30834,-0.769887
-3.2948,-0.180635
-3.28583,-0.120858
-3.27901,0.412429
-3.27248,0.689583
-3.2656,-0.691528
-3.26445,-0.638363
-3.2617,-0.430167
-3.25729,-0.638017
-3.2564,0.0372054
-3.24925,-0.604661
-3.24922,0.704569
-3.24706,0.815451
-3.2411,-0.280521
-3.23782,0.796581
-3.23637,0.224584
-3.23598,0.0501397
-3.22998,0.896759
-3.22732,-0.311562
-3.22067,-0.467735
-3.21976,0.838071
-3.21917,0.674758
-3.21653,0.054934
-3.2134,-0.20685
-3.2083,0.274915
-3.208,-0.731121
-3.20301,-0.177406
-3.20148,-0.985336
-3.19833,-0.902432
-3.18868,-0.421237
-3.1807,0.882963
-3.17723,0.795292
-3.17374,-0.69305
-3.1709,-0.143886
-3.16969,0.946926
-3.16148,-0.724389
-3.16025,0.940198
-3.15284,-0.588139
-3.15123,-0.676866
-3.14948,0.250922
-3.14913,-0.15433
-3.14332,-0.137603
-3.13223,0.358462
-3.13059,0.523034
-3.12996,-0.824614
-3.12656,0.533111
-3.12321,0.236879
-3.12167,0.846467
-3.11963,-0.649656
-3.11636,0.369835
-3.11454,0.953323
-3.10896,-0.336788
-3.09899,0.412708
-3.09711,0.0792449
-3.0961,0.857973
-3.08844,0.138663
-3.08816,0.436633
-3.08742,-0.181038
-3.08695,0.246064
-3.08472,-0.889583
-3.07182,-0.286263
-3.0624,0.640639
-3.05814,0.942895
-3.05679,0.92967
-3.05466,0.666172
-3.05447,-0.992868
-3.05027,-0.58109
-3.04522,-0.0673786
-3.03727,-0.193169
-3.03169,0.0613128
-3.02901,0.514811
-3.02225,0.473592
-3.01908,-0.874992
-3.01695,0.79055
-3.01098,-0.0646307
-3.01037,-0.379268
-3.00963,0.45144
-3.0061,-0.389967
-2.99981,0.893808
-2.99494,0.346327
-2.99314,-0.970316
-2.99155,0.335477
-2.98926,-0.980034
-2.98889,0.589791
-2.98819,-0.13781
-2.98604,0.266296
-2.98257,-0.122051
-2.96998,0.699843
-2.96823,-0.817125
-2.96578,-0.931286
-2.96558,-0.35765
-2.96246,0.192242
-2.95596,-0.887757
-2.95514,-0.486893
-2.95272,0.217634
-2.94996,-0.588774
-2.94824,-0.485335
-2.93189,0.501398
-2.92944,-0.14246
-2.9267,0.000449941
-2.91478,-0.726323
-2.91274,0.217028
-2.90723,0.695878
-2.90535,0.785984
-2.88383,0.447223
-2.88338,0.669557
-2.8827,0.0861304
-2.87626,-0.967602
-2.87278,-0.464392
-2.86899,-0.22333
-2.86527,0.439193
-2.85911,0.817636
-2.85618,-0.994454
-2.85149,-0.432217
-2.84849,-0.473605
-2.83443,-0.987564
-2.82958,-0.869601
-2.82686,-0.393888
-2.81664,0.829709
-2.80996,0.697037
-2.8084,-0.352471
-2.80732,-0.523683
-2.80025,0.91677
-2.79654,-0.248495
-2.7915,0.944519
-2.78784,-0.0902047
-2.78247,0.315682
-2.77895,-0.397731
-2.77528,-0.0548372
-2.77347,-0.488153
-2.76651,0.311547
-2.75592,0.634436
-2.75514,0.670849
-2.75158,0.853776
-2.74549,0.411424
-2.73873,0.731372
-2.7378,0.230486
-2.73779,0.680883
-2.73485,-0.148152
-2.73186,-0.51454
-2.72984,0.995803
-2.72717,0.917454
-2.72119,0.665234
-2.71801,-0.930808
-2.70977,-0.0472796
-2.7088,-0.555207
-2.70683,-0.581523
-2.69705,0.870708
-2.69657,0.844407
-2.69524,0.943126
-2.6939,-0.523332
-2.68657,-0.934283
-2.68478,-0.138502
-2.66958,-0.973078
-2.666,-0.911091
-2.66317,-0.686474
-2.66153,0.123999
-2.65192,-0.12147
-2.64869,0.99318
-2.64832,-0.821657
-2.64774,0.685988
-2.64588,0.0647592
-2.64461,-0.0539586
-2.64217,0.81811
-2.64127,0.645833
-2.63837,0.169977
-2.63376,-0.523292
-2.63089,-0.283275
-2.62964,-0.0471275
-2.62551,-0.850814
-2.62546,0.0663006
-2.61581,-0.629798
-2.6104,0.0864268
-2.60976,0.94488
-2.60829,-0.342851
-2.60664,-0.305612
-2.60641,-0.60474
-2.6018,0.0458868
-2.58373,0.005729
-2.5825,0.349066
-2.5783,-0.554602
-2.57682,-0.946035
-2.57531,-0.183109
-2.57203,-0.327445
-2.56383,0.264056
-2.56249,-0.96558
-2.5506,-0.451381
-2.5472,0.657504
-2.54186,-0.734289
-2.53689,-0.333731
-2.53628,0.965411
-2.53035,-0.516623
-2.52871,0.0507142
-2.52867,0.842206
-2.51581,-0.409709
-2.51125,-0.90594
-2.51069,-0.388291
-2.50742,-0.585198
-2.49329,0.00331775
-2.48585,0.592979
-2.48093,0.915772
-2.47863,-0.902494
-2.47543,-0.0100358
-2.46837,-0.220301
-2.46788,0.545486
-2.4642,0.333866
-2.46148,0.0853959
-2.45501,0.0495549
-2.45204,-0.893056
-2.44846,-0.247414
-2.44757,0.824852
-2.44736,-0.438491
-2.44688,-0.52842
-2.44651,-0.594632
-2.43372,-0.363061
-2.42183,0.00643097
-2.41444,0.270819
-2.41368,0.0825989
-2.41309,-0.0888279
-2.41191,-0.622806
-2.39757,0.393122
-2.39449,-0.904379
-2.39323,-0.797346
-2.39115,-0.201539
-2.39025,0.837691
-2.38432,0.086449
-2.38286,0.905963
-2.37776,0.10375
-2.36649,0.0130769
-2.36478,-0.560645
-2.36043,-0.380986
-2.35941,-0.343194
-2.35931,-0.334615
-2.35039,0.523361
-2.33736,-0.258263
-2.33711,0.945568
-2.33621,0.0468345
-2.33535,-0.0126712
-2.33241,0.137185
-2.32975,-0.704759
-2.32656,0.998444
-2.32519,0.978669
-2.32461,-0.911178
-2.32072,-0.161537
-2.31854,0.36566
-2.31322,0.449164
-2.31102,0.708951
-2.31096,0.148189
-2.30764,-0.57985
-2.29965,0.918678
-2.29946,0.969357
-2.29719,0.362576
-2.29252,0.949914
-2.26128,-0.866943
-2.25693,-0.977427
-2.24674,-0.860957
-2.24591,-0.180666
-2.24167,0.0152694
-2.24052,-0.491582
-2.2401,-0.846302
-2.23957,0.916132
-2.23303,0.322027
-2.22862,0.753227
-2.22092,0.99203
-2.21972,0.766362
-2.21923,0.546744
-2.21441,0.334306
-2.20991,-0.123321
-2.20735,0.472677
-2.20277,0.24644
-2.19727,-0.996361
-2.19541,-0.622365
-2.19126,-0.753339
-2.18894,0.739974
-2.18852,0.00166762
-2.18655,0.0817323
-2.18655,0.0577975
-2.18621,-0.270093
-2.18397,-0.256371
-2.18103,-0.657105
-2.17805,-0.0481003
-2.1765,0.576127
-2.17479,-0.613822
-2.17323,0.456065
-2.1659,0.38517
-2.16382,0.70368
-2.15992,0.0508531
-2.14698,0.389277
-2.14692,0.220205
-2.14479,-0.317797
-2.14282,-0.600432
-2.14192,0.671314
-2.14063,-0.0771362
-2.13506,0.866751
-2.13153,0.0395815
-2.12464,0.464013
-2.11846,-0.0446351
-2.11669,0.599047
-2.11516,0.0532797
-2.1138,0.223176
-2.10987,-0.259979
-2.10831,0.905622
-2.10607,0.384294
-2.10259,0.950452
-2.09724,0.705164
-2.09702,0.55627
-2.09598,-0.792874
-2.09461,-0.446202
-2.0942,-0.402376
-2.08111,-0.507407
-2.07373,0.91332
-2.07033,-0.571024
-2.06941,0.128996
-2.06733,-0.305124
-2.05911,0.625074
-2.04959,0.622039
-2.04843,0.213234
-2.04515,0.908894
-2.04371,0.26575
-2.04163,-0.972222
-2.03841,-0.971464
-2.03495,0.545757
-2.02736,0.143514
-2.0165,0.263998
-2.01366,0.598157
-2.01281,-0.686634
-2.01154,0.0839862
-2.00508,0.196362
-2.00258,-0.710735
-2.00228,0.0627517
-2.00039,0.965725
-1.99845,0.123956
-1.99717,0.424734
-1.99344,-0.884245
-1.98805,0.281839
-1.97523,0.570374
-1.97355,-0.844414
-1.97192,0.454933
-1.97107,0.268572
-1.96209,0.016503
-1.96043,0.461057
-1.9599,-0.963859
-1.95911,-0.203827
-1.95614,-0.197132
-1.94795,-0.436744
-1.94191,-0.476641
-1.93685,0.657315
-1.93526,0.995593
-1.93257,0.654354
-1.92998,0.0881465
-1.91687,-0.468494
-1.91138,0.734323
-1.91048,0.545063
-1.91037,0.750794
-1.8909,-0.182089
-1.88651,-0.613055
-1.88009,0.391246
-1.87553,-0.251353
-1.87324,-0.834637
-1.87083,-0.173844
-1.86857,-0.145911
-1.86043,-0.801904
-1.85775,-0.848034
-1.85605,0.977703
-1.85496,0.316879
-1.84861,0.176656
-1.84783,0.0864963
-1.83964,0.467024
-1.8384,-0.29283
-1.82811,0.956767
-1.82795,0.530945
-1.82517,0.798927
-1.82134,0.339378
-1.82052,0.543719
-1.80922,-0.935913
-1.80723,-0.526869
-1.80423,0.0897165
-1.80254,0.148211
-1.79566,-0.0461407
-1.78791,-0.619221
-1.78339,0.561551
-1.77899,0.291842
-1.77895,-0.742223
-1.77732,-0.853905
-1.7771,-0.869491
-1.77689,-0.324874
-1.77302,-0.273009
-1.77268,0.133353
-1.76514,-0.869082
-1.76507,-0.989313
-1.7628,-0.459342
-1.76256,-0.375746
-1.76087,0.810224
-1.75925,-0.87582
-1.7576,0.345354
-1.75563,0.328361
-1.75517,0.437778
-1.74598,-0.487585
-1.74341,-0.436772
-1.73726,0.10352
-1.72966,0.0945361
-1.72815,0.482671
-1.72637,0.285803
-1.71829,-0.379825
-1.71719,0.962351
-1.71382,0.579085
-1.71086,0.716615
-1.7014,-0.898514
-1.69428,0.192401
-1.69386,0.128767
-1.69048,0.743314
-1.68768,-0.641964
-1.68477,-0.907782
-1.68462,-0.919891
-1.67669,-0.489893
-1.67033,0.678055
-1.66656,-0.63509
-1.66023,0.997619
-1.65437,0.93341
-1.65172,-0.187094
-1.64972,0.922713
-1.64923,0.0650656
-1.64348,-0.335144
-1.64044,-0.132001
-1.63762,-0.399027
-1.63441,0.270792
-1.63147,-0.487728
-1.62949,0.683708
-1.62771,-0.420916
-1.62393,-0.447557
-1.61478,-0.200886
-1.61028,0.478454
-1.60852,-0.849811
-1.60653,-0.547397
-1.60339,-0.483619
-1.60334,-0.156913
-1.60103,0.862092
-1.59517,-0.616411
-1.59273,0.161708
-1.58725,-0.462065
-1.57982,-0.557709
-1.57291,0.826412
-1.56163,-0.837462
-1.55902,0.255658
-1.55674,0.19669
-1.55609,0.980325
-1.5499,-0.141759
-1.54,-0.533364
-1.5392,-0.289031
-1.53611,-0.828261
-1.53436,0.751909
-1.52284,-0.508634
-1.51557,0.249939
-1.51211,0.661391
-1.51032,0.642661
-1.50831,-0.251147
-1.50792,-0.39171
-1.50412,-0.401247
r_S,2
Lambda0,2,
Lambda1,4,
Lambda2,5,
Lambda3,11,
Lambda4,15,
Lambda5,17,
Lambda6,20,
Lambda7,30,
Lambda8,33,
Lambda9,35,
Lambda10,36,
Lambda11,39,
Lambda12,43,
Lambda13,44,
Lambda14,51,
Lambda15,57,
Lambda16,58,
Lambda17,64,
Lambda18,68,
Lambda19,75,
Lambda20,81,
Lambda21,82,
Lambda22,83,
Lambda23,88,
Lambda24,95,
Lambda25,97,
Lambda26,99,
Lambda27,100,
Lambda28,102,
Lambda29,109,
Lambda30,110,
Lambda31,111,
Lambda32,116,
Lambda33,121,
Lambda34,123,
Lambda35,126,
Lambda36,127,
Lambda37,128,
Lambda38,133,
Lambda39,136,
Lambda40,140,
Lambda41,141,
Lambda42,143,
Lambda43,148,
Lambda44,151,
Lambda45,162,
Lambda46,167,
Lambda47,170,
Lambda48,186,
Lambda49,194,
Lambda50,198,
Lambda51,199,
Lambda52,203,
Lambda53,204,
Lambda54,207,
Lambda55,210,
Lambda56,212,
Lambda57,214,
Lambda58,217,
Lambda59,219,
Lambda60,220,
Lambda61,224,
Lambda62,225,
Lambda63,234,
Lambda64,240,
Lambda65,244,
Lambda66,245,
Lambda67,248,
Lambda68,249,
Lambda69,257,
Lambda70,259,
Lambda71,265,
Lambda72,267,
Lambda73,269,
Lambda74,270,
Lambda75,272,
Lambda76,273,
Lambda77,274,
Lambda78,278,
Lambda79,279,
Lambda80,285,
Lambda81,289,
Lambda82,299,
Lambda83,309,
Lambda84,316,
Lambda85,317,
Lambda86,318,
Lambda87,319,
Lambda88,320,
Lambda89,322,
Lambda90,328,
Lambda91,330,
Lambda92,331,
Lambda93,334,
Lambda94,336,
Lambda95,338,
Lambda96,340,
Lambda97,342,
Lambda98,350,
Lambda99,358,
Lambda100,364,
Lambda101,365,
Lambda102,368,
Lambda103,369,
Lambda104,371,
Lambda105,373,
Lambda106,380,
Lambda107,381,
Lambda108,391,
Lambda109,396,
Lambda110,399,
Lambda111,401,
Lambda112,402,
Lambda113,407,
Lambda114,408,
Lambda115,418,
Lambda116,419,
Lambda117,420,
Lambda118,422,
Lambda119,423,
Lambda120,425,
Lambda121,426,
Lambda122,428,
Lambda123,430,
Lambda124,433,
Lambda125,435,
Lambda126,436,
Lambda127,437,
Lambda128,441,
Lambda129,442,
Lambda130,443,
Lambda131,445,
Lambda132,450,
Lambda133,451,
Lambda134,457,
Lambda135,459,
Lambda136,460,
Lambda137,461,
Lambda138,462,
Lambda139,463,
Lambda140,464,
Lambda141,465,
Lambda142,466,
Lambda143,469,
Lambda144,470,
Lambda145,471,
Lambda146,473,
Lambda147,474,
Lambda148,475,
Lambda149,477,
Lambda150,478,
Lambda151,479,
Lambda152,480,
Lambda153,483,
Lambda154,484,
Lambda155,485,
Lambda156,486,
Lambda157,487,
Lambda158,488,
Lambda159,489,
Lambda160,490,
Lambda161,491,
Lambda162,492,
Lambda163,493,
Lambda164,494,
Lambda165,495,
Lambda166,496,
Lambda167,497,
Lambda168,498,
Lambda169,499,