Storage option,sets
Size,25
Dimension,2
Shape,cube
Spacetime,BlackHole
Past sets, 

0,

0,
0,1,
0,1,

4,0,1,3,


5,0,1,4,

8,9,
2,0,3,
2,
6,12,8,9,11,
2,0,3,
2,0,3,
2,0,3,
6,12,8,9,11,
2,0,3,
2,15,8,6,12,9,11,
15,19,12,6,8,9,11,
15,2,19,12,6,8,9,11,
0,2,
Future sets, 
16,13,17,18,1,4,10,20,3,5,24,7,
4,10,5,7,
23,21,20,18,24,13,14,16,17,
20,18,7,17,13,16,
10,7,
10,
19,15,23,22,21,

21,23,22,15,19,12,
21,23,22,15,19,12,

19,15,23,22,21,
19,15,23,22,21,


23,22,21,



23,22,





Past links sets, 

0,

0,
1,
1,

3,4,


4,5,

8,9,
2,3,
2,
6,11,12,
2,3,
2,3,
2,3,
6,11,12,
2,3,
2,15,
15,19,
2,15,19,
0,2,
Future links sets, 
24,3,1,
5,4,
23,21,20,18,24,13,14,16,17,
20,18,7,17,13,16,
10,7,
10,
19,15,

12,
12,

19,15,
19,15,


23,22,21,



23,22,





Coordinates,
0.720952,1.87515,
0.197974,1.31401,
0.642915,2.56977,
1.74943,1.5218,
0.536995,0.832496,
0.234621,0.504887,
0.42352,3.7027,
0.460744,0.305922,
0.582588,3.60922,
0.890083,3.46439,
0.29468,0.0150797,
0.420111,3.94165,
1.26615,3.32604,
1.64502,0.576938,
3.4944,2.56657,
2.01058,3.40422,
2.01479,0.586162,
2.31721,0.693756,
2.08315,0.462529,
2.08322,3.66708,
2.61628,0.696611,
3.5424,2.88092,
2.67607,3.62286,
3.49147,3.24815,
3.34915,0.466403,
