Storage option,sets
Size,25
Dimension,2
Shape,cube
Spacetime,BlackHole
Past sets, 





1,

4,


4,7,
3,7,4,10,

8,
3,4,7,
9,

3,
9,
9,8,13,
3,17,
9,8,13,
7,4,20,17,3,14,
10,11,7,4,17,3,14,
10,14,3,17,20,4,7,11,
Future sets, 

5,

20,17,22,11,24,14,23,
11,22,24,23,10,14,7,


14,10,23,24,22,11,
19,21,13,
21,19,18,15,
23,24,11,
24,23,

21,19,
24,23,22,


23,22,24,20,


24,22,




Past links sets, 





1,

4,


7,
3,10,

8,
3,7,
9,

3,
9,
9,13,
17,
9,13,
14,20,
11,14,17,
11,14,20,
Future links sets, 

5,

17,14,11,
7,


14,10,
13,
21,19,18,15,
11,
24,23,

21,19,
24,23,22,


23,20,


24,22,




Coordinates,
0.0989872,0.657006,
0.11731,0.252443,
0.14734,0.00753984,
0.210056,1.97082,
0.21176,1.85135,
0.230372,0.152961,
0.268498,0.416248,
0.291294,1.80461,
0.321457,1.28488,
0.360476,0.937577,
0.445041,1.73219,
0.633075,1.66302,
0.822509,0.288469,
0.874713,0.760901,
1.00529,1.70211,
1.00739,0.293081,
1.04157,0.231265,
1.04161,1.83354,
1.15861,0.346878,
1.30814,0.348305,
1.33803,1.81143,
1.67458,0.233201,
1.74574,1.62407,
1.7472,1.28328,
1.7712,1.44046,
