Storage option,sets
Size,50
Dimension,2
Shape,cube
Spacetime,BlackHole
Past sets, 

0,
0,
0,


4,


8,

3,0,2,1,
0,3,4,6,
4,
4,6,
7,8,9,
7,8,9,10,
4,5,
10,15,7,8,9,
10,15,7,8,9,
1,12,0,3,4,6,2,
5,10,9,8,7,
10,17,4,5,13,
5,14,4,6,13,
17,5,14,4,23,6,13,
13,16,17,4,21,7,5,10,9,8,
13,2,6,4,14,3,12,1,0,5,
5,16,18,10,15,8,7,9,
7,8,6,14,10,17,4,22,5,13,
9,7,8,15,10,19,
9,23,28,7,8,6,14,10,17,4,22,5,13,24,
27,5,16,18,7,10,15,8,19,9,
27,5,16,18,7,10,15,8,19,9,
23,28,7,8,6,14,10,17,4,22,5,13,24,
9,21,16,28,7,8,6,14,10,17,4,22,5,13,25,
9,8,15,10,7,16,18,5,27,19,32,
19,22,21,17,13,4,27,5,16,18,7,10,15,8,9,25,
0,21,9,33,23,6,28,7,24,8,14,10,17,4,22,5,13,30,
32,19,27,5,18,16,7,10,15,8,21,9,
24,23,30,34,17,9,21,4,16,28,7,8,25,6,14,10,22,5,13,
29,31,38,21,32,15,19,27,10,5,18,35,16,7,8,9,
31,5,18,27,16,29,7,10,15,8,19,9,
5,16,29,7,18,9,8,19,15,10,
14,6,28,36,17,19,22,21,13,4,27,8,5,16,18,7,10,15,34,9,25,
9,19,8,15,29,16,10,27,18,5,31,7,41,
10,15,19,8,9,7,18,5,29,16,42,
27,42,16,29,5,18,31,7,9,8,19,15,10,
15,19,9,7,31,18,5,16,8,42,10,27,29,46,
31,35,32,38,43,14,6,28,5,36,13,17,19,22,21,4,27,8,16,18,7,10,15,34,9,25,
22,17,13,25,35,32,21,38,40,4,41,15,19,31,18,16,8,5,42,47,10,27,7,44,29,9,46,
Future sets, 
3,2,12,1,37,26,11,20,
20,26,11,
20,26,11,
20,12,26,11,
17,36,22,25,23,24,39,33,30,13,28,34,49,12,6,43,26,37,20,48,14,
45,42,32,41,44,46,47,31,35,27,26,23,38,40,17,34,25,22,39,48,49,36,28,43,30,37,24,33,21,
24,39,33,30,23,28,34,12,43,26,37,20,48,14,
33,30,28,37,21,25,39,34,15,38,29,18,41,45,27,46,44,43,36,19,42,35,31,48,47,40,49,32,16,
33,28,9,38,30,37,21,25,39,34,15,44,29,18,47,41,45,16,27,46,43,36,19,48,42,35,31,40,49,32,
30,37,21,25,39,34,15,38,29,18,41,45,27,46,44,43,36,19,42,35,31,48,47,40,49,32,16,
33,30,28,22,37,21,29,19,16,39,45,42,32,41,18,40,44,46,47,31,35,38,36,49,27,34,25,48,43,

26,20,
26,25,24,22,48,49,36,23,28,39,43,30,34,37,33,
48,34,28,43,26,23,37,30,33,39,24,
29,18,45,27,46,44,43,36,38,19,35,31,48,47,40,49,32,41,42,
45,42,32,41,40,44,46,47,31,35,38,36,49,27,34,39,25,48,43,
25,22,48,49,36,28,39,43,30,34,37,24,33,
45,27,44,43,36,38,35,31,48,47,46,40,49,32,41,42,
43,36,38,35,32,48,29,40,45,46,47,42,31,44,49,41,

40,36,49,38,34,39,25,48,37,43,
49,28,39,43,34,30,48,37,33,36,
33,39,37,30,24,
30,39,37,33,
49,36,34,39,48,43,

43,36,38,35,31,48,47,46,44,40,49,41,32,
43,34,30,39,48,37,33,
45,46,47,42,44,40,49,41,
39,37,
48,47,46,44,40,49,41,
35,40,48,38,49,
37,
48,43,39,
48,49,40,
48,43,

48,49,40,

49,
49,44,
47,49,46,45,
48,
49,

49,47,
49,


Past links sets, 

0,
0,
0,


4,


8,

1,2,3,
3,6,
4,
6,
7,9,
7,9,10,
4,5,
10,15,
10,15,
1,2,12,
7,9,5,10,
10,13,17,
5,13,14,
17,23,
13,17,16,21,
14,2,13,1,12,5,
5,16,18,
8,14,7,22,
19,
9,24,28,
19,27,
19,27,
24,28,
25,28,
32,
19,25,22,27,
21,0,30,33,
21,32,
30,34,
29,31,35,38,
29,31,
5,16,18,29,
34,36,
41,
42,
31,42,
46,
31,35,38,43,
22,44,40,47,25,
Future links sets, 
3,37,2,1,
20,26,11,
20,26,11,
12,11,
17,13,6,
42,27,17,21,26,23,
14,12,
28,21,16,15,
28,9,
21,16,30,15,
22,16,21,18,19,

26,20,
26,25,23,22,
26,28,23,
19,18,
42,27,25,
25,24,22,
42,27,
32,36,31,29,

38,37,25,
49,36,28,
24,
33,30,
36,49,34,

32,36,31,
34,33,30,
42,41,40,
39,37,
48,46,41,40,
38,35,
37,
43,39,
48,40,
43,

48,40,

49,
44,
46,45,
48,
49,

47,
49,


Coordinates,
0.666561,2.03856,
0.0238443,1.4039,
2.23708,1.80123,
5.83744,2.08265,
1.44854,3.95438,
0.970056,5.85342,
3.42526,3.16842,
0.197524,8.38125,
0.0782814,8.81657,
0.309722,8.87774,
0.741007,7.65725,
5.28652,1.25137,
8.26867,2.19918,
3.2985,4.42397,
4.49552,3.53935,
1.7796,8.8978,
2.86952,7.25993,
4.1482,4.99603,
3.36045,7.98028,
3.36358,8.52648,
7.88493,1.28952,
4.52956,5.97731,
5.15358,4.9201,
6.71428,3.59704,
7.29566,3.46433,
5.7063,5.46674,
9.07313,1.35156,
4.93874,7.34808,
6.5148,4.54274,
4.61797,9.13984,
8.35422,3.67211,
5.94324,7.91795,
6.05524,7.64392,
8.72067,3.49867,
7.68242,4.60112,
6.25061,7.67294,
7.26249,5.76174,
9.28593,3.39419,
6.61561,7.39295,
9.15339,3.99789,
7.1745,7.60963,
6.92356,8.41075,
7.024,9.54439,
8.85457,5.13926,
7.51587,8.75353,
7.54976,9.89629,
7.77466,9.23147,
7.79372,9.24272,
9.75149,5.42455,
9.76268,7.90475,
