Storage option,sets
Size,150
Dimension,2
Shape,cube
Spacetime,BlackHole
Past sets, 


0,1,
1,0,2,
2,0,1,3,




3,1,0,2,4,
5,6,
1,0,6,5,2,
0,5,1,6,
7,8,
3,4,11,1,0,6,5,2,
3,4,2,12,5,0,1,6,11,


5,7,8,
7,8,
5,7,8,13,

8,7,19,
6,9,2,3,1,0,4,


7,8,16,21,
7,8,12,5,0,1,6,10,
6,10,20,13,5,7,8,18,
13,5,16,21,22,7,8,19,

17,
21,
17,25,
7,9,10,14,15,4,3,2,12,1,5,0,11,6,
7,8,9,10,14,15,4,3,2,12,1,5,0,11,6,
17,24,
7,9,10,14,15,4,3,2,12,1,5,0,11,6,
16,19,6,10,20,13,28,5,7,18,8,22,

20,29,7,13,5,16,21,22,8,19,26,
7,8,9,10,14,15,4,3,2,12,1,5,0,11,6,
10,6,0,12,20,13,5,7,8,1,18,
0,6,10,20,13,5,7,8,1,18,
29,7,13,5,16,21,22,8,19,26,
17,24,
17,19,26,21,32,7,8,16,25,22,
30,
11,2,4,3,15,27,12,14,43,0,6,10,20,7,5,18,8,1,13,42,
18,10,6,28,40,20,7,29,16,13,26,5,21,8,22,19,
9,13,10,6,0,1,12,8,18,7,5,27,4,15,3,2,11,14,
6,18,40,20,7,29,16,13,26,5,21,8,22,19,
12,16,19,22,43,0,13,6,10,20,7,5,18,8,1,28,
7,8,16,31,33,17,21,32,25,
18,20,44,5,29,16,7,13,26,21,8,22,19,40,
39,24,17,45,
5,13,29,7,46,17,19,32,26,21,8,16,25,22,44,
7,8,16,24,31,33,17,21,32,25,
24,39,30,47,
19,22,26,53,7,31,8,16,33,17,21,32,25,
31,25,36,17,24,33,
31,25,36,45,24,17,39,
8,16,31,21,32,25,36,17,24,33,
30,47,
31,25,36,45,24,17,39,
31,25,36,17,24,33,
13,46,24,8,25,19,59,22,26,7,31,53,16,33,17,21,32,57,
6,40,20,18,5,22,13,29,46,54,17,56,19,32,26,21,8,25,16,7,44,
30,55,39,24,17,45,36,
38,14,27,15,3,4,11,52,12,16,19,0,22,2,43,5,13,6,10,20,42,1,48,7,18,8,28,
47,30,63,
3,27,38,26,21,29,40,11,52,12,16,19,0,22,2,43,5,13,6,10,20,7,18,8,28,1,42,
38,28,10,49,51,21,44,6,29,40,17,67,20,18,5,22,13,46,8,56,19,32,26,25,16,54,7,
31,47,24,30,55,39,17,68,45,36,58,
17,39,24,63,30,58,47,
45,53,7,62,16,33,24,17,36,25,31,8,65,21,32,60,57,
7,60,45,61,32,21,65,8,31,25,36,17,24,33,39,16,62,
28,10,49,51,33,31,59,21,44,53,6,29,40,17,67,20,18,5,22,13,46,8,56,19,32,26,25,16,54,7,
9,49,48,4,15,14,13,42,3,27,38,26,21,29,0,40,11,52,71,12,16,19,22,2,43,5,6,69,10,20,7,18,8,28,1,
20,40,44,29,5,56,36,13,59,46,24,8,31,25,66,19,22,26,7,53,16,62,33,17,21,32,57,
1,33,38,28,10,49,20,51,22,21,44,6,29,40,17,46,18,5,72,13,67,8,56,19,32,26,25,54,16,7,
26,39,61,75,45,7,53,33,17,36,25,31,8,24,65,62,21,32,19,60,16,57,
24,77,40,28,10,49,51,33,31,59,22,21,44,7,53,16,6,29,17,54,67,20,18,5,13,46,8,56,19,32,26,25,38,
33,61,25,64,73,47,60,31,24,30,17,55,68,39,45,58,36,
5,29,62,36,13,59,46,24,8,31,25,66,19,65,22,26,7,53,16,33,17,21,32,57,
45,62,36,60,13,59,46,24,8,31,25,66,19,65,22,26,7,53,16,33,17,21,32,57,
1,38,77,40,28,10,49,51,33,31,59,22,21,44,7,53,16,6,29,17,54,67,20,18,5,13,46,8,56,19,32,26,25,72,
41,49,9,50,48,4,15,14,13,42,3,27,38,26,21,29,0,40,11,52,71,12,16,19,22,2,43,5,6,69,10,20,7,18,8,28,1,
51,10,57,33,31,59,24,21,44,53,6,29,40,17,67,20,18,5,22,13,46,8,56,66,19,32,26,25,16,54,7,
57,82,8,24,77,40,28,10,49,51,33,31,59,22,21,44,7,53,16,6,29,66,17,54,67,20,18,5,13,46,56,19,32,26,25,38,
33,61,63,25,64,73,47,31,24,30,17,55,68,39,45,58,36,
21,83,64,45,33,61,25,73,47,60,31,65,24,30,68,55,36,39,17,58,
26,64,55,30,68,53,75,76,7,45,19,60,61,32,8,31,25,36,17,65,24,21,62,33,39,57,16,
47,64,55,30,68,76,7,45,60,61,32,8,31,25,36,58,17,65,24,21,62,33,39,57,16,
30,55,64,61,39,45,75,16,62,33,36,65,60,31,13,59,46,76,17,24,53,8,7,66,25,19,85,26,21,32,57,22,81,
45,55,74,30,63,17,39,58,24,47,70,
20,44,56,61,39,29,5,45,75,16,62,33,36,65,60,31,13,59,46,76,17,24,53,8,7,66,19,81,22,85,26,25,84,21,32,57,
5,94,57,30,55,64,61,24,39,76,45,8,75,16,53,62,25,33,36,65,60,31,13,59,22,46,17,7,81,66,29,19,85,26,21,32,
25,32,17,46,51,44,54,78,4,9,49,12,48,11,15,52,14,13,42,5,3,40,27,38,1,26,21,29,0,71,16,19,22,2,43,6,69,10,20,7,18,8,28,
32,34,35,51,44,54,5,41,0,49,8,9,50,48,7,87,4,15,14,13,42,1,3,27,38,26,21,29,40,11,52,71,12,16,19,22,2,43,6,69,28,10,20,18,78,
36,95,30,17,58,55,45,74,63,24,68,39,47,70,
41,51,4,25,32,17,46,44,54,7,78,9,49,2,12,48,98,1,11,15,52,5,14,13,42,3,50,40,27,38,26,21,29,0,71,16,19,22,69,43,6,10,20,18,8,28,
62,36,79,7,57,16,82,8,49,24,77,40,28,10,51,33,31,59,18,22,21,44,53,89,6,29,66,25,17,54,13,67,26,20,88,5,46,56,19,32,38,
55,64,40,20,61,44,85,56,39,29,5,46,45,75,16,57,62,21,33,36,65,24,60,19,31,96,13,59,76,17,53,8,7,66,25,81,22,26,84,32,79,
38,45,60,49,28,77,79,65,36,62,88,51,10,57,20,33,31,59,22,24,21,44,7,53,16,6,29,66,40,17,54,67,18,84,5,13,46,8,56,19,32,26,25,
60,79,38,49,28,77,82,65,36,62,88,51,10,57,20,33,31,59,22,24,21,44,7,53,16,6,29,66,40,17,54,67,18,84,5,13,46,8,56,19,32,26,25,
37,46,17,25,5,52,32,34,35,51,4,44,54,7,41,0,49,99,2,8,9,50,3,48,98,1,87,40,15,14,13,42,27,38,26,21,29,11,71,12,16,19,22,69,43,6,28,10,20,18,78,
50,56,67,51,4,25,72,32,17,46,44,54,7,78,9,49,2,12,48,98,1,11,15,52,5,14,13,42,3,40,27,38,26,21,29,0,71,16,19,22,69,43,6,10,20,18,8,28,
46,59,22,81,73,19,53,26,93,64,47,55,30,68,39,7,36,65,45,75,16,60,31,61,91,32,8,25,58,76,17,83,24,21,62,57,33,92,
19,26,70,74,53,63,73,93,64,47,55,30,68,39,7,36,65,45,75,16,60,90,31,61,8,25,58,76,17,83,24,21,62,33,32,91,57,
18,68,92,30,103,60,17,55,64,21,40,20,61,44,85,56,13,39,29,94,5,46,45,75,32,16,59,57,62,19,33,76,36,79,65,22,24,31,53,97,8,96,7,66,25,81,26,84,
44,84,73,83,92,58,68,47,97,5,46,94,53,57,16,30,55,64,61,24,65,39,76,45,91,8,75,62,21,25,66,33,36,60,19,31,13,59,22,17,7,81,29,85,26,32,93,
70,74,63,73,93,64,47,55,30,68,39,7,36,65,45,16,60,90,31,61,8,25,58,76,17,83,24,21,62,33,32,91,57,
64,25,73,36,33,70,30,47,17,31,68,95,58,61,24,55,45,74,100,63,39,90,
20,44,56,84,73,83,92,58,68,47,97,5,46,94,53,57,16,30,55,64,61,24,65,39,76,45,91,8,75,62,21,25,66,33,36,60,19,31,13,59,22,17,7,81,29,85,26,32,93,
36,95,30,17,58,55,45,74,63,24,39,47,70,
111,58,5,44,97,84,31,73,83,30,92,39,68,47,46,94,53,57,16,55,64,61,8,24,65,76,45,91,75,22,62,21,25,66,13,33,36,60,7,19,59,17,81,29,85,32,26,93,56,
40,79,73,83,92,58,68,47,93,84,56,44,20,97,5,46,94,53,57,16,30,55,64,61,24,65,39,76,45,8,75,62,21,25,66,33,36,60,19,31,96,13,59,22,17,7,81,29,85,26,32,
64,72,1,86,85,81,76,75,39,61,96,89,45,60,13,79,32,38,49,28,77,82,65,18,36,62,88,51,10,57,20,67,33,31,59,22,24,21,44,104,7,54,53,6,16,29,66,19,40,17,84,102,5,46,105,8,56,26,25,
70,74,62,32,7,76,16,63,91,45,68,21,90,60,33,61,25,73,47,24,31,65,30,8,55,83,36,39,64,17,58,
22,59,81,68,19,60,109,26,70,74,33,53,63,73,32,93,64,47,55,30,39,36,65,24,45,75,16,57,7,90,31,61,25,58,17,76,83,21,62,8,91,92,
65,60,113,55,64,25,73,33,70,30,47,17,68,39,36,95,58,61,31,90,83,24,45,74,100,63,
81,92,75,53,26,19,70,112,33,74,63,73,36,93,64,47,55,68,31,39,76,7,65,45,8,16,90,60,61,24,25,62,58,21,17,91,83,32,57,30,109,
35,80,86,87,66,53,59,31,33,77,24,82,57,89,41,107,54,1,50,56,3,67,14,51,4,25,78,72,19,32,17,46,44,7,9,49,2,12,48,101,98,11,15,52,5,13,42,40,27,38,26,21,29,0,71,18,16,69,22,43,6,10,20,8,28,
80,24,82,53,59,31,33,77,86,101,87,99,41,35,34,37,107,54,1,50,56,3,67,14,51,4,25,78,72,19,32,17,46,44,7,9,49,2,12,48,98,11,15,52,5,13,42,40,27,38,26,21,29,0,106,71,18,16,69,22,43,6,10,20,8,28,
85,29,66,13,94,5,97,46,108,120,26,73,22,59,81,68,21,19,60,109,62,70,74,33,53,63,16,32,93,64,17,47,55,8,30,39,36,83,65,112,24,45,92,75,57,7,90,31,61,25,58,76,91,
56,108,85,29,13,66,94,46,5,97,84,44,111,120,26,73,22,59,81,68,21,19,60,109,62,70,74,33,53,63,16,32,93,64,17,47,55,8,30,39,36,83,65,112,24,45,92,75,57,7,90,31,61,25,58,76,91,
18,103,108,90,63,74,70,109,91,111,64,40,93,79,26,73,20,83,30,92,39,58,114,5,68,47,84,31,56,44,97,46,94,53,57,16,55,61,117,8,24,65,76,45,75,22,62,21,25,66,13,33,36,60,116,7,19,96,59,17,81,29,85,32,
60,90,100,61,68,73,25,64,30,47,36,70,95,17,58,24,55,45,31,113,33,115,74,63,39,
26,53,75,57,93,119,45,8,70,112,33,74,62,25,32,7,76,39,113,95,16,90,63,91,17,68,31,100,21,58,60,61,24,73,36,47,65,30,55,83,64,
54,108,90,63,74,70,109,103,18,110,91,111,64,40,93,79,26,73,20,83,30,92,39,58,114,5,68,47,84,31,56,44,97,46,94,53,57,16,55,61,117,8,24,65,76,45,75,22,62,21,25,66,13,33,36,60,116,7,19,96,59,17,81,29,85,32,
51,54,6,67,108,90,63,74,70,109,103,18,110,91,111,64,40,93,79,26,73,20,83,30,92,39,58,114,5,68,47,84,31,56,44,97,46,94,53,57,16,55,61,117,8,24,65,76,45,75,22,62,21,25,66,13,33,36,60,116,7,19,96,59,17,81,29,85,32,
21,91,121,63,65,60,113,55,64,25,73,33,70,30,47,17,68,39,36,95,58,61,31,90,83,24,45,74,100,115,
128,70,60,31,90,61,100,68,39,73,25,64,30,47,36,95,17,58,83,24,55,113,45,74,33,115,63,
128,70,60,31,90,61,100,68,39,73,25,64,30,47,36,95,17,58,83,24,55,113,45,74,33,115,63,
63,115,33,74,45,113,55,24,58,17,95,36,47,30,64,25,73,39,68,100,61,90,31,60,70,128,
26,53,75,57,93,100,39,74,45,24,119,58,90,61,95,68,7,17,47,30,91,70,33,73,83,25,64,55,113,31,60,121,36,65,63,62,32,76,16,21,8,115,112,
84,100,95,113,119,125,66,7,85,26,29,13,94,5,64,97,46,108,120,61,73,22,81,59,68,21,19,60,109,62,70,74,33,92,53,112,63,122,16,75,32,91,93,17,76,47,55,8,30,39,36,83,24,65,45,57,90,31,25,58,
128,70,60,31,90,61,100,68,39,73,25,64,30,47,36,95,17,58,24,55,113,45,74,33,115,63,135,
137,70,84,17,100,33,95,113,46,119,125,58,66,7,74,85,26,93,29,13,94,5,64,97,30,108,120,53,61,73,22,81,59,68,21,19,60,109,62,92,25,112,45,63,122,55,16,83,75,8,32,91,24,76,47,39,36,65,57,90,31,44,
57,93,8,16,76,32,62,119,65,121,91,21,63,115,33,74,133,45,113,55,24,83,58,17,95,36,30,64,25,73,132,39,68,100,61,90,31,60,70,128,47,7,134,
19,109,26,73,53,100,75,57,93,136,39,74,45,121,24,119,25,58,90,61,95,68,21,115,7,17,64,47,30,91,70,33,83,36,55,8,128,31,60,65,112,63,113,16,62,129,32,76,132,
65,121,134,138,128,70,60,31,90,61,100,68,39,73,25,64,30,47,36,95,58,83,24,55,113,45,133,74,33,115,63,17,135,
32,16,62,65,121,91,21,128,70,60,31,90,61,100,68,39,73,132,25,64,30,7,134,47,36,95,17,8,135,58,24,83,55,113,45,74,133,33,115,63,
59,120,109,19,92,81,26,73,53,100,75,57,93,136,39,74,45,121,24,22,119,122,25,58,90,61,95,68,21,115,7,17,64,47,30,91,70,33,83,36,55,8,31,60,65,112,63,113,16,62,129,32,76,132,
122,92,109,19,81,59,22,120,108,46,97,5,94,13,66,29,85,132,76,32,129,62,16,113,63,112,65,60,31,8,55,36,83,33,70,91,30,47,64,17,7,115,21,68,95,61,90,58,25,119,24,121,45,74,39,136,93,57,75,100,53,73,26,125,
129,115,121,137,70,84,17,100,33,95,113,46,119,125,58,66,7,74,85,26,93,29,13,94,5,64,97,30,108,120,53,61,73,22,81,59,68,21,19,60,109,62,92,25,112,45,63,122,55,16,83,75,8,32,91,24,76,47,39,36,65,57,90,31,136,
31,68,65,121,47,60,138,64,128,17,91,70,33,90,61,24,135,21,100,142,63,39,113,73,25,30,95,58,83,134,55,45,133,74,36,115,
129,112,75,53,26,142,63,115,33,45,134,55,83,24,113,58,135,8,95,36,7,132,30,119,73,39,128,25,68,61,133,47,136,90,74,31,17,60,70,64,21,91,121,32,65,62,16,100,143,138,140,57,93,76,
93,57,140,138,100,65,62,121,32,91,21,64,31,90,136,47,74,133,61,68,143,25,128,39,60,119,73,132,7,36,95,8,76,17,135,58,113,55,45,33,115,63,24,83,142,26,16,134,75,53,112,70,129,30,148,
Future sets, 
43,27,52,2,3,50,15,78,107,48,106,14,42,101,37,124,9,4,98,69,11,34,23,99,41,71,12,35,123,87,
118,80,43,86,27,52,2,3,50,15,78,107,48,106,14,42,101,37,124,9,4,98,69,11,34,23,99,41,71,12,35,123,87,
3,50,15,78,107,48,106,71,14,101,37,124,9,4,98,69,11,34,23,99,41,35,123,87,
50,15,107,48,71,14,106,37,9,101,124,78,4,98,34,23,69,99,35,123,87,41,
15,48,14,9,98,107,101,34,23,99,35,123,69,106,37,124,50,87,78,41,
44,146,139,111,126,116,56,84,137,97,145,125,29,40,117,103,79,96,114,118,77,35,72,105,104,38,37,34,71,52,131,89,10,48,127,99,20,78,41,82,49,86,123,27,106,101,87,124,50,107,28,42,98,69,102,80,43,88,11,14,15,12,18,67,54,110,51,130,
67,51,12,15,14,11,88,43,80,23,102,69,98,42,28,107,50,124,87,101,106,27,123,86,49,82,41,78,99,48,10,89,131,52,71,34,37,38,104,105,72,35,77,118,
143,119,76,93,140,112,57,75,53,41,37,35,34,27,129,149,148,136,126,106,124,77,28,125,137,99,52,69,130,131,82,71,42,72,139,89,102,104,40,107,48,78,145,105,38,86,87,20,43,110,98,118,51,103,88,101,54,127,79,146,29,96,67,114,97,84,123,56,49,116,111,44,117,50,66,94,18,85,80,13,19,141,109,92,122,81,22,144,120,59,108,46,26,
76,119,143,62,93,140,112,57,75,53,41,35,27,129,149,148,136,126,106,124,77,28,125,137,99,52,69,130,131,82,71,42,72,139,89,102,104,40,107,48,78,145,105,38,86,87,20,43,110,98,118,51,103,88,101,54,127,79,146,29,96,67,114,97,84,123,56,49,116,111,44,117,50,66,94,18,85,80,13,19,141,109,92,122,81,22,144,120,59,108,46,26,
98,107,50,34,23,78,101,124,99,35,123,106,37,87,41,
88,43,28,69,98,42,107,50,101,123,82,124,41,106,99,48,89,87,71,78,37,27,38,104,102,105,86,80,72,49,77,52,34,118,35,
71,14,98,87,106,41,123,35,34,15,124,48,101,37,78,99,107,69,50,
52,71,15,34,98,87,106,41,123,35,42,124,48,101,37,78,99,107,69,50,27,
85,94,66,50,44,111,116,56,84,97,114,67,96,146,49,127,80,54,101,88,79,103,51,98,110,20,117,86,38,145,48,107,78,104,43,102,89,139,42,118,71,105,82,131,72,130,69,52,99,137,40,87,125,28,77,124,106,123,126,29,
41,87,37,106,123,35,34,124,101,78,99,48,107,98,69,50,
41,87,37,106,123,35,34,124,101,78,99,48,107,98,69,50,
76,119,143,62,93,140,112,57,75,53,52,69,38,26,136,148,81,149,82,129,141,109,92,122,144,77,120,59,126,145,78,66,125,97,94,84,146,79,137,85,108,98,106,99,102,89,105,107,40,127,101,54,87,124,72,139,44,111,123,56,118,51,71,86,49,116,131,130,88,104,67,103,110,80,117,114,96,29,46,
74,107,67,72,56,98,106,101,46,95,55,45,68,100,115,36,80,31,110,73,65,144,64,143,62,141,90,113,111,126,85,75,116,118,131,103,102,117,105,146,57,136,114,104,137,84,125,94,77,130,89,97,66,145,96,149,123,82,124,127,139,60,86,108,79,120,59,138,148,129,88,109,81,122,92,53,132,112,33,140,61,93,135,128,147,91,121,142,133,134,83,119,76,
127,67,54,88,110,51,50,86,38,48,107,49,78,104,43,102,89,118,105,82,80,131,72,130,71,101,42,69,98,52,99,28,87,77,106,124,123,
141,109,92,122,81,22,144,120,59,52,66,127,94,85,146,108,46,107,69,130,29,82,125,72,145,84,97,44,105,137,56,117,96,116,126,114,111,139,78,86,40,101,77,80,110,49,103,79,67,104,51,88,131,102,71,124,118,123,87,54,89,99,38,106,98,
114,96,127,54,88,67,79,103,51,110,117,86,38,48,107,49,78,104,43,102,89,118,105,82,80,131,72,42,101,130,71,69,98,52,40,99,28,87,77,106,124,123,
132,147,91,57,75,53,112,140,93,62,143,119,76,32,26,136,148,81,149,82,129,141,109,92,122,144,77,120,59,126,145,78,66,125,97,94,84,146,79,137,85,108,98,106,99,102,89,105,107,40,127,101,54,87,124,72,139,44,111,123,56,118,51,71,86,49,116,131,130,88,104,67,103,110,80,117,114,96,29,46,
144,120,59,52,66,94,85,108,46,69,29,82,125,72,145,97,44,137,84,56,96,116,126,114,111,139,86,40,146,77,130,117,80,110,103,79,67,104,51,88,131,78,49,102,71,124,118,123,87,54,107,101,127,105,89,99,106,98,38,

124,82,74,58,66,123,89,88,57,95,55,36,115,73,144,100,68,139,65,136,64,135,79,102,84,62,133,90,113,60,131,119,76,147,138,128,105,104,85,132,61,143,91,121,142,83,134,75,146,93,140,81,112,149,148,111,129,92,141,109,118,110,122,120,103,96,125,108,145,137,116,45,126,97,127,130,117,114,94,
64,61,107,67,72,56,98,106,101,33,112,113,90,80,65,144,111,126,85,75,116,118,131,103,102,117,105,146,57,136,110,114,104,137,84,125,46,94,77,130,89,97,66,145,96,149,123,82,124,127,139,60,86,108,79,120,59,138,148,129,88,141,62,109,81,122,92,53,132,140,93,135,128,143,147,91,121,142,133,134,83,119,76,
136,148,149,129,141,109,92,122,81,144,120,59,145,66,125,97,94,84,146,137,85,108,98,106,99,102,89,105,82,107,127,101,54,78,87,124,72,44,123,118,71,86,49,131,51,130,88,104,67,79,103,110,80,117,77,40,139,111,114,126,116,96,56,46,
71,87,48,106,123,101,78,107,124,99,98,69,50,
38,107,104,102,89,105,82,86,80,72,49,118,71,69,52,99,98,87,77,124,78,101,123,106,
125,145,97,137,84,56,96,116,126,114,111,139,40,77,117,80,110,103,79,146,67,104,88,130,51,131,49,86,71,118,123,44,72,124,87,78,54,101,127,107,82,105,89,102,99,106,98,
97,94,92,110,47,100,70,58,111,93,146,115,95,148,73,126,116,63,113,135,138,128,83,136,120,134,91,144,133,90,143,142,121,68,122,147,112,149,132,140,109,119,114,145,108,117,74,127,129,141,137,139,125,131,130,
73,65,64,62,90,113,111,126,85,75,116,118,131,144,103,102,117,105,146,57,110,114,104,137,84,125,94,77,130,89,97,66,96,149,123,82,124,127,139,86,108,79,120,59,136,148,129,88,141,109,81,122,145,92,53,112,140,93,60,135,138,128,132,143,147,91,121,142,133,134,83,119,76,61,
99,76,119,143,62,93,140,112,53,86,123,66,125,77,124,107,104,82,105,139,88,117,102,72,89,118,126,79,116,130,110,80,127,96,67,114,103,56,97,94,131,84,146,137,85,111,145,98,106,101,108,46,92,122,81,109,141,129,148,136,59,120,149,144,75,57,
113,90,80,65,111,126,85,75,116,118,131,144,103,102,117,105,146,57,110,114,104,137,84,125,94,77,130,89,97,66,96,149,123,82,124,127,139,86,108,79,120,59,136,148,129,88,141,109,81,122,145,92,53,112,140,93,60,135,138,128,132,143,147,91,121,142,133,134,83,119,76,62,
106,124,99,
123,106,124,99,
115,73,100,68,65,64,79,102,84,62,90,113,60,119,135,76,138,128,105,104,85,144,132,143,147,91,121,142,83,133,134,75,93,140,81,112,149,136,148,111,129,92,141,109,146,118,139,110,122,120,61,103,96,125,108,145,137,116,126,97,127,130,117,114,94,131,
124,106,
104,102,89,105,82,86,80,118,72,71,69,99,98,87,107,124,78,101,123,106,
64,96,81,118,76,61,74,58,55,108,103,115,95,148,97,94,147,68,121,100,93,146,140,110,73,126,120,116,113,135,92,145,139,138,91,144,128,83,136,130,134,133,90,143,137,142,122,112,149,132,109,119,114,111,117,129,141,125,127,131,
117,110,103,79,67,130,88,131,49,71,118,72,123,86,77,124,78,54,101,127,80,107,104,82,105,89,102,99,106,87,98,51,
87,101,123,106,99,124,
87,48,106,123,71,101,78,107,124,99,98,69,
71,87,48,106,123,101,52,78,107,124,99,98,69,
139,111,114,126,117,79,116,103,110,127,96,86,104,67,89,102,82,105,88,80,131,72,118,98,106,124,77,101,54,99,107,130,123,56,
104,85,75,64,96,81,118,76,61,55,108,103,115,95,148,97,94,147,68,121,100,93,146,140,110,73,126,120,116,113,135,92,145,139,138,91,144,128,83,136,130,134,133,90,143,137,142,122,112,149,132,109,119,114,111,117,129,141,125,127,131,
108,101,106,98,111,85,137,146,84,94,97,56,114,96,127,110,130,103,116,79,118,89,72,131,102,117,88,139,80,105,67,126,82,104,107,124,125,66,123,145,86,77,
70,58,111,93,146,115,100,95,148,73,126,116,63,113,135,138,128,83,136,120,134,91,144,133,90,143,142,121,122,147,112,149,132,140,109,119,114,145,108,117,74,127,129,141,137,139,125,131,130,
106,123,101,78,107,87,98,99,124,69,
123,86,77,124,78,101,80,118,72,107,104,82,105,89,102,99,98,106,87,
87,101,123,106,99,107,124,
131,99,106,98,88,102,89,105,82,104,107,72,118,80,101,124,86,123,77,
71,69,99,98,87,107,124,78,101,123,106,
92,122,81,109,141,129,148,136,59,120,79,108,86,127,124,82,123,149,66,97,89,130,88,94,125,84,145,104,114,96,137,110,146,105,117,102,103,144,131,118,77,139,116,75,85,126,111,
130,99,101,106,98,118,131,80,88,105,102,89,72,82,67,104,107,124,123,86,77,
103,115,95,97,94,68,100,147,93,140,110,73,120,116,113,135,92,139,138,91,128,83,130,126,134,133,90,137,142,121,122,143,112,149,132,109,146,119,114,145,108,136,148,111,117,129,144,141,125,127,131,
96,127,110,130,103,116,79,118,131,117,80,88,105,102,126,89,72,82,67,104,107,124,123,86,114,77,
112,140,126,111,85,116,139,75,137,118,105,131,103,102,130,104,117,79,146,110,84,96,127,114,145,125,94,88,89,123,97,66,136,148,81,149,129,141,109,122,144,120,108,92,93,
93,115,100,95,73,116,113,135,138,128,83,126,120,134,91,133,90,142,121,122,147,143,112,149,132,140,109,146,119,114,145,108,136,148,111,117,74,129,144,141,137,139,125,127,131,130,
120,108,86,124,82,66,97,123,89,88,94,125,145,114,127,96,84,110,146,79,117,104,130,102,103,131,105,118,137,139,144,77,116,85,111,126,
135,138,128,105,104,85,132,143,147,91,121,142,133,134,83,93,140,112,119,75,149,136,148,111,129,92,141,109,146,81,118,139,110,122,144,120,103,96,125,108,145,137,116,126,97,127,130,117,114,94,131,76,
113,135,138,128,90,132,143,147,91,121,142,133,134,83,76,119,103,140,118,81,96,109,146,94,131,141,112,149,129,92,148,111,136,122,145,108,97,144,126,137,114,139,116,93,130,125,127,110,117,120,
143,85,84,104,105,102,79,93,140,112,119,75,149,136,148,111,129,92,141,109,146,81,118,139,110,122,144,120,103,96,125,108,145,137,116,126,97,127,130,117,114,94,131,76,
90,74,144,119,112,70,149,126,122,125,120,127,130,131,95,132,100,137,129,141,148,140,128,145,143,146,109,142,113,147,115,121,138,135,133,134,139,136,
118,103,97,94,93,110,92,113,135,138,128,83,120,134,133,142,121,91,122,147,116,143,112,149,132,140,109,146,119,114,145,108,136,148,111,117,129,144,141,126,137,139,125,127,90,131,130,
142,121,132,143,147,91,85,104,105,84,93,140,112,119,75,149,136,148,111,129,92,141,109,146,81,118,139,110,122,144,120,103,96,125,108,145,137,116,126,97,127,130,117,114,94,131,76,
123,89,88,97,94,125,145,127,96,84,110,146,79,117,104,130,102,103,131,105,118,137,114,139,116,85,111,126,
131,88,102,89,105,82,104,107,72,118,80,124,86,123,77,
100,93,110,73,116,113,135,92,138,128,83,126,120,134,91,133,90,142,121,122,147,143,112,149,132,140,109,146,119,114,145,108,136,148,111,117,129,144,141,137,139,125,127,131,130,
99,98,87,107,78,124,101,123,106,
119,112,126,122,125,120,127,130,131,95,100,129,141,148,140,128,145,143,149,132,146,142,113,147,144,115,121,138,109,135,133,134,137,139,136,
99,98,87,107,78,124,101,123,106,
107,118,80,124,123,86,
113,135,138,128,83,120,134,133,142,121,91,122,147,116,143,112,149,132,140,109,146,119,114,145,108,136,148,111,117,129,144,141,126,137,139,125,127,90,131,130,
119,112,126,122,125,120,127,130,131,95,100,129,141,148,140,128,145,143,149,132,146,142,113,147,144,115,121,138,109,135,133,134,137,139,136,
136,148,149,129,141,109,81,139,110,122,144,120,103,118,96,125,111,108,137,145,116,126,97,127,130,117,146,114,94,131,92,
119,103,118,96,109,94,141,112,129,149,148,136,122,145,97,144,126,137,114,146,92,139,116,140,93,125,127,131,108,130,110,111,117,120,
104,82,105,89,123,118,124,102,86,
99,98,107,124,101,106,123,
103,118,102,105,131,130,110,127,104,117,
124,123,
122,144,120,103,118,96,111,108,145,137,116,139,126,127,110,130,117,125,146,114,94,131,97,
105,89,123,118,124,102,
134,133,142,121,91,122,147,116,143,112,132,140,109,119,114,145,136,148,117,149,129,111,144,120,141,126,137,146,139,108,125,127,131,130,
146,137,114,139,116,111,96,118,126,103,131,117,110,105,130,127,104,
103,118,96,111,145,137,116,139,126,127,110,130,117,125,146,114,94,131,97,
124,123,118,
123,106,124,99,
102,118,104,105,
123,118,102,
119,140,128,143,132,142,147,121,138,135,133,134,145,112,149,146,109,122,139,125,137,120,144,127,130,131,141,126,129,148,136,113,
147,143,132,140,119,114,136,148,149,129,112,116,111,122,144,120,141,126,137,145,146,139,125,127,131,108,130,109,
122,144,126,137,114,145,146,139,116,125,127,131,108,130,110,111,117,120,
140,117,114,136,148,149,129,112,116,111,122,144,120,141,126,137,145,146,139,125,127,131,108,130,109,
137,116,139,126,127,110,130,117,125,111,145,146,114,131,97,
100,129,141,148,140,128,145,143,149,132,146,142,113,147,144,115,121,138,135,133,134,137,139,136,
118,103,131,117,110,127,130,
146,145,125,117,111,131,130,110,126,139,116,127,137,114,
107,106,124,101,123,
124,106,
141,148,140,128,145,143,149,132,146,142,147,144,121,138,135,133,134,129,137,139,136,113,
124,123,
118,
127,131,130,110,
118,
118,
124,
124,123,
131,130,127,125,139,146,145,137,126,
141,131,130,127,120,144,125,139,146,122,145,137,126,
131,130,
126,131,130,116,127,
139,122,146,129,144,137,145,125,126,149,148,141,136,
139,137,129,134,133,135,138,121,147,142,146,132,149,143,145,128,144,140,148,141,136,
131,130,127,
146,136,144,145,132,128,141,138,135,148,133,143,147,134,140,149,142,
131,130,127,
131,130,127,

140,139,137,129,149,148,141,146,144,145,136,
144,125,139,146,145,137,126,
147,142,146,132,143,145,144,140,149,148,141,136,
145,137,146,139,144,


145,139,146,137,


141,138,135,133,143,147,140,149,148,142,134,
149,148,141,146,144,145,


145,144,143,140,149,148,141,
143,147,140,149,148,142,
143,147,140,149,148,142,
138,148,149,142,147,143,
149,148,141,146,144,145,
146,139,
148,149,147,142,

149,148,

149,148,147,
149,148,




149,

Past links sets, 


0,1,
2,
3,




4,
5,6,
2,5,6,
0,5,1,6,
7,8,
4,11,
4,11,12,


5,7,8,
7,8,
5,13,

19,
6,9,


7,8,16,21,
8,10,7,12,
18,10,20,
22,21,5,16,13,

17,
21,
17,25,
7,15,10,14,9,
7,8,15,10,14,9,
17,24,
7,15,10,14,9,
16,22,28,

20,26,29,
7,8,15,10,14,9,
12,18,10,20,
0,20,10,18,1,
26,29,
17,24,
17,32,22,26,25,
30,
14,43,42,27,15,
28,40,
9,13,27,18,15,14,
6,18,40,
12,43,28,22,16,
7,8,33,32,31,16,
18,40,44,
39,45,
44,46,
7,8,16,33,32,31,24,
24,39,47,
22,26,53,
33,31,36,
45,39,25,36,31,
8,16,36,31,33,32,
47,
45,39,25,36,31,
33,31,36,
13,46,57,59,
54,6,56,
36,30,55,
38,48,52,
63,
3,11,52,42,40,27,38,
38,49,51,67,
31,58,68,
17,58,63,
45,53,65,60,62,57,
65,60,7,62,61,
51,49,59,67,
9,49,69,71,
40,62,56,66,
1,33,72,
19,26,61,75,
24,38,77,
60,61,64,73,
29,62,65,66,
45,66,65,60,62,
1,72,77,
41,69,71,49,50,
10,51,66,67,
66,82,
33,73,63,64,61,
21,65,83,
19,26,76,68,75,64,
76,57,68,58,64,
55,30,85,81,76,64,
55,70,74,
20,56,85,84,81,76,
29,94,
46,51,54,78,
35,34,78,32,87,54,51,
68,95,
41,50,98,
88,79,89,
55,64,79,96,
45,38,60,84,79,88,77,
88,84,79,60,82,
37,98,99,
50,72,98,
46,93,91,59,92,81,
26,70,19,74,93,91,90,75,
92,97,18,103,
44,84,97,92,93,91,
70,93,91,90,74,
90,100,
56,84,20,97,92,93,91,
36,95,
56,111,
79,83,97,92,96,93,
64,86,105,104,102,96,
70,91,76,90,74,
81,92,59,109,
65,83,113,
81,109,92,112,
80,86,107,87,35,101,89,
80,82,107,106,101,86,
108,97,112,120,
120,112,56,111,108,
108,18,117,116,103,114,109,
113,60,115,
26,113,112,119,75,
108,54,109,117,116,114,110,
67,108,109,51,117,116,114,110,
115,91,121,
83,128,
83,128,
128,
26,121,75,119,115,112,
84,125,122,119,113,
135,
44,137,
93,134,119,133,132,
109,136,132,129,128,
121,134,133,138,
7,62,135,134,133,132,
120,136,132,122,129,
122,132,129,136,125,
129,136,137,
91,142,
143,142,129,140,136,
148,
Future links sets, 
43,12,2,
86,2,12,43,80,
11,3,
71,4,
15,14,9,
20,10,11,12,29,18,
51,10,11,67,12,23,
143,26,37,19,41,18,13,35,27,57,34,76,53,
53,27,57,35,13,62,18,41,19,26,
50,41,78,23,34,35,37,
88,43,42,41,37,27,28,34,35,
71,15,14,
52,42,27,15,
66,29,50,20,
50,34,35,48,37,41,
50,34,35,48,37,41,
57,53,26,62,29,38,52,
74,46,31,36,33,45,
110,51,54,43,42,127,28,50,
109,81,92,22,
114,96,28,43,40,42,
32,29,91,26,
59,29,38,46,52,

82,45,57,36,58,
64,61,46,33,
129,109,40,44,136,92,81,59,46,
71,50,48,
52,49,38,
97,84,44,40,
94,68,47,
65,73,62,64,53,57,60,61,
99,53,46,57,62,
80,65,53,90,57,62,60,
99,
123,99,
68,65,115,60,61,62,64,
106,
69,72,104,71,82,
64,61,58,55,
79,54,51,49,71,
101,87,
71,48,
52,48,
111,56,139,54,
104,85,55,61,75,64,
108,98,66,56,
63,58,
69,
78,87,77,72,
101,107,87,
72,99,77,88,131,98,
71,69,
75,59,
130,99,98,67,
95,94,103,68,
126,116,67,79,114,96,
93,75,66,
74,93,73,
120,108,77,66,
128,104,75,85,76,105,83,
90,83,81,76,
143,85,75,76,79,84,
74,90,70,
118,94,83,93,90,103,92,
121,91,75,85,76,84,
89,79,84,85,88,
131,88,77,72,
100,92,93,73,
87,78,
112,119,109,95,
87,78,
107,86,80,
90,83,
112,119,109,95,
136,81,92,109,129,
119,92,93,94,96,
104,86,82,
99,98,
117,102,103,104,105,
124,123,
122,94,96,108,120,
105,124,89,
134,91,121,117,133,
114,96,111,137,104,105,
96,94,
124,123,118,
123,99,
105,104,102,
123,102,
113,112,119,109,
132,147,114,119,108,109,111,112,
120,117,108,110,122,111,114,
140,117,114,108,109,111,112,
97,
115,100,
117,118,103,
110,111,125,114,117,
107,106,101,
106,
113,
124,123,
118,
127,110,
118,
118,
124,
124,123,
131,125,130,126,127,
131,120,141,130,122,127,
131,130,
126,116,
122,136,125,126,129,
137,129,128,121,
131,130,127,
136,132,128,
131,130,127,
131,130,127,

140,137,136,129,
144,126,125,
136,142,132,
145,144,137,


145,137,


141,135,134,133,
148,141,146,144,145,


145,140,141,143,144,
143,142,140,
143,142,140,
143,138,
148,141,146,144,145,
146,139,
142,

148,

148,147,
148,




149,

Coordinates,
1.35315,2.01043,
0.987389,2.07433,
-0.743532,1.48454,
-0.6933,1.42732,
-0.700928,1.36749,
-2.05474,2.91123,
0.121047,2.40169,
-3.42753,3.50581,
-3.30062,3.61034,
0.772058,1.00754,
1.09628,2.44307,
1.86687,1.43163,
2.87476,1.64706,
-1.35914,3.3977,
2.11836,1.24209,
2.19757,1.25525,
-2.94544,4.23497,
-6.3265,6.35035,
0.587411,2.80678,
-1.89326,3.79641,
0.165746,3.00268,
-3.43897,4.69034,
-1.49326,3.73704,
1.96993,0.114753,
-7.29828,7.33737,
-4.70605,5.67611,
-1.99477,4.20685,
3.83838,1.53599,
2.31178,2.62696,
-0.626124,3.73331,
-9.39606,9.59358,
-4.66336,6.1119,
-2.53096,4.77585,
-4.35811,5.92447,
3.08298,0.415687,
3.19715,0.487583,
-5.40772,6.81162,
3.20935,0.254988,
2.80428,2.65076,
-7.25694,8.27556,
0.829553,3.31864,
3.41567,0.543783,
4.96955,1.59986,
5.35579,1.66822,
0.29901,3.65537,
-5.73743,7.53865,
-0.664324,4.26136,
-7.731,9.08256,
4.53064,1.18898,
2.91893,2.84281,
4.22992,0.69018,
2.37476,3.04979,
5.88534,1.63053,
-1.52907,4.95433,
2.10988,3.17664,
-5.50971,7.74679,
0.81293,3.80504,
-1.58052,5.11572,
-6.76061,8.84326,
-0.645325,4.64322,
-3.63297,6.58384,
-4.05502,6.92455,
-1.78755,5.41926,
-7.27929,9.47846,
-4.01928,7.02002,
-2.75826,6.16644,
-0.042119,4.57167,
2.52283,3.33059,
-4.61198,7.61252,
5.63327,1.15524,
-7.16637,9.61799,
6.29742,1.37551,
4.7725,2.77726,
-3.97898,7.65109,
-5.3832,8.78762,
-1.01395,5.67958,
-1.37672,5.91946,
3.68677,3.23679,
6.3999,0.841092,
1.91585,4.13939,
5.89287,2.63361,
-0.275428,5.42901,
4.27335,3.1196,
-2.68678,7.11075,
0.965107,4.74119,
0.361145,5.13557,
5.66667,2.74885,
6.52564,0.49821,
3.86597,3.39652,
4.88139,3.03656,
-3.29286,7.78838,
-1.87944,6.87547,
-0.10148,5.8261,
-0.894973,6.36171,
0.56004,5.41727,
-4.73443,9.33555,
2.10526,4.60902,
0.940158,5.31045,
7.58252,0.828231,
7.43734,0.356379,
-3.87759,9.01685,
7.74225,0.526424,
5.57844,3.17509,
2.79143,4.55665,
4.77987,3.57435,
5.38477,3.33589,
8.00111,0.186648,
8.24801,0.568558,
0.719593,6.06095,
0.0998235,6.51578,
3.06988,4.65053,
1.93677,5.35889,
-0.550665,7.06547,
-2.86871,8.81195,
2.47505,5.15114,
-4.05638,9.89382,
2.34928,5.30797,
2.96181,4.94294,
6.59024,3.17244,
-0.662506,7.44906,
0.599334,6.57516,
-1.78336,8.53095,
0.516742,6.83364,
9.31705,0.434438,
9.37755,0.166835,
1.53378,6.41075,
2.43706,5.87687,
3.49844,5.3793,
-2.34784,9.60777,
0.220727,7.6642,
4.10106,5.03878,
4.42962,4.85631,
-1.06198,8.83664,
-1.82988,9.43951,
-1.76826,9.41217,
-2.13779,9.82021,
0.274007,8.10725,
2.16448,6.73333,
-1.93482,9.9151,
2.55583,6.67564,
-0.0348705,8.70417,
0.793794,8.27934,
-1.28289,9.91723,
-0.300701,9.15527,
1.20986,8.03286,
2.2564,7.46602,
2.52003,7.29802,
-0.819467,9.97286,
0.690242,9.10171,
0.829724,9.06656,
