Storage option,sets
Size,150
Dimension,2
Shape,cube
Spacetime,BlackHole
Past sets, 








2,
0,



3,
1,
0,1,
0,1,
5,6,7,
10,
12,
2,4,
3,13,
5,6,
3,
0,11,12,
3,10,
11,12,19,
0,9,

4,2,8,
1,10,3,18,
1,14,10,18,
10,25,3,13,
1,10,25,3,18,
8,2,4,29,
9,24,26,0,11,12,19,
2,20,4,26,11,12,19,
4,7,2,8,
4,5,8,2,7,6,
4,2,29,8,34,
8,19,12,11,26,4,20,2,36,
13,28,23,3,21,
18,0,14,1,10,31,
9,14,16,1,0,15,
4,5,8,2,7,6,
2,7,5,17,6,
2,8,7,5,17,6,
9,14,16,1,0,15,
2,20,4,26,11,12,8,19,
15,1,11,0,9,27,16,
9,14,16,1,0,15,
13,25,3,10,21,
4,2,8,7,5,17,6,
15,16,1,24,9,26,0,11,35,12,19,27,
4,2,8,7,5,17,6,
15,11,0,1,27,16,14,9,43,
2,20,1,24,9,26,0,11,35,12,19,4,27,
1,18,32,51,13,25,3,10,21,
10,41,13,28,21,23,3,
29,4,26,48,2,20,34,11,12,8,19,39,
11,0,15,47,1,50,27,16,14,55,9,43,
13,15,16,30,3,25,42,31,18,0,14,1,33,10,
3,23,28,
12,14,49,27,16,15,24,1,11,0,9,43,
15,16,30,3,25,42,31,18,0,14,1,33,10,
12,17,20,37,38,34,44,4,5,8,2,7,29,6,39,
15,16,36,8,2,56,19,20,1,35,24,9,26,0,11,12,4,27,40,
23,30,57,13,1,18,51,32,33,10,21,25,3,
13,62,3,23,28,
9,13,64,30,15,16,33,3,25,42,31,14,18,1,0,10,61,
4,35,20,2,26,63,14,12,49,15,27,53,16,24,1,11,0,9,43,19,56,
0,24,9,35,36,59,8,29,12,4,26,19,20,34,48,11,2,39,40,
56,19,9,0,11,16,53,15,14,63,49,26,2,43,20,12,35,27,4,1,24,70,
36,8,40,15,2,56,19,16,53,20,1,35,24,9,26,0,11,49,12,4,27,
23,30,14,31,57,13,1,18,51,32,33,10,21,25,3,
32,69,31,50,9,13,64,30,15,16,33,14,3,25,61,18,42,1,0,10,
43,9,27,64,30,15,16,33,13,50,3,25,42,31,14,18,1,0,47,10,
24,9,35,0,37,38,36,40,6,5,59,8,29,12,4,26,19,20,34,48,11,2,39,7,44,
21,32,61,10,13,30,15,16,33,3,25,42,31,51,14,18,1,0,57,
8,72,14,43,56,27,19,9,0,16,53,24,15,49,20,26,2,12,11,70,35,63,4,1,36,

4,2,20,19,35,55,50,47,26,63,14,12,49,15,27,53,16,24,1,11,0,9,43,60,
21,68,13,3,23,62,28,
32,21,69,31,50,9,13,64,30,15,16,33,14,3,25,61,18,42,1,0,51,10,
24,30,3,25,33,31,42,60,9,43,11,0,15,12,49,10,47,1,50,16,27,14,18,55,
57,83,25,32,3,61,21,50,31,9,13,42,64,30,1,15,16,33,14,18,0,51,69,10,78,
25,32,1,58,3,10,21,18,41,13,57,51,28,23,
39,34,29,4,27,36,8,40,15,66,19,16,53,20,48,1,24,35,59,12,56,9,73,26,2,49,0,11,
31,28,41,33,23,57,67,30,13,1,18,14,51,32,10,25,3,21,58,
21,51,11,55,69,32,76,30,43,9,27,64,18,15,16,33,10,13,50,3,25,42,31,61,14,1,47,0,75,
21,68,82,13,3,23,62,28,41,
15,42,28,41,0,74,23,57,67,30,13,31,1,18,14,51,32,33,10,58,21,25,3,
18,28,23,3,13,68,51,41,10,58,21,62,25,32,
49,53,27,1,56,16,15,77,19,48,24,9,38,35,6,29,37,8,36,66,7,40,11,5,34,0,59,4,26,20,2,39,44,12,71,
30,3,25,33,31,10,18,42,81,2,20,49,19,35,55,26,50,47,4,63,14,43,12,15,27,56,53,24,16,60,1,11,0,9,
16,54,27,1,56,17,77,19,48,24,9,38,35,65,6,29,37,8,36,7,40,11,5,34,0,59,4,26,20,2,39,44,12,71,
34,29,39,47,48,55,66,40,8,72,43,56,27,19,9,0,16,53,24,15,14,73,49,79,20,26,2,12,70,11,35,63,4,1,36,
31,33,86,1,18,25,32,41,3,10,58,21,13,57,23,14,51,28,30,67,
17,93,56,19,49,12,53,16,27,1,38,15,77,40,48,11,24,9,35,6,29,66,37,0,8,36,7,44,5,34,71,59,4,26,20,2,39,
28,80,
20,19,35,26,53,4,63,2,61,32,13,64,55,24,30,3,84,25,33,31,1,60,42,9,43,14,11,0,15,12,49,69,10,47,18,76,50,75,16,27,
28,41,58,67,23,57,83,25,32,3,61,21,50,31,9,13,42,64,30,1,74,15,16,33,14,18,0,51,69,10,78,
60,23,74,57,89,27,21,51,78,11,42,55,69,32,1,14,30,61,43,76,9,64,33,85,18,15,83,16,47,10,13,75,50,3,25,31,67,0,
33,30,67,86,1,18,62,25,32,41,3,10,58,21,13,57,23,51,68,28,
61,70,13,64,76,20,30,3,25,33,31,10,47,84,18,55,42,81,2,49,12,19,56,35,26,63,50,4,14,43,94,15,27,53,16,24,60,1,11,0,9,
59,50,60,96,34,29,66,39,2,47,48,11,55,40,8,72,35,43,56,19,27,9,16,53,24,15,14,73,36,49,12,0,79,20,26,63,70,4,1,
40,36,70,72,8,20,30,3,25,33,31,10,47,84,18,55,42,81,2,49,12,19,56,35,26,63,50,4,14,43,94,15,27,53,16,24,60,1,11,79,0,9,
99,28,23,3,80,
101,64,28,41,78,58,21,67,30,23,57,83,9,25,32,69,3,61,50,13,31,42,1,74,0,15,16,33,14,51,18,10,85,
80,3,28,99,23,107,
85,101,64,28,41,78,58,21,67,30,23,57,83,9,25,32,69,3,61,50,13,31,42,1,74,0,15,16,33,14,51,18,10,91,
6,7,37,71,59,96,34,29,66,39,2,47,48,11,55,40,87,8,72,35,43,56,19,27,9,16,53,24,15,14,73,36,49,12,0,79,20,26,63,70,4,1,
80,
11,28,41,58,67,23,47,27,43,85,57,83,25,32,3,61,21,50,31,9,13,42,64,30,1,74,15,75,16,33,14,18,76,0,51,69,10,78,
21,28,23,62,3,80,13,68,
46,52,73,65,54,16,17,93,11,56,98,15,19,49,8,53,27,1,38,77,36,40,48,7,24,9,35,6,29,66,37,0,44,5,34,71,59,4,26,20,2,39,12,95,
25,10,58,68,90,21,13,82,3,23,62,28,41,
43,47,75,108,101,64,28,41,78,58,21,67,30,23,57,83,9,25,32,69,3,61,50,13,31,42,1,74,0,15,16,33,14,51,18,10,85,91,
21,72,75,69,32,61,18,70,27,13,56,64,76,33,20,63,30,3,25,31,10,53,47,4,84,55,12,42,81,2,49,19,35,26,50,14,43,0,94,104,15,16,24,60,1,100,11,9,
92,14,31,103,33,57,10,30,67,86,1,18,88,41,62,25,32,58,13,23,51,28,3,97,21,68,

14,45,115,46,93,52,5,73,26,65,54,7,16,17,11,56,9,4,15,19,66,49,2,8,53,6,27,98,1,48,95,38,77,36,40,87,24,71,35,29,37,0,44,34,59,12,20,39,
54,65,63,70,79,73,14,43,72,55,47,16,17,93,11,56,98,15,19,49,8,12,53,27,1,38,77,36,40,48,7,24,9,35,6,29,66,37,0,44,5,34,71,59,87,4,26,20,2,39,96,
16,61,88,74,42,15,68,21,0,97,3,28,51,23,13,58,32,25,62,41,18,1,86,67,30,10,57,33,103,31,14,91,
4,35,26,53,63,49,12,24,19,102,61,60,23,64,74,33,57,16,89,27,21,51,10,78,11,42,55,14,69,32,30,43,1,84,76,9,50,85,3,18,15,47,13,75,25,31,67,83,0,
10,80,68,90,21,13,82,3,23,62,28,41,
81,5,44,77,38,93,17,60,50,6,53,7,37,71,24,59,12,96,2,49,34,29,66,19,39,47,0,48,98,1,11,55,105,8,40,87,72,35,43,56,9,27,16,63,15,111,14,73,26,36,79,20,70,4,
79,8,36,40,12,21,72,19,75,69,16,32,61,18,70,27,13,56,3,64,11,76,33,20,63,10,30,25,31,84,53,0,106,47,100,4,55,2,42,81,49,35,26,50,14,43,94,104,15,24,60,1,118,9,
73,79,8,36,40,12,21,72,19,75,69,16,32,61,18,70,27,13,56,3,64,11,76,33,20,63,10,30,25,31,84,53,0,106,47,100,4,55,2,42,81,49,35,26,50,14,43,94,104,15,24,60,1,118,9,

41,107,99,21,109,28,23,62,3,80,82,13,114,68,
2,20,18,4,57,35,26,53,0,63,10,49,102,12,24,19,61,60,23,76,64,11,74,21,33,16,69,89,27,51,78,25,42,55,14,67,32,85,30,83,43,1,84,31,9,50,3,124,15,47,100,13,75,
70,56,81,94,2,20,18,4,57,35,26,53,0,63,10,49,102,12,24,19,61,60,23,76,64,11,74,21,33,16,69,89,27,51,78,25,42,55,14,67,32,85,30,83,43,1,84,31,9,50,3,124,15,47,100,13,75,
10,18,126,8,81,5,44,77,38,93,34,17,60,1,50,6,65,53,7,66,37,96,71,12,24,59,0,2,49,29,19,39,98,47,48,11,70,55,105,40,87,72,35,43,56,9,27,16,63,4,15,111,14,73,26,36,79,20,
109,112,80,3,120,28,99,23,107,62,
78,64,50,69,83,123,86,16,61,9,88,51,14,74,0,42,15,68,31,21,58,23,3,28,32,25,62,41,97,18,13,92,1,67,30,10,57,33,103,91,
14,103,28,62,25,23,21,58,90,68,41,10,3,82,116,33,30,67,86,1,18,13,92,32,57,51,
41,107,99,90,21,109,28,23,62,3,80,82,13,114,68,
47,62,68,75,86,85,101,64,28,41,78,58,21,67,30,23,57,83,88,9,25,32,69,3,61,50,13,110,31,42,1,74,0,15,16,33,14,51,97,18,10,91,108,

80,51,92,13,18,67,1,30,82,41,10,68,32,3,90,116,58,21,23,25,33,62,57,86,28,103,14,136,
107,109,125,23,10,80,68,90,21,13,82,114,3,99,62,28,41,
62,88,117,43,47,75,67,64,23,28,69,110,41,78,58,21,30,57,16,0,83,42,1,9,50,91,108,25,32,86,3,85,61,13,31,74,33,15,97,14,51,10,101,18,
31,42,95,52,46,115,45,121,54,11,72,10,71,18,79,126,65,4,8,81,20,5,66,44,105,77,16,38,93,34,17,60,1,50,111,133,6,53,7,37,98,96,35,12,73,24,59,0,122,2,63,49,29,19,39,47,48,70,9,55,40,87,26,43,56,27,15,14,36,
18,32,107,109,51,125,23,10,80,68,90,58,21,13,82,116,114,3,99,25,62,28,41,
52,42,31,33,25,3,30,94,95,54,11,72,10,71,18,79,126,65,4,8,81,20,5,66,44,105,77,16,38,93,34,17,60,1,50,111,133,6,53,7,37,98,96,35,12,73,24,59,0,122,2,63,49,29,19,39,47,48,70,9,55,40,87,26,43,56,27,15,14,36,
113,91,58,41,28,101,108,117,132,14,70,11,56,81,94,35,2,61,20,18,131,4,63,57,26,85,53,0,10,69,49,102,43,12,24,83,19,78,60,1,23,76,64,74,15,21,33,16,75,89,30,27,51,25,84,42,55,67,32,31,9,50,3,124,47,100,13,
129,62,23,107,120,3,28,80,99,112,109,134,
1,32,18,92,107,109,51,125,23,10,80,68,90,58,21,13,82,116,114,3,99,25,62,28,41,
13,134,109,99,80,3,120,107,23,112,129,28,62,147,
Future sets, 
42,24,16,61,123,78,64,91,76,143,69,75,142,85,83,135,101,110,43,108,50,117,138,71,47,77,121,113,66,133,95,56,89,102,35,55,122,60,127,98,145,93,84,131,115,27,94,124,87,100,53,63,73,72,118,81,128,79,9,146,126,105,96,49,106,104,70,111,132,15,
148,86,57,56,33,67,103,30,95,96,133,72,105,126,31,113,97,55,138,119,78,88,42,83,43,104,47,108,94,70,131,91,132,128,106,69,110,145,84,122,61,143,16,102,127,101,81,142,15,64,124,63,76,117,89,118,100,146,85,123,135,74,111,50,60,121,79,140,75,136,14,66,49,53,98,93,115,73,87,
45,146,56,132,94,70,72,104,81,100,20,79,128,131,52,126,37,111,34,71,95,96,54,133,59,118,39,8,87,40,77,36,115,122,98,106,143,105,93,46,65,121,29,145,66,38,48,127,73,44,
30,33,145,94,106,84,64,25,62,134,147,107,109,131,149,90,76,135,68,127,69,128,104,61,75,100,41,74,114,82,141,23,83,142,136,102,78,137,85,144,138,67,132,124,57,116,110,51,89,103,148,21,130,32,91,88,113,118,108,92,123,146,125,58,117,86,119,13,140,97,101,
124,54,52,37,34,20,143,100,59,81,40,39,122,65,106,104,145,72,70,111,29,94,118,77,36,44,127,98,131,48,128,87,105,146,132,73,95,66,93,56,115,38,121,133,71,79,126,96,
44,77,93,38,143,65,95,122,17,54,145,45,46,115,98,121,126,52,133,22,
111,44,77,93,38,143,65,95,122,17,54,145,45,46,115,98,121,126,52,133,22,
44,38,77,93,143,133,65,95,122,17,54,111,37,145,45,46,115,98,121,126,52,
79,54,52,37,34,128,95,96,133,39,87,40,115,71,77,48,145,98,122,59,106,105,93,143,46,111,65,121,126,29,38,127,73,66,44,
69,75,85,83,135,101,110,108,50,138,47,117,142,43,71,77,121,113,66,76,95,56,89,102,55,60,98,145,93,84,131,115,27,124,87,100,53,63,94,127,73,72,118,81,128,79,126,105,143,96,146,49,106,122,133,104,70,111,132,35,
141,125,58,116,32,51,136,144,85,133,74,148,30,89,92,33,86,18,145,143,84,25,31,102,94,106,127,117,97,140,88,42,101,131,91,119,76,135,103,57,146,67,110,61,104,75,118,78,138,108,132,124,113,69,128,100,142,83,123,64,
113,89,102,55,36,40,59,24,106,84,104,145,72,63,146,105,77,35,118,71,95,56,93,49,132,53,94,127,115,124,87,128,48,131,100,98,121,73,96,133,70,111,81,122,79,60,143,66,126,26,
65,63,84,24,19,105,128,111,66,106,118,70,133,104,73,98,143,100,94,131,87,81,122,79,36,127,48,96,53,132,93,95,71,77,146,72,121,124,35,126,40,56,145,59,115,26,
149,76,68,69,104,61,75,100,127,74,128,114,82,135,83,136,102,131,78,85,138,67,132,124,57,110,89,142,103,21,130,32,141,88,137,116,113,144,91,118,51,41,108,92,123,146,125,58,117,148,86,119,140,90,97,101,
140,136,121,50,74,123,85,100,118,89,117,76,146,63,64,142,101,127,75,102,143,60,61,84,110,69,106,128,132,91,131,135,94,108,104,145,83,124,42,88,78,119,138,55,97,113,31,43,126,70,79,111,105,72,133,81,96,122,47,
91,66,64,69,78,123,61,122,43,47,126,84,128,49,127,145,104,96,133,132,53,124,63,142,100,94,131,146,72,102,143,106,89,81,118,60,111,55,79,70,76,113,105,117,138,98,93,121,115,73,87,50,108,110,101,135,83,85,75,
95,66,64,69,78,123,61,122,43,47,126,84,128,49,127,145,104,96,133,132,53,124,63,142,100,94,131,146,72,102,143,106,89,81,118,60,111,55,79,70,76,113,105,117,138,98,93,121,115,73,87,50,108,110,101,135,83,85,75,
126,133,65,95,122,145,143,45,46,115,98,121,52,54,
144,133,148,92,86,33,143,31,145,102,94,106,84,127,74,117,97,140,88,42,131,91,30,119,76,103,57,146,136,67,110,61,104,75,118,78,138,108,135,89,132,101,124,113,69,128,85,100,142,83,123,64,
128,111,66,106,105,118,70,133,104,73,98,143,100,94,131,87,81,124,122,79,36,127,48,96,53,132,93,56,95,71,77,146,115,72,121,35,126,40,145,59,26,
100,81,65,104,131,72,70,94,118,59,127,98,40,77,106,48,128,105,132,73,36,95,66,122,93,56,115,145,146,87,121,133,111,71,79,126,96,143,
127,128,114,82,83,102,131,85,67,132,78,124,57,89,103,130,74,141,110,137,116,113,144,118,51,142,41,108,92,123,146,125,58,117,148,86,88,119,140,90,136,97,135,138,91,101,

109,107,102,131,132,124,147,67,134,82,149,114,103,130,74,141,110,137,116,113,144,142,41,108,92,123,146,125,58,117,148,86,88,119,140,90,136,97,68,135,138,91,101,62,
84,63,35,72,146,77,71,95,56,93,132,53,127,115,124,87,131,94,100,98,121,73,104,96,133,70,118,81,79,105,143,106,122,145,66,111,128,126,
51,64,69,76,104,84,106,94,145,32,92,148,89,100,118,128,127,86,78,119,136,74,116,33,103,61,144,132,91,67,108,113,83,124,142,101,57,140,117,146,88,85,131,102,138,97,123,135,110,75,
59,40,35,72,146,77,71,95,56,93,132,53,48,127,36,115,124,87,131,94,100,98,121,73,104,96,133,70,118,81,79,105,143,106,122,145,66,111,128,126,
113,76,95,56,89,102,60,55,98,93,121,84,115,124,87,100,63,94,131,127,73,53,132,72,146,118,81,79,105,143,106,122,96,133,104,70,49,128,111,126,66,145,
107,109,99,147,134,82,149,114,103,130,141,110,137,116,113,144,142,41,108,92,123,146,125,58,117,148,86,88,119,140,90,136,97,68,135,138,91,101,62,
39,65,111,93,105,59,122,145,77,71,98,121,115,87,133,143,96,95,126,34,
145,94,106,84,74,97,88,91,119,103,140,136,67,61,104,75,78,127,138,108,131,102,110,76,135,89,118,101,124,113,69,128,117,146,100,142,83,85,132,123,64,
97,119,88,42,145,108,94,131,91,128,106,69,84,61,135,104,75,78,127,138,101,143,64,102,110,76,113,89,118,124,117,146,100,142,83,85,132,123,74,
92,148,89,100,118,128,127,57,86,78,136,74,103,132,67,113,83,142,140,117,146,88,124,101,144,85,131,102,108,119,138,91,123,135,110,97,75,
145,94,106,84,74,97,88,91,119,103,140,136,67,61,104,75,78,127,138,108,131,102,110,76,135,89,118,101,124,113,69,128,117,146,100,142,83,85,132,123,64,
95,96,143,126,133,87,115,121,98,71,77,145,122,59,105,93,111,65,39,
77,71,95,56,53,115,124,93,131,100,98,94,121,73,104,127,96,132,70,72,118,87,146,79,105,143,81,122,66,133,111,128,126,106,145,
127,77,128,105,73,95,66,122,115,145,98,121,40,87,133,111,71,79,126,106,96,143,93,
126,93,111,65,133,95,98,121,143,77,115,122,145,
126,93,65,133,95,98,121,143,77,115,122,145,
65,93,105,122,77,111,71,145,98,115,87,121,126,143,96,59,133,95,
127,77,128,73,95,66,105,122,115,98,87,121,96,133,111,71,145,126,106,143,93,
130,125,141,137,116,113,142,108,92,123,146,58,117,88,140,119,148,90,136,103,144,86,97,135,138,91,110,101,
145,94,91,106,143,84,61,104,75,78,127,138,108,131,102,110,76,135,89,118,101,124,113,69,128,117,146,100,142,83,85,132,123,64,
142,117,113,76,70,79,55,111,60,118,89,106,105,102,72,131,100,146,124,132,133,104,126,94,145,127,128,81,96,84,143,122,63,
126,93,65,133,95,98,121,143,77,115,122,145,
143,121,
121,143,115,
138,142,117,111,122,89,113,60,106,105,102,100,146,124,132,133,126,94,145,76,127,104,128,81,96,143,118,131,84,
93,105,122,77,111,71,145,98,115,87,121,126,143,96,59,133,95,
98,93,121,115,124,100,94,127,73,132,131,72,118,79,87,146,105,84,143,81,63,122,96,133,104,70,128,111,126,106,145,
108,110,101,135,83,76,89,117,113,142,138,60,106,105,102,100,146,124,85,132,133,126,94,145,127,104,128,81,143,118,131,84,75,
92,148,89,57,86,78,136,74,103,132,67,113,140,117,146,88,124,101,144,85,131,102,108,119,138,91,123,135,110,97,142,83,
121,143,145,115,
124,131,100,98,93,94,121,115,73,127,132,72,118,79,146,105,143,81,122,96,133,70,111,87,128,126,106,145,104,
95,121,143,115,122,145,
111,122,60,106,105,102,100,146,124,132,133,126,94,145,127,104,128,81,96,143,118,131,84,89,
95,94,93,143,106,126,111,133,96,70,121,87,98,115,122,105,145,66,132,146,72,118,79,127,128,104,73,
86,78,74,67,113,136,140,117,103,124,101,85,132,131,108,102,119,142,138,91,123,146,135,88,110,97,
116,113,108,92,123,146,140,117,142,119,136,103,144,97,86,135,88,138,91,110,148,101,
105,77,71,111,98,87,145,115,126,133,143,93,122,121,95,
105,102,100,124,132,133,126,131,94,145,128,146,127,104,143,106,81,118,84,
123,104,78,69,138,108,131,110,135,89,75,101,124,142,113,127,128,118,117,100,146,83,85,132,102,
142,68,114,138,92,123,103,149,135,125,148,136,137,90,82,140,144,116,130,141,119,134,147,
124,131,100,94,127,132,72,118,79,146,105,143,81,122,96,133,70,111,128,126,106,145,104,
104,76,69,138,108,131,110,135,89,75,101,124,142,113,127,128,118,117,100,146,83,85,132,102,
133,95,121,143,115,122,145,
105,96,115,87,133,111,126,93,143,98,121,122,145,
113,136,140,103,124,132,131,102,108,119,135,138,101,142,91,123,88,146,110,117,97,
138,114,123,103,135,125,136,82,140,144,92,116,130,141,119,90,148,137,
108,110,85,135,75,101,138,142,113,127,128,118,117,100,83,89,124,131,132,146,102,
132,146,72,118,79,105,122,127,96,133,111,128,145,126,106,143,104,
111,93,115,126,133,143,122,145,121,98,95,
118,79,105,127,96,122,133,111,128,126,143,145,106,
115,128,105,87,133,111,126,143,121,122,145,96,
113,132,102,131,108,91,135,146,123,124,101,110,142,117,138,
138,142,113,127,128,118,117,100,89,124,131,132,146,102,
113,104,127,128,118,100,89,124,131,132,146,102,
93,115,126,133,143,122,145,121,98,95,
135,101,85,124,110,138,102,131,117,146,132,113,142,108,
127,96,133,111,128,105,126,143,122,145,106,
140,125,114,99,109,148,144,137,112,141,130,134,147,149,107,
133,143,94,145,146,132,127,104,126,106,128,118,
125,136,140,144,116,130,141,148,137,90,
135,101,85,124,110,138,102,131,117,146,132,113,142,108,
124,106,132,100,146,118,128,131,127,104,
113,110,117,138,102,131,124,146,132,142,108,
103,97,142,135,136,119,140,123,138,
122,133,126,143,111,145,121,
142,119,123,138,135,
132,146,124,131,102,
137,141,116,144,148,140,136,125,
123,135,146,110,142,117,138,
148,119,135,140,136,
122,133,121,143,115,126,145,98,
145,146,132,104,127,106,128,118,
121,143,145,115,
122,105,133,126,143,145,111,
142,119,123,138,135,
145,126,115,143,121,133,122,
109,144,148,137,141,130,134,149,147,107,
132,146,118,128,127,131,
138,117,110,146,108,142,
131,146,132,124,
140,119,123,135,136,
127,128,118,
133,143,145,126,
128,127,
147,149,134,130,141,137,148,144,109,
138,146,142,117,
144,148,137,141,130,134,149,147,
142,138,
133,143,145,126,
147,149,134,
146,
148,137,130,141,144,
143,121,
148,144,140,136,
146,142,
128,127,

147,149,134,
143,
145,143,
135,
132,146,131,
148,144,141,
145,143,133,


149,147,

146,
146,
145,143,
149,147,

140,










149,


Past links sets, 








2,
0,



3,
1,
0,1,
0,1,
5,6,7,
10,
12,
2,4,
13,
5,6,
3,
0,11,12,
3,10,
11,19,
9,

4,8,
1,3,18,
14,18,
13,25,
1,18,25,
29,
9,24,26,
20,26,
4,7,8,
4,8,7,6,5,
34,
8,36,
21,23,28,
0,31,
9,14,15,16,
4,8,7,6,5,
2,17,
8,17,
9,14,15,16,
8,20,26,
15,11,16,27,
9,14,15,16,
21,25,
4,8,17,
16,27,15,35,
4,8,17,
11,27,43,
1,27,20,35,
18,32,1,51,
10,41,
39,48,
47,50,55,
13,15,42,33,30,16,
23,28,
43,24,49,
15,42,33,30,16,
12,20,44,17,39,38,37,
15,40,16,56,
30,23,33,57,
13,62,
61,9,64,
56,53,63,
35,40,59,
70,
40,49,53,56,
23,57,33,31,30,
32,50,69,
13,27,64,50,47,43,
35,37,59,44,40,38,
57,61,
8,36,72,

20,60,53,63,
21,68,
32,50,51,69,
24,30,60,49,42,33,
78,83,
57,58,
59,66,73,
31,58,67,
55,75,51,76,
41,82,
15,74,67,42,58,
68,58,18,51,32,
49,71,77,66,53,
30,81,56,42,33,
77,16,71,56,54,65,
39,47,48,79,73,66,55,
67,31,86,
17,93,
28,80,
84,76,20,53,75,63,
58,83,74,78,67,
60,74,85,89,67,
67,68,86,
61,94,84,76,70,
59,60,96,
40,79,84,94,
23,99,
85,101,
107,
85,91,101,
6,96,71,87,37,
80,
11,58,67,75,76,85,74,
21,68,80,
46,98,73,95,52,
58,25,90,
43,108,75,91,47,
21,72,100,104,
92,97,88,103,

14,87,45,115,
96,54,98,87,65,
61,103,88,97,91,
4,102,84,63,53,
10,80,90,
98,105,81,111,
106,118,
106,73,118,

41,82,109,114,
100,124,
70,100,94,124,
18,65,126,
109,62,112,120,
92,78,83,123,
14,92,103,116,
90,109,114,
47,68,110,88,75,108,97,

80,136,
109,114,125,
62,117,97,110,88,
121,42,122,133,
18,51,116,125,114,32,109,
52,133,122,95,94,
113,131,117,132,
129,134,
1,116,92,125,114,109,
13,147,
Future links sets, 
42,9,24,15,16,
57,56,33,14,15,30,148,16,
45,20,8,
30,25,23,13,
124,54,52,44,20,29,37,38,
44,38,22,17,
111,17,38,22,44,
44,38,37,17,
54,52,79,46,44,48,37,38,29,40,
50,27,69,47,35,43,
125,25,58,18,
113,24,49,26,55,
65,24,19,
149,61,76,21,32,68,
136,121,31,43,47,50,
66,64,53,43,91,47,49,61,50,
95,66,64,53,43,47,49,61,50,
45,46,52,98,65,54,
144,133,92,30,31,33,57,
26,
36,100,56,81,48,65,
118,41,51,82,114,

62,67,107,41,74,
84,63,35,
116,51,33,32,
48,36,35,
76,49,53,55,56,
99,62,41,
34,
84,94,61,64,74,67,
88,74,97,42,
144,57,92,75,83,
84,94,61,64,74,67,
39,
77,71,56,53,
79,40,
111,77,65,
77,65,
96,65,59,
71,106,73,66,77,
130,90,58,
143,94,61,91,64,84,
117,76,63,55,
77,65,
121,
115,
138,60,76,96,117,
96,59,
84,93,73,63,
83,76,75,60,
57,92,83,144,89,
145,115,
124,100,73,93,70,81,
122,95,
96,89,60,
66,70,95,73,94,
86,78,74,67,
116,101,86,113,91,88,92,
105,87,77,71,
105,102,84,81,
123,78,104,69,
142,134,68,
124,81,100,70,
76,69,
133,122,95,
96,93,87,
103,88,113,102,91,101,97,
138,82,92,103,114,
83,75,
104,132,72,
111,95,93,
118,79,
128,115,96,87,
113,102,101,91,
138,89,100,113,117,
113,100,104,89,
95,93,
101,135,85,
106,96,
140,99,112,114,125,
126,94,
130,90,
101,135,85,
106,124,104,100,
110,113,108,102,
103,97,
122,121,111,
142,138,123,119,
102,
137,125,116,
123,117,110,
148,136,135,119,
98,
145,132,106,104,
145,115,
122,111,105,
142,138,123,119,
126,122,115,
107,
132,131,118,
110,108,
124,
136,123,119,
118,
126,
128,127,
109,
138,117,
144,134,148,137,130,141,
142,138,
126,
134,
146,
148,137,130,141,144,
121,
148,144,136,
146,142,
128,127,

134,
143,
145,143,
135,
132,131,
148,144,141,
133,


147,

146,
146,
145,143,
147,

140,










149,


Coordinates,
0.00476886,1.27007,
0.00781804,1.46747,
0.0156563,0.701162,
0.0395049,1.91872,
0.0619443,0.722069,
0.133312,0.273498,
0.146804,0.285464,
0.148201,0.296908,
0.171297,0.582245,
0.194011,1.13522,
0.203724,1.65511,
0.250275,0.938069,
0.257905,0.846993,
0.270313,1.81651,
0.28078,1.36232,
0.289708,1.22238,
0.313272,1.18489,
0.35592,0.201509,
0.360245,1.50773,
0.38063,0.759282,
0.407713,0.67954,
0.41653,1.76865,
0.416937,0.0229506,
0.439835,1.89569,
0.442415,0.841369,
0.447416,1.54936,
0.448757,0.747409,
0.448977,0.955169,
0.490325,1.9236,
0.504548,0.480339,
0.573905,1.38491,
0.590173,1.31677,
0.600109,1.5225,
0.600148,1.404,
0.612345,0.414867,
0.621437,0.746662,
0.633685,0.600535,
0.6597,0.286326,
0.67209,0.248417,
0.672716,0.402085,
0.678838,0.561356,
0.680884,1.75752,
0.681637,1.23329,
0.685052,0.990866,
0.690563,0.251049,
0.692867,0.0509977,
0.699734,0.0831374,
0.707041,1.02314,
0.70787,0.488614,
0.719408,0.852272,
0.726342,1.08385,
0.734422,1.53022,
0.736947,0.0975166,
0.790877,0.731075,
0.79189,0.108757,
0.799578,0.928643,
0.829639,0.663728,
0.884794,1.42215,
0.899104,1.55768,
0.904364,0.329411,
0.905911,0.914335,
0.908548,1.18389,
0.920225,1.86711,
0.923594,0.761008,
0.933126,1.13592,
0.98402,0.138036,
0.987748,0.525391,
0.999205,1.37509,
1.02785,1.80337,
1.03072,1.0858,
1.0573,0.635328,
1.07488,0.307199,
1.08491,0.609958,
1.09101,0.530153,
1.09335,1.27234,
1.09934,1.02711,
1.14126,0.948239,
1.14392,0.237795,
1.14492,1.16522,
1.15235,0.568563,
1.16749,1.97876,
1.17068,0.666118,
1.18865,1.76239,
1.19546,1.08345,
1.21105,0.827878,
1.25012,1.06209,
1.30296,1.41309,
1.31388,0.319971,
1.32312,1.30316,
1.34286,0.921804,
1.34952,1.70619,
1.35611,1.21219,
1.35731,1.48981,
1.3577,0.231047,
1.38471,0.647357,
1.40477,0.0996419,
1.4048,0.333644,
1.4349,1.31503,
1.4482,0.168218,
1.45199,1.92155,
1.4525,0.679304,
1.45913,1.07178,
1.46962,0.91133,
1.47008,1.36673,
1.47859,0.62392,
1.50317,0.326107,
1.50995,0.555451,
1.52193,1.8879,
1.52524,1.03023,
1.52878,1.88243,
1.53145,1.06159,
1.53459,0.275103,
1.53648,1.96404,
1.54408,0.930106,
1.55493,1.76733,
1.55874,0.0712758,
1.57699,1.53284,
1.58095,0.988587,
1.58359,0.607312,
1.5889,1.28215,
1.59606,1.98302,
1.63755,0.0373296,
1.65373,0.105285,
1.66279,1.17537,
1.67084,0.71487,
1.67625,1.62145,
1.68215,0.165646,
1.6831,0.54977,
1.7053,0.526722,
1.72687,1.98345,
1.73386,1.74083,
1.74413,0.667179,
1.75071,0.635018,
1.76331,0.113712,
1.77091,1.83105,
1.77555,1.07586,
1.77956,1.34667,
1.81463,1.65587,
1.82797,1.00776,
1.83068,1.99457,
1.84629,1.33513,
1.84854,1.60657,
1.85719,0.971262,
1.90888,0.0333669,
1.94448,1.4932,
1.9503,0.0868876,
1.95254,0.634488,
1.95839,1.82034,
1.96361,1.4596,
1.97926,1.81331,
