Storage option,sets
Size,200
Dimension,2
Shape,cube
Spacetime,BlackHole
Past sets, 



1,2,


1,2,



2,
6,1,2,3,


3,5,1,10,2,7,6,

13,
12,13,16,
2,4,9,8,7,5,
12,
16,13,12,17,
4,9,8,7,5,
13,15,
8,4,9,
12,
12,24,
11,6,10,1,3,18,7,2,4,9,8,5,14,

13,12,19,
13,12,19,24,
16,13,19,12,17,
3,1,18,7,2,4,9,8,5,10,6,

15,20,13,16,12,19,17,
10,2,18,7,21,4,9,8,5,
6,10,2,1,18,7,21,4,9,8,5,
17,19,12,16,13,20,15,33,
32,
15,27,
14,21,18,5,3,1,7,31,2,4,9,8,10,6,
17,12,16,22,13,15,20,
2,16,17,5,7,28,24,19,12,29,13,25,8,23,4,21,9,
13,15,16,38,27,22,
27,32,37,

15,27,32,37,
12,17,13,15,16,38,27,22,
22,17,19,30,12,16,36,13,20,15,33,
30,33,19,40,17,12,16,22,15,20,13,36,
20,15,13,22,16,12,17,40,
19,20,15,13,22,16,12,17,40,
37,32,27,15,45,
9,4,8,23,25,5,28,24,29,33,15,20,13,16,12,19,7,30,17,
14,23,24,12,25,3,9,35,6,10,31,2,1,18,34,5,7,21,8,4,
12,22,27,38,16,15,13,42,
3,31,34,18,1,10,6,35,41,2,21,16,17,5,24,7,28,9,19,12,29,13,25,8,23,4,
30,20,15,33,41,2,21,16,17,5,24,7,28,9,19,12,29,13,25,8,23,4,
22,29,9,4,8,23,25,52,5,28,24,33,15,20,13,36,16,12,19,7,30,17,
44,
56,30,20,15,33,4,41,12,2,21,16,17,5,24,7,28,9,19,29,13,25,8,23,18,
47,36,33,30,40,17,12,16,22,13,15,20,19,50,49,48,
22,36,21,2,29,9,4,8,23,25,52,5,28,24,33,15,20,13,16,12,19,7,30,17,41,
38,43,51,37,27,32,15,45,
5,7,9,4,8,23,25,28,24,29,48,30,13,47,33,16,19,36,40,17,12,22,15,20,
48,19,20,15,13,16,50,12,40,49,30,33,17,36,47,22,60,
27,38,22,47,36,17,33,30,49,40,12,50,16,13,15,20,60,19,48,46,
34,1,10,6,59,30,56,20,15,33,4,41,12,2,21,16,17,5,24,7,28,9,19,29,13,25,8,23,18,35,
45,15,37,32,43,27,38,51,62,
13,22,38,43,51,37,27,32,15,45,
12,22,38,16,13,42,43,51,37,27,32,15,45,
33,40,17,12,16,22,13,36,15,38,20,19,42,50,27,49,46,
11,15,20,30,39,14,55,3,31,2,34,5,18,1,10,6,35,41,12,21,16,17,24,53,7,28,9,19,29,13,25,8,23,4,

44,58,
45,15,37,32,43,27,38,51,62,
32,44,58,
37,27,44,32,43,
18,56,57,41,52,21,5,7,36,9,63,4,33,8,23,25,28,24,29,48,19,30,13,47,16,40,17,12,22,15,20,2,61,
44,45,15,37,32,43,27,38,51,62,
2,21,52,5,7,36,9,63,4,33,8,23,25,28,57,24,29,48,19,30,13,47,16,40,17,12,22,15,20,
37,73,75,32,44,58,
33,36,32,37,46,50,27,42,19,13,15,38,16,22,12,54,20,17,40,49,
3,57,52,36,22,66,29,34,1,10,6,59,30,56,19,20,15,33,4,41,12,2,21,16,17,5,24,61,7,28,9,13,25,8,23,18,35,
3,57,52,61,22,40,36,47,48,66,29,34,1,10,6,59,30,56,19,20,15,33,4,41,12,2,21,16,17,5,24,7,28,9,13,25,8,23,18,35,63,
45,51,58,76,37,27,44,15,32,43,
1,6,10,34,77,40,18,56,19,57,20,41,4,52,15,21,5,7,36,9,63,33,8,23,25,28,24,61,29,48,30,13,47,16,17,12,22,59,2,
20,46,17,54,62,67,12,22,38,16,13,42,43,51,68,37,27,69,32,15,45,
8,9,25,28,24,29,32,54,49,46,27,42,20,19,60,38,15,22,16,50,12,36,17,40,33,13,70,65,47,30,48,64,
28,32,37,54,49,46,27,42,20,19,60,38,15,22,16,50,12,36,17,40,33,13,70,65,47,30,48,64,
15,45,43,80,58,37,27,73,75,32,76,44,
24,28,32,37,54,49,46,27,42,20,19,60,38,15,22,16,50,12,36,17,40,33,13,70,65,47,30,48,64,
67,45,16,62,51,22,38,27,43,37,74,15,44,32,78,69,12,13,42,68,
72,44,58,73,
9,25,28,24,29,32,54,49,46,27,42,20,19,60,38,15,22,16,50,12,36,17,40,33,13,70,65,47,30,48,64,
42,13,68,78,16,74,45,32,44,15,37,76,43,27,67,38,22,51,62,
2,21,42,52,57,29,24,28,25,23,8,4,9,7,5,64,17,46,48,60,13,20,16,63,12,49,30,33,40,36,47,22,15,38,50,27,19,65,
40,49,86,17,43,46,54,16,20,67,12,69,22,68,45,38,62,15,13,42,51,37,74,27,32,
72,
68,45,51,43,81,12,33,36,13,32,37,46,50,27,42,19,62,15,38,16,69,22,54,20,17,40,49,
73,58,44,72,92,
80,58,37,27,73,75,32,43,44,72,
13,75,62,67,38,84,74,45,58,32,22,51,76,37,27,73,44,15,43,78,
54,45,68,67,91,44,16,51,38,62,15,74,27,43,37,32,78,22,69,12,13,42,76,
4,8,87,37,93,19,9,46,25,28,65,24,29,32,54,17,49,12,27,64,42,20,60,38,15,22,16,90,50,13,36,40,33,70,47,30,48,
64,48,60,30,47,70,49,40,17,20,54,22,69,16,38,15,19,42,27,50,46,37,32,13,36,33,12,81,43,51,45,65,
47,30,48,67,70,98,69,40,68,45,16,51,43,22,81,12,33,62,36,13,42,32,37,46,17,50,27,19,15,38,54,20,49,
4,8,87,37,93,19,88,9,46,25,28,65,24,29,32,54,17,49,12,27,64,42,20,60,38,15,22,16,90,50,13,36,40,33,70,47,30,48,
45,100,80,58,32,37,76,27,75,15,73,44,43,72,
16,68,42,101,32,78,13,75,67,44,38,62,15,51,45,22,58,76,84,37,74,27,73,43,94,
51,89,15,32,45,43,80,58,38,75,37,27,44,73,76,84,
62,51,89,15,45,80,58,38,76,75,109,27,43,84,44,32,73,37,78,
92,100,80,58,32,37,27,99,75,73,44,43,72,
58,84,44,54,45,16,15,74,68,67,38,62,51,22,27,102,43,37,91,32,78,69,12,13,42,17,76,94,
58,44,97,72,73,
24,28,104,30,64,27,48,60,47,70,33,49,12,40,17,54,20,22,69,32,16,38,15,19,42,50,13,46,37,36,81,43,51,88,45,65,
40,49,54,17,46,45,68,20,67,91,44,16,51,38,62,15,74,27,43,37,32,78,22,69,12,13,42,86,
30,44,70,67,98,69,40,68,45,16,51,43,22,81,12,33,62,36,13,42,32,96,37,46,17,50,86,27,19,74,15,38,54,20,49,
32,37,80,99,73,75,92,58,27,44,72,
72,97,
33,50,58,96,76,115,22,40,102,49,54,17,46,15,45,68,37,20,51,67,91,44,13,16,78,38,69,62,74,43,12,94,27,32,42,19,86,
32,99,113,92,58,44,72,97,73,
40,46,20,58,22,44,13,54,112,45,76,16,78,15,74,43,12,68,37,67,38,69,62,51,102,91,32,27,94,42,84,17,86,
80,89,12,69,108,45,68,13,42,101,43,78,16,75,67,38,44,74,15,73,62,32,91,51,22,58,76,84,37,27,94,
89,15,76,45,92,58,75,100,32,43,80,111,37,27,44,99,73,107,72,
97,72,118,
67,99,72,100,110,51,89,43,38,107,92,45,80,58,76,75,62,15,109,74,27,73,44,32,78,84,37,
51,84,89,15,76,45,92,58,75,100,32,43,80,111,37,27,44,99,73,107,72,
72,44,73,27,37,111,32,100,75,58,92,45,99,76,43,89,107,15,84,51,80,126,
72,
97,72,128,
60,76,102,48,47,105,78,42,30,67,44,81,70,33,69,32,40,68,45,16,51,43,22,91,12,86,49,62,115,36,13,50,116,37,74,46,96,17,54,27,98,19,94,15,38,20,
75,37,80,32,99,44,113,58,92,118,72,120,97,27,73,
117,97,113,100,89,43,15,107,123,76,99,45,92,58,75,32,80,111,37,27,44,72,73,120,
90,78,91,20,38,15,19,98,27,54,17,96,46,74,37,116,50,13,36,62,49,86,12,22,43,51,16,45,68,40,32,69,33,70,81,44,67,30,42,114,24,28,104,64,48,60,47,88,65,105,
73,58,92,44,113,99,118,72,32,124,97,120,
46,20,86,72,100,109,110,17,102,54,80,122,43,89,69,32,108,45,68,13,42,27,78,16,75,38,112,67,44,74,37,73,62,12,91,51,101,22,58,76,84,15,94,
22,101,123,78,109,62,38,68,127,13,72,43,44,73,74,15,27,37,111,32,100,75,117,58,92,45,99,76,89,107,84,110,51,80,67,126,125,
64,65,58,130,60,76,102,49,48,47,105,78,42,30,67,44,81,70,17,33,86,69,16,32,40,68,15,45,98,51,43,96,22,91,38,12,62,115,36,13,119,50,116,37,74,46,54,27,19,94,20,
109,110,19,49,115,96,50,33,94,15,121,42,84,76,58,22,101,51,91,12,62,73,37,74,44,67,38,75,16,78,27,13,68,45,108,32,69,89,43,122,80,40,119,46,20,54,112,102,17,86,
32,73,124,58,92,75,113,99,44,118,72,134,97,120,
45,97,113,100,89,43,72,15,44,132,73,107,123,76,99,92,117,58,75,32,80,51,111,37,27,120,
120,97,72,118,44,99,113,75,92,58,124,73,134,32,139,
17,102,54,112,94,22,91,16,101,42,13,68,108,69,12,125,126,67,80,51,110,84,107,89,76,99,45,92,58,75,100,32,111,37,27,15,74,73,44,43,72,127,38,62,109,78,122,
62,78,109,38,97,113,120,127,72,43,44,73,15,27,37,111,32,100,75,117,58,92,45,99,76,89,107,84,51,80,126,123,
12,69,94,22,13,101,42,68,16,125,126,67,80,51,110,84,107,89,76,99,45,92,58,117,75,100,32,111,37,27,15,74,73,44,43,72,127,38,62,109,78,123,108,
44,58,124,118,129,97,72,128,
73,58,128,97,129,72,118,124,44,113,
46,20,86,17,102,54,94,22,91,16,101,42,68,108,69,122,78,74,12,109,62,38,13,110,67,72,44,73,27,37,84,111,32,126,100,75,58,92,45,99,76,43,89,107,112,15,51,80,125,
80,89,73,75,101,108,119,84,112,58,130,60,76,102,49,48,47,105,78,42,30,67,44,81,70,17,33,86,69,16,32,40,68,15,45,98,51,43,96,22,91,38,121,12,62,115,36,13,50,116,37,74,46,54,27,19,94,20,
17,54,102,97,91,122,144,69,22,94,107,101,42,89,136,68,113,16,13,110,125,78,126,32,67,80,127,51,84,37,76,123,99,45,92,58,117,75,100,111,27,74,15,62,12,109,73,44,43,72,38,108,
70,36,81,98,72,138,32,109,110,19,49,102,115,62,96,43,50,33,86,94,15,68,42,84,76,58,22,75,101,51,91,38,121,12,73,20,37,74,44,67,16,69,78,27,80,122,13,119,45,108,89,40,46,54,112,17,100,
44,58,124,118,129,97,72,128,
36,92,107,99,100,72,138,32,109,110,19,49,102,115,62,96,43,50,33,86,94,15,68,42,84,76,58,22,75,101,51,91,38,121,12,73,20,37,74,44,67,125,16,69,78,27,80,122,13,119,45,108,89,40,46,54,112,17,135,
20,46,112,76,54,113,102,43,97,38,91,32,122,17,144,69,149,22,94,107,101,42,89,136,68,127,16,75,13,72,110,51,125,78,126,67,80,84,37,123,99,45,92,58,117,100,111,27,74,62,12,109,73,44,108,15,142,
145,73,129,113,44,58,124,146,97,118,72,151,128,
76,43,100,111,27,37,113,44,73,118,124,131,72,129,141,128,99,97,117,58,146,120,92,75,134,32,80,139,
123,135,119,40,50,96,115,49,19,138,127,94,46,99,20,73,86,126,17,102,54,107,22,75,91,147,38,69,101,42,68,15,108,78,74,121,12,109,62,122,13,110,67,72,16,125,44,27,80,37,84,111,58,32,100,92,45,76,43,89,33,142,112,51,
15,76,43,100,139,134,97,58,92,129,75,113,99,44,118,72,120,73,45,124,141,131,37,32,111,80,117,27,128,
123,135,119,40,50,96,115,49,19,138,127,94,46,99,20,73,86,126,17,102,54,107,22,75,91,147,38,69,101,42,68,15,108,78,74,121,12,109,62,122,13,110,67,72,16,125,44,27,80,37,84,111,58,32,100,92,45,76,43,89,33,142,112,51,
120,153,94,20,46,112,76,54,113,102,43,97,38,91,32,122,17,144,69,149,22,107,101,42,89,136,68,127,16,75,13,72,110,51,125,78,126,67,80,84,37,123,99,45,92,58,117,100,111,27,74,62,12,109,73,44,108,15,142,
43,100,111,37,27,145,117,58,113,44,73,118,124,131,72,129,128,99,97,146,141,120,92,75,134,32,80,139,
36,136,117,144,158,91,123,135,68,119,40,107,50,96,115,49,86,138,127,94,27,46,99,32,20,73,126,17,84,102,54,121,22,89,19,156,75,142,147,13,80,38,69,101,42,109,15,108,78,74,12,62,122,110,43,67,72,16,125,58,44,111,37,100,33,92,45,112,76,51,
145,146,155,157,15,76,45,43,100,131,134,139,72,97,128,58,120,27,92,129,75,113,37,118,73,124,141,99,32,44,111,80,117,
118,132,120,153,94,20,46,112,76,54,113,102,43,97,38,91,32,122,17,144,69,149,22,107,101,42,89,136,68,127,143,16,75,140,13,72,110,51,125,78,126,67,80,84,37,123,99,45,92,58,117,100,111,27,74,62,12,109,73,44,108,15,142,
46,118,131,132,112,120,76,54,113,102,43,97,38,91,32,122,17,144,69,149,22,94,107,101,42,89,136,68,127,75,140,13,72,110,51,125,78,126,67,80,84,16,143,37,123,99,45,92,58,117,100,111,27,74,142,15,62,12,109,73,44,108,
16,42,128,129,131,125,67,110,74,68,101,22,136,132,140,139,134,118,143,99,78,109,72,75,97,113,76,120,127,43,38,117,80,73,15,89,126,27,37,32,111,100,58,13,92,124,45,107,84,51,44,123,62,141,
131,163,118,51,132,120,94,27,20,46,113,112,45,76,143,54,102,43,110,97,38,91,32,99,122,17,84,144,69,136,15,89,107,101,42,109,68,127,153,16,75,142,140,73,13,80,72,125,58,78,126,67,37,123,92,22,159,117,100,111,44,74,62,149,12,108,
17,54,102,91,122,131,136,132,118,120,97,144,69,22,94,107,101,139,42,89,68,113,16,13,110,125,78,126,32,67,80,127,51,84,134,37,76,123,99,45,92,58,117,75,100,111,124,27,74,15,62,12,109,73,141,44,140,43,72,38,108,143,
124,20,97,46,113,118,51,131,132,112,45,120,76,143,54,102,43,110,38,91,32,99,122,17,84,144,69,136,15,159,22,89,94,164,27,107,101,42,109,68,127,75,142,140,73,13,80,72,125,58,78,126,67,153,16,37,123,92,117,100,111,44,74,62,149,12,108,163,
13,74,110,67,125,132,117,80,111,44,32,99,141,124,73,140,118,51,37,113,75,129,62,92,27,120,58,128,97,72,139,134,131,100,43,45,76,143,15,157,155,146,145,78,109,38,127,89,107,84,126,123,
20,142,112,46,167,100,17,84,54,102,91,122,131,136,69,132,118,51,120,97,144,22,89,94,164,27,107,101,139,72,42,109,68,113,16,13,80,110,43,125,58,78,126,32,99,67,134,127,37,76,143,123,45,92,117,75,111,44,124,74,141,15,62,149,12,73,140,38,108,
51,107,89,132,162,145,146,151,72,118,123,44,157,120,15,155,76,113,43,80,117,100,131,134,97,139,128,58,27,92,129,154,75,37,73,45,124,141,99,111,32,160,
132,140,143,152,149,97,113,153,120,15,36,109,136,117,44,144,158,161,12,91,123,50,135,62,68,119,46,40,107,96,115,42,49,122,86,13,159,138,127,54,94,27,100,99,32,20,73,126,17,84,102,121,22,89,16,19,92,156,75,142,69,147,74,80,38,111,101,108,78,110,37,43,67,72,125,58,33,45,112,76,51,
126,84,127,171,51,145,107,154,89,132,162,146,99,151,72,118,123,76,157,120,73,15,113,160,80,117,100,131,37,134,97,139,92,45,128,155,58,124,27,75,44,141,111,129,32,43,140,
69,94,108,160,162,136,22,101,68,42,169,110,51,72,131,74,15,67,126,125,132,73,117,58,80,12,139,111,44,32,99,141,124,13,140,118,37,155,113,75,134,129,62,92,27,145,120,128,97,100,43,45,76,16,143,84,157,146,78,109,127,89,107,123,38,165,
22,101,126,84,127,38,109,78,143,62,125,67,110,13,74,171,51,145,107,154,89,132,162,146,99,151,118,123,76,157,120,73,15,113,160,140,43,80,117,100,131,37,134,97,139,92,45,128,155,58,124,27,75,72,169,44,141,111,129,32,
135,119,40,121,33,50,96,115,49,138,134,139,86,147,19,168,97,124,20,91,46,117,113,42,118,51,122,131,132,112,45,120,76,143,72,54,125,102,43,110,38,109,32,99,159,84,13,144,73,69,140,136,22,15,164,89,94,27,107,101,68,127,75,142,80,58,78,149,126,67,153,16,37,108,123,92,163,100,111,44,74,62,12,17,166,
176,135,46,119,40,121,32,33,122,50,139,96,115,49,138,134,45,86,147,58,19,108,168,97,124,20,109,91,117,113,42,131,118,51,140,132,43,112,120,76,143,54,72,125,102,13,110,38,127,99,159,84,144,73,69,158,136,22,111,15,164,75,89,94,27,107,101,12,68,142,80,78,149,126,37,67,153,16,123,92,163,74,100,44,62,17,166,
51,107,89,132,162,145,146,151,72,118,123,44,157,120,15,155,76,113,43,80,117,100,131,134,97,139,128,58,27,92,129,154,75,37,73,45,124,141,99,111,32,160,
145,86,147,146,155,157,129,128,163,153,159,168,170,99,20,91,142,112,46,117,167,100,166,17,84,13,54,125,102,122,51,131,136,69,140,132,118,120,97,144,73,22,89,94,27,107,101,139,68,72,143,42,113,109,38,165,16,80,110,43,58,78,149,126,32,67,134,127,37,108,76,123,45,92,75,111,44,124,74,141,164,15,62,12,
160,163,153,159,168,145,146,155,157,128,129,170,99,169,20,91,142,112,46,117,167,100,17,84,162,13,54,125,102,122,51,131,136,69,140,132,118,120,97,144,73,22,89,94,27,107,101,139,68,72,143,42,113,109,38,165,16,80,110,43,58,78,149,126,32,67,134,127,37,108,76,123,45,92,75,111,44,124,74,141,164,15,62,12,
94,108,136,68,42,16,165,22,89,101,126,84,151,127,175,38,109,78,145,143,76,62,129,125,58,67,134,110,43,13,80,74,141,171,37,51,118,107,154,132,162,146,99,123,157,120,73,140,15,113,160,117,100,131,97,139,72,92,45,128,155,124,27,75,32,169,44,111,173,
54,102,91,122,144,173,165,16,12,42,68,136,108,94,69,22,89,101,126,84,151,127,175,38,109,78,145,143,76,62,129,125,58,67,134,110,43,13,80,74,141,171,51,118,107,37,174,17,154,132,162,146,99,123,157,120,73,140,15,113,160,117,100,131,97,139,72,92,45,128,155,124,27,75,32,169,44,111,
94,108,136,68,42,16,165,22,89,101,126,84,151,127,175,38,109,78,145,143,76,62,129,125,58,67,134,110,43,13,80,74,141,171,37,51,118,107,154,132,162,146,99,123,157,120,73,140,15,113,160,117,100,131,97,139,72,92,45,128,155,124,27,75,32,169,44,111,173,
22,38,109,78,143,62,125,67,110,74,13,173,76,32,129,111,141,44,124,27,75,58,155,128,45,92,139,97,134,37,100,117,80,43,140,160,113,15,73,120,157,123,118,72,169,151,99,146,162,132,89,154,107,145,51,131,178,126,84,127,171,
62,78,38,109,171,127,84,126,178,131,51,145,107,154,89,132,162,146,99,151,72,118,123,157,120,73,15,113,160,140,43,80,117,100,37,134,97,139,92,45,128,155,58,75,27,124,44,141,111,129,32,76,173,
101,184,117,22,89,109,78,145,143,76,62,129,125,58,67,134,110,43,74,141,13,80,173,99,111,44,178,124,27,75,155,128,45,92,139,72,97,37,171,100,140,73,160,113,15,120,157,123,118,51,32,169,151,84,146,162,132,154,107,131,126,127,38,175,
164,149,167,46,112,142,20,170,168,159,153,163,16,99,54,102,91,174,122,144,173,165,12,42,125,68,151,136,108,94,69,22,89,101,126,43,84,127,44,175,92,38,109,78,145,62,143,76,129,58,141,67,134,51,110,27,180,13,80,74,157,171,118,107,37,120,17,100,154,132,162,146,123,73,140,182,15,181,113,160,117,131,97,139,72,155,45,128,124,75,32,169,111,
153,163,149,164,167,46,112,142,20,170,16,99,54,102,91,174,122,144,173,165,12,42,125,68,151,136,108,94,69,22,89,101,126,43,84,127,44,175,92,38,109,78,145,62,143,76,129,58,141,67,134,51,110,27,13,80,74,157,171,118,107,37,120,17,100,154,132,162,146,123,73,140,182,15,181,113,160,117,131,97,139,72,155,45,128,124,75,32,169,111,
101,175,169,74,110,67,125,143,22,126,62,78,38,97,109,127,84,131,72,178,51,145,107,27,154,89,132,73,162,171,44,146,99,151,92,118,123,157,120,15,113,160,13,140,43,80,139,117,185,58,100,37,155,134,75,45,128,124,141,111,129,32,76,173,184,
86,147,166,183,180,159,168,188,91,153,163,149,164,67,167,46,143,112,15,142,45,20,117,170,73,16,113,99,54,151,102,174,122,144,173,76,165,68,12,109,42,139,125,136,108,94,69,22,89,101,126,43,140,84,181,127,44,141,175,78,92,38,145,62,129,32,58,155,134,37,51,110,13,27,124,80,74,171,157,118,107,120,17,100,154,132,162,146,123,182,160,131,97,72,169,128,75,111,187,
94,108,136,68,42,16,165,186,189,101,74,141,110,43,67,134,125,58,143,76,22,89,126,62,129,78,145,175,38,97,109,127,84,151,131,72,139,178,44,111,51,118,185,107,27,154,132,73,140,162,171,37,146,99,169,32,92,123,157,120,15,113,160,13,80,117,184,100,155,75,45,128,124,173,
144,12,69,174,181,165,16,42,68,136,108,94,173,124,128,45,75,155,100,184,117,80,13,160,113,15,120,157,123,92,32,169,99,146,37,171,162,140,73,132,154,27,107,185,118,51,111,44,178,139,72,131,151,84,127,109,97,38,175,145,78,129,62,126,89,22,76,143,58,125,134,67,43,110,141,74,101,189,186,183,
91,192,109,144,12,178,69,174,181,15,165,99,42,125,68,151,136,108,191,94,173,124,128,45,75,155,72,100,16,183,184,101,117,80,13,160,113,120,37,157,74,123,92,175,32,169,146,171,162,140,73,132,154,27,110,107,185,118,51,134,111,44,127,139,131,84,97,38,145,62,78,129,126,43,89,76,143,58,141,67,22,189,186,
20,142,149,112,46,164,167,17,122,102,54,193,15,91,109,144,101,178,89,69,174,181,92,165,76,99,42,131,125,68,157,151,62,136,108,12,191,192,13,94,183,173,84,124,128,45,134,75,155,72,100,189,16,184,117,80,169,160,113,120,37,126,74,123,175,32,146,171,162,73,140,51,132,43,154,27,110,107,185,118,111,22,44,127,38,139,97,186,145,78,129,143,58,141,67,182,
191,94,15,173,108,136,68,42,165,186,107,110,101,189,22,74,141,62,43,67,146,134,125,58,143,76,155,89,126,129,78,157,145,175,38,117,97,109,127,84,151,72,131,139,178,99,44,123,111,32,51,118,185,27,154,75,132,73,140,162,171,92,13,37,169,120,113,160,80,184,100,45,124,128,16,183,
192,109,144,12,178,69,174,181,15,165,99,42,125,68,151,136,108,191,94,173,124,128,45,75,155,72,100,16,183,184,101,117,80,13,160,113,120,37,157,74,123,92,175,32,169,146,171,162,140,73,132,154,27,110,107,185,118,51,134,111,44,127,139,131,84,97,38,145,62,78,129,126,43,89,76,143,58,141,67,22,189,186,
194,91,20,123,142,149,46,112,164,167,17,120,122,102,54,157,193,15,118,109,144,101,178,75,89,192,69,174,181,78,92,165,62,76,99,42,145,131,125,22,68,171,151,136,108,12,191,13,94,183,80,173,84,124,128,45,134,155,72,175,100,189,16,184,117,169,160,113,37,140,126,74,32,146,43,162,73,51,154,132,27,110,107,185,111,44,127,38,141,139,97,186,129,143,58,67,170,182,
20,142,149,112,46,164,167,17,122,102,54,193,15,91,109,144,101,178,89,69,174,181,92,165,76,99,42,131,125,68,157,151,62,136,108,12,191,192,13,94,183,173,84,124,128,45,134,75,155,72,100,189,16,184,117,80,169,160,113,120,37,126,74,123,175,32,146,171,162,73,140,51,132,43,154,27,110,107,185,118,111,22,44,127,38,139,97,186,145,78,129,143,58,141,67,182,
20,142,149,112,46,164,167,122,102,54,182,91,193,17,196,107,109,144,101,178,89,69,174,181,92,15,165,76,99,42,131,125,68,157,151,62,136,108,12,191,192,13,94,183,173,84,124,128,45,134,75,155,72,100,189,184,117,80,169,160,113,120,37,126,74,123,175,32,146,171,162,73,140,51,132,43,154,27,110,185,118,111,22,44,127,38,139,97,186,145,78,129,143,58,141,67,16,195,
Future sets, 

85,66,3,83,31,14,82,53,55,26,39,71,35,6,11,
95,79,61,56,41,59,77,18,34,11,6,35,71,39,10,55,53,82,14,31,83,3,66,26,85,
82,55,83,14,26,71,11,39,53,31,
106,103,52,57,63,21,95,55,18,71,34,39,85,53,26,77,31,82,59,83,66,35,61,79,56,41,23,
63,57,52,41,56,79,95,18,53,39,85,71,26,61,14,83,66,59,35,82,77,31,55,34,21,
66,82,35,55,83,14,26,71,11,85,39,53,31,
63,57,52,41,56,79,95,18,53,39,85,71,26,61,14,83,66,59,35,82,77,31,55,34,21,
103,106,87,52,57,63,21,95,55,18,71,34,39,85,53,26,77,31,82,59,83,66,35,61,79,56,41,23,
93,103,106,87,52,57,63,21,95,55,18,71,34,39,85,53,26,77,31,82,59,83,66,35,61,79,56,41,23,
31,14,82,53,39,26,55,71,34,85,83,66,35,
71,26,
144,122,193,91,192,174,69,102,54,53,25,24,28,29,196,17,106,182,93,167,149,60,142,112,164,46,135,55,41,130,119,30,40,187,98,163,153,64,56,147,86,180,71,150,61,159,70,50,96,115,194,105,36,121,33,176,87,179,90,66,138,49,59,148,85,168,79,158,166,77,177,88,170,81,114,190,52,161,82,116,172,83,63,152,188,57,137,48,103,156,65,133,104,95,20,199,47,197,198,19,
169,29,28,68,136,101,186,189,175,184,16,102,69,54,163,181,174,65,192,83,91,193,122,144,94,108,191,82,195,86,183,165,56,196,87,17,106,182,93,167,149,40,60,142,33,112,164,55,46,135,41,150,130,198,119,30,187,98,153,64,147,180,71,61,170,159,50,70,179,96,115,194,85,105,36,121,176,90,199,66,138,49,158,59,168,148,79,188,166,57,77,177,88,197,81,190,114,52,161,116,172,63,152,137,48,103,156,47,133,104,95,20,42,22,
26,71,39,53,
71,84,173,127,126,171,89,178,140,51,132,123,107,157,162,45,62,110,143,185,78,67,169,125,74,109,38,36,52,56,59,66,22,184,81,175,189,86,186,83,101,136,33,68,61,164,82,57,47,150,42,50,153,177,98,116,70,197,94,172,69,156,176,49,152,96,199,115,77,180,106,138,79,182,85,188,161,114,119,60,163,187,65,168,192,133,104,103,63,166,190,87,148,137,90,193,88,191,158,64,167,105,93,196,130,48,95,198,121,40,165,183,195,108,144,122,91,194,174,181,54,170,159,142,112,149,46,179,135,147,102,
102,69,54,181,174,192,91,193,122,144,94,108,191,195,183,165,196,17,106,182,93,167,149,60,142,112,164,46,135,55,41,130,198,119,30,40,187,98,163,153,64,56,147,86,180,71,150,61,159,70,50,96,115,194,105,36,121,33,176,87,179,90,66,138,49,59,148,85,168,79,158,166,77,177,88,170,81,114,190,52,161,82,116,172,83,63,152,188,57,137,48,103,156,65,133,104,95,20,199,47,197,42,
182,167,149,142,112,164,46,55,41,198,119,40,20,187,163,153,135,56,147,86,180,71,150,159,50,96,115,194,36,121,33,176,179,70,66,138,59,85,168,49,158,79,105,87,166,177,98,170,61,114,190,81,52,161,82,116,172,93,63,188,57,83,137,48,103,77,156,130,60,65,133,104,148,95,199,90,47,106,30,197,88,64,152,
35,66,59,82,83,77,31,53,26,85,39,71,55,34,
172,152,158,161,70,150,81,98,50,177,36,138,119,176,33,130,64,48,47,148,104,65,60,137,105,116,52,61,90,83,85,56,114,55,59,88,156,29,77,106,66,95,71,82,41,79,63,87,28,103,133,93,57,30,
198,187,163,153,135,147,86,180,71,159,50,96,115,121,33,176,179,70,119,66,138,194,85,168,59,56,49,158,105,36,87,177,98,170,61,114,190,81,150,52,161,82,116,172,63,188,79,166,57,83,137,48,103,77,130,60,65,133,104,148,95,199,90,156,47,106,197,88,64,152,93,40,
95,61,77,79,56,41,34,39,85,83,53,59,82,71,66,55,35,
184,175,189,186,101,136,68,61,82,57,47,42,50,177,98,81,116,70,197,172,156,176,49,96,115,77,106,138,79,85,161,114,119,60,187,65,192,133,104,150,103,63,190,148,137,90,88,158,64,191,105,152,93,83,130,48,95,121,87,40,167,165,183,195,108,94,144,122,193,91,174,181,54,180,170,199,164,196,69,188,163,159,153,142,168,112,149,86,179,135,194,147,102,166,182,198,46,
63,79,57,41,53,82,71,55,95,66,77,59,56,85,83,61,52,
114,133,90,29,25,71,93,57,87,41,63,79,103,56,53,82,55,95,66,59,106,83,77,85,61,52,
93,103,87,63,79,57,41,53,82,71,55,95,66,106,77,59,56,85,83,61,52,

131,117,51,43,106,119,156,176,103,182,177,158,161,147,152,115,194,137,150,179,130,168,142,153,163,148,166,69,196,105,81,138,197,149,167,70,180,190,93,172,133,54,199,102,181,170,188,91,114,96,193,122,144,90,187,108,112,94,191,116,98,195,104,174,192,95,183,86,121,42,65,159,62,110,46,143,88,185,164,67,169,87,184,125,136,78,175,189,186,198,101,74,165,68,109,135,38,111,160,100,89,126,127,173,84,140,171,178,132,123,107,155,162,157,76,45,
93,133,103,87,63,79,57,41,82,71,55,95,66,106,77,88,59,114,56,85,83,90,61,52,
93,103,87,63,79,57,41,82,71,55,95,66,106,77,59,56,85,83,61,52,
66,59,56,82,61,116,57,52,105,83,79,137,85,114,60,65,133,104,103,63,148,90,77,47,106,48,88,64,93,71,130,95,87,
39,71,53,55,
134,120,93,87,139,141,37,150,103,90,106,88,81,194,117,131,80,193,51,164,43,156,111,160,100,89,192,109,126,127,173,84,197,187,74,140,171,68,181,178,132,123,107,155,162,157,76,189,179,114,104,69,182,172,62,175,165,98,177,110,86,199,143,185,78,191,67,180,170,138,169,184,105,125,196,176,136,94,96,186,115,91,101,121,174,102,183,112,195,116,144,108,158,45,152,137,148,119,198,190,133,167,163,161,135,130,147,188,75,153,122,149,168,142,166,159,
176,119,66,138,59,56,52,36,87,177,98,61,81,150,70,161,82,116,158,79,57,105,83,137,63,85,48,114,156,77,60,65,133,104,103,148,90,47,106,88,64,152,172,93,130,95,
85,83,53,82,71,66,55,
83,53,82,71,66,55,
161,172,98,81,150,70,61,82,116,57,105,83,79,137,85,114,60,65,133,104,103,63,148,90,77,47,106,48,88,64,152,93,130,95,87,
103,90,106,88,81,117,131,80,51,43,111,160,100,89,192,109,126,127,173,84,187,140,171,68,178,132,123,107,155,162,157,76,179,114,104,69,172,62,165,98,177,74,110,189,86,143,185,78,181,67,170,138,169,184,105,125,196,176,136,94,197,175,96,199,186,115,194,91,101,180,121,174,102,183,112,191,195,116,144,108,158,156,152,137,148,45,119,198,190,133,167,163,161,135,130,147,188,150,182,153,193,122,149,168,142,166,159,164,
109,68,74,101,186,189,175,136,125,184,169,67,78,185,143,110,62,65,42,121,165,86,95,174,183,104,195,116,191,112,108,187,94,144,122,193,114,91,170,192,181,102,54,133,172,93,180,70,149,197,138,199,81,164,105,196,69,148,188,163,159,153,142,168,90,130,190,179,150,137,135,194,115,152,96,147,88,167,161,166,87,158,98,177,182,103,176,156,198,119,106,46,
71,
121,87,95,130,93,152,64,88,90,148,63,103,104,133,65,60,119,114,85,137,79,138,83,105,106,77,48,115,49,176,156,158,161,172,96,70,116,150,81,98,177,50,
56,71,55,66,77,82,59,85,83,61,
165,95,183,195,191,108,94,144,122,193,91,192,174,181,54,172,180,121,70,197,138,170,199,81,164,105,187,196,69,188,163,104,159,153,142,168,112,149,90,86,130,148,114,116,190,179,150,137,135,194,93,152,133,96,147,88,161,102,166,87,158,98,177,182,103,115,176,156,198,119,106,167,
111,160,100,89,109,126,127,173,84,140,171,178,132,123,107,155,162,157,76,114,104,69,62,98,177,110,189,143,185,78,67,138,169,184,105,125,196,176,136,165,86,94,175,96,186,115,194,101,180,172,192,121,174,181,102,183,112,191,195,116,144,108,187,179,91,170,158,156,152,137,148,119,198,190,133,167,163,161,135,130,197,147,68,188,150,182,153,74,193,122,149,168,142,166,159,164,199,
116,133,91,115,78,94,130,102,58,155,151,145,137,119,112,121,84,181,73,170,162,146,154,113,108,197,100,101,198,190,99,196,188,134,141,139,120,80,177,169,159,131,117,107,111,186,89,160,157,178,168,156,148,127,194,126,193,140,171,92,189,173,76,132,199,110,123,122,109,176,185,163,150,138,191,125,192,172,75,175,136,142,195,184,152,147,144,158,183,167,179,182,135,174,143,149,153,161,187,164,165,180,166,
162,157,107,123,132,51,140,178,89,171,109,198,126,127,173,84,114,104,193,69,158,62,98,187,177,110,199,189,143,185,96,78,167,67,156,138,169,184,105,194,125,196,176,136,165,86,175,94,183,186,115,101,190,180,91,172,192,121,174,181,102,191,112,195,116,144,108,197,179,170,152,137,148,119,133,163,74,161,135,130,147,68,188,150,182,153,122,149,168,142,166,159,164,
170,199,194,198,81,150,105,164,130,197,70,188,65,88,147,114,103,148,90,137,106,93,152,95,116,87,104,163,133,98,86,179,135,172,138,190,96,161,121,180,158,177,115,176,156,119,153,159,187,166,168,
105,83,79,85,60,65,133,103,63,137,148,77,114,90,88,106,64,130,93,95,87,104,
105,83,79,85,60,65,133,103,63,137,148,77,114,90,88,106,64,130,93,95,87,104,
115,119,176,138,152,156,158,161,104,87,95,172,93,130,64,106,88,90,114,148,137,103,133,96,65,60,70,105,116,150,81,177,98,
152,158,156,119,172,98,81,150,116,105,70,60,176,65,133,177,103,137,148,114,90,88,106,138,64,130,93,95,161,87,104,
178,171,140,109,126,127,173,84,114,104,69,62,98,177,110,189,143,185,78,67,138,169,184,105,125,196,176,136,165,86,94,175,96,186,115,194,101,180,172,192,121,174,181,102,183,112,191,195,116,144,108,187,179,91,170,158,156,152,137,148,119,198,190,133,167,163,161,135,130,197,147,68,188,150,182,153,74,193,122,149,168,142,166,159,164,199,
57,79,95,83,61,77,82,85,
71,
180,197,170,199,164,187,188,163,159,153,142,168,112,149,86,104,130,148,114,116,190,105,179,150,137,135,93,172,133,96,81,147,138,161,166,87,121,158,98,177,182,103,194,115,152,176,102,156,198,119,106,167,88,90,
71,
59,85,82,66,83,77,
95,83,77,82,85,79,
151,145,137,119,112,121,84,73,162,146,154,113,108,197,101,190,99,188,134,141,139,120,80,169,159,131,117,196,107,111,186,160,157,155,89,178,168,156,148,127,194,126,193,140,171,92,181,173,132,199,110,123,122,189,100,109,198,176,185,177,163,150,138,191,125,192,172,175,136,142,195,184,152,147,144,158,183,167,179,182,135,174,143,149,170,153,161,187,164,75,165,180,166,
85,82,83,66,
130,65,103,148,90,88,114,137,106,64,93,95,87,133,104,
83,85,82,77,
98,110,143,185,78,67,138,169,184,125,196,105,176,136,165,94,175,189,186,115,101,172,192,121,174,181,183,112,195,144,191,108,179,91,158,156,152,137,148,119,190,177,133,96,167,163,116,187,161,135,130,197,147,188,150,182,86,153,193,122,102,149,194,168,142,166,159,164,199,170,180,198,74,
95,77,85,79,83,
88,103,137,114,106,95,87,133,90,93,104,
88,103,137,114,106,95,87,133,90,93,104,
83,82,
169,184,125,105,136,165,175,189,186,101,192,196,174,181,183,195,144,191,108,91,158,156,152,137,148,119,177,133,96,163,116,161,94,190,138,172,135,130,197,176,147,121,188,150,179,112,115,182,86,153,193,122,102,167,149,194,168,142,166,159,187,164,199,170,180,198,
165,136,105,98,192,196,174,181,183,195,144,191,108,91,158,156,152,137,148,119,177,133,96,163,116,161,94,190,138,172,135,130,197,176,147,121,188,150,179,112,115,182,86,153,193,122,102,167,149,194,168,142,166,159,187,164,199,170,180,198,
174,196,192,91,158,156,152,137,148,119,177,133,96,163,116,161,190,138,172,105,135,130,197,176,147,121,188,150,179,112,115,182,86,153,193,122,102,167,149,194,168,142,166,159,187,164,199,170,180,198,98,104,114,144,
130,148,105,88,103,137,114,106,87,133,90,116,93,150,104,

128,107,135,150,100,118,146,154,113,124,151,145,129,92,163,169,167,192,174,183,165,168,97,179,190,187,164,180,166,184,175,172,189,195,136,177,181,193,199,140,171,178,173,185,132,149,153,159,161,143,126,197,144,156,158,176,194,123,147,186,198,127,142,155,162,157,160,182,111,188,117,191,120,139,141,131,134,196,125,152,170,99,
146,154,113,108,101,99,134,141,139,120,80,159,131,117,196,111,190,107,186,160,157,162,155,89,168,156,148,127,194,126,193,140,171,92,178,173,132,199,123,122,189,110,109,188,176,185,177,163,150,138,191,125,192,172,175,136,142,195,184,169,152,147,144,197,158,183,167,100,179,182,135,174,181,143,149,170,153,198,161,187,164,165,180,166,
169,184,125,136,165,175,189,186,198,101,115,172,176,148,156,170,158,152,199,102,164,197,150,187,163,119,166,142,179,121,168,161,94,191,188,91,147,194,153,159,112,137,177,130,190,167,135,182,149,122,180,133,193,96,138,108,144,195,183,181,174,196,192,116,
141,139,108,80,159,131,117,196,111,190,107,186,160,157,162,155,89,168,156,148,127,194,126,193,140,171,178,173,132,199,123,122,189,110,109,188,176,185,177,163,150,138,191,125,192,172,175,136,142,195,184,169,152,147,144,197,158,183,167,100,179,182,135,174,181,143,149,170,153,198,161,187,164,165,180,101,166,
157,162,155,107,102,119,137,130,94,123,132,178,171,140,84,173,127,194,126,193,121,188,112,179,143,169,184,125,192,110,177,185,101,168,186,189,122,136,175,108,165,161,191,138,144,197,195,142,148,183,181,174,196,149,159,182,135,167,150,187,176,109,172,158,152,199,156,89,198,170,147,164,163,180,166,153,190,
85,
185,143,169,184,125,110,136,165,175,189,186,198,101,115,172,176,148,156,170,158,152,199,102,164,197,150,187,163,119,166,142,179,121,168,161,94,191,188,91,147,194,153,159,112,137,177,130,190,167,135,182,149,122,180,133,193,138,108,144,195,183,181,174,196,192,

131,117,111,107,160,157,162,155,89,156,148,127,194,126,193,140,171,178,173,132,199,123,190,122,189,109,176,185,110,177,163,150,138,191,125,192,172,175,136,142,195,186,184,169,152,147,144,197,158,183,167,100,182,135,188,174,181,196,143,149,159,170,153,198,161,187,164,165,180,166,179,168,
98,105,116,114,137,148,130,104,150,133,


173,127,126,121,112,143,169,184,125,110,185,101,186,189,136,175,122,165,108,161,191,138,144,197,195,142,148,183,181,174,196,149,192,193,159,182,135,188,167,179,150,187,176,177,172,158,152,199,156,198,170,194,147,164,163,180,166,153,190,168,109,

179,147,130,135,172,138,150,190,116,96,133,161,121,158,177,137,115,152,176,156,119,148,
106,103,
133,114,106,
148,127,126,140,171,178,173,132,123,122,109,185,110,163,150,138,191,125,172,175,189,136,142,195,186,184,169,152,199,147,194,144,197,158,156,183,167,192,182,135,188,193,174,181,196,143,149,159,170,176,153,190,198,161,187,164,165,180,166,177,179,168,
106,133,103,
193,133,122,102,182,167,149,190,130,137,112,153,194,147,188,161,168,179,138,142,166,159,163,187,150,164,199,158,170,197,156,177,148,121,152,176,135,180,172,115,198,119,
169,167,192,174,183,165,168,179,190,187,164,180,166,163,184,175,172,189,195,136,177,181,193,199,140,171,178,173,185,132,149,153,159,161,143,126,197,144,156,158,176,194,123,147,186,198,127,142,155,162,157,160,182,111,188,117,191,120,139,141,131,134,196,125,152,170,99,
106,103,
130,137,119,121,108,191,144,195,148,183,181,174,196,149,192,193,122,159,112,182,135,167,142,179,150,197,187,176,177,172,158,152,199,156,161,198,138,170,194,147,164,188,163,180,166,153,190,168,

172,150,161,158,177,116,156,137,130,152,133,138,176,119,148,
129,145,151,124,113,172,153,149,154,120,179,173,159,143,196,139,198,192,141,194,185,132,191,189,184,131,190,195,183,181,197,175,169,187,134,193,199,140,146,157,188,182,171,174,178,180,162,186,155,160,164,168,176,177,118,170,165,166,167,163,
105,137,130,150,133,116,148,
152,125,134,131,141,139,120,117,111,170,160,157,162,155,142,127,186,147,123,182,176,158,156,144,197,143,196,161,159,153,149,132,191,185,126,173,178,171,140,199,193,181,177,136,195,189,172,175,184,163,188,166,180,164,187,190,179,168,198,194,165,183,174,192,167,169,
150,135,155,162,157,160,107,166,127,186,126,185,142,147,152,123,182,176,158,156,144,197,143,196,161,159,153,149,132,191,173,178,125,184,171,140,199,193,181,177,136,195,189,172,175,163,188,180,164,187,190,179,168,198,194,170,111,165,183,174,192,167,169,
186,189,175,165,108,191,144,195,148,183,136,181,174,196,149,192,193,122,159,182,135,167,142,179,150,197,187,176,177,172,158,152,199,156,161,198,138,170,194,147,164,188,163,180,166,153,190,168,
182,167,149,130,137,112,147,161,168,179,142,190,153,166,159,163,188,187,150,164,199,170,197,138,177,148,158,121,152,176,180,172,135,156,198,119,194,

133,114,
137,133,148,130,

127,126,142,147,152,123,176,158,156,144,197,143,196,161,159,153,149,132,185,173,178,125,171,140,193,181,177,136,189,172,175,186,184,163,188,166,180,164,187,190,179,168,198,194,199,170,165,191,195,183,174,182,192,167,169,
191,195,183,181,174,148,196,192,193,122,159,182,167,142,179,150,187,197,176,177,135,172,158,152,199,156,161,198,138,170,194,147,164,188,163,180,166,153,190,168,149,144,
185,110,163,150,138,191,125,172,175,189,136,142,195,186,184,169,152,199,147,194,144,197,158,156,183,167,192,182,135,188,193,174,181,196,143,149,159,170,176,153,190,198,161,187,164,165,180,166,177,179,168,
150,138,125,172,175,189,142,186,184,169,152,199,147,194,144,191,158,156,136,183,167,192,182,135,193,174,181,195,196,149,159,170,176,153,190,197,198,161,187,164,188,165,163,180,166,177,179,168,
160,157,162,155,142,127,147,123,176,158,156,144,197,143,196,161,159,153,149,132,185,173,178,171,140,193,181,177,136,189,172,175,186,184,163,188,166,180,164,187,190,179,126,168,198,194,199,170,165,191,195,183,174,182,192,167,169,
147,198,168,179,190,153,166,159,163,188,187,164,199,170,197,138,177,148,158,152,176,150,180,121,172,156,194,135,161,142,
153,149,154,120,173,159,143,196,139,192,141,194,185,132,189,184,131,195,183,181,197,175,169,187,134,190,199,146,198,157,188,182,171,174,178,180,191,193,140,162,179,186,155,160,164,168,176,177,170,165,166,167,172,163,
133,
130,158,161,137,176,150,119,148,177,138,152,172,156,
137,133,148,130,
160,157,162,155,144,143,161,159,153,149,132,173,178,171,140,181,177,136,185,172,175,189,186,184,163,188,166,180,164,187,176,190,179,168,198,194,197,199,170,165,191,195,183,174,196,193,182,192,167,169,
163,164,166,124,171,168,151,198,146,193,154,134,181,175,176,185,189,184,195,183,169,187,190,188,141,173,157,194,174,191,199,162,179,186,139,145,192,196,155,197,160,165,167,170,178,131,182,177,180,
148,137,176,177,158,152,138,161,150,172,156,
159,143,139,141,185,189,184,195,183,181,197,175,169,187,192,190,199,198,157,188,182,173,194,171,174,178,180,191,193,162,179,186,196,155,160,164,168,176,177,170,165,166,167,131,132,140,172,163,134,
148,156,172,150,161,152,158,177,176,138,
182,167,142,150,197,176,177,135,158,152,199,172,156,161,138,170,194,147,164,187,188,163,180,159,166,153,190,179,168,198,149,
158,156,144,143,161,159,153,149,132,173,178,171,140,181,177,136,185,172,175,189,186,184,163,188,166,180,164,187,176,190,179,168,198,194,197,199,170,165,191,195,183,174,196,193,182,192,167,169,
168,151,146,154,134,175,176,185,189,184,195,183,181,169,187,190,188,173,198,157,194,171,174,191,193,199,162,179,186,145,192,196,155,197,160,165,167,170,178,182,141,177,180,139,
175,189,186,184,169,152,147,144,158,156,136,167,192,182,193,174,181,183,195,191,196,159,149,172,170,199,176,153,190,197,194,198,161,187,164,188,165,163,180,166,177,179,142,168,
147,127,174,185,173,144,191,169,184,186,189,142,175,143,190,158,156,136,183,167,192,182,193,181,195,196,149,159,172,170,199,176,153,197,194,198,161,187,164,188,165,163,180,166,177,179,168,
185,173,144,169,184,186,189,175,143,158,156,136,167,192,182,193,174,181,183,195,191,196,159,149,172,170,199,176,153,190,197,194,198,161,187,164,188,165,163,180,166,177,179,142,168,
185,189,184,181,160,197,193,175,190,188,173,194,171,178,187,146,183,191,195,154,180,174,199,162,169,179,182,186,145,196,155,192,151,198,157,165,129,
165,157,151,155,145,182,179,169,162,199,174,180,154,191,183,146,178,171,194,173,196,188,190,192,187,198,175,193,197,160,181,195,184,189,186,185,
148,137,
167,166,165,170,177,176,168,164,160,155,186,179,162,193,191,180,178,174,171,194,173,196,182,188,157,199,190,192,187,198,169,175,197,181,183,195,184,189,185,
178,171,140,177,185,173,172,175,189,186,184,163,188,166,180,164,187,176,190,179,168,198,194,197,199,170,165,191,195,183,181,174,196,193,182,192,167,169,

176,185,189,184,195,183,181,175,169,187,190,188,173,198,157,194,171,174,191,193,199,162,179,186,192,196,155,197,160,165,167,170,178,182,141,177,180,139,
176,177,158,152,161,172,156,
167,192,182,193,174,181,183,195,191,196,149,172,170,199,176,153,197,194,198,187,164,188,165,163,180,159,166,177,190,179,168,161,

176,177,158,152,161,150,172,156,
177,141,178,170,167,165,160,197,155,192,186,179,162,199,193,191,180,174,171,194,157,173,196,182,188,190,187,198,169,175,181,183,195,184,189,185,176,
185,173,172,175,189,186,184,163,188,166,177,180,164,187,176,190,179,168,198,194,197,199,170,165,191,195,183,181,174,196,193,182,192,167,169,
170,167,165,160,155,186,179,162,193,191,180,178,174,171,194,173,196,182,188,157,199,190,192,187,198,169,175,197,181,183,195,184,189,185,
170,199,197,194,164,187,188,163,180,159,176,172,166,177,153,190,156,179,168,198,161,158,
172,175,189,186,184,163,188,166,177,180,164,187,176,190,179,168,198,194,197,199,170,165,191,195,183,181,174,196,193,182,192,167,169,
193,192,182,196,149,172,170,199,176,153,197,194,198,187,164,188,163,180,159,166,177,190,167,179,168,161,
179,169,162,174,180,154,183,178,171,194,173,196,182,188,199,190,192,187,198,175,193,197,181,195,184,189,160,186,191,185,
160,169,174,180,162,179,154,183,178,171,194,173,196,182,188,199,190,192,187,198,175,193,197,181,195,184,155,189,186,191,185,
190,179,176,177,156,161,172,158,

170,199,197,194,198,187,188,163,180,159,176,172,166,177,153,190,179,168,164,

185,191,186,189,184,195,181,197,193,175,198,187,192,190,199,188,182,196,173,194,171,178,183,154,
172,
188,163,159,172,180,187,176,166,177,190,179,168,
178,171,194,173,196,182,188,199,190,192,187,198,175,193,197,181,183,195,184,189,186,191,185,
179,162,191,180,178,174,171,194,173,196,182,188,199,190,192,187,198,169,175,193,197,181,183,195,184,189,186,185,
172,161,
179,162,191,180,178,174,171,194,173,196,182,188,199,190,192,187,198,169,175,193,197,181,183,195,184,189,186,185,
177,172,161,
172,180,187,166,190,176,179,177,168,
180,178,174,171,194,173,196,182,188,199,190,192,187,198,175,193,197,181,183,195,184,189,186,191,185,
172,
180,178,174,171,194,173,196,182,188,199,190,192,187,198,175,193,197,181,183,195,184,189,186,191,185,
188,180,187,166,190,176,179,177,168,
198,194,188,197,168,190,179,187,199,176,177,180,170,
191,195,183,181,180,179,174,187,196,193,182,197,198,190,199,188,194,192,
190,179,177,176,
194,198,187,190,179,180,199,188,197,170,
187,176,177,190,179,180,
184,180,181,183,195,186,191,189,192,194,188,199,190,198,197,182,193,196,187,174,175,
197,188,180,179,190,187,
173,196,182,188,199,190,192,187,198,175,193,197,194,181,183,195,184,189,186,191,185,

182,188,199,190,192,187,198,193,197,196,194,181,183,195,184,189,186,191,185,
196,193,182,197,198,187,190,199,188,194,192,
189,191,186,195,183,181,194,196,197,193,198,187,192,190,199,188,182,
177,

185,184,197,189,186,199,191,196,193,198,194,195,192,

190,187,
196,194,197,193,198,187,192,190,199,188,
197,198,187,190,199,188,194,
195,196,194,199,197,198,193,190,192,
189,186,197,191,196,193,198,199,194,195,192,
192,195,194,199,197,198,193,196,191,189,
191,196,193,198,197,199,194,195,192,
190,
190,
191,196,193,198,197,199,194,195,192,

196,193,198,197,199,194,195,
193,198,197,199,194,196,
198,197,199,194,
197,
199,
199,



Past links sets, 



1,2,


1,2,



2,
3,6,


3,10,5,7,6,

13,
12,16,
2,4,9,8,7,5,
12,
17,
4,9,8,7,5,
13,15,
8,4,9,
12,
24,
11,14,18,

13,19,
13,19,24,
17,19,
6,10,3,18,

19,15,20,
10,18,21,
10,18,6,21,
33,
32,
15,27,
14,21,31,
20,22,
2,21,29,17,28,23,25,
16,22,38,
27,37,

15,27,37,
17,22,38,
22,30,36,
36,30,40,
40,
19,40,
45,
5,23,25,33,28,30,7,29,
35,14,25,23,34,31,
12,42,
34,35,31,41,
30,33,41,
36,22,52,
44,
18,56,
47,48,49,50,
36,41,22,52,
38,43,51,
5,23,48,28,25,47,7,29,
60,
46,60,
35,34,59,
62,
22,38,43,51,
12,42,43,51,
36,50,49,46,42,
15,11,55,30,20,53,39,

58,
62,
32,58,
43,44,
18,63,61,56,57,
44,62,
21,2,57,63,
37,73,75,
36,37,54,49,50,46,
3,57,61,66,
3,66,61,63,57,
58,51,76,
6,34,59,77,
20,69,54,46,68,67,
8,25,28,29,70,9,64,32,65,54,
28,37,70,64,65,54,
76,45,80,
24,28,37,70,64,65,54,
67,78,68,74,69,
72,73,
25,28,29,70,9,64,32,65,54,
42,67,78,68,76,74,
21,65,42,64,63,2,57,
49,74,86,
72,
62,68,69,81,
92,
43,72,80,
22,73,84,74,67,78,75,
54,76,91,
4,87,90,93,
64,81,70,65,69,
47,98,48,70,67,
4,93,88,90,87,
76,45,100,
94,101,
38,84,89,
78,109,
99,100,
84,94,17,102,
73,97,
88,24,104,
49,86,91,
98,30,96,70,44,
27,80,99,
97,
33,115,58,102,96,50,94,
32,99,113,
40,86,112,
89,91,108,
89,107,111,
118,
67,110,99,107,74,
84,89,107,111,
126,
72,
97,128,
60,115,94,116,105,102,
27,118,80,120,
117,120,123,
90,91,114,116,105,
120,124,
86,112,110,122,100,
127,117,125,68,101,123,
64,119,65,130,
110,119,121,122,
75,134,
51,132,
139,
125,112,122,127,
78,127,117,123,109,120,
69,108,127,117,125,123,
58,124,129,
113,124,129,
86,126,125,122,112,
89,121,130,119,108,
17,136,144,122,102,113,
70,100,98,138,
58,124,129,
36,125,135,138,
20,46,142,149,
145,146,151,
111,146,141,76,131,117,
123,147,142,138,135,
45,111,141,76,131,129,117,
123,147,142,138,135,
120,153,
111,117,146,141,131,145,
36,156,158,136,144,
145,155,157,
140,118,143,153,
46,149,143,131,142,140,
131,143,42,141,136,129,140,
131,159,163,
17,102,131,136,122,144,143,141,140,
163,124,159,164,
125,140,157,155,13,145,143,
20,164,167,
51,162,160,132,154,
140,161,159,152,143,
127,140,171,
69,108,169,165,160,162,
169,101,171,
138,135,168,166,147,139,
158,176,
51,162,160,132,154,
145,147,170,165,157,168,155,166,
160,162,170,165,169,168,
108,173,165,175,
17,102,175,174,122,144,173,
108,173,165,175,
22,169,173,178,
109,78,173,178,
175,184,
180,181,182,
163,170,181,182,
184,175,185,
147,183,187,188,166,
108,165,186,189,
144,174,189,186,181,183,
91,191,192,
20,193,182,167,164,
183,191,
191,192,
170,194,
20,193,182,167,164,
164,167,20,196,195,193,182,
Future links sets, 

6,3,
79,41,3,95,18,6,10,
83,11,31,14,82,
106,18,23,103,21,
14,18,21,63,52,
85,11,31,14,35,
14,18,21,63,52,
87,21,23,18,
93,18,23,21,87,
35,31,34,14,
71,26,
69,17,19,24,54,
169,16,22,28,29,
53,39,26,
22,33,71,38,45,
42,17,
182,149,20,30,41,167,112,46,
77,59,26,31,34,35,
50,28,33,29,30,
199,153,198,33,194,40,170,71,86,
95,34,39,79,35,41,
184,61,40,42,47,101,68,57,46,
63,53,52,41,
114,29,90,25,
93,87,53,41,52,63,

38,131,43,45,117,
93,90,88,87,41,52,63,
93,87,41,52,63,
116,71,47,52,48,56,
55,53,39,
37,120,87,75,93,
119,52,56,36,
66,85,55,53,
66,55,53,
161,152,47,57,81,70,48,61,
90,88,43,45,80,81,
109,42,62,46,68,
71,
121,50,49,48,
61,56,55,
165,95,54,69,94,70,
100,62,68,69,76,
116,76,78,58,
157,107,89,51,
164,153,65,70,81,86,
63,105,60,
63,105,60,
115,60,70,81,96,
119,81,70,60,
171,140,178,68,69,62,84,
61,57,
71,
102,93,90,81,86,87,88,
71,
77,59,
95,77,82,79,83,
151,145,73,84,75,119,
85,66,
130,65,64,
83,82,77,
98,78,74,67,
95,83,79,77,
95,87,88,137,104,93,90,
95,87,88,137,104,93,90,
83,82,
125,86,91,101,105,94,
136,86,91,94,98,
144,174,86,91,98,104,
150,116,105,87,88,104,93,90,

128,100,97,92,
113,101,92,80,
125,91,96,101,94,
139,101,80,
107,84,155,89,94,157,102,
85,
185,91,101,94,143,110,

131,117,100,89,
104,98,


112,109,126,101,

147,96,121,115,135,
106,103,
114,106,
109,122,123,148,126,
106,133,103,
193,102,115,122,133,
99,
106,103,
130,119,112,108,

119,116,
129,118,113,
116,150,105,
125,120,117,111,
150,135,111,107,
175,136,108,
167,112,182,149,119,130,

114,
133,130,

126,125,123,
191,183,122,144,174,181,148,
143,185,110,
138,135,125,
160,123,126,155,157,
147,142,135,121,
149,146,120,
133,
130,119,
133,130,
160,157,136,132,143,155,144,
163,131,124,
148,138,137,
159,131,134,132,143,
148,138,
167,135,182,149,138,142,147,
156,158,136,132,143,144,
134,145,168,146,151,
152,142,169,136,147,144,
147,127,
173,136,142,143,144,
129,
165,145,151,146,157,
148,137,
167,165,166,155,160,157,164,
178,171,140,

139,
158,176,156,152,
167,165,161,149,

176,150,152,156,158,
176,141,
173,172,169,163,164,165,167,
167,155,160,165,157,
164,156,158,153,
172,169,163,164,165,167,
192,161,167,149,182,
179,154,169,160,162,
160,155,154,
156,176,158,190,179,

164,153,

154,
172,
163,159,
178,171,
179,169,162,
161,
179,169,162,
177,161,
172,168,166,
180,178,174,171,
172,
180,178,174,171,
188,168,166,
199,168,198,170,194,
183,174,179,191,180,181,
190,179,176,
198,199,194,170,
180,179,176,
180,175,184,174,
197,188,180,179,
175,173,

185,181,182,183,184,
192,182,
189,181,186,182,183,
177,

185,184,

187,
188,192,187,
199,188,187,198,194,
192,195,190,
189,186,
189,
192,191,
190,
190,
192,191,

196,195,193,
196,193,
198,199,194,
197,
199,
199,



Coordinates,
0.434438,0.0570059,
0.0782814,0.568558,
0.356379,1.31038,
2.03856,0.487583,
1.01862,1.68706,
1.24209,1.49104,
2.21207,0.545137,
1.25137,1.53599,
1.36749,1.7568,
1.43163,1.82246,
2.45163,0.805746,
3.39419,0.114753,
0.856484,3.04952,
0.666561,3.3977,
3.99789,0.186648,
0.0390902,4.14575,
0.970056,3.33059,
1.56636,3.03819,
3.80504,0.843413,
2.08265,2.65076,
1.90315,3.0464,
3.61034,1.36699,
1.44854,3.65537,
3.53935,1.59986,
3.10718,2.05763,
3.45281,1.9339,
5.37438,0.0857456,
0.526424,4.95656,
3.40818,2.09243,
3.5352,1.98763,
3.16842,2.40169,
5.35889,0.294364,
0.309722,5.3793,
2.95086,2.74139,
5.15358,0.69018,
5.45504,0.516428,
3.36358,2.63361,
0.741007,5.30797,
2.08469,4.17829,
6.1119,0.164341,
3.42526,3.00268,
5.42455,1.15524,
2.62696,3.96303,
1.35156,5.41926,
0.0238443,6.81162,
1.80123,5.11572,
3.39652,3.52395,
4.49552,2.44307,
4.52182,2.45814,
3.95945,3.11364,
4.13939,3.0134,
2.24489,4.92174,
5.76174,1.42732,
7.024,0.166835,
3.49867,3.73704,
7.29566,0.254988,
6.74759,0.853567,
6.25061,1.37551,
0.734021,7.00079,
6.92356,0.828231,
5.31045,2.45033,
6.7885,1.06937,
3.17244,4.81313,
6.57516,1.47637,
5.72462,2.34302,
5.71962,2.38187,
7.60963,0.49821,
3.33589,4.79344,
3.57435,4.56005,
3.95438,4.20685,
5.46674,2.74885,
8.18776,0.105081,
0.197524,8.10725,
1.28952,7.02002,
3.50581,4.93279,
1.7796,6.73333,
2.52274,6.069,
7.90475,0.841092,
3.67211,5.15114,
7.64392,1.18898,
2.24379,6.66351,
5.94324,3.03656,
8.63434,0.357631,
8.72067,0.415687,
3.59704,5.67958,
8.75353,0.543783,
5.42901,3.87286,
7.72041,1.73142,
7.24099,2.21428,
3.31864,6.1423,
7.39295,2.07433,
4.93874,4.55665,
2.01043,7.50141,
7.74679,1.76922,
4.61797,5.03878,
8.41075,1.25525,
5.97731,3.73331,
1.00754,8.71784,
6.61561,3.1196,
2.23708,7.53865,
3.00054,6.83727,
4.52956,5.41727,
5.28652,4.69034,
8.41552,1.60907,
7.6642,2.43186,
7.26249,2.84281,
8.52648,1.64706,
3.63171,6.59544,
4.95433,5.27811,
4.42397,5.87687,
4.54274,5.8261,
3.2985,7.11075,
5.67611,4.75537,
2.19918,8.27556,
8.31393,2.18599,
6.56941,4.03953,
7.51587,3.17509,
3.23679,7.51696,
1.48454,9.27462,
6.92455,3.95894,
2.77726,8.17745,
6.71428,4.26136,
5.85342,5.13557,
4.1482,6.87547,
1.66822,9.46423,
4.99603,6.16644,
4.66563,6.56588,
4.74119,6.57183,
1.4039,9.91723,
1.63053,9.81377,
8.87774,2.91123,
3.68473,8.19378,
4.60112,7.33737,
9.81805,2.12799,
3.17664,8.82328,
7.25993,4.77585,
5.7063,6.36171,
9.28593,2.80678,
7.88493,4.23497,
3.40442,8.72594,
4.85631,7.30029,
3.46433,8.78762,
6.78054,5.55442,
5.49671,6.87184,
6.5148,5.91946,
2.86952,9.60777,
3.06172,9.46605,
7.62619,5.1232,
9.75149,3.04979,
7.02385,5.87105,
9.13984,3.79641,
3.00074,9.96582,
8.6693,4.34027,
7.35038,5.7593,
3.36045,9.9151,
4.57167,8.72016,
8.81195,4.5441,
4.9201,8.53095,
8.81657,4.65053,
7.78838,5.72385,
4.60902,8.97434,
9.15339,4.64322,
5.13926,8.70417,
7.91795,6.06095,
7.65725,6.41075,
6.78656,7.33865,
8.38125,5.92447,
7.77466,6.67564,
8.27934,6.1713,
6.51578,7.99809,
7.98028,6.58384,
5.83744,8.84326,
9.76268,4.94294,
6.35035,8.65294,
7.67294,7.46602,
7.06547,8.29222,
9.82021,5.5662,
9.97286,5.49375,
6.05524,9.41217,
9.15527,6.49539,
8.8978,6.83364,
7.79372,8.03286,
8.35422,7.65109,
7.94452,8.38439,
7.34808,9.10171,
7.1745,9.43951,
7.54976,9.06656,
9.54439,7.29802,
9.24272,7.61252,
7.68242,9.33555,
9.89629,7.44906,
8.26867,9.47846,
8.85457,9.01685,
9.07313,9.08256,
9.59358,8.86222,
8.83664,9.87337,
9.23147,9.61799,
9.79195,9.14504,
9.72242,9.29909,
9.89382,9.67189,
