Storage option,sets
Size,200
Dimension,2
Shape,cube
Spacetime,BlackHole
Past sets, 

0,

0,1,
0,

1,0,3,

1,4,0,3,
4,6,1,0,3,
5,8,1,4,0,3,6,
2,7,
2,1,5,0,4,3,
5,7,2,11,
2,6,3,0,4,1,8,5,10,
2,1,3,7,5,0,4,
3,4,0,5,2,1,12,
9,14,3,2,6,0,4,1,8,5,10,
9,12,14,3,2,6,0,4,1,8,5,10,
11,15,4,2,1,12,3,7,5,0,
2,7,
1,3,0,13,5,7,2,11,4,
20,2,7,11,
16,18,1,9,12,14,3,2,6,0,17,4,8,5,10,
7,2,20,
12,15,19,21,1,3,0,11,13,2,5,7,4,
18,1,9,12,14,3,2,6,0,17,4,8,5,10,
13,10,8,6,14,19,11,15,2,4,1,12,3,16,7,5,0,
16,18,1,9,12,14,3,2,6,0,17,4,8,5,10,
7,
5,22,20,13,2,7,11,
8,25,12,15,19,2,21,4,1,3,0,11,13,5,7,16,
21,27,8,13,10,6,14,19,0,11,15,2,4,1,12,3,16,7,5,
7,15,11,19,23,26,28,16,18,1,9,12,14,3,2,6,0,17,4,8,5,10,
7,23,26,28,16,18,1,9,12,14,3,2,6,0,17,4,8,5,10,
25,12,15,19,2,21,4,1,3,20,0,11,13,5,7,
26,9,18,1,12,14,3,2,6,0,17,4,8,5,10,16,
4,0,3,21,5,22,11,20,13,2,1,24,30,7,
19,11,15,34,7,23,0,26,3,28,5,16,18,1,9,12,14,2,6,17,4,8,10,33,
17,9,18,25,32,21,27,4,8,31,13,10,6,14,19,0,11,15,2,1,12,3,16,7,5,
22,7,5,13,11,0,20,3,4,21,2,19,15,12,25,1,35,32,27,8,10,6,14,16,31,
23,17,9,18,28,25,32,21,27,4,8,31,13,10,6,14,19,0,11,15,2,1,12,3,16,7,5,
20,2,24,29,7,
17,9,18,23,25,32,21,27,4,8,31,13,10,6,14,19,0,11,15,2,1,12,3,16,7,5,
19,15,12,3,20,4,21,37,0,5,22,11,13,30,2,1,24,7,25,
26,41,12,23,17,9,18,28,25,32,3,21,27,4,8,31,2,13,10,6,14,19,0,11,15,1,16,7,5,
11,22,42,20,2,7,24,29,
13,27,38,9,19,11,15,34,5,7,36,23,0,26,3,28,16,18,1,12,14,2,6,17,4,33,8,10,
15,28,23,7,36,17,26,9,18,1,12,14,3,2,6,0,4,8,5,10,16,34,
0,5,22,11,20,13,2,24,30,7,29,
11,22,42,20,2,7,24,29,
15,3,20,4,21,37,0,5,22,11,13,30,2,1,24,7,29,
17,9,18,30,24,40,11,22,7,5,13,0,20,3,32,4,21,2,31,19,15,12,25,1,35,6,27,8,37,10,14,16,
26,5,7,16,41,12,1,15,11,0,19,6,10,13,2,31,8,4,27,21,3,32,25,23,18,9,17,14,43,28,40,22,20,35,39,
35,20,22,28,14,17,9,18,23,25,32,40,3,21,27,8,31,39,2,13,10,43,6,19,0,11,15,1,12,4,41,7,5,26,16,53,
13,33,11,19,48,15,28,23,7,36,17,26,9,38,18,1,12,14,3,2,6,0,4,8,5,34,10,16,
13,33,11,19,48,15,28,23,7,36,17,26,9,38,18,1,12,14,3,2,6,0,4,8,5,34,10,16,
6,10,29,16,8,31,44,21,19,15,12,35,3,20,4,37,0,5,22,11,13,30,7,2,25,1,24,
27,55,13,33,2,11,19,48,17,15,28,23,7,38,36,5,26,9,18,1,12,14,3,34,6,0,4,8,10,16,47,
31,21,32,25,47,16,13,27,38,7,9,19,11,15,34,3,5,36,23,0,26,28,18,1,12,14,2,33,6,17,4,8,10,41,
29,39,52,15,17,9,18,30,24,40,3,11,22,7,44,5,13,0,37,20,32,4,21,2,31,19,12,25,1,35,6,27,8,10,14,16,
4,29,7,30,24,49,2,20,42,22,11,50,0,46,5,13,
14,27,32,40,57,6,35,10,29,0,16,8,37,31,2,44,15,21,19,12,3,20,4,5,22,11,13,30,1,7,25,24,
39,23,52,15,17,9,18,30,24,40,3,11,22,7,5,13,0,37,20,32,4,21,2,31,19,12,25,1,35,6,43,27,8,10,14,16,
17,9,18,29,31,16,14,6,10,8,27,32,35,44,21,19,15,12,3,20,4,37,0,5,22,11,13,30,7,2,25,1,24,40,
33,34,39,35,20,22,40,43,45,14,26,41,10,12,23,17,9,18,28,25,32,1,3,21,27,4,8,31,0,2,13,6,19,11,15,16,7,5,
35,25,12,19,51,13,15,44,3,22,20,1,4,21,2,37,0,5,24,11,30,7,29,
16,14,10,8,27,6,35,1,25,12,19,31,43,2,21,4,32,20,37,0,13,5,7,3,40,24,30,18,9,17,15,11,52,23,39,22,63,
25,31,21,47,16,13,27,38,7,9,19,11,15,34,3,5,36,23,0,26,28,18,1,32,12,14,2,33,6,17,4,8,10,
16,10,8,4,0,6,34,3,14,12,1,18,9,26,5,36,38,7,23,28,15,17,48,19,11,2,33,13,56,
24,30,33,54,13,35,20,22,28,14,17,9,18,23,25,32,40,3,21,27,8,31,39,2,43,10,6,19,0,41,11,15,1,12,53,4,45,7,5,26,16,
21,3,4,1,42,29,7,30,49,11,24,2,61,20,22,50,0,5,46,13,37,
13,33,11,19,48,15,28,23,7,36,17,26,9,38,18,1,12,14,3,2,6,0,4,8,5,34,10,16,
51,57,64,27,17,9,18,29,31,16,14,6,10,8,32,35,44,7,21,19,15,12,3,40,20,4,37,0,5,22,11,13,30,2,25,62,1,24,
2,29,7,20,
44,29,63,22,39,23,52,11,15,17,9,18,30,24,40,3,7,5,13,0,37,20,32,4,21,2,43,31,19,60,12,25,1,35,6,27,8,10,14,16,
5,50,11,22,42,20,2,24,46,7,29,
37,52,34,65,70,27,24,30,33,54,11,13,35,20,22,28,14,17,9,18,23,25,32,40,3,21,8,31,39,2,45,43,0,10,53,6,19,41,15,1,12,4,7,5,26,16,
15,21,2,49,4,3,50,1,71,24,42,29,7,30,11,61,20,22,0,46,5,13,37,
39,35,20,22,40,43,59,31,21,32,25,47,10,16,13,27,38,1,7,9,19,11,15,34,3,5,36,23,0,26,28,18,12,14,2,33,6,17,4,41,8,45,
7,29,
45,56,48,55,58,41,68,31,25,21,47,10,16,13,27,38,1,7,9,19,11,15,34,3,5,36,23,0,26,28,18,32,12,14,2,33,6,17,4,8,59,
26,28,41,57,62,64,75,32,44,1,29,63,20,22,39,23,52,9,11,15,17,60,18,30,24,67,40,3,7,5,13,0,43,37,4,21,2,31,19,12,25,35,6,27,8,10,14,16,
13,5,50,11,22,42,20,2,24,0,46,30,7,29,
13,5,50,11,22,42,20,2,24,46,30,7,29,
47,55,27,58,56,10,13,33,11,19,48,17,15,28,23,7,38,2,69,36,72,5,26,9,18,1,12,14,3,34,6,0,4,8,16,
33,45,53,26,41,28,54,57,62,64,75,32,44,1,29,63,20,22,39,23,52,9,11,15,17,60,18,30,24,67,40,3,7,5,13,0,43,37,4,21,2,31,19,12,25,35,6,27,8,10,14,16,
2,7,46,20,29,42,22,5,24,11,50,76,
23,49,52,39,60,73,32,51,10,57,16,64,27,17,9,18,29,31,14,6,8,35,44,3,7,21,62,19,15,12,40,20,4,37,0,5,22,11,13,30,2,25,66,1,24,
2,7,46,20,29,42,22,5,24,11,50,76,
39,43,45,56,48,55,58,41,68,31,25,21,47,10,16,13,27,38,1,7,9,19,11,15,34,3,5,36,23,0,26,28,18,32,12,14,2,33,6,17,4,8,59,
17,9,18,42,46,49,31,8,16,10,6,57,40,32,27,14,37,35,25,12,19,51,22,13,15,44,20,1,30,4,3,62,21,2,0,29,5,24,11,66,7,
25,31,21,32,47,55,27,58,56,10,13,33,11,19,48,17,15,28,23,7,38,2,69,36,72,5,26,9,18,1,12,14,3,34,6,0,4,8,16,
9,46,49,42,50,31,8,16,10,6,57,40,32,27,14,37,35,25,12,19,51,22,13,15,44,20,1,30,4,3,62,21,2,0,29,5,24,11,66,7,
16,8,4,0,34,3,12,1,18,9,26,5,36,2,38,23,69,28,7,48,19,11,33,13,15,56,17,58,27,14,55,6,47,32,21,72,31,25,10,92,
30,53,54,48,55,58,65,79,32,39,35,20,22,40,43,59,12,31,21,68,25,47,0,10,16,13,27,38,1,7,9,19,11,15,34,3,5,36,23,26,28,18,14,2,33,6,17,4,41,8,45,
8,16,44,51,25,35,19,78,49,20,15,21,50,4,3,2,61,1,30,12,71,42,13,24,29,0,11,22,46,5,37,7,66,
21,11,48,47,10,55,18,27,58,56,19,13,33,17,15,28,23,7,38,1,2,69,36,72,5,26,9,12,14,3,34,85,6,0,4,8,16,
20,2,80,7,29,74,
33,45,53,54,66,51,82,29,26,28,41,57,4,62,9,64,11,75,22,32,44,1,63,10,20,73,39,23,52,15,17,60,7,18,30,24,67,14,40,3,5,13,0,43,37,21,2,31,19,12,25,35,6,27,8,16,
18,61,50,7,9,46,3,49,6,42,31,8,51,16,10,57,14,40,32,27,37,35,25,12,19,62,22,13,15,44,1,20,30,93,4,21,2,0,29,5,24,11,66,71,
68,8,16,4,47,0,34,12,55,1,18,9,26,69,94,5,48,36,2,38,23,28,7,19,11,33,13,56,15,58,17,27,14,6,3,92,32,21,72,31,25,10,85,
36,38,47,67,60,63,29,44,77,24,37,52,34,65,12,70,17,27,30,33,54,1,11,13,35,20,22,75,28,14,9,18,23,25,32,40,3,21,8,31,39,2,45,43,0,53,10,6,19,41,15,4,7,5,26,16,
34,70,51,73,86,27,33,45,53,26,41,28,54,57,62,3,64,5,75,16,32,44,1,60,29,63,4,20,22,39,23,82,52,9,11,15,17,18,30,24,67,8,40,7,13,0,43,37,21,2,31,19,12,25,35,6,10,14,
45,41,7,68,21,8,55,16,101,4,47,0,94,34,12,59,1,48,18,9,56,26,69,5,36,2,38,85,23,28,19,11,58,33,13,15,17,27,14,6,3,92,32,72,25,31,10,
69,81,56,90,95,30,53,0,54,1,48,55,2,58,5,65,12,79,26,32,39,35,20,22,40,43,59,6,31,21,68,15,25,47,10,16,13,27,38,7,9,19,11,34,3,36,23,28,18,14,33,17,4,41,8,45,
38,51,73,70,65,34,77,86,27,33,45,53,26,41,28,54,57,62,3,64,5,75,16,32,44,1,60,29,63,4,20,22,39,23,82,52,9,11,15,17,18,30,24,67,8,40,7,13,0,43,37,21,2,31,19,12,25,35,6,10,14,
9,31,10,6,57,40,32,27,14,96,22,8,16,44,7,51,25,62,35,19,78,4,49,12,20,15,21,50,13,3,2,61,24,1,30,71,42,5,29,66,0,37,11,46,
43,59,68,41,45,81,8,16,4,47,0,34,12,55,1,18,9,26,69,94,5,48,36,2,38,23,28,7,19,11,33,13,56,15,58,17,27,14,6,3,92,32,21,72,31,25,10,85,
6,10,96,22,8,16,44,7,51,25,35,19,78,4,49,12,20,15,21,50,13,3,2,61,24,1,30,71,42,5,29,66,0,37,11,46,31,
61,71,64,73,60,39,52,23,66,11,24,91,2,5,29,0,21,4,93,30,20,1,44,15,13,22,62,19,12,25,35,37,27,32,40,14,57,10,16,51,8,31,42,6,49,3,46,9,7,50,17,18,88,
65,66,103,34,70,9,51,73,12,86,25,27,33,45,53,26,41,28,54,57,62,1,3,64,5,75,14,16,32,44,60,29,63,2,4,20,22,39,23,82,21,52,11,15,17,18,30,24,67,6,8,40,7,13,0,43,37,31,19,35,10,99,
6,10,96,22,8,16,44,7,51,25,35,19,78,4,49,12,20,15,21,50,13,3,2,61,24,1,30,71,42,5,29,66,0,37,11,46,31,
44,56,63,67,24,70,52,37,77,95,30,53,0,54,1,48,55,2,58,5,65,12,79,26,32,39,35,20,22,40,43,59,6,31,21,68,15,25,47,10,16,13,27,38,7,9,19,11,34,3,36,23,28,18,14,33,17,4,41,8,45,
110,51,61,2,71,12,64,5,73,14,60,1,39,52,23,66,7,11,24,91,32,29,88,0,21,4,93,30,20,44,15,13,22,62,3,19,25,35,37,27,40,57,10,16,8,31,42,6,49,46,9,50,17,18,100,
59,79,64,62,57,102,43,36,38,47,67,8,60,1,63,4,29,44,77,18,24,37,52,34,65,6,12,70,11,17,27,86,30,33,54,13,35,20,22,75,16,28,14,9,23,25,32,40,3,21,31,39,2,45,0,53,10,19,41,15,7,5,26,
59,82,64,62,57,102,43,36,38,47,67,8,60,1,63,4,29,44,77,18,24,37,52,34,65,6,12,70,11,17,27,86,30,33,54,13,35,20,22,75,16,28,14,9,23,25,32,40,3,21,31,39,2,45,0,53,10,19,41,15,7,5,26,
48,55,58,67,68,60,63,29,44,75,53,54,30,24,70,65,52,37,79,32,39,35,20,22,40,43,59,12,31,21,25,47,0,10,16,13,27,38,1,7,9,19,11,15,34,3,5,36,23,26,28,18,14,2,33,6,17,4,41,8,45,77,
62,14,27,32,40,57,9,6,10,51,22,8,49,16,44,3,96,7,25,66,18,107,35,19,78,37,93,4,12,109,20,61,15,21,50,13,2,24,1,42,30,71,5,46,29,0,11,31,
29,81,113,44,56,63,67,0,24,70,3,52,37,77,10,95,28,30,53,54,1,68,48,55,2,58,5,65,12,79,26,32,39,35,20,22,40,43,59,6,31,21,15,25,47,16,13,27,38,7,9,19,11,34,36,23,90,18,14,33,17,4,41,8,45,
100,12,62,118,9,14,27,32,40,93,57,4,6,10,51,22,8,61,49,16,44,112,3,96,7,25,78,66,13,18,71,107,1,35,19,37,20,15,21,50,2,24,42,30,5,46,29,109,0,11,31,
64,17,91,100,12,62,118,9,14,27,32,40,93,57,4,6,10,51,22,8,61,49,16,44,112,3,96,7,25,78,66,13,18,71,107,1,35,19,37,20,15,21,50,2,24,42,30,5,46,29,109,0,11,31,
15,37,61,49,3,21,50,87,13,11,42,22,76,2,20,29,46,4,83,24,7,89,5,84,30,0,74,1,80,71,
88,91,50,42,49,46,93,66,103,34,70,9,51,73,12,86,25,27,33,45,53,26,41,28,54,57,62,1,3,64,5,75,14,16,32,44,60,29,63,2,4,20,22,39,23,82,21,52,11,15,17,18,30,24,67,6,8,40,7,13,0,43,37,31,19,35,10,99,
48,55,68,115,59,79,12,64,62,57,102,35,43,36,38,47,67,0,8,75,60,1,63,4,29,44,77,10,18,24,37,52,34,65,6,70,3,11,17,27,86,19,30,33,54,13,20,22,16,28,14,9,23,25,32,40,21,31,39,2,45,53,41,15,82,7,5,26,
24,70,52,37,77,85,92,72,105,69,10,81,22,56,90,31,95,36,30,53,0,59,54,1,48,55,2,58,5,65,6,12,79,20,26,32,39,35,94,40,43,21,68,9,15,25,47,16,13,27,38,7,19,11,34,3,23,28,18,14,33,17,4,41,8,45,
25,12,19,44,51,74,37,61,71,1,3,49,21,15,50,87,13,11,42,22,76,2,20,29,46,4,83,24,7,89,5,84,30,0,78,
12,51,74,37,61,71,3,49,21,15,50,87,13,11,42,22,76,2,20,29,46,4,83,24,7,89,5,84,30,0,1,80,78,
82,90,95,56,113,86,102,57,62,64,117,48,115,55,58,67,0,68,1,60,63,29,44,75,8,53,54,30,24,70,3,65,52,37,79,12,32,39,35,20,22,40,43,59,31,21,25,47,10,77,16,13,27,38,7,9,19,11,15,34,5,36,23,26,28,18,14,2,33,6,17,4,41,45,
76,83,84,121,62,3,64,5,17,91,32,100,12,71,118,0,9,14,27,40,93,57,4,6,10,51,22,8,61,2,120,49,16,44,112,96,37,7,66,25,78,19,13,18,107,1,35,20,15,21,50,109,24,42,30,46,29,11,31,
43,63,107,78,96,114,110,51,61,2,71,12,64,5,73,14,60,1,39,52,23,66,7,11,24,91,32,29,88,0,21,4,93,30,20,44,15,13,22,62,3,19,25,35,37,27,40,57,10,16,8,31,42,6,49,46,9,50,109,17,18,100,
43,63,107,78,96,114,110,51,61,2,71,12,64,5,73,14,60,1,39,52,23,66,7,11,24,91,32,29,88,0,21,4,93,30,20,44,15,13,22,62,3,19,25,35,37,27,40,57,10,16,8,31,42,6,49,46,9,50,109,17,18,100,
72,92,69,105,75,60,117,119,52,29,81,14,113,44,56,63,67,0,24,70,3,37,77,10,95,28,30,53,54,1,68,48,55,2,58,5,65,12,79,26,32,39,35,20,22,40,43,59,6,31,21,15,25,47,16,13,27,38,7,9,19,11,34,36,23,90,18,33,17,4,41,8,45,
73,51,106,95,56,113,116,58,124,53,48,55,68,115,44,59,79,8,12,64,62,57,102,31,35,43,36,38,47,67,0,75,4,60,1,63,29,77,6,10,18,24,37,52,34,65,70,3,11,82,17,27,86,15,19,30,33,54,13,20,22,16,28,14,9,23,25,32,40,21,39,2,45,41,7,5,26,117,
69,81,128,82,3,90,11,95,16,56,113,34,86,7,102,23,57,62,64,117,38,48,115,36,55,58,67,0,79,68,1,60,63,29,44,75,8,53,54,30,24,70,65,52,37,12,32,39,35,20,22,40,119,43,59,31,21,25,47,10,77,13,27,9,19,15,5,26,28,18,14,2,33,6,17,4,41,45,
52,73,87,89,7,76,15,83,22,84,121,62,1,3,64,5,66,17,78,91,30,32,93,100,12,71,10,118,57,0,61,9,14,27,40,4,6,51,112,8,129,2,120,49,16,44,96,35,37,25,19,13,18,107,46,20,21,50,109,24,42,29,11,31,
61,71,77,38,106,65,123,52,88,17,91,20,50,42,49,46,93,22,66,103,32,34,70,9,51,73,2,12,86,15,25,27,33,45,53,26,41,28,99,54,57,62,1,3,64,5,75,4,14,16,44,60,29,63,39,23,82,11,21,18,30,24,67,6,8,40,111,7,13,0,43,37,31,19,35,10,
67,63,44,125,54,24,95,70,52,37,77,6,85,14,92,21,72,1,105,34,69,10,81,22,56,90,19,31,36,30,53,0,59,48,55,2,58,5,65,12,79,8,20,26,32,39,35,94,23,40,43,68,9,15,25,47,16,13,27,38,7,11,3,28,18,33,17,4,41,45,113,
44,63,67,97,101,104,125,54,24,95,70,52,37,108,77,6,85,14,92,21,72,1,105,34,69,10,81,22,56,90,19,31,36,30,53,0,59,48,55,2,58,5,65,12,79,8,20,26,32,39,35,94,23,40,43,68,9,15,25,47,16,13,27,38,7,11,3,28,18,33,17,4,41,45,
59,88,91,50,42,49,46,93,47,36,102,77,38,111,44,65,66,103,34,70,3,9,51,73,6,12,86,19,25,27,33,45,53,26,41,28,54,57,62,1,64,5,75,8,14,16,32,99,60,29,63,2,4,20,22,39,106,23,82,15,21,52,11,17,18,30,24,67,0,40,7,13,43,37,31,35,10,
105,73,51,106,116,134,69,81,128,45,82,3,86,90,7,11,95,12,16,56,113,30,34,117,102,19,23,57,62,64,38,48,115,32,36,119,55,58,67,0,79,68,1,60,63,29,44,75,8,53,54,24,70,65,52,37,39,35,20,22,40,43,59,31,21,25,47,10,77,13,27,9,15,5,26,28,18,14,2,33,6,17,4,41,124,
42,46,48,68,49,88,106,99,73,51,103,66,111,79,116,59,82,15,64,62,57,102,35,43,36,38,47,67,0,8,75,60,1,63,4,29,44,77,10,18,24,37,52,34,65,6,12,70,3,11,17,27,86,19,30,33,54,13,20,22,16,28,14,9,23,25,32,40,21,31,39,2,45,53,41,7,5,26,115,
42,58,49,88,106,99,73,51,103,66,111,124,53,48,55,68,115,44,59,79,8,12,64,62,57,102,31,35,43,36,38,47,67,0,75,4,60,1,63,29,77,6,10,18,24,37,52,34,65,70,3,11,82,17,27,86,15,19,30,33,54,13,20,22,16,28,14,9,23,25,32,40,21,39,2,45,116,41,7,5,26,
59,61,71,47,36,102,77,38,106,65,123,52,88,17,91,20,50,42,49,46,93,22,66,103,32,34,70,9,51,73,2,12,86,15,25,27,33,45,53,26,41,28,99,54,57,62,1,3,64,5,75,4,14,16,44,60,29,63,39,23,82,11,21,18,30,24,67,6,8,40,111,7,13,0,43,37,31,19,35,10,
82,94,86,102,57,62,64,132,53,72,92,13,69,105,26,75,60,117,38,119,40,52,29,81,2,14,113,34,44,56,63,67,0,79,24,70,3,37,77,10,95,16,28,30,54,1,68,48,55,58,5,65,12,32,39,35,20,22,43,59,6,31,21,15,25,47,27,7,9,19,11,90,36,115,23,18,33,17,4,41,8,45,
78,96,107,100,71,61,110,123,52,88,17,91,20,50,42,49,46,93,22,66,103,32,34,70,9,51,73,2,12,86,15,25,27,33,45,53,26,41,28,99,54,57,62,1,3,64,5,75,4,14,16,44,60,29,63,39,23,82,11,21,18,30,24,67,6,8,40,7,13,0,43,114,37,31,19,35,10,
99,67,82,75,54,28,41,26,53,45,33,86,70,34,103,131,64,43,110,63,130,107,40,78,11,96,29,114,51,61,2,71,4,12,5,73,6,14,60,1,39,52,23,66,7,24,91,32,88,21,0,93,30,20,44,15,13,22,62,3,19,25,35,37,27,57,10,16,8,31,42,109,49,46,9,50,17,18,100,
78,96,77,38,106,65,111,100,71,61,110,123,52,88,17,91,20,50,42,49,46,93,22,66,103,32,34,70,9,51,73,2,12,86,15,25,27,33,45,53,26,41,28,99,54,57,62,1,3,64,5,75,4,14,16,44,60,29,63,39,23,82,11,21,18,30,24,67,6,8,40,7,13,0,43,114,37,31,19,35,10,
23,39,60,135,1,52,73,6,87,20,89,22,7,74,76,9,15,83,16,84,17,121,62,129,3,64,5,66,78,11,91,24,30,32,93,100,12,71,4,10,118,51,57,0,61,14,27,40,107,112,8,2,120,49,44,96,29,35,37,25,19,13,18,46,21,50,109,42,31,
79,116,136,143,60,59,61,71,47,36,102,19,77,38,106,23,65,123,40,52,88,5,17,91,8,20,103,50,42,49,46,93,10,22,66,32,34,70,9,51,73,2,12,86,3,15,25,27,33,45,53,26,41,28,111,99,16,54,57,62,1,64,75,4,14,44,29,63,39,82,11,21,18,30,24,67,6,7,13,0,43,37,31,35,139,
62,14,27,32,40,57,9,107,80,1,30,109,84,5,7,78,4,83,46,29,20,2,76,22,42,11,13,87,8,50,126,89,10,15,21,3,71,24,61,0,37,74,51,49,12,127,25,19,44,122,112,6,96,16,35,66,31,
77,65,111,123,146,63,99,16,67,82,75,54,28,41,26,109,53,45,33,86,3,70,34,103,20,131,64,43,110,27,130,107,24,40,78,11,96,13,29,114,31,51,61,2,71,4,12,5,88,73,6,14,60,1,39,52,23,66,7,91,8,32,21,0,93,10,30,44,15,22,62,145,19,25,35,37,57,42,49,46,9,50,17,100,18,
17,50,9,46,49,37,35,19,145,15,44,30,0,32,8,66,23,52,39,1,60,6,73,88,5,12,93,4,71,91,2,61,51,31,25,114,29,13,7,96,100,11,78,40,24,18,107,27,21,110,43,64,42,131,14,103,70,3,86,33,45,53,20,109,26,130,41,28,54,75,82,67,16,10,99,63,57,146,34,123,22,111,65,77,62,151,
107,136,102,36,47,59,143,147,64,78,96,13,77,38,106,23,65,111,28,100,17,71,61,110,27,123,40,52,88,5,91,8,20,103,50,42,49,46,93,10,22,66,32,34,70,9,51,73,2,12,86,3,15,25,33,45,53,26,41,99,16,54,57,62,1,75,4,14,44,60,29,63,39,82,11,21,18,30,24,67,6,7,0,43,114,31,37,19,35,
90,117,113,56,95,133,139,35,31,37,43,0,13,7,6,67,24,30,18,21,11,82,39,63,29,44,14,4,75,64,1,62,57,54,16,99,111,28,41,26,53,45,33,27,25,15,3,86,12,2,73,51,9,70,34,32,66,22,10,93,46,49,42,50,103,20,8,91,17,5,88,52,40,123,65,23,106,38,77,19,102,36,47,71,61,142,59,60,143,58,124,48,55,68,115,79,116,141,
88,110,122,126,80,127,148,6,23,39,60,135,64,1,52,73,2,87,16,20,91,89,18,22,93,7,78,74,3,76,5,9,15,83,12,84,13,17,121,50,62,129,66,11,24,30,32,100,29,71,0,4,10,118,51,57,61,14,27,40,107,112,8,120,49,44,96,25,35,37,19,46,21,109,42,31,
61,123,133,93,50,91,139,119,117,113,56,95,90,128,81,69,134,105,26,7,45,2,39,21,40,25,9,14,22,13,54,116,33,30,15,27,17,82,11,86,3,70,65,34,52,37,24,18,10,6,77,29,63,1,60,4,75,0,67,47,38,36,43,35,31,19,102,57,62,64,12,8,79,44,32,115,68,55,48,53,41,124,28,111,66,20,103,51,73,16,99,23,106,5,88,49,58,42,59,142,141,46,140,
46,101,104,108,133,85,125,137,128,134,45,8,41,4,17,33,18,23,36,11,19,9,7,27,47,25,15,21,31,59,22,20,35,39,32,12,65,58,48,68,90,1,54,6,95,10,77,37,70,79,0,67,63,56,44,34,24,113,14,2,81,29,52,40,30,119,38,28,117,60,75,115,26,16,105,69,3,92,72,142,53,43,132,64,62,57,13,102,86,5,94,82,55,144,42,49,88,106,99,73,51,103,66,111,124,116,140,
133,139,119,117,113,56,95,90,128,81,69,134,105,140,35,31,37,43,0,13,7,6,67,24,30,18,21,11,82,39,63,29,44,14,4,75,64,1,62,57,54,16,99,111,28,41,26,53,45,33,27,25,15,3,86,12,2,73,51,9,70,34,32,66,22,10,93,46,49,42,50,103,20,8,91,17,5,88,52,40,123,65,23,106,38,77,19,102,36,47,71,61,142,59,60,143,58,124,48,55,68,115,79,116,141,
74,120,129,112,118,121,84,83,76,89,87,146,63,99,16,67,82,75,54,28,41,26,109,53,45,33,86,3,70,34,103,20,131,64,43,110,27,130,107,24,40,78,11,96,13,29,114,31,51,61,2,71,4,12,5,88,73,6,14,60,1,39,52,135,23,66,7,91,8,32,21,0,93,10,30,44,15,22,62,19,25,35,37,57,42,49,46,9,50,17,100,18,
119,128,81,69,134,105,140,136,154,51,90,117,14,113,10,56,95,133,30,139,36,35,31,37,43,0,103,13,116,7,6,67,24,18,21,124,11,82,39,142,63,29,44,4,75,64,1,62,57,54,16,99,111,8,28,41,26,53,45,33,27,25,15,3,106,86,12,115,2,73,9,70,34,32,66,22,93,46,149,49,42,50,20,123,91,17,5,88,52,40,143,65,23,38,141,77,19,102,47,71,61,59,60,58,48,55,68,79,
87,89,112,120,118,121,84,83,76,152,63,17,50,9,46,49,37,35,19,145,15,44,30,0,32,8,66,23,52,39,1,60,6,73,88,5,12,93,4,71,91,2,61,51,31,25,114,29,13,7,96,100,11,78,40,129,24,18,107,27,21,110,43,64,42,131,14,103,70,3,86,33,45,53,20,109,26,130,41,28,54,75,82,67,16,10,99,57,146,34,123,22,111,65,77,62,151,
55,124,115,68,48,141,139,116,79,153,107,10,136,39,102,5,36,47,59,143,46,147,50,64,78,96,13,110,77,38,106,9,23,65,111,14,28,100,3,17,114,71,61,27,123,26,40,52,149,88,91,8,20,103,6,42,49,93,22,66,32,34,70,51,73,2,99,12,86,15,25,33,45,53,41,16,54,57,62,1,75,4,44,60,29,63,82,11,21,18,30,24,67,7,0,43,31,37,19,35,
109,115,68,48,141,145,139,116,79,153,107,10,136,39,102,5,36,47,59,143,46,147,50,64,78,96,13,110,77,38,106,9,23,65,111,14,28,100,3,17,114,71,61,27,123,26,40,52,149,88,91,8,20,103,6,42,49,93,22,66,32,34,70,51,73,2,99,12,86,15,25,33,45,53,41,16,54,57,62,1,75,4,44,60,29,63,82,11,21,18,30,24,67,7,0,43,31,37,19,35,
34,70,86,67,75,41,28,26,82,54,53,45,33,99,126,130,88,110,114,63,43,131,148,6,23,39,60,135,64,1,52,73,2,87,16,20,91,89,18,22,93,7,78,74,3,76,5,9,15,83,12,84,13,17,121,50,62,129,66,11,24,30,32,100,29,71,0,4,10,118,51,57,61,14,27,40,107,112,8,120,49,44,96,25,35,37,19,46,21,109,42,31,
91,97,138,141,157,48,46,101,104,108,133,24,85,125,16,137,28,128,19,134,25,45,8,117,41,4,113,17,33,142,18,23,132,36,11,9,7,116,27,47,15,124,21,31,140,59,22,20,35,144,39,32,12,65,58,68,90,1,54,6,115,95,10,119,77,37,70,79,0,67,63,56,44,34,14,2,111,81,29,52,40,30,38,60,75,26,105,69,3,92,72,53,43,64,62,57,13,102,86,5,94,82,55,42,49,88,106,99,73,51,103,66,
94,92,72,132,71,156,47,61,123,14,133,24,93,50,91,139,30,119,10,117,8,113,4,56,95,90,128,19,81,69,134,25,105,26,7,116,45,2,111,39,21,40,9,22,13,54,33,142,15,124,27,17,82,11,86,3,70,65,34,143,52,37,18,6,115,77,29,63,1,60,75,0,67,38,36,43,35,31,140,102,57,62,64,12,79,44,32,141,68,55,48,53,41,28,66,20,103,51,73,16,99,23,106,5,88,49,58,42,59,46,
61,101,108,123,133,85,125,137,93,50,91,139,128,134,45,8,41,4,17,33,18,23,36,11,19,9,7,27,47,25,15,21,31,59,22,20,35,39,32,12,65,58,48,68,90,1,54,6,95,10,77,37,70,79,0,67,63,56,44,34,24,113,14,2,81,29,52,40,30,119,38,28,117,60,75,115,26,16,105,69,3,92,72,142,53,43,132,64,62,57,13,102,86,5,94,82,55,144,42,49,88,106,99,73,51,103,66,111,124,116,141,46,140,
36,136,106,38,161,87,89,112,9,120,17,118,15,121,18,84,83,76,152,49,63,50,46,37,35,19,145,42,44,147,30,0,103,32,8,111,66,23,52,39,1,60,6,109,73,88,5,12,93,4,107,71,91,2,61,51,31,25,114,11,29,13,7,110,96,100,78,40,129,26,24,27,130,21,43,146,64,131,28,14,70,3,86,33,45,53,20,123,41,54,75,82,67,16,10,99,57,34,22,65,77,62,151,
123,80,127,103,146,164,67,34,131,70,86,75,41,28,26,82,54,53,45,33,130,99,2,126,29,88,110,13,114,17,63,43,148,51,6,23,120,39,60,135,64,1,52,73,87,16,20,91,89,18,22,93,7,78,74,3,100,76,5,9,15,112,83,12,109,84,121,24,50,62,159,129,32,66,11,30,71,0,4,10,107,118,21,57,61,14,27,40,8,49,44,96,25,35,37,19,46,42,31,
48,68,115,118,139,116,79,149,151,146,130,109,131,145,153,107,10,136,39,102,5,36,47,59,143,46,147,50,64,78,96,13,110,77,38,106,9,23,65,111,14,28,100,3,17,114,71,61,27,123,26,40,52,88,91,8,20,103,6,42,49,93,22,66,32,34,70,51,73,2,99,12,86,15,25,33,45,53,41,16,54,57,62,1,75,4,44,60,29,63,82,11,21,18,30,24,67,7,0,43,31,37,19,35,152,
122,80,127,103,164,67,34,131,70,86,75,41,28,26,82,54,53,45,33,130,99,2,126,29,88,110,13,114,17,63,43,148,51,6,23,120,39,60,135,64,1,52,73,87,16,20,91,89,18,22,93,7,78,74,3,100,76,5,9,15,112,83,12,109,84,121,24,50,62,129,32,66,11,30,71,0,4,10,107,118,21,57,61,14,27,40,8,49,146,44,96,25,35,37,19,46,42,31,
87,89,112,120,118,121,84,83,76,129,136,102,36,47,59,143,106,38,152,63,17,50,9,46,49,37,35,19,145,15,44,30,0,32,8,66,23,52,39,1,60,6,73,88,5,12,93,4,71,91,2,61,51,31,25,114,29,13,7,96,100,11,78,40,24,18,107,27,21,110,43,64,42,131,14,103,70,3,86,33,45,53,20,109,26,130,41,28,54,75,82,67,16,10,99,57,146,34,123,22,111,65,77,62,151,147,
117,58,142,151,146,130,131,152,124,55,163,60,109,6,115,12,68,48,141,38,145,42,139,36,116,13,79,153,50,107,4,10,136,33,39,102,5,47,59,162,143,40,46,149,147,44,64,78,96,110,7,77,106,3,9,23,65,111,8,14,28,100,17,114,11,71,61,27,123,20,26,52,88,91,103,0,49,93,22,66,32,34,70,51,73,2,99,86,15,25,45,53,41,16,54,57,62,1,75,29,63,82,21,18,30,24,67,43,31,37,19,35,
150,171,122,19,80,127,24,103,0,164,61,67,34,131,28,70,86,75,41,26,129,82,54,53,45,148,33,130,27,99,2,126,23,29,88,110,7,13,114,11,17,120,63,43,146,51,6,109,39,60,135,32,64,1,52,155,73,87,16,20,91,89,18,121,22,93,78,74,3,100,76,5,9,112,15,118,83,12,84,50,62,66,30,71,4,107,10,21,57,14,40,8,49,44,96,25,35,37,46,42,31,
112,55,124,141,170,61,48,68,115,6,118,9,139,30,116,7,79,149,40,151,42,146,37,130,21,109,0,131,22,145,36,153,44,107,10,136,27,39,102,5,114,47,59,143,34,46,147,38,50,64,78,96,13,110,1,77,106,23,65,111,2,14,123,28,100,3,17,71,26,52,88,91,8,20,103,49,93,66,32,70,51,73,99,12,86,15,25,33,45,53,41,16,54,163,57,62,75,4,60,29,63,82,11,18,24,67,43,152,31,19,35,
94,78,96,100,110,114,92,72,132,156,160,47,119,6,128,15,81,69,134,21,105,140,27,136,23,154,41,51,90,117,4,14,113,0,10,123,56,95,133,20,30,143,139,26,36,149,35,31,37,43,103,13,116,3,7,67,24,18,124,11,82,39,142,29,63,44,75,64,1,62,57,54,16,99,111,8,28,141,53,45,158,33,25,106,86,12,115,2,73,9,70,34,32,66,22,93,46,49,42,50,91,17,5,88,52,40,65,38,77,19,102,71,61,59,60,58,48,55,68,79,
79,116,139,153,135,74,159,161,172,63,87,89,112,3,120,11,118,9,121,12,84,83,76,129,20,136,27,102,36,145,47,59,168,143,34,106,38,147,152,43,17,50,46,49,37,146,35,19,15,44,30,0,109,32,8,66,23,52,39,1,110,60,6,73,88,5,114,93,4,71,91,2,111,61,51,31,25,29,13,7,96,100,78,40,24,18,107,21,130,64,42,151,131,22,14,123,103,70,86,33,45,53,26,41,28,54,75,82,67,16,10,99,57,65,77,62,
139,153,135,74,159,161,172,63,87,89,112,3,120,11,118,9,121,12,84,83,76,129,20,136,27,102,36,145,47,59,168,143,34,106,38,147,152,43,17,50,46,49,37,146,35,19,15,44,30,0,109,32,8,66,23,52,39,1,110,60,6,73,88,5,114,93,4,71,91,2,111,61,51,31,25,29,13,7,96,100,78,40,24,18,107,21,130,64,42,151,131,22,14,123,103,70,86,33,45,53,26,41,28,54,75,82,67,16,10,99,57,65,77,62,
36,136,106,38,147,155,151,77,65,111,145,152,161,159,123,171,122,19,80,127,24,103,0,164,61,67,34,131,28,70,86,75,41,26,129,82,54,53,45,148,33,130,27,99,2,126,23,29,88,110,7,13,114,11,17,120,63,43,146,51,6,109,39,60,135,32,64,1,52,73,87,16,20,91,89,18,121,22,93,78,74,3,100,76,5,9,112,15,118,83,12,84,50,62,66,169,30,71,4,107,10,21,57,14,40,8,49,44,96,25,35,37,46,42,31,
72,92,130,131,156,158,58,142,133,95,56,113,117,90,154,140,105,134,69,81,128,119,35,19,37,31,43,67,24,30,18,21,82,63,29,75,1,62,57,54,16,41,53,45,25,15,86,99,2,73,51,70,34,32,66,22,93,49,0,103,91,88,52,26,20,123,27,61,71,11,114,17,100,28,14,8,111,65,23,9,3,106,77,7,110,96,78,64,44,147,149,46,40,143,162,59,47,5,102,39,33,136,10,4,107,50,153,79,13,116,36,139,42,145,38,141,48,68,12,115,6,109,60,163,55,124,160,
56,83,95,120,121,162,142,58,117,173,175,62,112,55,124,11,141,28,170,57,61,48,68,115,2,6,118,5,9,139,26,30,143,116,3,7,79,149,36,40,153,151,38,42,146,33,37,130,17,21,109,0,131,18,22,145,32,44,107,10,123,136,23,27,39,152,102,114,1,47,59,34,147,46,50,163,64,78,96,13,110,77,106,65,111,14,100,71,52,88,91,8,20,103,49,93,66,70,51,73,99,12,86,15,25,45,53,41,16,54,75,4,60,29,63,82,24,67,43,31,19,35,
56,83,84,95,120,121,162,142,58,117,173,175,62,112,55,124,11,141,28,170,57,61,48,68,115,2,6,118,5,9,139,26,30,143,116,3,7,79,149,36,40,153,151,38,42,146,33,37,130,17,21,109,0,131,18,22,145,32,44,107,10,123,136,23,27,39,152,102,114,1,47,59,34,147,46,50,163,64,78,96,13,110,77,106,65,111,14,100,71,52,88,91,8,20,103,49,93,66,70,51,73,99,12,86,15,25,45,53,41,16,54,75,4,60,29,63,82,24,67,43,31,19,35,
148,116,79,178,51,139,12,153,26,135,8,74,159,32,161,34,172,45,63,87,89,112,3,130,120,11,118,9,136,121,84,83,76,129,2,20,147,27,102,36,145,18,47,59,168,41,143,16,106,38,152,25,43,17,50,177,46,49,37,146,19,35,15,44,30,0,109,66,23,52,39,1,110,60,6,73,88,5,114,93,4,131,71,91,111,61,31,29,13,7,96,100,78,40,24,151,107,21,64,42,22,14,123,103,70,86,33,53,28,54,75,82,67,10,99,57,65,77,62,
112,119,128,81,69,134,133,95,56,113,90,154,118,173,46,117,58,142,15,151,24,146,19,130,3,131,4,152,25,124,55,163,36,60,109,6,115,12,139,68,48,141,14,38,145,18,42,116,13,79,153,26,50,107,10,136,9,33,39,102,5,47,59,162,35,143,16,40,149,22,147,20,44,64,78,96,110,7,77,106,23,65,111,8,28,100,17,114,11,71,61,27,123,52,88,91,103,0,49,93,66,32,34,70,51,73,2,99,86,45,53,41,54,57,62,1,75,29,63,82,21,30,67,43,170,31,37,
74,135,58,142,162,161,168,129,76,83,84,121,120,89,87,172,175,62,112,55,124,11,141,28,170,57,61,48,68,115,2,6,118,5,9,139,26,30,143,116,3,7,79,149,36,40,153,151,38,42,146,33,37,130,17,21,109,0,131,18,22,145,32,44,107,10,123,136,23,27,39,152,102,114,1,47,59,34,147,46,50,163,64,78,96,13,110,77,106,65,111,14,100,71,52,88,91,8,20,103,49,93,66,70,51,73,99,12,86,15,25,45,53,41,16,54,75,4,60,29,63,82,24,67,43,31,19,35,
85,125,144,146,166,132,94,180,43,72,92,130,131,156,19,158,21,58,142,5,133,95,56,113,117,90,154,17,140,3,105,134,69,81,128,119,35,37,31,67,24,30,18,82,63,29,75,1,62,57,54,16,153,41,53,45,25,162,15,86,99,2,139,73,51,70,34,32,66,22,93,49,0,103,91,88,52,26,163,20,123,27,61,71,11,114,100,28,14,8,145,111,65,23,160,9,106,77,7,110,96,78,64,44,147,10,149,12,46,40,143,6,59,47,102,39,176,33,136,4,141,107,50,79,13,116,36,42,38,48,68,115,109,60,55,124,
101,108,85,125,137,144,166,132,94,180,43,72,92,130,131,156,19,158,21,58,142,5,133,95,56,113,117,90,154,17,140,3,105,134,69,81,128,119,35,37,31,67,24,30,18,82,63,29,75,1,62,57,54,16,153,41,53,45,25,162,15,86,99,2,139,73,51,70,34,32,66,22,93,49,0,103,91,88,52,26,163,20,123,27,61,71,11,114,100,28,14,8,145,111,65,23,160,9,106,77,7,110,96,78,64,44,147,10,149,12,46,40,143,6,59,47,102,39,176,33,136,4,141,107,50,79,13,116,36,42,38,48,68,115,109,60,55,124,
76,105,140,181,175,121,120,84,83,184,47,112,119,128,81,69,134,133,95,56,113,90,154,17,118,173,36,46,117,58,142,5,15,152,151,14,24,146,9,19,130,3,131,4,141,25,162,124,55,163,26,60,109,6,143,115,12,149,139,2,68,48,38,145,8,18,42,116,13,79,153,16,50,107,10,147,136,33,170,39,102,59,35,40,22,20,44,64,78,96,110,7,77,106,23,65,111,28,100,114,11,71,61,27,123,52,88,91,103,0,49,93,66,32,34,70,51,73,99,86,45,182,53,41,54,57,62,1,75,29,63,82,21,30,67,43,31,37,
115,149,155,169,126,164,127,80,122,183,148,21,116,79,178,51,139,12,153,26,135,8,74,159,32,161,34,172,45,63,87,89,112,3,130,120,11,118,9,136,121,84,83,76,129,2,20,147,27,102,36,145,18,47,59,168,41,143,16,106,38,152,25,43,17,50,177,46,49,37,146,19,35,15,44,171,30,0,109,66,23,52,39,1,110,60,6,73,88,5,114,93,4,131,71,91,111,61,31,29,13,7,96,100,78,40,24,151,107,64,42,22,14,123,103,70,86,33,53,28,54,75,82,67,10,99,57,65,77,62,
76,105,140,181,175,121,120,84,83,184,47,112,119,128,81,69,134,133,95,56,113,90,154,17,118,173,36,46,117,58,142,5,15,152,151,14,24,146,9,19,130,3,131,4,141,25,162,124,55,163,26,60,109,6,143,115,12,149,139,2,68,48,38,145,8,18,42,116,13,79,153,16,50,107,10,147,136,33,170,39,102,59,35,40,22,20,44,64,78,96,110,7,77,106,23,65,111,28,100,114,11,71,61,27,123,52,88,91,103,0,49,93,66,32,34,70,51,73,99,86,45,182,53,41,54,57,62,1,75,29,63,82,21,30,67,43,31,37,
141,163,169,149,115,68,48,170,126,164,127,80,122,183,148,21,116,79,178,51,139,12,153,26,135,8,74,159,32,161,34,172,45,63,87,89,112,3,130,120,11,118,9,136,121,84,83,76,129,2,20,147,27,102,36,145,18,47,59,168,41,143,16,106,38,152,25,43,17,50,177,46,49,37,146,19,35,15,44,171,30,0,109,66,23,52,39,1,110,60,6,73,88,5,114,93,4,131,71,91,111,61,31,29,13,7,96,100,78,40,24,151,107,64,42,22,14,123,103,70,86,33,53,28,54,75,82,67,10,99,57,65,77,62,
148,133,113,90,154,177,159,178,181,173,117,95,56,185,48,74,135,58,142,5,162,25,161,24,168,31,129,76,83,84,121,120,89,87,172,35,175,38,62,112,55,124,11,141,4,28,170,33,57,61,68,115,2,139,6,143,118,9,146,26,163,30,116,3,7,79,149,12,36,40,153,16,151,14,42,37,130,17,21,109,0,131,18,22,145,8,32,44,107,10,147,123,136,23,27,39,152,15,102,114,1,47,59,34,46,50,64,78,96,13,110,77,106,65,111,100,71,52,88,91,20,103,49,93,66,70,51,73,99,86,45,182,53,41,54,75,60,29,63,82,67,43,19,
58,162,126,164,127,80,169,163,149,115,68,48,170,141,124,55,183,148,21,116,79,178,51,139,12,153,26,135,8,74,159,32,161,34,172,45,63,87,89,112,3,130,120,11,118,9,136,121,84,83,76,129,2,20,147,27,102,36,145,18,47,59,168,41,143,16,106,38,152,25,43,17,50,177,46,49,37,146,19,35,15,44,30,0,109,66,23,52,39,1,110,60,6,73,88,5,114,93,4,131,71,91,111,61,31,29,13,7,96,100,78,40,24,151,107,64,42,22,14,123,103,70,86,33,53,28,54,75,82,67,10,99,57,65,77,62,175,
74,135,105,140,161,168,129,76,89,87,172,181,175,121,120,84,83,184,47,112,119,128,81,69,134,133,95,56,113,90,154,17,118,173,36,46,117,58,142,5,15,152,151,14,24,146,9,19,130,3,131,4,141,25,162,124,55,163,26,60,109,6,143,115,12,149,139,2,68,48,38,145,8,18,42,116,13,79,153,16,50,107,10,147,136,33,170,39,102,59,35,40,22,20,44,64,78,96,110,7,77,106,23,65,111,28,100,114,11,71,61,27,123,52,88,91,103,0,49,93,66,32,34,70,51,73,99,86,45,182,53,41,54,57,62,1,75,29,63,82,21,30,67,43,31,37,
104,167,175,170,152,151,173,118,112,184,146,187,38,101,108,85,125,137,144,166,17,132,94,180,31,43,72,92,130,131,156,7,19,158,9,21,58,142,5,154,133,95,56,113,117,90,140,3,105,134,69,81,128,119,35,37,186,67,24,30,18,82,63,29,75,1,62,57,54,16,153,4,41,53,45,25,162,13,15,86,99,2,139,73,51,70,34,32,66,22,93,49,0,149,103,91,88,52,26,163,14,20,123,27,176,61,71,11,160,114,100,28,8,145,111,65,23,106,77,110,96,78,64,44,147,10,12,46,40,143,6,59,47,102,39,33,136,141,107,50,79,116,36,42,48,68,115,109,60,55,124,
81,119,128,150,179,155,189,171,122,191,182,142,185,56,95,117,173,181,154,90,113,133,192,193,54,58,162,23,126,164,25,127,80,169,30,163,24,149,10,115,68,48,170,31,141,2,124,55,183,44,148,9,21,116,79,178,39,51,139,0,12,151,153,14,26,135,8,147,74,159,20,32,161,22,34,172,33,45,63,87,89,112,3,130,120,11,118,136,121,84,83,76,129,27,102,36,175,145,6,18,47,59,168,29,41,143,4,16,106,38,177,152,13,43,17,50,46,49,37,146,7,19,35,15,109,66,52,1,110,60,73,88,5,114,93,131,71,91,111,61,96,100,78,40,107,64,42,123,103,70,86,53,28,75,82,67,99,57,65,77,62,
80,127,160,126,164,183,188,190,185,178,159,177,148,194,45,74,135,105,140,161,12,168,19,129,76,89,87,172,23,181,32,175,26,121,120,84,83,184,35,47,112,119,128,81,69,134,133,95,56,113,90,154,5,17,118,173,24,36,46,117,58,142,15,152,3,151,2,14,163,146,9,130,131,4,153,141,25,162,13,124,55,60,109,6,143,115,149,0,139,68,48,38,145,8,18,42,116,79,16,50,107,10,147,136,33,182,170,21,39,102,59,40,22,20,44,64,78,96,110,7,77,106,65,111,28,100,114,11,71,61,27,123,52,88,91,103,49,93,66,34,70,51,73,99,86,53,41,54,57,62,1,75,29,63,82,30,67,43,192,31,37,
122,188,190,185,192,177,159,178,148,183,169,80,127,164,126,194,45,74,135,105,140,161,12,168,19,129,76,89,87,172,23,181,32,175,26,121,120,84,83,184,35,47,112,119,128,81,69,134,133,95,56,113,90,154,5,17,118,173,24,36,46,117,58,142,15,152,3,151,2,14,163,146,9,130,131,4,153,141,25,162,13,124,55,60,109,6,143,115,149,0,139,68,48,38,145,8,18,42,116,79,16,50,107,10,147,136,33,182,170,21,39,102,59,40,22,20,44,193,64,78,96,110,7,77,106,65,111,28,100,114,11,71,61,27,123,52,88,91,103,49,93,66,34,70,51,73,99,86,53,41,54,57,62,1,75,29,63,82,30,67,43,31,37,
122,160,188,190,185,192,177,159,178,148,183,169,80,127,164,126,194,45,74,135,105,140,161,12,168,19,129,76,89,87,172,23,181,32,175,26,121,120,84,83,184,35,47,112,119,128,81,69,134,133,95,56,113,90,154,5,17,118,173,24,36,46,117,58,142,15,152,3,151,2,14,163,146,9,130,131,4,153,141,25,162,13,124,55,60,109,6,143,115,149,0,139,68,48,38,145,8,18,42,116,79,16,50,107,10,147,136,33,182,170,21,39,102,59,40,22,20,44,193,64,78,96,110,7,77,106,65,111,28,100,114,11,71,61,27,123,52,88,91,103,49,93,66,34,70,51,73,99,86,53,41,54,57,62,1,75,29,63,82,30,67,43,31,37,
Future sets, 
83,49,61,1,180,140,132,133,128,113,134,144,101,119,125,117,138,108,137,95,97,153,143,139,116,104,94,124,149,162,141,81,105,85,115,157,92,102,56,69,106,156,136,72,199,90,79,147,111,59,186,77,152,161,151,179,70,164,123,169,145,146,55,65,47,159,103,68,58,86,99,142,38,183,4,26,168,178,82,181,34,54,170,192,43,75,45,67,130,131,53,41,33,190,63,88,110,155,114,148,160,172,23,173,36,187,8,165,177,28,176,39,48,60,52,135,64,129,121,73,91,154,174,196,17,167,175,118,120,100,93,107,150,158,166,188,9,112,109,57,171,193,14,18,197,40,62,10,189,32,184,27,163,185,6,96,31,191,12,127,35,66,44,126,25,198,19,195,16,194,15,122,78,51,21,71,37,182,3,
140,132,133,128,113,134,144,101,119,125,117,138,108,137,95,97,153,143,139,116,104,94,124,149,162,141,81,105,85,115,157,92,102,56,69,106,156,136,72,199,90,79,147,111,59,186,77,152,161,151,179,70,164,123,169,145,146,55,65,47,159,103,68,58,86,99,142,38,183,26,168,178,82,181,34,54,170,192,43,75,45,67,130,131,53,41,33,190,63,88,110,155,114,148,160,172,180,23,173,36,187,8,165,177,28,176,39,48,60,52,135,64,129,121,73,91,154,174,196,17,167,175,118,120,100,93,107,150,158,166,188,9,112,109,57,171,193,14,18,197,40,62,10,189,32,184,27,163,185,6,96,31,191,12,127,35,66,44,126,25,198,19,195,16,194,15,122,78,51,21,71,37,182,3,
24,42,74,98,20,15,17,14,23,48,18,28,34,36,16,26,11,190,46,87,89,76,50,22,33,38,13,192,180,72,69,56,55,49,61,83,84,30,197,47,58,85,21,188,170,97,51,127,71,122,78,37,186,19,198,25,174,164,126,44,193,183,66,96,31,168,112,109,94,92,101,68,57,196,194,27,45,43,182,41,81,108,104,184,35,59,178,39,135,52,191,12,189,40,62,199,32,60,150,107,120,100,118,93,121,129,91,73,64,176,142,90,54,79,65,67,157,143,179,177,99,105,95,70,173,159,153,123,111,169,86,175,145,146,171,181,77,166,63,160,152,161,151,138,125,113,117,132,137,119,53,136,147,106,195,102,88,185,82,172,75,139,103,163,149,124,116,187,115,158,144,134,141,167,140,156,128,162,165,154,133,148,131,130,114,155,110,
37,71,21,51,78,122,15,16,19,25,126,44,66,35,127,12,31,96,6,163,27,184,32,189,62,40,197,14,171,57,109,112,9,166,158,150,107,93,100,120,118,18,175,167,10,17,174,154,91,73,121,129,64,135,52,60,48,39,196,188,176,28,185,177,165,8,36,193,173,23,180,172,160,148,114,155,110,88,63,190,33,41,198,53,131,130,67,194,45,75,43,192,170,182,54,191,34,181,82,178,168,26,183,38,195,187,142,99,86,58,68,103,159,47,65,55,146,145,169,123,164,70,179,151,161,152,77,186,59,111,147,79,90,199,72,136,156,106,69,56,102,92,157,115,85,105,81,141,162,149,124,94,104,116,139,143,153,97,95,137,108,138,117,125,119,101,144,134,113,128,133,132,140,
61,37,71,21,51,78,122,15,16,19,25,126,44,66,35,127,12,8,165,96,10,167,112,109,57,14,171,163,40,197,189,32,93,107,150,62,181,27,184,176,100,120,118,18,175,17,174,166,9,154,91,73,121,129,64,135,52,60,48,39,196,188,31,28,185,177,36,193,173,23,180,172,160,148,114,155,110,88,63,190,33,41,198,53,131,130,67,194,45,75,43,192,170,182,54,191,34,82,178,168,26,183,38,195,187,142,99,86,58,68,103,159,47,65,55,146,145,169,123,164,70,179,151,161,152,77,186,59,111,147,79,90,199,72,136,156,106,69,158,56,102,92,157,115,85,105,81,141,162,149,124,94,104,116,139,143,153,97,95,137,108,138,117,125,119,101,144,134,113,128,133,132,140,
87,89,76,15,37,78,122,71,51,21,30,84,83,61,49,13,31,96,16,19,25,126,44,66,35,127,10,167,112,109,57,14,171,163,40,197,189,32,93,107,150,62,181,27,184,176,100,120,118,18,175,17,174,166,154,91,73,121,129,64,135,52,60,48,39,196,188,28,185,177,165,36,193,173,23,180,172,160,148,114,155,110,88,63,190,33,41,198,53,131,130,67,194,45,75,43,192,170,182,54,191,34,82,178,168,26,183,38,195,187,142,99,86,58,68,103,159,47,65,55,146,145,169,12,123,164,70,179,151,161,152,77,186,59,111,147,79,90,199,72,136,156,106,69,158,56,102,92,157,115,85,105,81,141,162,149,124,94,104,116,139,143,153,97,95,137,108,138,117,125,119,101,144,134,113,128,133,132,140,
27,32,62,40,14,57,109,112,9,158,150,107,93,100,120,118,18,167,17,166,154,91,73,121,129,64,135,52,189,60,197,48,39,188,176,28,177,165,36,185,173,23,172,160,148,114,155,110,88,63,190,41,53,131,130,67,194,45,75,43,192,180,170,33,182,54,191,181,82,178,168,175,26,38,187,142,99,86,195,58,68,103,159,10,171,34,183,174,47,196,184,65,55,146,145,169,123,164,70,179,151,161,152,77,186,59,111,147,79,90,199,72,136,156,106,69,56,193,102,92,157,115,85,105,81,163,141,162,149,124,94,104,116,139,143,153,97,95,137,108,138,117,125,119,198,101,144,134,113,128,133,132,140,
34,80,29,24,42,74,98,20,48,11,190,46,87,89,76,50,22,33,38,13,192,180,72,69,56,55,49,61,83,84,30,197,47,58,85,21,188,170,97,51,127,71,122,78,37,186,19,198,25,174,164,126,44,193,183,66,96,31,168,112,109,94,92,101,68,57,196,194,15,27,45,43,182,41,81,108,104,184,35,59,178,39,135,52,191,189,40,62,199,32,60,150,107,120,100,118,93,121,129,91,73,64,176,142,90,54,79,65,67,157,143,179,177,99,105,95,70,173,159,153,123,111,169,86,175,145,146,171,181,77,166,63,160,152,161,151,138,125,113,117,132,137,119,53,136,147,106,195,102,88,185,82,172,75,139,103,163,149,124,116,187,115,158,144,134,141,167,140,156,128,162,165,154,133,148,131,130,114,155,110,
96,10,167,112,109,57,14,171,163,40,197,189,32,93,107,150,62,181,27,184,176,100,120,118,18,175,17,174,166,154,91,73,121,129,64,135,52,60,48,39,196,188,31,28,185,177,165,36,193,173,23,180,172,160,148,114,155,110,88,63,190,33,41,198,53,131,130,67,194,45,75,43,192,170,182,54,191,34,82,178,168,26,183,38,195,187,142,99,86,58,68,103,159,47,65,55,146,145,169,123,164,70,179,151,161,152,77,186,59,111,147,79,90,199,72,136,156,106,69,158,56,102,92,157,115,85,105,81,141,162,149,124,94,104,116,139,143,153,97,95,137,108,138,117,125,119,101,144,134,113,128,133,132,140,
150,107,93,100,120,118,18,17,154,91,73,121,129,64,135,52,189,60,197,39,176,28,165,36,173,23,160,148,114,155,110,88,63,190,53,131,130,67,194,75,43,180,170,33,45,182,172,54,191,181,82,41,178,168,48,185,175,38,142,99,86,195,58,68,103,159,171,34,174,47,184,65,192,55,146,145,169,123,164,70,179,151,161,152,77,186,59,196,111,147,79,188,90,199,72,136,156,167,106,69,158,56,193,183,102,92,177,157,115,85,105,81,163,26,141,162,149,124,94,104,116,139,143,153,97,95,137,108,187,138,117,125,119,198,101,144,134,113,166,128,133,132,140,
112,109,57,14,163,40,189,93,107,150,62,32,181,27,176,100,120,118,18,167,17,166,154,91,73,121,129,64,135,52,60,197,48,39,188,28,177,165,36,185,173,23,172,160,148,114,155,110,88,63,190,41,53,131,130,67,194,45,75,43,192,180,170,33,182,54,191,82,178,168,175,26,38,187,142,99,86,195,58,68,103,159,171,34,183,174,47,196,184,65,55,146,145,169,123,164,70,179,151,161,152,77,186,59,111,147,79,90,199,72,136,156,106,69,158,56,193,102,92,157,115,85,105,81,141,162,149,124,94,104,116,139,143,153,97,95,137,108,138,117,125,119,198,101,144,134,113,128,133,132,140,
46,87,89,76,50,22,33,38,13,180,72,69,56,55,49,61,83,84,30,197,47,58,85,21,188,170,97,51,127,71,122,78,37,186,19,25,192,174,164,126,44,193,183,66,96,31,198,168,112,109,94,92,101,68,57,196,194,27,45,43,182,41,190,81,108,104,184,35,59,178,39,135,52,191,189,40,62,199,32,60,150,107,120,100,118,93,121,129,91,73,64,176,142,90,54,79,65,67,157,143,179,177,99,105,95,70,173,159,153,123,111,169,86,175,145,146,171,181,77,166,63,160,152,161,151,138,125,113,117,132,137,119,53,136,147,106,195,102,88,185,82,172,75,139,103,163,149,124,116,187,115,158,144,134,141,167,140,156,128,162,165,154,133,148,131,130,114,155,110,
127,35,66,44,126,25,19,26,16,173,96,36,193,57,109,112,140,132,133,128,27,184,154,166,113,134,144,101,198,41,119,125,117,138,187,108,137,95,97,176,153,143,139,116,104,94,124,149,162,141,163,81,189,32,105,85,115,157,177,92,191,34,102,183,56,158,178,196,39,69,106,167,185,28,58,156,136,72,199,90,188,31,79,147,165,38,195,111,59,186,77,152,161,151,179,197,40,70,182,55,164,123,169,145,146,192,65,47,174,171,159,103,68,86,99,142,160,33,190,175,18,48,168,82,181,54,172,45,180,23,53,170,43,75,194,67,130,131,63,88,110,155,114,148,135,52,62,150,107,120,100,118,93,121,129,91,73,64,60,
72,69,56,55,49,61,83,84,30,47,58,85,21,170,97,51,127,71,122,78,37,186,25,174,164,126,44,193,183,66,96,31,180,168,112,109,94,92,101,68,57,196,194,45,43,192,182,41,190,81,108,104,184,35,59,198,178,39,188,135,52,191,189,40,62,199,60,150,107,120,100,118,93,121,129,91,73,64,176,27,142,90,54,79,65,67,157,143,179,177,99,105,95,70,173,159,153,123,111,169,86,175,145,146,171,32,181,77,166,63,160,152,161,151,138,125,113,117,132,137,119,53,136,147,106,195,102,88,185,82,172,75,139,103,197,163,149,124,116,187,115,158,144,134,141,167,140,156,128,162,165,154,133,148,131,130,114,155,110,
40,93,107,150,62,32,27,100,120,118,18,17,154,91,73,121,129,64,135,52,189,60,197,39,176,28,165,36,173,23,160,148,114,155,110,88,63,190,53,131,130,67,194,75,43,180,170,33,45,182,172,54,191,181,82,41,178,168,48,185,175,38,142,99,86,195,58,68,103,159,171,34,174,47,184,65,192,55,146,145,169,123,164,70,179,151,161,152,77,186,59,196,111,147,79,188,90,199,72,136,156,167,106,69,158,56,193,183,102,92,177,157,115,85,105,81,163,26,141,162,149,124,94,104,116,139,143,153,97,95,137,108,187,138,117,125,119,198,101,144,134,113,166,128,133,132,140,
122,78,127,51,19,176,55,56,69,72,38,195,33,190,47,32,189,97,58,85,25,182,164,126,44,183,66,96,31,188,170,168,112,109,94,92,101,68,57,196,39,194,43,180,41,198,81,108,104,45,184,27,59,178,135,52,191,62,199,60,150,107,120,100,118,93,121,129,91,73,64,142,90,193,54,79,65,67,157,143,40,197,179,177,99,105,95,70,173,159,153,123,111,169,86,175,145,146,174,35,192,171,77,166,63,160,152,161,151,138,125,113,117,132,137,119,53,136,147,106,102,88,185,82,172,75,139,103,163,149,124,116,187,115,186,158,144,134,141,167,140,156,128,162,181,165,154,133,148,131,130,114,155,110,48,
96,36,57,109,112,140,132,133,128,173,27,154,166,113,134,144,101,198,119,125,117,138,187,108,137,95,184,97,176,153,143,139,116,193,104,94,124,149,162,141,163,81,189,105,85,115,157,177,92,191,102,183,56,158,178,196,69,106,167,185,58,156,136,72,199,90,188,79,147,165,38,111,59,186,77,152,34,161,151,179,197,70,182,55,164,123,169,145,146,192,65,47,174,171,159,103,68,195,86,99,142,160,33,175,48,168,41,82,181,54,172,45,180,53,170,43,75,194,67,130,131,190,63,88,110,155,114,148,23,32,135,52,62,150,107,120,100,118,93,121,129,91,73,64,39,40,60,28,31,
91,73,121,129,64,135,52,60,39,28,36,23,148,114,155,110,88,63,190,131,130,67,194,75,43,170,53,180,45,172,54,181,82,41,168,48,175,33,160,142,99,86,195,68,103,159,171,174,47,65,192,146,145,169,123,164,55,182,70,197,179,151,161,34,152,77,186,59,111,38,165,147,79,188,90,199,72,136,156,58,185,167,106,69,196,178,158,56,183,102,191,92,177,157,115,85,105,189,81,163,141,162,149,124,94,104,193,116,139,143,153,26,176,97,184,95,137,108,187,138,117,125,119,198,101,144,134,113,166,154,173,128,133,132,140,
118,120,100,91,73,121,129,64,135,52,60,39,28,36,23,148,114,155,110,88,63,190,131,130,67,194,75,43,170,53,180,45,172,54,181,82,41,168,48,175,33,160,142,99,86,195,68,103,159,171,174,47,65,192,146,145,169,123,164,55,182,70,197,179,151,161,34,152,77,186,59,111,38,165,147,79,188,90,199,72,136,156,58,185,167,106,69,196,178,158,56,183,102,191,92,177,157,115,85,105,189,81,163,141,162,149,124,94,104,193,116,139,143,153,26,176,97,184,95,137,108,187,138,117,125,119,198,101,144,134,113,166,154,173,128,133,132,140,
55,56,69,72,38,33,47,32,97,58,85,25,164,126,44,183,66,96,31,170,168,112,109,94,92,101,68,57,196,194,43,182,180,41,81,108,104,45,184,59,198,178,39,135,52,191,189,62,199,60,150,107,120,100,118,93,121,129,91,73,64,176,142,90,193,54,79,65,67,157,143,40,179,177,99,188,105,95,70,173,159,153,123,111,169,86,175,145,146,174,35,171,77,166,27,63,160,152,161,151,138,125,113,117,132,137,119,190,53,192,136,147,106,195,102,88,185,82,172,75,139,103,197,163,149,124,116,187,115,186,158,144,134,141,167,140,156,128,162,181,165,154,133,148,131,130,114,155,110,
98,74,35,42,24,22,161,50,189,76,89,87,46,185,53,192,54,193,65,79,30,169,167,105,95,84,83,70,61,198,37,176,174,164,78,122,71,63,190,51,67,194,57,196,77,125,52,191,179,40,127,188,49,178,44,183,181,171,153,138,126,137,119,113,109,112,96,66,175,64,173,102,117,132,75,184,166,154,168,82,195,86,172,151,60,199,197,187,186,180,62,146,130,131,145,147,162,123,114,163,177,110,156,158,99,136,149,160,143,139,141,165,142,157,155,111,182,73,103,88,106,140,133,135,148,152,170,144,134,128,124,116,115,91,129,121,93,118,100,120,107,150,159,
97,51,127,71,122,78,37,25,164,126,44,183,66,96,31,170,168,112,109,94,92,101,68,57,196,194,43,182,180,41,81,108,104,45,184,59,198,178,39,135,52,191,189,62,199,60,150,107,120,100,118,93,121,129,91,73,64,176,142,90,193,54,79,65,67,157,143,40,179,177,99,188,105,95,70,173,159,153,123,111,169,86,175,145,146,174,35,171,32,77,166,63,160,152,161,151,138,125,113,117,132,137,119,190,53,192,136,147,106,195,102,88,185,82,172,75,139,103,197,163,149,124,116,187,115,186,158,144,134,141,167,140,156,128,162,181,165,154,133,148,131,130,114,155,110,
50,76,89,87,46,53,54,65,79,30,167,105,95,84,83,70,61,198,37,174,164,78,122,71,63,190,67,194,57,77,125,52,189,179,127,51,188,178,44,181,171,153,138,126,137,119,113,109,112,96,66,193,175,64,191,173,102,117,132,75,184,166,154,168,82,195,86,172,151,169,60,197,187,186,49,180,199,62,146,130,192,131,145,147,162,123,176,161,114,163,177,40,110,156,158,196,99,136,149,160,143,139,141,165,142,157,155,111,182,73,103,88,185,106,140,133,135,148,152,170,144,134,128,124,116,183,115,91,129,121,93,118,100,120,107,150,159,
148,114,155,110,88,63,131,130,67,75,43,53,45,54,82,41,48,33,142,99,86,195,103,159,171,174,65,146,145,169,123,164,55,70,179,151,161,152,77,186,111,38,147,168,59,79,188,90,199,136,47,156,58,167,106,72,181,69,178,158,56,165,102,191,92,68,177,157,115,194,85,105,189,170,81,190,163,141,175,162,149,124,183,94,104,193,116,139,143,34,172,153,176,97,184,95,137,108,197,187,138,117,196,125,119,198,101,160,144,180,134,192,113,166,154,173,182,128,133,132,185,140,
70,49,61,89,87,83,84,76,46,50,37,164,78,122,71,198,63,190,67,194,77,125,52,179,127,51,178,44,171,153,138,126,137,119,113,109,112,96,66,193,175,64,191,173,102,117,132,75,184,57,166,154,168,82,195,86,172,151,169,42,60,187,174,186,180,199,146,62,189,130,192,131,145,147,162,123,176,161,181,114,163,177,110,156,158,196,99,136,149,160,143,139,141,165,142,157,155,167,111,182,73,103,88,197,185,106,140,133,135,148,152,170,144,134,128,124,116,183,115,188,91,129,121,93,118,100,120,107,150,159,
126,44,66,96,31,168,112,109,94,92,101,68,57,194,43,180,81,108,104,45,182,59,196,41,178,135,52,189,62,199,150,107,120,100,118,93,121,129,91,73,64,39,176,142,90,193,79,65,67,170,54,191,157,143,40,177,99,188,105,95,198,184,70,173,159,153,164,123,111,169,86,175,145,146,174,171,77,166,63,160,152,161,151,138,125,113,117,132,137,119,190,53,179,136,147,106,195,102,88,185,82,172,35,75,139,192,103,60,197,163,149,124,183,116,187,115,186,158,144,134,141,167,140,156,128,162,181,165,154,133,148,131,130,114,155,110,
82,54,53,45,36,48,33,142,99,86,195,103,159,171,174,65,146,145,169,123,164,55,70,179,151,161,152,77,186,111,38,147,168,59,79,188,90,199,136,47,156,58,167,106,72,181,69,178,158,56,165,102,191,92,68,177,157,115,194,85,105,189,170,81,190,163,141,175,162,149,124,183,94,104,193,116,139,143,34,172,153,176,97,184,95,137,108,197,187,138,117,196,125,119,198,101,160,144,180,134,192,113,166,154,173,182,128,133,132,185,140,
85,58,97,32,169,94,92,101,68,43,180,81,108,104,45,182,59,196,41,178,135,52,189,62,199,150,107,120,100,118,93,121,129,91,73,64,39,176,142,90,193,79,65,168,67,170,54,191,157,143,40,177,99,188,105,194,95,198,184,47,70,173,159,153,164,123,111,86,175,145,146,174,171,77,166,63,160,152,161,151,138,125,113,117,132,137,119,190,53,179,136,147,106,195,102,88,185,82,172,75,139,192,103,60,197,163,149,124,183,116,187,115,186,158,144,134,141,167,140,156,128,162,181,165,154,133,148,131,130,114,155,110,
53,45,54,82,41,48,33,142,99,86,195,103,159,171,174,65,146,145,169,123,164,55,70,179,151,161,152,77,186,111,38,147,168,59,79,188,90,199,136,47,156,58,167,106,72,181,69,178,158,56,165,102,191,92,68,177,157,115,194,85,105,189,170,81,190,163,141,175,162,149,124,183,94,104,193,116,139,143,34,172,153,176,97,184,95,137,108,197,187,138,117,196,125,119,198,101,160,144,180,134,192,113,166,154,173,182,128,133,132,185,140,
119,80,98,74,152,159,129,161,164,148,177,131,192,49,146,126,130,118,120,174,194,121,145,163,153,162,196,107,170,171,191,112,155,169,185,198,109,127,151,179,187,96,193,114,183,197,100,189,199,110,195,122,136,149,166,154,160,168,71,156,175,78,167,150,158,61,178,186,89,176,184,87,172,181,84,83,180,188,91,173,76,165,123,182,190,93,141,157,135,143,46,147,50,142,139,42,88,51,103,106,140,133,66,111,99,73,57,82,144,134,128,124,116,86,115,62,60,75,132,117,102,64,
105,95,84,83,70,61,37,164,78,122,71,198,63,190,67,194,77,125,52,179,127,51,178,44,171,153,138,126,137,119,113,109,112,96,66,193,175,64,191,173,102,117,132,75,184,57,166,154,168,82,195,86,172,151,169,60,187,174,186,180,199,146,62,189,130,192,131,145,147,162,123,176,49,161,181,114,163,177,110,156,158,196,99,136,149,160,143,139,141,165,142,157,155,167,111,182,73,103,88,197,185,106,140,133,135,148,152,170,144,134,128,124,116,183,115,188,91,129,121,93,118,100,120,107,150,159,
112,109,94,92,101,68,57,43,81,108,104,45,59,41,135,52,62,150,107,120,100,118,93,121,129,91,73,64,39,142,90,193,79,182,65,168,67,170,54,157,143,40,99,188,105,194,95,198,184,70,173,159,153,164,123,111,169,86,189,175,145,146,174,171,77,180,166,63,160,152,161,151,138,125,196,113,117,132,137,119,190,179,136,147,106,195,177,102,191,88,185,82,172,178,75,139,192,103,60,163,149,124,183,116,199,187,115,186,158,144,197,134,141,167,140,156,53,128,162,181,165,154,133,176,148,131,130,114,155,110,
94,92,101,68,43,81,108,104,45,59,41,135,52,62,150,107,120,100,118,93,121,129,91,73,64,39,142,90,193,79,182,65,168,67,170,54,157,143,40,99,188,105,194,95,198,184,70,173,159,153,164,123,111,169,86,189,175,145,146,174,171,77,180,166,63,160,152,161,151,138,125,196,113,117,132,137,119,190,179,136,147,106,195,177,102,191,88,185,82,172,178,75,139,192,103,60,163,149,124,183,116,199,187,115,186,158,144,197,134,141,167,140,156,53,128,162,181,165,154,133,176,148,131,130,114,155,110,
99,86,103,159,171,174,146,145,169,123,164,70,151,161,152,77,111,38,168,79,179,90,136,47,147,58,106,195,72,69,158,56,102,191,181,92,68,157,115,194,105,189,170,81,163,141,175,162,149,177,124,183,94,104,193,116,139,178,143,172,153,176,97,186,184,95,167,137,108,197,187,138,59,85,117,196,165,125,199,119,198,190,101,160,144,55,188,180,156,134,192,113,166,154,65,173,182,128,133,142,132,185,140,
164,123,169,145,146,174,171,159,103,151,161,152,77,111,65,38,168,79,179,90,136,47,147,58,106,195,72,69,158,56,102,191,181,92,68,157,115,194,105,189,170,81,163,141,175,162,149,177,124,183,94,104,193,116,139,178,143,172,153,176,97,186,184,95,167,137,48,108,197,187,138,59,85,117,196,165,125,199,119,198,190,101,160,144,55,188,180,156,134,192,113,166,154,173,182,128,133,142,132,185,140,
109,112,96,66,40,167,79,65,192,64,191,73,91,129,121,93,118,100,120,107,150,62,189,54,181,105,95,70,197,52,179,149,135,125,77,174,113,119,137,138,67,194,164,60,187,157,148,131,130,114,155,110,199,102,75,172,154,132,117,196,99,115,86,183,175,165,82,171,161,153,144,134,128,124,195,106,116,133,140,185,88,177,103,182,188,178,170,160,63,190,159,146,145,169,111,152,151,147,123,141,143,163,139,198,184,57,193,180,53,176,142,162,136,186,168,173,158,166,156,
179,168,56,69,55,72,47,102,181,68,115,194,189,170,163,191,141,175,162,149,177,124,183,104,79,158,116,195,139,178,143,172,153,176,97,184,105,167,58,137,108,187,138,59,85,117,196,165,125,199,90,119,198,190,81,160,144,197,188,180,101,156,134,157,192,113,166,154,92,94,173,95,182,128,186,133,142,132,185,140,193,48,
78,122,71,63,67,77,125,52,127,51,44,153,138,126,137,119,113,109,112,96,66,175,64,173,102,117,132,75,184,57,166,154,164,168,191,82,195,86,172,151,169,60,174,186,180,199,146,187,171,62,130,192,131,198,145,194,147,162,123,176,179,161,181,193,114,163,177,189,110,156,158,178,196,99,136,149,160,143,139,141,165,142,157,155,167,111,182,73,103,88,197,185,106,140,133,135,148,152,170,144,134,128,124,116,183,115,188,91,129,121,190,93,118,100,120,107,150,159,
168,179,136,147,106,72,69,56,47,102,181,68,115,194,189,170,163,191,141,175,162,149,177,124,183,104,79,158,116,195,139,178,143,172,153,176,97,184,105,167,58,137,108,187,138,59,85,117,196,165,125,199,90,119,198,190,81,160,144,197,188,180,101,156,134,55,157,192,113,166,154,92,94,173,95,182,128,186,133,142,132,185,140,193,
90,79,65,67,54,143,99,188,105,194,95,184,70,159,153,164,123,111,169,86,175,145,146,174,171,77,166,160,152,161,151,138,125,196,113,117,132,137,119,190,168,179,136,147,106,195,189,177,102,191,185,173,172,178,139,192,103,60,149,124,183,116,199,187,115,198,186,158,170,144,197,134,163,141,167,193,140,156,128,162,181,182,165,157,154,133,176,180,142,53,148,131,130,114,155,110,75,82,88,63,
79,65,64,73,91,129,121,93,118,100,120,107,150,62,54,105,95,70,52,149,135,125,77,174,113,119,137,138,67,164,60,157,148,131,130,114,155,110,199,102,75,172,154,132,117,196,99,191,181,115,194,86,183,175,165,82,179,171,161,153,144,134,128,124,195,106,116,187,133,140,185,88,177,103,192,182,188,178,170,160,63,159,146,145,169,111,190,152,151,147,123,141,143,163,139,198,184,193,180,176,142,162,197,136,189,186,168,173,167,158,166,156,53,
82,59,54,45,142,104,99,196,90,187,86,183,108,81,178,79,176,103,159,171,174,77,146,145,169,123,164,160,180,133,154,166,157,165,185,182,181,162,65,128,199,102,156,140,193,167,70,194,141,191,163,134,144,170,158,189,116,195,197,124,149,139,143,172,153,173,175,177,147,136,106,179,95,192,168,186,113,119,137,132,115,188,190,117,198,125,151,161,152,105,184,111,138,53,
142,50,46,135,157,141,93,182,123,139,165,76,91,180,84,173,83,172,87,176,89,178,61,150,167,78,156,71,160,154,158,166,143,149,136,122,195,110,199,189,100,183,114,193,187,179,151,127,188,109,198,96,185,175,169,155,147,112,191,171,170,168,107,196,186,162,153,163,145,121,194,174,181,120,118,197,130,126,146,192,131,177,148,164,161,129,190,184,159,152,
108,90,79,65,75,82,67,130,131,53,142,180,176,133,154,157,165,182,181,162,128,156,140,193,167,141,163,134,197,144,170,158,186,198,115,187,199,116,183,124,149,103,192,139,178,172,173,185,191,102,177,189,195,106,147,136,179,168,190,119,137,132,117,113,196,125,138,151,161,152,63,160,166,77,171,174,146,145,175,86,169,111,123,164,153,159,70,184,95,194,105,188,99,143,54,
138,126,137,119,113,109,112,96,66,64,102,117,132,75,57,154,164,173,168,191,175,195,184,172,151,169,174,186,180,199,146,187,171,130,192,131,198,145,194,147,153,162,123,176,179,82,161,181,193,114,163,177,189,110,156,158,178,196,99,166,136,149,160,143,139,141,165,142,157,60,155,167,111,182,103,88,185,106,140,133,135,148,152,170,73,144,134,128,124,116,183,86,115,188,91,129,121,190,93,118,197,100,120,107,150,159,62,
104,99,90,86,108,81,79,103,159,171,174,146,145,169,123,164,160,180,176,133,154,166,157,165,142,185,182,181,162,128,199,156,140,193,167,194,141,191,163,134,144,170,158,187,189,116,183,195,197,124,149,139,143,172,153,173,175,102,177,147,136,106,179,95,168,186,113,192,119,137,132,115,188,190,117,196,198,125,151,161,152,77,178,105,184,111,138,65,70,
157,141,93,123,139,165,91,84,83,87,89,61,167,156,71,150,154,158,166,143,160,149,136,122,195,110,189,183,114,193,187,100,179,173,78,151,127,188,109,96,175,169,155,76,176,147,112,191,185,171,182,170,168,107,186,180,162,153,163,145,198,121,194,174,181,120,199,118,197,130,126,146,192,131,196,135,178,177,148,164,161,129,190,172,184,159,152,
102,68,115,189,170,163,191,141,175,162,149,177,124,183,79,116,139,178,143,172,153,176,97,184,167,58,108,138,85,194,117,165,125,199,90,119,137,190,81,144,197,160,105,158,188,180,156,187,134,157,104,196,192,166,113,101,154,198,92,94,173,95,182,128,181,186,133,195,142,132,185,140,193,59,
170,163,191,141,173,162,175,124,193,134,140,81,72,199,132,142,195,133,192,186,181,128,187,55,182,95,154,94,92,198,101,160,113,166,69,196,137,104,157,156,97,180,188,158,105,197,138,144,85,190,119,90,125,184,165,117,185,58,176,194,108,167,56,
93,91,123,139,141,165,142,157,61,167,88,156,71,150,154,158,166,143,160,149,136,122,195,110,189,183,114,193,187,100,179,173,78,151,127,188,109,96,175,169,155,176,147,112,191,185,171,182,170,168,107,186,180,162,153,163,145,198,121,194,174,181,120,199,118,197,130,126,146,192,131,196,135,178,177,148,164,161,129,190,172,184,159,152,
123,139,93,84,83,87,89,61,167,156,71,150,154,158,166,143,160,149,136,122,195,110,189,183,114,193,187,100,179,173,78,151,127,188,109,96,175,169,155,76,176,147,112,191,185,171,182,170,168,107,186,180,162,153,163,145,198,121,194,174,181,120,199,118,197,130,126,146,192,131,196,135,178,177,148,164,161,129,190,172,184,159,152,
127,126,103,106,140,133,66,149,111,194,164,173,168,185,170,189,179,96,191,152,175,195,112,182,99,178,184,172,188,151,196,159,169,174,91,186,180,193,110,199,146,187,171,88,183,100,197,114,130,192,109,131,198,145,147,153,162,190,107,123,176,93,161,181,163,177,167,156,73,154,158,166,136,160,143,139,141,165,142,157,155,148,135,129,121,118,120,150,
135,125,77,113,119,137,138,67,60,149,148,131,130,114,155,110,199,75,164,154,132,117,196,102,191,181,115,194,86,175,165,82,171,161,153,144,134,128,124,195,106,116,187,133,140,185,177,88,103,192,182,174,99,188,178,170,160,159,146,145,169,111,190,172,152,63,151,147,123,141,143,163,139,198,184,193,180,176,142,162,197,136,189,186,183,168,179,173,167,158,166,156,157,
180,176,133,154,157,165,142,182,181,162,128,156,140,193,167,141,163,134,197,144,170,158,186,198,115,187,199,116,183,124,149,103,192,139,178,172,173,185,191,102,177,189,195,106,147,136,179,168,190,119,137,132,117,113,196,125,138,151,161,152,160,166,77,171,174,146,145,175,86,169,111,123,164,153,159,70,184,95,194,105,188,99,143,54,
99,105,95,70,153,164,123,111,194,169,86,145,146,174,171,159,77,160,152,161,151,138,125,196,113,117,188,132,137,119,190,184,168,179,136,147,106,189,177,102,185,173,172,143,178,139,192,149,124,195,183,116,199,187,115,198,186,103,158,170,144,197,134,163,191,141,167,175,193,140,156,128,162,181,182,142,165,157,166,154,133,176,180,
162,175,124,193,140,185,132,142,195,133,186,181,128,182,95,173,94,92,198,154,101,113,166,192,196,104,157,134,187,156,180,188,158,105,160,197,144,81,190,137,119,90,199,125,165,117,194,85,138,108,58,167,184,97,176,
182,181,133,128,154,113,192,90,196,69,134,140,194,157,119,198,190,197,156,158,195,199,125,188,92,166,137,167,138,180,101,104,165,186,108,187,85,132,94,97,176,144,184,105,160,81,
164,173,168,191,175,195,184,172,151,169,174,186,180,199,146,187,171,130,192,131,198,145,194,147,153,162,123,176,179,82,161,181,193,114,163,177,189,110,156,154,158,178,196,99,166,136,149,160,143,139,141,165,142,157,155,167,111,182,103,88,185,106,140,133,135,148,152,170,73,144,134,128,124,116,183,86,115,188,91,129,121,190,93,118,197,100,120,107,150,159,62,
193,185,142,133,181,182,95,173,94,92,128,154,113,192,90,104,134,156,101,180,188,158,195,81,160,197,190,132,119,198,199,125,140,194,157,165,117,196,85,137,166,187,108,167,138,144,186,105,184,97,176,
153,172,143,178,139,116,104,90,108,79,197,138,183,124,177,149,117,176,142,185,173,162,193,134,175,141,191,132,163,170,189,95,154,182,181,140,199,81,119,160,133,192,195,187,128,180,105,188,158,156,190,115,198,157,194,165,113,196,137,166,125,184,167,144,186,
148,131,130,114,155,110,75,154,132,117,196,102,181,115,194,86,165,82,161,153,144,134,128,199,124,195,116,187,133,140,106,185,177,103,182,174,99,178,170,160,164,159,171,146,145,169,111,190,172,152,151,147,123,141,143,188,163,192,139,198,184,193,180,176,142,191,175,162,197,136,189,186,149,183,168,179,173,167,88,158,166,156,157,
167,156,71,154,158,166,143,160,149,136,122,195,110,183,114,187,100,173,78,151,127,188,96,169,155,176,147,112,185,171,109,182,170,168,107,180,162,153,150,163,145,198,121,194,174,181,120,193,179,118,191,130,189,199,126,146,192,131,196,135,178,177,148,164,161,197,129,190,172,175,184,159,186,152,
150,107,120,100,118,93,121,129,91,115,86,116,124,128,134,144,73,152,148,135,133,140,106,185,103,182,111,190,88,167,155,157,142,165,141,139,143,160,149,136,166,99,178,158,154,156,110,189,177,163,114,193,181,161,82,176,123,162,153,147,194,145,198,131,192,130,197,183,171,187,146,199,180,186,174,169,159,196,151,188,172,184,195,175,191,179,170,168,173,164,
131,130,67,138,117,132,137,119,113,196,102,185,115,198,86,169,82,165,153,144,134,128,199,116,124,195,187,133,140,106,189,177,103,186,174,99,182,170,160,164,159,171,146,145,111,194,172,152,161,151,147,123,141,143,188,163,192,139,181,184,190,193,180,176,142,191,175,162,197,136,149,178,183,168,179,173,167,158,75,166,156,154,157,
129,121,115,86,116,124,128,134,144,73,152,148,135,133,140,106,185,103,182,111,190,88,167,155,157,142,165,141,139,143,160,149,136,166,99,178,158,154,156,110,189,177,163,114,193,181,161,82,176,123,162,153,147,194,145,198,131,192,130,197,183,171,187,146,199,180,186,174,169,159,196,151,188,172,184,195,175,191,179,170,168,173,164,
111,105,77,152,161,151,138,125,196,117,188,132,137,119,190,113,184,168,179,136,147,106,177,102,173,153,172,143,178,139,192,149,124,195,183,116,187,115,186,158,189,170,144,197,134,163,191,141,194,167,198,175,193,140,156,199,128,162,181,182,185,142,165,157,166,95,154,133,176,180,160,
111,164,173,168,185,170,189,179,191,152,175,195,182,178,184,172,188,151,196,159,169,174,186,180,193,199,146,187,171,183,197,130,192,131,198,145,194,147,153,162,190,123,176,161,181,114,163,177,110,167,156,154,91,158,166,136,149,160,143,139,141,165,142,157,155,88,148,135,129,121,93,118,100,120,96,112,109,107,150,99,
138,117,132,137,119,113,102,115,86,82,153,144,134,128,199,124,195,116,187,133,140,106,177,103,174,99,170,160,164,159,171,146,145,169,111,182,172,152,161,151,147,194,123,141,196,143,188,163,192,139,198,181,184,190,185,193,180,176,142,191,175,162,197,136,189,186,149,178,183,168,179,173,167,158,166,156,154,165,157,
170,163,191,90,176,184,105,186,144,138,167,108,187,166,137,196,117,165,157,194,140,125,199,198,119,132,190,197,160,81,195,158,188,180,101,156,134,192,113,154,128,95,182,181,133,104,173,124,175,193,162,185,142,141,
134,140,194,198,190,197,160,156,158,199,188,92,166,195,137,157,167,138,104,165,186,125,108,187,85,101,180,132,94,97,176,144,184,105,
164,123,111,169,145,146,174,171,159,77,152,161,151,138,125,196,117,188,132,137,119,190,113,184,168,179,136,147,106,177,102,173,153,172,143,178,139,192,149,124,195,183,116,187,115,186,158,189,170,144,197,134,163,191,141,194,167,198,175,193,140,156,199,128,162,181,182,185,142,165,157,166,154,133,176,180,160,103,
154,158,166,143,160,149,136,122,110,114,100,78,127,188,96,155,176,147,112,173,171,109,170,168,107,162,153,150,163,145,198,121,182,180,174,181,120,179,118,191,130,183,189,169,199,146,192,131,196,135,178,177,185,126,187,148,193,164,161,197,194,129,190,172,175,195,184,159,186,151,152,
144,176,94,132,180,85,187,125,108,186,165,97,104,101,138,167,157,137,195,166,92,
148,135,133,140,106,103,111,88,155,157,142,165,141,139,143,160,149,136,166,99,158,154,156,167,110,177,163,114,181,161,176,123,190,162,153,147,194,145,198,131,192,130,197,183,171,187,146,199,193,180,186,174,169,159,196,151,188,172,184,178,182,195,175,152,191,179,189,170,185,168,173,164,
194,177,178,159,183,192,148,171,179,150,196,155,185,126,191,198,169,199,189,98,127,174,122,193,164,197,
132,117,102,115,86,82,153,144,134,128,199,124,195,116,187,133,140,106,177,103,174,99,170,160,164,159,171,146,145,169,111,182,172,152,161,151,147,194,123,141,196,143,188,163,192,139,198,181,184,190,185,193,180,176,142,191,175,162,197,136,189,186,149,178,183,168,179,173,167,158,166,156,154,165,157,
190,188,89,87,172,168,199,161,192,159,183,148,179,178,177,135,197,171,150,194,127,129,196,155,185,191,198,169,174,189,122,126,193,164,
152,161,151,138,125,117,132,137,119,113,168,179,136,147,106,102,153,172,143,196,178,139,192,149,177,124,183,116,115,158,189,170,144,197,187,134,163,191,141,194,184,167,198,175,193,140,156,199,162,173,181,128,182,185,142,195,165,157,166,154,188,133,186,176,190,180,160,
127,96,155,176,147,112,171,109,168,107,162,153,150,163,145,198,121,180,174,181,179,120,191,183,130,189,169,199,146,192,196,178,118,177,185,126,148,193,164,173,161,197,135,194,188,129,172,190,131,182,170,175,195,184,159,187,186,151,152,
183,177,149,117,142,185,173,162,193,175,124,141,191,163,170,189,95,182,181,140,134,119,160,133,192,154,195,187,180,105,188,158,199,128,156,197,190,132,115,198,157,194,165,113,196,137,166,125,167,138,144,186,184,176,
197,193,122,174,127,98,189,199,169,198,191,155,196,150,179,171,
134,119,105,180,188,158,187,156,160,190,132,198,199,140,194,165,195,196,137,166,108,167,197,138,144,157,186,184,125,176,
144,134,128,124,116,133,140,106,103,99,160,164,159,171,174,146,145,169,111,172,152,161,151,147,194,141,196,143,188,182,163,192,139,198,181,184,123,153,190,185,193,180,176,187,195,142,191,175,162,199,170,197,136,189,186,149,178,183,177,168,179,173,167,158,166,156,154,165,157,
182,190,159,192,183,178,177,148,194,135,161,168,172,188,129,171,179,150,189,196,155,185,126,191,198,169,199,174,181,122,193,164,197,127,
190,182,159,192,183,178,177,148,194,135,161,168,172,188,129,171,179,150,189,196,155,185,126,191,198,169,199,174,122,193,164,197,127,
125,101,165,97,187,104,138,167,186,157,137,195,108,
164,116,128,124,134,144,115,133,140,103,159,171,174,146,145,169,111,172,152,161,151,147,194,141,196,143,188,182,163,192,139,198,181,184,123,153,190,185,193,180,176,187,195,142,191,175,162,199,170,197,136,160,189,186,149,178,183,177,168,179,173,167,106,158,166,156,154,165,157,
172,168,161,159,192,183,148,178,177,194,135,171,179,150,189,196,155,185,126,191,198,169,199,174,122,193,164,197,127,
157,142,165,141,139,143,160,149,136,166,158,154,156,167,110,163,155,114,161,176,123,162,153,147,194,145,198,192,130,183,177,171,187,146,199,193,180,186,174,169,159,196,151,188,172,131,184,178,182,195,175,152,191,179,189,190,170,185,197,168,173,181,164,
172,168,161,159,192,183,148,178,177,194,135,171,179,150,189,196,155,185,126,191,198,169,199,174,122,193,164,197,127,
192,154,134,105,180,188,158,128,187,156,160,190,132,198,199,140,194,165,195,196,137,166,167,197,138,144,157,186,184,125,176,119,
165,139,143,160,149,136,166,158,154,156,167,123,148,135,129,110,163,155,114,161,176,162,153,147,194,145,198,192,130,183,177,171,187,146,199,193,180,186,174,121,169,159,196,151,188,172,131,184,178,182,195,175,152,191,179,189,190,170,185,197,168,173,181,164,
180,132,94,176,125,108,166,137,186,144,195,167,187,165,157,104,101,138,
139,143,160,149,136,166,158,154,156,167,123,118,100,159,121,180,155,148,135,194,129,188,120,179,114,173,161,176,162,153,147,163,145,192,130,189,177,171,187,146,193,183,186,174,169,110,196,151,198,172,131,190,178,184,182,195,175,152,199,191,170,185,197,168,181,164,
176,166,137,186,125,101,144,167,187,165,195,157,104,138,108,
182,181,134,119,133,192,154,105,180,188,158,128,187,156,160,190,132,198,199,140,194,165,195,196,137,166,167,197,138,144,157,186,184,125,176,113,
176,147,112,109,107,162,153,150,163,145,198,121,174,181,179,191,183,130,169,199,146,192,196,155,178,171,118,177,185,189,148,193,164,120,173,161,197,168,135,188,172,190,182,129,194,170,175,195,184,131,159,187,180,186,151,152,
165,138,

164,159,171,174,146,145,169,111,152,161,151,147,194,141,196,143,188,182,163,192,139,198,181,184,153,190,185,193,180,176,123,187,195,142,191,175,162,199,170,197,160,189,136,186,149,178,183,177,168,172,179,173,167,158,166,156,154,165,157,
121,155,148,135,129,120,114,161,176,162,153,147,194,163,145,192,130,177,171,187,146,193,180,183,186,174,169,159,196,151,198,188,172,131,178,184,182,195,175,152,199,191,179,189,190,170,185,197,168,173,181,164,
187,195,167,157,165,104,138,
153,172,143,178,139,149,177,183,116,115,158,189,170,144,187,163,191,141,184,134,124,167,198,175,193,156,199,162,173,181,182,185,142,196,165,128,194,157,166,195,154,197,188,133,176,192,190,186,180,160,140,
159,171,174,146,145,169,111,152,161,151,147,194,141,196,143,188,182,163,192,139,198,181,184,153,190,185,193,180,176,123,187,195,142,191,175,162,199,170,197,160,189,136,186,149,178,183,177,168,172,179,173,167,158,166,156,154,165,157,
157,195,165,138,
180,188,199,158,156,160,197,190,198,194,195,167,144,157,132,165,137,138,186,187,140,125,176,166,
147,143,142,141,140,184,158,187,176,199,197,160,180,186,157,190,198,139,192,133,188,154,156,195,136,166,194,165,196,167,179,172,168,177,183,178,149,189,170,175,191,162,193,185,173,181,163,182,153,
162,153,150,163,145,121,181,179,191,174,183,169,199,192,196,155,178,130,171,177,185,189,148,193,164,198,120,161,197,168,135,172,188,190,182,194,129,170,175,195,184,159,118,187,180,146,186,151,152,173,131,
195,138,187,165,157,167,
163,150,121,181,179,191,174,183,169,199,192,196,155,178,130,171,177,185,189,148,193,164,198,120,161,197,168,135,172,188,190,182,194,129,170,175,195,184,159,118,187,180,146,186,151,152,173,131,
155,114,161,176,162,153,147,194,163,145,192,130,177,171,187,146,193,180,183,186,174,169,159,196,151,198,188,172,131,178,184,182,195,175,152,199,191,179,189,190,170,185,197,168,173,181,164,
152,161,151,147,194,196,188,182,163,192,198,181,184,153,190,185,193,180,139,176,187,195,191,175,162,199,170,197,160,189,186,149,178,183,177,168,172,179,173,136,167,158,166,156,154,141,165,142,157,143,
184,195,175,150,194,182,190,188,129,172,135,168,197,161,198,164,193,148,185,177,171,178,155,192,120,199,169,183,174,191,189,159,196,179,181,121,
154,192,133,119,137,196,167,184,180,188,158,156,160,197,190,132,198,199,140,194,165,195,166,144,157,186,187,128,134,176,
176,162,153,147,163,145,130,171,187,146,180,183,186,174,169,159,196,151,192,188,172,131,184,182,195,175,178,193,152,191,179,189,190,161,198,170,199,177,194,185,197,168,173,181,164,
189,170,144,163,191,141,134,124,198,175,193,156,162,199,173,181,182,185,142,167,196,165,128,194,157,166,195,158,154,188,133,192,190,186,180,160,197,140,176,187,184,
183,177,170,189,149,184,158,187,176,199,140,197,160,180,186,157,190,198,192,133,188,154,156,195,166,194,165,196,167,141,175,191,163,182,181,173,185,193,162,142,
182,181,173,154,192,133,144,186,157,196,167,184,195,166,165,194,188,128,187,158,176,156,160,197,190,132,198,199,140,180,134,
184,195,175,170,194,182,190,188,129,172,135,168,197,161,198,164,193,148,185,177,171,178,155,192,120,199,169,183,174,191,189,159,196,179,181,121,
196,184,180,188,199,158,156,160,197,190,198,194,195,167,144,157,134,186,166,165,140,187,176,132,
182,190,188,129,172,168,197,161,164,193,135,194,148,177,171,178,155,185,199,198,169,183,174,191,192,189,159,196,179,181,
182,190,188,129,172,168,197,161,164,193,135,194,148,177,171,178,155,185,199,198,169,183,174,191,192,189,159,196,179,181,
199,198,191,174,155,196,150,179,189,171,
169,167,156,147,152,161,151,145,154,158,166,136,173,179,172,168,177,183,178,149,186,189,160,197,170,199,162,175,191,195,187,176,180,143,193,185,190,153,184,181,198,192,163,182,188,196,194,
175,193,162,173,181,182,185,142,167,196,165,194,166,195,156,154,188,133,192,198,190,157,186,180,160,197,140,199,176,187,158,184,
186,138,137,165,157,167,195,187,
171,193,199,198,191,169,197,174,155,196,150,179,189,164,
171,191,193,199,198,197,174,155,196,150,179,189,169,
196,184,195,165,188,187,176,199,166,158,156,160,197,167,190,198,194,140,186,157,180,134,
172,168,161,135,194,148,171,177,178,155,185,199,164,198,183,174,197,191,193,192,169,189,159,196,179,
187,180,146,183,186,174,171,169,159,196,151,188,172,184,182,195,175,178,192,193,191,179,189,152,190,161,198,170,199,177,194,185,197,168,173,181,164,
187,180,146,183,186,174,171,169,159,196,151,188,172,184,182,195,175,178,192,193,191,179,189,152,190,161,198,170,199,177,194,185,197,168,173,181,164,
176,166,186,157,144,167,187,165,195,
167,165,166,156,154,188,196,192,198,190,157,194,180,160,197,186,199,176,187,158,195,184,
186,194,198,190,167,197,160,156,158,166,199,176,140,187,188,165,195,180,157,184,
194,177,178,185,148,199,164,198,183,174,191,193,192,155,189,159,196,179,197,169,171,
179,172,168,177,183,178,149,189,160,170,199,175,191,162,195,187,176,186,197,180,193,185,173,190,184,181,198,192,163,182,153,188,196,194,
157,167,187,165,195,
165,
178,183,177,167,158,166,156,149,189,160,170,199,175,191,162,195,187,176,186,197,180,193,185,173,190,184,181,198,192,163,182,188,196,194,154,
194,198,190,167,197,160,156,158,166,186,199,176,187,188,165,195,180,157,
167,165,175,191,163,182,181,173,185,193,184,195,158,187,176,199,162,186,197,160,180,194,190,198,192,196,188,154,156,166,
185,182,181,173,167,165,166,156,154,188,196,192,198,190,157,194,180,160,197,186,199,176,187,158,195,184,
172,166,158,154,177,183,178,149,189,160,170,199,175,191,162,195,187,176,186,197,180,193,185,173,190,184,181,198,192,163,182,153,188,196,194,
186,157,167,187,165,195,
180,187,186,163,151,172,184,188,182,195,175,178,192,193,191,179,196,189,190,161,198,183,170,199,177,194,185,197,168,173,181,152,
186,174,171,169,159,151,172,184,188,182,195,175,178,192,193,191,179,196,189,190,161,198,183,170,199,177,194,185,197,168,173,181,152,
179,172,168,153,182,178,189,183,177,170,199,175,191,162,185,193,186,163,192,187,173,196,190,195,184,181,198,197,180,188,194,
192,164,183,174,193,155,196,189,179,198,197,169,191,199,171,
189,170,175,191,162,195,187,176,186,197,180,199,160,193,185,173,190,184,181,198,192,163,182,188,196,194,
196,174,
172,184,188,182,195,175,178,192,193,191,179,196,189,190,161,198,183,170,199,177,194,185,197,168,173,181,152,
173,168,185,194,177,199,183,197,198,161,189,196,179,191,193,192,178,170,175,195,181,182,188,190,184,172,
178,189,183,177,170,175,191,162,185,193,186,163,187,173,196,190,195,184,181,198,192,197,180,199,182,188,194,
196,192,188,198,190,194,160,180,197,186,199,176,187,195,184,
179,189,174,196,
180,166,186,176,187,195,
165,
180,186,176,187,195,
178,197,183,192,169,191,198,199,177,193,179,189,196,
199,180,197,186,176,187,195,
192,193,191,179,196,189,198,197,183,199,178,177,194,185,168,
193,185,186,187,173,190,195,184,181,198,192,197,180,199,182,188,196,194,
191,186,187,180,185,193,173,190,195,184,181,198,192,175,197,199,182,188,196,194,
197,174,169,191,198,199,193,171,179,189,196,

187,195,186,
195,
194,185,178,177,199,183,197,198,189,196,191,193,192,
198,199,193,179,189,196,191,
191,175,192,195,193,185,181,198,197,199,182,188,190,196,194,184,
191,179,189,174,196,
194,185,178,177,199,183,197,198,189,196,191,193,192,
195,184,181,192,197,199,188,198,190,196,194,182,

195,193,185,181,192,197,199,188,198,190,196,194,182,
187,195,186,
183,197,198,199,189,196,191,193,192,
183,197,198,199,189,196,191,193,192,
196,
187,195,186,
197,199,188,198,190,192,196,194,
197,199,188,198,190,192,196,194,
197,198,199,189,196,191,193,
195,194,190,198,188,199,197,
196,197,198,199,192,
195,
195,
199,198,197,
196,
199,198,197,
196,
199,198,197,196,
199,198,196,
199,198,197,





Past links sets, 

0,

1,
0,

3,

3,4,
4,6,
5,6,8,
2,7,
2,3,4,5,
5,11,
2,10,
2,7,5,4,3,
12,
9,14,
12,9,14,
11,12,15,
2,7,
4,3,13,
11,20,
16,17,18,
20,
19,21,
17,18,
13,16,14,19,
16,17,18,
7,
13,22,
8,16,25,
21,27,
19,26,23,28,
7,26,23,28,
20,25,
16,26,
21,24,30,
33,34,
18,31,17,32,
31,22,32,35,
23,28,31,32,
24,29,
23,31,32,
25,37,
26,41,
22,42,
27,36,38,
15,34,36,
24,29,0,30,
22,42,
15,29,37,
18,17,37,40,
26,43,41,40,39,
53,
13,38,48,
13,38,48,
10,44,29,35,31,
47,55,
41,47,
29,39,44,52,
46,4,49,50,
40,57,
39,43,52,
17,44,29,40,18,
33,34,45,40,43,39,
35,44,51,
63,
31,32,47,
56,
24,54,45,30,33,
37,61,
13,38,48,
51,62,64,
20,29,
60,63,
46,5,50,
52,65,70,
15,71,
39,59,45,40,43,
29,
68,58,59,45,56,
26,41,67,62,75,64,
46,0,30,50,
46,30,50,
58,69,72,
33,54,45,67,62,75,64,
76,
23,73,66,60,49,
76,
39,43,68,58,59,45,56,
17,66,46,18,62,49,
31,72,32,69,58,
9,46,66,62,50,49,
92,
30,79,68,58,54,65,
16,66,8,78,
21,85,
74,80,
45,82,73,33,66,54,
71,18,93,
68,85,94,
75,47,67,77,
34,86,82,73,70,
45,59,101,
69,81,90,95,
86,38,82,77,73,
9,62,96,
43,81,85,94,
10,31,96,
71,91,88,93,
65,99,103,
10,31,96,
95,44,77,67,56,
100,110,
79,86,102,
59,86,82,102,
58,67,77,75,79,68,
18,93,107,109,
29,81,90,113,
100,112,118,
64,118,112,100,91,
15,71,74,80,89,84,87,83,
103,93,88,99,91,
68,82,55,115,
77,94,85,105,
44,74,78,89,51,84,87,83,
74,80,12,78,89,51,84,87,83,
117,82,115,90,113,
121,76,120,84,83,
63,107,109,114,
63,107,109,114,
105,92,117,119,
106,117,116,124,113,
69,119,128,
52,129,89,87,73,
71,106,111,123,
113,125,
44,67,125,104,108,97,
59,88,111,106,91,102,93,
134,124,105,116,106,
48,46,68,88,116,111,106,115,
42,88,58,124,116,111,106,
59,71,123,111,106,102,
94,115,82,132,
107,114,123,
99,103,130,131,
96,123,114,111,106,
23,74,60,135,
79,143,139,136,116,
107,109,127,122,112,126,
77,145,111,146,
151,
136,143,107,147,
90,133,143,142,141,139,
110,127,122,148,126,
61,123,133,142,141,140,139,
46,108,133,144,142,104,137,140,
133,139,143,142,141,140,
74,135,146,
140,149,154,
89,129,87,152,
141,124,149,153,
109,153,149,145,141,
34,70,99,131,148,126,86,130,
138,91,141,157,
94,132,143,156,
61,140,141,108,142,144,133,139,137,123,101,
147,36,136,161,
123,127,159,164,
48,68,115,153,118,152,149,
122,127,146,164,
87,89,129,152,143,147,136,
117,162,163,152,142,
150,155,171,
112,124,163,170,
96,94,160,114,158,156,132,
79,116,139,172,168,153,159,
139,172,168,153,159,
36,171,161,136,147,169,155,
131,156,130,163,92,158,162,160,
56,83,95,175,120,173,121,
56,83,84,95,175,120,173,121,
177,148,178,
173,170,154,112,134,
142,175,172,74,162,135,168,
125,180,176,144,166,146,
101,108,137,180,176,166,144,
76,182,181,184,140,
115,183,149,171,169,155,
76,182,181,184,140,
163,183,171,170,169,
154,177,185,182,148,181,178,
58,183,175,169,162,
135,168,74,140,184,182,172,181,
104,167,187,184,186,175,
119,128,150,179,193,192,191,189,
127,160,164,183,194,192,190,188,
122,188,194,193,192,190,
122,188,194,160,193,192,190,
Future links sets, 
83,49,4,1,
3,
20,11,12,14,15,
21,6,8,12,15,
61,21,8,9,12,15,
76,10,15,12,13,
10,9,
34,11,15,20,29,
96,31,10,
93,18,107,17,
112,57,109,14,
22,19,13,
127,19,18,16,
72,56,21,27,30,55,
18,27,17,
19,48,122,78,51,
96,36,23,28,27,31,
91,64,52,23,26,28,39,
91,64,118,52,100,23,26,28,39,
33,27,25,
35,74,24,22,
97,37,32,25,
46,50,40,30,
148,88,33,43,34,41,
70,49,42,37,
44,35,31,
82,53,33,36,34,45,
47,32,
41,34,33,
80,74,119,64,42,57,60,49,51,
95,84,49,37,70,83,
92,112,68,57,39,40,41,109,43,
92,68,39,40,41,43,
99,38,65,70,86,
38,48,103,164,65,
66,57,40,
179,168,48,47,
52,71,51,44,
106,47,72,55,56,
90,79,53,63,60,65,
79,65,52,62,53,64,
82,59,53,45,
142,50,46,
108,53,63,65,90,79,
138,113,57,126,60,64,66,
104,99,86,65,90,79,70,81,
141,93,157,91,76,61,83,84,
102,59,68,58,
170,55,56,141,72,
93,88,91,61,
93,76,61,83,84,
127,73,126,66,
77,63,135,60,
54,
99,86,95,70,
124,58,
182,181,81,90,69,113,
62,
193,142,117,95,85,90,81,92,
143,139,116,104,81,79,90,
148,88,75,
167,156,71,
107,73,93,82,86,91,
131,130,75,67,
121,86,82,73,
111,95,77,
99,88,93,91,96,
138,117,82,86,102,113,
170,141,124,81,101,90,117,95,
134,92,105,85,
164,103,77,
136,143,110,78,100,122,
92,85,
135,103,88,99,106,
194,185,98,122,127,159,148,126,
86,117,102,82,
190,87,129,89,188,
151,125,117,106,102,113,
127,126,96,
177,115,95,117,149,
127,122,98,
119,108,105,
144,124,99,103,128,106,116,
122,182,127,181,126,129,
122,182,127,126,129,
125,108,101,97,
164,103,106,116,115,
172,161,122,127,126,135,
142,110,123,139,141,
172,161,122,127,126,135,
128,154,119,105,
165,110,121,123,139,
180,132,94,
139,100,110,118,123,
176,101,108,125,166,144,
182,181,113,105,
176,107,112,147,109,
138,

164,123,146,111,
121,120,114,
187,167,104,
143,139,116,115,
123,146,111,
195,157,138,
132,140,125,
143,142,141,133,147,136,139,140,
150,118,130,145,153,131,
187,167,157,138,
118,163,130,150,131,
155,114,
151,143,147,136,141,139,142,
184,150,120,175,121,
137,133,128,119,
176,130,145,131,147,
189,170,124,144,128,141,
149,177,133,140,141,142,
132,173,133,128,
121,170,120,
196,134,132,
182,181,129,
182,181,129,
150,199,155,171,198,
143,167,156,145,169,136,147,
133,175,142,140,162,
186,138,137,
164,155,150,
197,150,155,169,171,
196,134,
172,161,135,
180,164,146,
180,164,146,
176,166,144,
154,167,156,157,158,
184,140,
185,194,159,148,
149,153,179,168,172,
187,167,157,
165,
177,149,154,178,167,156,158,
194,188,167,156,190,157,158,160,
163,165,154,167,156,158,162,
185,173,154,167,156,157,158,
172,166,149,154,153,158,
186,187,167,157,
163,151,
159,186,171,151,
179,172,168,153,
192,183,164,155,
189,160,170,162,163,
196,174,
152,
173,172,170,161,
178,162,177,163,170,
192,184,160,
189,179,174,
180,176,166,
165,
180,176,
178,177,169,
199,197,180,176,
179,168,
185,180,193,173,
191,180,175,173,
197,171,169,

187,186,
195,
194,185,178,177,
193,191,189,179,
191,184,175,
191,189,179,174,
194,185,178,177,
184,182,181,

195,181,185,182,193,
187,186,
192,183,
192,183,
196,
187,186,
194,192,190,188,
194,192,190,188,
197,193,191,189,
194,195,190,188,
192,
195,
195,
199,198,197,
196,
199,198,197,
196,
199,198,197,196,
199,198,196,
199,198,197,





Coordinates,
-11.2651,9.91723,
-10.9087,9.81377,
-10.1424,8.10725,
-10.43,9.46423,
-10.3726,9.27462,
-10.1335,8.71784,
-9.7291,9.96582,
-8.54355,6.81162,
-9.41029,9.60777,
-9.30591,9.9151,
-9.03877,9.46605,
-8.09967,7.00079,
-8.36342,8.27556,
-7.57107,7.02002,
-8.10103,8.82328,
-7.51469,7.50141,
-7.65571,8.17745,
-7.7672,8.78762,
-7.74717,8.72594,
-7.33878,7.53865,
-6.11862,5.3793,
-6.67669,6.73333,
-5.57334,5.30797,
-6.76985,8.19378,
-5.21189,4.95656,
-6.11296,6.66351,
-6.8635,8.97434,
-6.30954,7.51696,
-6.57242,8.72016,
-4.24734,4.14575,
-5.14025,5.41926,
-5.60314,6.83727,
-5.68865,7.11075,
-5.97766,8.53095,
-5.98407,8.70417,
-4.96676,6.069,
-5.97689,9.41217,
-4.20112,5.11572,
-5.46605,8.84326,
-4.62756,6.59544,
-4.27987,6.1423,
-4.69942,7.33737,
-2.0145,3.3977,
-4.50941,6.87547,
-3.43492,4.92174,
-4.3932,7.30029,
-1.54549,3.33059,
-4.70642,8.65294,
-4.89233,9.43951,
-1.82859,3.65537,
-0.90341,3.04952,
-2.2644,4.17829,
-3.30184,5.67958,
-3.55118,6.56588,
-3.48417,6.57183,
-4.28801,9.10171,
-4.25231,9.33555,
-2.323,4.81313,
-4.04126,9.06656,
-3.6789,7.99809,
-2.38826,5.15114,
-0.160488,3.03819,
-2.12581,4.79344,
-2.77666,5.87687,
-2.19259,4.93279,
-3.15578,6.87184,
-1.29876,3.96303,
-2.58075,5.8261,
-3.51908,8.29222,
-3.84755,9.47846,
-2.63825,6.16644,
0.152338,3.0464,
-3.77741,9.87337,
-1.47945,4.56005,
1.17552,1.31038,
-1.9591,5.41727,
3.04134,1.68706,
-2.21484,6.36171,
1.6774,2.65076,
-2.51575,7.33865,
0.178653,0.568558,
-2.76128,8.38439,
-1.25743,5.03878,
4.45255,1.82246,
3.82475,1.7568,
-3.06125,9.61799,
-1.31201,5.27811,
2.63739,1.53599,
-0.449297,4.20685,
2.4881,1.49104,
-2.44729,8.03286,
0.0435526,3.73704,
-2.67262,9.01685,
0.416245,3.52395,
-2.53841,9.08256,
-1.80389,7.46602,
2.19423,2.74139,
-2.4669,9.67189,
0.435266,0.0570059,
-0.109011,4.55665,
1.80353,3.00268,
-2.16588,9.29909,
-0.750268,5.91946,
0.00313571,4.69034,
-1.89963,9.14504,
-1.37428,7.65109,
-0.181472,5.13557,
3.02891,2.63361,
-1.73441,8.86222,
3.97715,2.40169,
2.01684,3.11364,
0.279929,4.75537,
8.1434,2.05763,
-0.599422,6.67564,
2.48565,3.0134,
-0.16796,5.87105,
0.0760367,5.55442,
-0.335291,6.41075,
7.46458,2.09243,
-0.262335,6.58384,
8.33847,1.9339,
11.7195,1.98763,
2.10986,0.487583,
1.68751,3.87286,
0.328904,5.7593,
-0.433513,7.61252,
2.67713,0.805746,
2.30341,0.545137,
0.440461,6.06095,
5.15765,1.59986,
5.06681,2.44307,
5.01115,2.45814,
0.299263,6.83364,
0.821309,5.72385,
0.637883,6.1713,
4.54418,1.36699,
2.53023,3.73331,
0.297991,7.29802,
0.44263,7.44906,
2.20728,4.26136,
1.10861,5.92447,
1.82846,4.77585,
1.61156,5.1232,
2.49074,4.03953,
1.04006,6.49539,
4.68261,2.74885,
5.84195,2.45033,
4.22116,3.03656,
4.05698,0.843413,
3.0071,3.95894,
3.39762,0.114753,
6.64941,2.38187,
6.9078,2.34302,
4.65635,3.1196,
3.42781,4.23497,
4.00718,0.186648,
3.60281,4.65053,
3.0973,5.5662,
3.78659,4.5441,
5.99301,1.15524,
4.01478,4.34027,
6.83557,1.42732,
5.40438,3.17509,
6.14799,2.84281,
5.30992,0.69018,
3.36345,5.49375,
3.95248,4.64322,
4.04723,4.94294,
7.20304,1.37551,
5.536,0.516428,
9.49392,2.21428,
5.38295,0.294364,
7.77902,1.47637,
8.29792,2.43186,
5.37627,0.0857456,
11.9033,2.07433,
5.55815,3.79641,
7.24922,1.06937,
7.00701,0.853567,
6.11904,0.164341,
7.53873,2.91123,
10.2964,1.76922,
10.0045,1.73142,
7.16459,0.828231,
10.8783,2.18599,
8.26015,1.18898,
8.29485,2.80678,
7.99082,3.04979,
10.0712,1.60907,
7.03138,0.166835,
10.3486,1.64706,
7.31345,0.254988,
8.15499,0.841092,
7.6844,0.49821,
9.1312,1.25525,
13.188,2.12799,
8.19062,0.105081,
8.84436,0.543783,
8.67073,0.357631,
8.77097,0.415687,
