Storage option,sets
Size,150
Dimension,2
Shape,cube
Spacetime,BlackHole
Past sets, 

0,

0,1,
2,1,0,3,
2,1,0,3,
3,0,1,2,5,
3,0,1,2,4,
3,0,1,2,4,
2,
3,0,1,2,4,
2,1,0,3,
3,0,1,2,4,
0,1,2,9,
3,13,0,1,2,9,4,

7,8,1,3,0,2,4,
4,9,1,0,2,13,3,14,
15,
4,5,11,2,1,0,3,6,
15,18,
3,0,1,2,11,
6,3,1,2,0,11,5,4,19,
21,22,0,11,6,3,1,2,5,4,19,
5,6,10,12,8,7,17,4,9,1,0,2,13,3,14,16,
5,10,12,8,7,17,4,9,1,0,2,13,3,14,16,
7,19,4,5,11,0,2,1,3,6,10,
7,8,12,17,4,15,9,1,0,2,13,3,14,
7,8,17,4,15,2,18,9,1,14,0,13,3,12,
18,15,20,
5,6,10,12,8,7,17,4,9,1,0,2,13,3,14,16,
5,6,10,11,12,9,13,16,7,8,1,3,14,0,2,4,
4,9,0,13,3,20,2,15,18,1,14,
4,9,0,13,3,20,2,15,18,1,14,
15,18,
5,10,16,20,28,7,8,17,0,4,15,2,18,1,9,14,13,3,12,27,
8,22,21,23,26,0,7,19,6,4,5,11,2,1,3,10,
11,24,30,5,6,25,10,12,8,7,17,4,9,1,0,2,13,3,14,16,
4,5,2,1,3,19,6,11,0,22,21,23,
17,31,12,5,24,6,10,11,9,13,16,7,8,1,3,14,0,2,4,
7,8,12,17,20,33,4,9,0,13,32,3,2,15,18,1,14,
10,23,21,22,0,11,6,19,3,1,2,5,4,
15,
24,25,15,30,5,6,10,12,8,27,7,17,4,9,1,0,2,13,3,14,16,
28,40,2,7,8,12,17,20,1,33,14,4,9,0,13,32,3,15,18,
29,40,2,7,8,12,17,20,1,33,14,4,9,0,13,32,3,15,18,
16,27,28,40,2,7,8,12,17,20,1,33,14,4,9,0,13,32,3,15,18,
12,36,8,22,3,21,2,23,4,26,7,0,19,6,5,11,1,10,16,
33,18,1,15,34,0,4,9,13,3,20,2,14,29,
12,9,13,14,8,16,22,21,23,26,0,7,19,6,4,5,11,2,1,3,10,
15,42,

15,25,30,39,16,17,31,8,12,5,24,1,6,10,11,9,13,7,3,14,37,0,2,4,
29,34,40,2,7,8,12,17,20,1,33,14,4,9,0,13,32,3,15,18,
15,42,
50,15,42,18,
7,10,23,6,21,41,4,22,5,0,11,19,2,3,38,1,
18,15,3,13,0,32,9,4,14,33,1,20,12,8,2,17,40,34,29,7,53,
10,5,35,44,29,45,46,0,16,27,4,28,40,17,2,7,8,12,20,1,33,14,9,32,13,3,15,18,
19,26,25,30,39,16,17,31,8,12,5,24,1,6,10,11,9,13,7,3,14,37,0,2,4,
18,28,20,35,11,37,43,24,1,25,2,15,30,7,5,6,10,12,8,27,4,17,9,0,13,3,14,16,
18,28,20,16,14,3,13,0,9,17,4,27,8,12,10,6,5,7,30,15,2,25,1,24,43,39,31,11,37,35,
60,18,28,20,35,4,11,37,6,43,12,24,1,32,25,2,15,30,7,5,10,8,27,17,9,0,13,3,14,16,
34,55,50,15,42,18,54,
5,10,44,45,28,27,16,53,7,29,34,40,17,2,8,12,20,1,33,14,4,9,32,0,46,13,3,15,18,
61,24,18,28,20,16,14,3,13,0,37,9,17,4,27,8,12,10,6,43,5,7,30,15,52,2,39,25,1,31,11,35,
18,15,3,13,32,9,14,33,1,20,12,8,7,2,17,40,28,4,27,16,0,46,44,35,5,10,30,6,29,25,24,
18,15,3,13,32,9,14,33,1,20,12,8,7,2,17,40,28,4,27,16,0,46,45,29,44,35,5,10,30,6,25,24,
60,18,28,20,35,4,11,37,6,43,12,24,1,25,2,15,30,7,5,10,8,27,17,9,0,31,13,3,14,16,
12,16,26,8,56,7,10,23,4,6,21,2,22,3,5,41,0,19,38,11,1,36,
56,7,26,10,23,4,6,21,2,22,3,5,41,0,19,38,11,1,
8,12,17,32,48,14,33,18,1,15,34,0,4,9,13,3,20,2,29,42,
11,12,41,16,26,8,56,7,36,69,10,23,4,6,21,2,22,3,5,0,19,38,1,47,
54,51,18,42,15,50,55,34,63,
28,42,45,57,34,18,15,3,13,0,32,9,4,14,33,48,1,20,12,8,2,17,40,29,7,53,
43,57,58,34,53,64,67,30,18,15,3,40,13,32,9,46,14,33,1,20,12,8,45,7,44,2,17,28,4,27,16,0,29,66,35,5,10,6,25,24,
11,38,19,41,5,22,2,21,6,4,0,23,3,26,7,10,56,1,70,
17,18,42,15,4,2,55,9,32,33,48,1,34,0,13,50,3,20,14,29,
19,33,40,32,62,39,52,61,68,31,60,18,28,65,20,35,4,11,37,0,6,43,12,24,1,25,2,15,30,7,5,10,8,27,17,9,13,3,14,16,
17,31,47,14,13,9,11,12,41,16,26,8,56,7,36,69,10,23,4,6,21,2,22,3,5,0,19,38,1,49,
27,41,36,47,23,21,22,49,15,30,1,19,26,25,39,10,16,17,31,2,8,37,12,5,24,6,11,9,13,7,3,14,59,0,4,52,
19,33,40,32,62,39,52,61,68,31,60,18,28,65,20,35,4,11,37,0,6,43,12,24,1,25,2,15,30,7,5,10,8,27,17,9,13,3,14,16,
2,1,0,13,20,63,34,9,55,50,15,42,18,51,29,54,
3,2,1,0,13,20,63,34,9,55,4,50,15,42,18,51,29,54,
38,80,39,27,41,0,36,47,6,23,21,22,49,8,15,30,1,19,26,25,10,16,17,31,2,43,37,12,5,24,11,52,9,13,7,3,14,59,4,
9,14,13,72,12,41,11,70,16,26,8,56,7,36,69,10,23,4,6,21,2,22,3,5,0,19,38,1,47,
46,26,59,81,19,62,33,40,32,39,52,9,61,18,68,25,31,60,17,28,65,20,35,78,4,11,37,0,43,6,12,24,1,2,15,30,7,5,10,8,27,13,3,14,16,
27,38,41,36,47,23,21,22,49,15,30,1,19,26,25,39,10,16,17,31,2,8,37,12,5,24,6,11,9,13,7,3,14,59,0,4,52,
5,17,31,47,10,14,13,9,11,12,49,41,4,16,26,8,56,19,7,36,69,23,6,21,2,22,3,79,0,38,1,72,
35,53,7,40,17,2,8,12,71,20,1,48,14,33,4,9,29,0,32,3,15,74,18,34,13,42,57,28,45,64,5,10,44,27,16,46,58,
28,42,29,20,3,50,13,4,0,57,34,15,1,48,18,33,14,9,32,17,12,8,55,2,71,40,7,53,45,
48,37,11,60,75,32,43,0,57,14,58,15,34,53,10,64,67,24,30,18,3,46,40,13,9,33,1,44,20,12,8,45,2,7,17,28,4,27,16,29,66,35,5,6,25,62,
13,14,36,8,16,12,76,7,11,38,19,41,5,69,22,2,21,6,4,47,0,3,26,72,10,9,56,1,23,70,
26,58,66,44,29,45,46,67,81,19,62,33,40,32,39,52,9,61,18,68,25,31,60,17,28,65,20,35,78,4,11,37,0,43,6,12,24,1,2,15,30,7,5,10,8,27,13,3,14,16,
7,40,53,12,77,17,18,42,15,4,2,71,8,55,9,32,33,48,1,34,0,13,50,3,20,14,29,
24,39,76,70,14,5,17,31,47,10,13,88,9,11,12,49,41,4,16,26,8,56,19,7,36,69,23,85,6,21,2,22,3,79,0,38,1,72,
34,58,66,44,29,45,46,78,35,19,62,33,40,32,39,52,9,61,18,68,25,31,60,17,28,65,20,4,11,37,0,43,6,12,24,67,1,2,15,30,7,5,10,8,27,13,3,14,16,
25,6,30,35,53,7,40,17,2,8,12,71,20,1,48,14,33,4,9,29,0,32,3,15,74,18,34,13,42,57,28,45,64,5,10,44,27,16,46,58,
53,64,96,43,34,58,5,66,13,44,29,45,46,78,25,35,19,62,9,33,40,32,39,52,61,8,18,68,15,31,60,7,17,28,81,65,12,20,4,11,37,0,6,24,67,14,1,2,30,10,27,3,16,
33,32,62,61,65,35,20,28,18,60,68,2,43,38,80,39,27,41,0,36,47,6,23,21,22,49,8,15,30,84,1,19,26,25,10,16,17,31,37,12,5,24,11,52,9,13,7,3,14,59,4,
18,28,72,69,56,79,43,80,5,27,38,41,0,36,47,6,23,21,22,49,8,15,30,19,26,25,39,10,16,17,31,2,1,84,37,12,24,11,52,9,13,7,3,14,59,87,4,
38,59,26,49,22,21,23,47,36,41,81,19,62,33,40,32,39,52,9,61,18,68,25,31,60,17,28,65,20,35,4,11,37,80,0,43,6,12,24,1,2,15,30,7,5,10,8,27,13,3,14,16,
19,48,62,39,52,61,65,31,37,11,60,75,32,43,0,57,14,58,15,34,53,10,64,67,24,30,18,3,46,40,13,9,33,1,44,20,12,8,45,2,7,17,28,4,27,16,29,66,35,5,6,25,68,
32,61,65,35,20,28,18,60,68,43,80,5,27,38,41,0,36,47,6,23,21,22,49,8,15,30,19,26,25,39,10,16,17,31,2,1,84,37,12,24,11,52,9,13,7,3,14,59,87,4,
15,37,24,39,30,25,59,70,14,5,17,31,47,10,13,88,9,11,12,49,41,4,16,26,8,56,19,7,36,69,23,85,6,21,2,22,3,79,0,38,1,72,
39,31,91,48,37,11,64,60,7,75,32,43,0,53,57,4,14,67,58,5,15,68,34,10,24,30,18,3,46,40,13,66,9,62,33,1,44,20,12,8,45,2,17,28,27,16,29,35,6,25,
25,35,29,27,4,28,17,66,7,45,12,20,44,33,68,9,13,40,46,18,30,24,8,67,5,64,10,53,34,15,58,14,57,0,32,16,75,1,60,11,37,31,6,65,2,61,52,39,3,62,48,19,43,102,
35,20,61,65,70,100,47,18,28,72,19,69,16,56,3,79,26,43,80,27,5,38,41,0,36,6,59,23,21,22,49,8,15,30,25,39,10,17,31,84,2,1,37,12,24,11,52,9,13,7,14,87,4,88,
29,44,84,78,46,101,38,59,0,26,49,22,81,21,80,23,47,36,41,19,62,3,33,40,32,39,52,9,68,61,2,18,25,31,60,1,17,28,65,6,20,35,4,11,37,43,12,24,15,30,7,5,10,8,27,86,13,14,16,
35,20,61,100,47,18,28,72,19,69,16,56,3,79,26,43,80,27,5,38,41,0,36,6,59,23,21,22,49,8,15,30,25,39,10,17,31,84,2,1,37,12,65,24,11,52,9,13,7,14,87,4,
25,30,37,13,24,39,76,70,14,17,31,72,47,5,88,6,10,92,9,11,95,12,49,8,41,0,4,16,26,56,19,7,36,69,23,3,21,85,2,22,79,38,1,
52,39,61,31,91,48,37,11,64,60,7,75,32,43,0,53,57,4,14,67,58,5,15,68,34,10,24,30,18,3,46,40,13,66,9,62,33,1,44,20,12,8,45,2,17,28,27,16,29,35,6,25,
25,6,35,29,16,27,28,17,2,45,8,12,20,44,1,33,62,9,66,13,40,46,3,18,30,24,10,34,68,15,5,58,67,14,4,57,53,0,43,32,75,7,60,64,11,37,48,91,31,39,105,
18,43,80,84,52,27,87,76,10,15,37,24,39,30,25,72,59,12,70,23,14,5,17,31,47,0,13,88,41,9,56,11,49,2,4,16,26,8,19,104,7,36,69,22,85,38,6,21,3,79,1,95,
36,23,21,22,49,53,64,59,86,81,26,96,43,34,58,5,66,13,44,29,45,46,78,25,35,19,62,9,33,40,93,32,39,52,61,8,18,68,15,31,60,7,17,28,65,12,20,4,11,37,0,6,24,67,14,1,2,30,10,27,3,16,
66,45,67,99,108,47,29,44,84,23,78,17,46,101,40,38,59,0,61,26,49,22,81,20,21,80,19,36,41,62,1,3,33,32,39,52,9,68,7,2,18,25,86,31,60,28,65,4,6,35,11,37,43,12,24,15,30,5,10,8,27,13,14,16,
16,27,8,10,5,30,15,24,12,43,37,35,6,4,65,28,60,31,25,18,2,7,9,52,39,33,3,68,1,62,36,86,19,13,80,21,20,14,81,22,49,26,61,59,38,40,101,46,11,78,23,17,84,44,29,47,41,108,32,99,0,67,45,66,115,
22,59,86,26,93,81,78,96,102,43,19,48,62,3,39,98,52,61,2,65,6,31,37,11,60,1,75,16,32,0,57,14,58,15,34,53,10,64,5,67,8,24,30,18,46,40,13,9,68,33,44,20,12,45,7,66,17,28,4,27,29,35,25,
76,85,107,35,20,79,61,2,65,6,70,11,100,41,47,18,28,87,72,13,19,69,10,16,56,3,26,43,80,21,27,5,38,0,59,36,23,22,49,8,15,30,25,84,39,17,31,1,37,12,24,52,9,7,14,4,88,104,
118,76,15,85,24,107,35,20,79,18,61,0,2,65,4,6,70,9,11,72,100,39,41,47,28,87,26,13,19,80,69,8,10,16,56,3,43,104,21,27,88,5,38,59,36,23,84,22,49,30,25,17,31,1,37,12,52,7,14,95,
21,22,48,57,75,59,86,26,98,39,53,64,5,96,37,43,34,93,58,66,7,13,44,29,45,46,78,19,25,35,62,3,9,68,33,40,32,52,61,2,8,67,18,15,31,60,1,17,28,81,65,6,12,20,4,11,0,24,14,30,10,27,16,
111,52,39,61,2,31,91,32,48,37,11,64,5,60,1,7,66,75,16,43,0,53,57,4,14,67,8,58,15,68,9,34,10,24,30,18,3,62,46,40,13,33,44,20,12,45,17,28,27,29,35,6,65,25,
44,56,69,78,46,86,99,40,33,62,81,103,32,61,8,65,12,35,20,28,18,60,7,68,15,43,80,27,5,38,41,0,36,47,6,59,23,21,22,49,30,19,26,25,39,10,16,17,31,84,2,1,37,24,11,52,9,13,3,14,87,4,101,
62,70,88,68,60,32,109,35,20,79,61,2,100,41,47,18,28,87,72,13,19,69,10,16,56,3,26,43,80,21,27,5,38,0,59,36,6,65,23,22,49,8,15,30,25,84,39,17,31,1,37,12,24,11,52,9,7,14,4,103,
46,72,78,69,56,79,99,40,33,62,81,103,32,61,8,65,12,35,20,28,18,60,7,68,15,43,80,27,5,38,41,0,36,47,6,59,23,21,22,49,30,19,26,25,39,10,16,17,31,84,2,1,37,24,11,52,9,13,3,14,87,4,101,
124,46,72,5,78,11,69,2,56,79,12,99,32,40,33,100,62,81,14,103,36,61,8,65,35,20,87,28,18,60,7,68,1,15,43,80,13,27,38,41,0,47,6,59,23,21,22,49,30,19,26,25,39,10,16,17,84,31,37,24,52,9,3,4,101,
33,85,104,123,56,62,70,3,88,21,68,1,60,32,109,35,20,87,79,12,61,2,69,100,41,47,18,28,72,5,13,80,19,10,16,26,43,27,38,0,59,36,103,6,65,23,22,49,8,15,30,25,84,17,39,31,37,24,11,52,9,7,14,4,107,
36,23,49,102,120,53,21,22,48,57,75,8,59,86,19,26,93,98,31,39,64,5,96,29,37,43,34,58,66,7,13,44,45,46,78,11,25,35,62,3,9,68,1,33,40,32,52,61,2,67,0,18,15,60,17,28,81,14,65,6,12,20,4,24,30,10,27,16,117,
86,85,104,107,109,88,70,123,125,124,46,72,5,78,11,69,2,56,79,12,99,32,40,33,100,62,81,14,103,36,61,8,65,35,20,87,28,18,60,7,68,1,15,43,80,13,27,38,41,0,47,6,59,23,21,22,49,30,19,26,25,39,10,16,17,84,31,37,24,52,9,3,4,101,
92,68,60,32,103,109,119,52,118,76,9,15,85,18,24,107,35,20,87,79,12,61,0,2,69,65,4,6,70,3,11,72,5,100,39,41,47,28,95,26,13,80,19,8,10,16,56,43,104,37,21,88,27,38,59,36,23,84,17,22,49,30,25,31,1,7,14,113,
49,23,36,114,102,120,53,21,22,48,57,75,8,59,86,19,26,93,98,31,39,64,5,96,29,37,43,34,58,66,7,13,44,45,46,78,11,25,35,62,3,9,68,1,33,40,32,52,61,2,67,0,18,15,60,17,28,81,14,65,6,12,20,4,24,30,10,27,16,117,
56,58,93,87,103,116,49,16,27,8,10,5,30,15,24,12,43,37,35,6,4,65,28,60,31,25,18,2,7,9,52,39,33,3,68,1,62,36,86,19,13,80,21,20,14,81,22,26,61,59,38,40,101,46,11,78,23,17,84,44,29,47,41,108,32,99,0,67,45,66,115,
34,58,93,87,103,116,49,16,27,8,10,5,30,15,24,12,43,37,35,6,4,65,28,60,31,25,18,2,7,9,52,39,33,3,68,1,62,36,86,19,13,80,21,20,14,81,22,26,61,59,38,40,101,46,11,78,23,17,84,44,29,47,41,108,32,99,0,67,45,66,115,
76,128,49,86,7,85,6,104,25,107,28,109,30,88,9,70,123,125,46,124,72,5,84,78,11,69,2,81,56,79,0,12,99,20,32,40,33,100,21,62,14,103,24,36,61,8,87,65,35,18,60,68,1,80,15,43,13,27,38,41,47,126,59,23,22,101,19,26,39,10,16,17,31,37,52,3,4,
76,118,128,49,86,7,85,6,104,25,107,28,109,30,88,9,70,123,125,46,124,72,5,84,78,11,69,2,81,56,79,0,12,99,20,32,40,33,100,21,62,14,103,24,36,61,8,87,65,35,18,60,68,1,80,15,43,13,27,38,41,47,126,59,23,22,101,19,26,39,10,16,17,31,37,52,3,4,
87,93,58,34,96,64,53,114,116,49,16,27,8,10,5,30,15,24,12,43,37,35,6,4,65,28,60,31,25,18,2,7,9,52,39,33,3,68,1,62,36,86,19,13,80,21,20,14,81,22,26,61,59,38,40,101,46,11,78,23,17,84,44,29,47,41,108,32,99,0,67,45,66,115,
34,58,93,87,103,116,49,16,27,8,10,5,30,15,24,12,43,37,35,6,4,65,28,60,31,25,18,2,7,9,52,39,33,3,68,1,62,36,86,19,13,80,21,20,14,81,22,26,61,59,38,40,101,46,11,78,23,17,84,44,29,47,41,108,32,99,0,67,45,66,115,
115,66,45,67,108,29,116,86,44,122,125,124,46,72,5,78,11,69,2,56,79,12,99,32,40,33,100,62,81,14,103,36,61,8,65,35,20,87,28,18,60,7,68,1,15,43,80,13,27,38,41,0,47,6,59,23,21,22,49,30,19,26,25,39,10,16,17,84,31,37,24,52,9,3,4,101,
78,99,40,81,101,110,62,123,33,129,92,21,68,60,32,103,109,38,119,52,118,47,76,5,9,80,15,85,14,18,24,95,107,36,35,20,87,16,79,8,12,61,0,2,69,65,4,6,70,3,11,72,1,100,39,41,28,26,13,84,19,10,56,43,104,37,88,17,27,59,23,22,49,30,25,31,7,113,126,
79,69,122,131,58,56,93,20,87,14,103,30,116,43,49,16,27,8,81,10,5,78,15,24,12,37,35,108,6,4,65,28,101,60,31,25,18,2,7,80,9,52,39,33,3,68,1,62,36,86,13,19,21,22,26,99,61,59,38,40,46,11,84,23,17,44,29,47,41,32,0,67,45,66,115,
85,107,115,66,45,67,108,29,101,4,3,9,52,24,37,31,84,17,16,10,39,25,26,19,30,49,22,21,23,59,6,47,0,41,38,27,13,80,43,15,1,68,7,60,18,28,87,20,35,65,8,61,36,103,14,81,62,100,33,40,32,99,12,79,56,2,69,11,78,5,72,46,124,125,123,70,88,109,122,44,86,116,
66,45,67,29,108,95,119,44,122,134,76,118,35,128,49,86,3,7,85,2,6,104,21,25,107,24,28,109,26,30,88,5,9,70,123,40,125,46,124,41,72,84,1,78,11,69,81,56,79,0,12,99,16,20,103,32,33,100,17,62,14,36,61,8,87,4,65,18,101,60,68,80,15,43,126,13,27,38,47,59,23,22,19,39,10,31,37,52,133,
29,108,67,45,66,115,118,44,122,133,76,128,49,86,7,85,6,104,25,107,28,109,30,88,9,70,123,125,46,124,72,5,84,78,11,69,2,81,56,79,0,12,99,20,32,40,33,100,21,62,14,103,24,36,61,8,87,65,35,18,60,68,1,80,15,43,13,27,38,41,47,126,59,23,22,101,19,26,39,10,16,17,31,37,52,3,4,
139,60,79,0,69,122,43,131,52,58,56,93,14,20,99,87,8,103,24,30,116,37,49,16,27,81,2,10,5,84,78,15,12,35,108,29,6,4,65,28,101,22,31,25,18,7,86,80,1,9,39,33,3,68,62,36,115,13,19,21,26,61,59,38,40,46,11,23,17,44,47,41,32,67,45,66,72,
115,66,45,67,108,29,116,44,122,133,76,128,49,86,7,85,6,104,25,107,28,109,30,88,9,70,123,125,46,124,72,5,84,78,11,69,2,81,56,79,0,12,99,20,32,40,33,100,21,62,14,103,24,36,61,8,87,65,35,18,60,68,1,80,15,43,13,27,38,41,47,126,59,23,22,101,19,26,39,10,16,17,31,37,52,3,4,
58,93,107,109,88,70,137,115,36,66,45,124,67,108,29,116,37,86,7,44,123,122,43,125,46,72,5,84,78,11,69,2,81,56,79,0,12,99,20,32,40,33,100,21,62,14,103,24,61,8,87,65,35,28,18,60,68,1,80,15,13,27,38,41,47,6,59,23,22,101,49,30,19,26,25,39,10,16,17,31,52,9,3,4,
113,116,134,119,95,141,142,29,118,108,19,67,45,66,115,26,44,133,122,33,76,128,39,49,86,7,85,6,104,15,25,107,18,28,109,20,30,88,9,70,123,125,36,46,124,35,72,5,84,78,11,100,69,2,81,56,79,0,12,101,99,10,32,40,21,62,14,103,24,61,8,87,65,60,68,1,80,43,13,27,38,41,47,126,37,59,23,22,16,17,31,52,3,4,
58,93,140,85,107,18,115,26,66,45,67,108,19,29,101,12,4,3,9,52,24,37,31,84,17,16,10,99,39,25,30,49,22,21,23,59,6,47,0,41,38,27,116,13,80,43,15,1,68,7,60,28,87,20,109,35,124,65,8,61,36,125,103,14,81,62,100,11,33,122,40,32,79,56,2,69,78,5,72,46,123,70,88,44,86,137,
140,144,115,26,66,45,67,108,19,29,116,27,44,133,122,33,76,128,39,49,86,7,85,6,104,15,25,107,18,28,109,20,30,88,9,70,123,125,36,46,124,35,72,5,84,78,11,100,69,2,81,56,79,0,12,101,99,10,32,40,21,62,14,103,24,61,8,87,65,60,68,1,80,43,13,38,41,47,126,37,59,23,22,16,17,31,52,3,4,
110,115,113,92,141,44,66,45,67,29,126,108,11,95,119,22,122,25,134,37,76,118,21,35,128,31,49,86,3,100,7,104,85,2,99,6,103,107,10,24,28,125,109,12,26,123,30,88,5,9,70,40,46,124,27,41,72,84,1,78,69,81,56,79,0,16,20,32,129,33,17,62,14,36,133,61,8,87,4,101,65,18,60,68,80,15,43,13,38,47,59,23,19,39,52,
Future sets, 
13,114,5,142,93,117,86,80,96,135,98,125,115,78,81,101,99,102,106,126,107,119,109,124,65,84,100,87,111,123,130,59,104,52,131,133,62,105,112,60,26,139,68,91,61,118,136,39,110,108,116,134,37,95,25,122,43,75,66,67,103,145,8,121,137,24,97,127,128,88,79,132,35,89,58,30,46,64,31,47,85,92,72,146,49,69,113,129,16,76,70,36,27,28,90,74,44,40,57,94,53,45,56,120,144,7,71,147,10,41,149,12,14,48,33,32,17,77,19,22,38,23,83,141,4,143,6,148,11,21,140,3,82,138,1,
82,3,140,21,11,148,6,143,4,141,83,23,38,22,19,77,17,32,33,48,14,12,149,41,10,147,71,7,144,120,56,45,53,94,57,40,44,74,90,28,27,36,70,76,16,129,113,69,49,146,72,92,85,47,31,64,46,30,58,89,35,132,79,88,128,127,97,24,137,121,8,145,103,67,66,75,43,122,25,138,95,37,134,116,108,110,39,136,118,61,91,68,139,26,60,112,105,62,133,131,52,104,59,130,123,111,87,100,84,65,124,109,119,107,126,106,102,99,101,81,78,115,125,98,135,96,80,86,117,93,142,5,114,13,
21,11,13,82,9,6,4,141,83,23,38,22,19,77,17,32,33,48,14,12,149,41,10,147,71,7,144,120,56,45,53,94,57,40,44,74,90,28,27,140,36,70,76,16,129,113,69,49,146,72,92,85,47,31,64,46,143,30,58,89,35,148,132,79,88,128,127,97,24,137,121,8,145,103,67,66,75,43,122,25,138,95,37,134,116,108,110,39,136,118,61,91,68,139,26,60,112,105,62,133,131,52,104,59,130,123,111,87,100,84,65,124,109,119,107,126,106,102,99,101,81,78,115,125,98,135,96,80,86,117,93,142,5,114,
21,11,6,4,141,83,23,38,22,19,77,17,32,33,48,14,12,149,41,10,147,71,7,144,120,56,45,53,94,57,40,44,74,90,28,27,140,36,70,76,16,129,113,69,49,146,72,92,85,47,31,64,46,143,30,58,89,35,148,132,79,88,128,127,97,24,137,121,8,145,103,67,66,75,43,122,25,138,95,37,134,116,108,110,39,136,118,61,91,68,139,26,60,112,105,62,133,131,52,104,59,130,123,111,87,100,84,65,124,109,119,107,126,106,102,99,101,81,78,115,125,98,135,96,80,86,117,93,142,5,114,
83,23,38,22,19,77,17,32,33,48,14,12,41,10,71,7,120,56,45,53,94,57,40,44,74,90,28,141,27,140,36,149,70,76,16,129,113,69,49,146,72,92,85,47,144,31,64,46,143,30,58,89,35,148,132,79,88,128,127,97,24,137,121,8,103,67,66,145,75,43,122,25,138,95,37,134,116,108,110,39,136,118,61,91,68,147,139,26,60,112,105,62,133,131,52,104,59,130,123,111,87,100,84,65,124,109,119,107,126,106,102,99,101,81,78,115,125,98,135,96,80,86,117,93,142,114,
64,58,89,35,6,109,31,134,97,26,129,116,108,123,137,76,143,24,127,103,95,130,114,100,79,146,43,132,145,92,85,144,41,140,37,87,47,126,23,70,149,118,107,49,128,25,136,69,148,119,142,39,113,147,80,88,110,133,30,139,36,72,141,38,104,84,125,22,131,124,122,19,56,135,99,115,117,120,101,93,86,138,59,78,96,81,102,106,98,67,66,75,61,91,68,112,105,62,60,52,111,65,121,
31,97,26,116,108,123,137,76,143,24,103,95,127,130,114,100,79,146,132,145,92,85,144,140,87,47,126,70,149,134,118,107,49,128,136,69,148,119,142,113,147,80,88,110,133,139,72,129,141,104,84,125,131,124,109,122,56,135,99,36,115,38,117,41,120,101,22,93,86,138,59,78,96,81,23,102,106,98,19,67,66,75,43,37,39,61,91,68,112,105,62,60,52,111,65,121,30,
56,45,53,94,57,40,44,74,90,28,27,36,70,76,16,113,69,49,146,72,92,85,47,144,64,46,143,58,89,35,132,79,88,31,128,30,127,97,24,121,103,67,66,145,75,43,140,122,25,95,37,134,116,108,110,39,136,118,61,91,68,147,139,60,112,105,62,141,133,131,52,149,104,59,138,130,123,26,111,87,100,84,65,124,109,119,107,126,129,106,102,99,101,81,78,137,115,125,98,135,96,80,86,117,148,120,93,142,114,
71,45,53,94,57,40,36,44,74,90,28,16,113,69,49,146,72,92,85,47,144,64,46,143,58,89,35,132,79,88,31,128,30,127,97,24,121,103,67,66,145,75,43,140,122,25,95,37,134,116,108,110,39,136,118,61,91,68,147,139,60,112,105,62,141,133,131,52,149,104,59,138,130,123,111,87,100,84,65,124,27,109,119,107,126,129,106,102,99,101,81,78,137,115,125,98,135,96,80,86,117,148,120,93,142,114,
82,114,93,117,86,80,96,135,98,125,115,78,81,101,99,102,106,129,107,119,109,121,124,65,84,113,100,87,111,59,128,134,104,52,62,105,112,60,68,91,132,61,118,110,108,116,95,122,75,66,43,37,67,103,97,136,140,27,64,46,25,138,31,144,89,58,131,90,74,147,44,137,24,133,139,30,143,149,40,57,94,53,39,35,148,45,71,77,79,88,120,130,17,28,141,145,32,142,146,33,48,49,85,92,123,127,14,83,126,13,
64,56,41,58,89,35,31,30,49,72,88,69,85,92,79,47,36,70,76,26,97,24,103,67,146,66,145,75,43,122,95,37,116,108,110,39,118,61,140,132,91,68,147,139,60,112,105,62,141,133,131,52,104,25,59,138,130,123,111,87,100,113,84,143,65,144,136,124,121,109,119,107,126,129,106,102,99,101,81,134,78,149,137,115,125,98,135,96,80,86,117,148,128,120,127,93,142,114,
60,62,91,37,121,65,111,52,61,105,112,39,68,31,19,98,106,102,23,81,96,78,59,138,86,93,22,101,120,41,117,38,115,36,99,135,56,122,109,124,131,125,84,104,141,129,72,139,133,110,88,80,147,113,142,119,148,69,136,128,49,107,118,134,149,70,126,47,87,140,144,85,92,145,132,146,79,100,21,114,130,127,95,103,143,76,137,123,108,116,26,
71,69,49,72,92,85,47,45,53,94,57,40,79,88,31,30,44,74,90,28,58,89,35,46,64,27,97,24,103,67,146,66,145,75,43,122,95,37,116,108,110,39,118,61,140,132,91,68,147,139,60,112,105,62,141,133,131,52,104,25,59,138,130,123,111,87,100,113,84,143,65,144,136,124,121,109,119,107,126,129,106,102,99,101,81,134,78,149,137,115,125,98,135,96,80,86,117,148,128,120,127,93,142,114,
83,14,123,92,85,49,48,33,142,32,141,17,126,120,88,79,77,71,45,148,39,53,94,57,40,149,143,30,139,133,24,44,147,74,90,28,137,131,58,89,35,144,138,46,64,27,136,130,97,127,103,67,146,37,43,66,145,75,122,95,140,31,116,108,110,118,61,132,91,68,60,112,105,62,52,104,25,134,128,59,111,87,100,113,84,65,124,121,109,119,107,129,106,102,99,101,81,78,115,125,98,135,96,80,86,117,93,114,82,
92,85,49,48,33,32,17,120,88,79,77,71,45,148,53,94,57,40,143,30,133,44,147,74,90,28,131,58,89,35,138,46,149,64,27,130,97,24,127,103,67,146,43,66,145,75,122,95,37,140,116,108,110,39,142,118,61,132,91,68,139,60,112,105,62,141,52,104,25,128,59,123,111,87,100,113,84,65,144,136,124,121,109,119,107,126,129,106,102,99,101,81,134,31,78,137,115,125,98,135,96,80,86,117,93,114,
104,52,54,50,42,43,84,80,87,18,115,113,55,73,63,34,131,100,20,117,109,61,68,60,149,65,118,29,126,119,107,35,132,124,27,67,127,145,48,102,111,121,32,129,91,120,135,46,143,75,64,93,114,139,96,98,146,57,116,144,105,89,148,106,137,40,97,140,112,53,142,45,58,147,28,125,74,90,134,94,136,77,130,33,71,66,141,44,82,83,108,103,99,123,101,81,138,78,86,133,128,122,62,
69,49,72,92,85,47,64,46,58,89,35,79,88,31,30,97,24,103,67,146,66,145,75,43,122,95,37,116,108,110,39,118,61,140,132,91,68,147,139,60,112,105,62,141,133,131,52,104,25,59,138,130,123,111,87,100,113,84,143,65,144,136,124,121,109,119,107,126,129,106,102,99,101,81,134,78,149,137,115,125,98,135,96,80,86,117,148,128,120,127,93,142,114,
88,79,77,71,45,53,94,57,40,30,44,74,90,28,58,89,35,46,64,27,97,24,103,67,146,66,145,75,43,122,95,37,116,108,110,39,118,61,140,132,91,68,147,139,60,112,105,62,141,133,131,52,104,25,59,138,130,123,111,87,100,113,84,143,65,144,136,124,121,109,119,107,126,129,106,102,99,101,81,134,78,149,137,115,125,98,135,96,80,86,117,148,128,120,127,93,142,114,
113,55,73,63,34,100,20,109,61,68,60,149,65,118,29,119,107,35,124,67,127,145,102,111,121,32,91,120,135,46,75,64,93,114,143,132,139,96,98,146,57,116,144,105,89,148,106,137,48,97,140,112,53,142,115,58,147,117,28,74,90,131,45,134,94,136,77,130,71,66,141,82,83,108,129,40,103,99,123,126,101,81,138,78,86,133,44,128,125,122,33,62,
106,102,81,96,98,78,59,86,93,22,120,117,38,115,101,99,135,122,109,124,131,125,84,104,141,129,72,139,133,110,88,80,147,113,142,119,148,136,69,128,107,118,134,149,126,87,140,144,85,92,145,132,138,146,79,100,47,114,130,127,95,103,36,143,76,137,70,123,56,108,41,116,49,23,26,
61,68,60,65,118,109,119,107,35,67,127,145,102,111,121,32,91,120,135,75,64,93,114,143,132,139,96,98,146,116,57,144,105,89,148,106,137,48,97,140,112,53,115,58,117,74,149,90,131,45,94,136,77,130,71,66,141,82,142,83,108,147,29,129,103,99,123,126,40,101,81,138,78,124,86,134,133,128,125,122,44,46,62,33,
120,38,115,101,99,135,122,109,124,131,125,84,104,141,129,72,139,133,110,88,80,147,113,142,119,148,136,69,128,107,118,134,149,126,87,140,144,85,92,145,132,138,146,79,100,47,114,130,127,95,103,36,143,76,137,70,123,56,108,41,116,49,23,
120,117,38,115,101,99,135,122,109,124,131,125,84,104,141,129,72,139,133,110,88,80,147,113,142,119,148,136,69,128,107,118,134,149,126,87,140,144,85,92,145,132,138,146,79,100,47,114,130,127,95,103,36,143,76,137,70,123,56,108,41,116,49,23,
49,41,56,70,76,36,95,127,130,114,47,100,79,138,132,145,92,123,85,144,140,87,146,126,149,134,118,107,128,69,148,119,142,113,147,88,110,133,80,139,129,141,104,137,84,143,125,72,131,124,109,108,122,135,136,116,99,101,103,115,38,
67,66,75,43,95,37,108,110,39,61,132,91,68,139,112,105,62,133,60,131,104,59,130,52,123,111,87,146,100,113,84,143,65,136,124,118,121,109,119,107,126,129,103,106,102,99,101,81,140,134,78,149,137,115,138,125,98,135,96,80,86,145,117,148,128,122,120,127,93,142,114,147,116,144,141,
97,67,66,75,37,108,110,61,132,91,68,139,112,105,62,133,60,131,104,59,130,52,123,111,87,146,100,113,84,143,65,136,124,118,121,109,119,107,126,129,103,106,102,99,101,81,140,134,78,149,137,115,138,125,98,135,96,80,86,145,117,148,128,122,120,127,93,142,114,43,147,116,144,141,
93,76,70,86,120,117,59,36,95,127,130,114,47,100,79,138,132,145,92,123,85,144,140,87,146,126,149,134,118,107,128,69,148,119,142,113,147,88,110,133,80,139,129,141,104,137,84,143,125,72,131,124,109,108,49,122,135,136,116,99,101,103,115,
87,80,64,46,84,113,100,43,35,102,67,134,66,133,107,119,109,118,65,132,96,143,60,127,114,139,136,93,147,89,75,142,135,68,106,117,130,120,91,112,105,121,111,131,98,97,145,78,62,129,58,125,141,103,115,126,123,99,144,61,128,101,81,148,138,124,149,86,122,108,146,140,137,116,
100,90,74,46,64,44,35,102,67,134,66,133,107,119,109,118,65,132,96,143,60,127,114,139,136,93,147,89,75,142,135,68,106,117,130,120,91,112,105,121,111,131,98,97,145,78,62,129,58,125,141,103,115,126,123,99,144,61,128,101,81,148,138,124,149,86,122,108,146,140,137,116,
108,83,82,66,71,77,94,45,131,90,74,117,115,53,142,140,97,48,137,149,106,148,105,144,57,146,116,141,98,96,139,132,89,143,114,136,93,64,58,147,75,135,130,120,91,112,121,111,102,145,127,67,
97,67,66,75,37,108,110,61,132,91,68,139,112,105,62,133,60,131,104,59,130,52,123,111,87,146,100,113,84,143,65,136,124,118,121,109,119,107,126,129,103,106,102,99,101,81,140,134,78,149,137,115,138,125,98,135,96,80,86,145,117,148,128,122,120,127,93,142,114,43,147,116,144,141,
88,79,68,39,106,112,105,110,95,61,128,104,59,126,52,119,111,87,146,100,113,84,143,65,132,124,118,121,109,107,123,129,103,102,99,101,81,148,140,134,78,145,137,131,115,138,125,98,135,96,149,133,80,147,139,86,117,122,120,127,108,93,142,114,116,136,144,141,130,
129,103,77,71,99,123,126,40,101,81,148,138,78,145,57,124,94,53,120,86,134,67,133,66,128,125,58,74,141,90,91,122,75,142,108,114,115,140,93,137,149,102,144,97,146,116,44,111,96,46,143,132,139,45,112,136,89,64,131,147,135,106,117,105,130,121,127,98,62,
126,99,71,77,40,101,81,148,138,78,145,57,124,94,53,120,86,134,67,133,66,128,125,58,74,141,90,91,122,75,142,108,114,115,48,140,93,137,149,102,144,97,146,116,44,111,96,46,143,132,139,45,112,136,89,64,131,147,135,106,117,105,130,121,127,98,
132,96,82,63,75,57,98,114,135,48,117,94,71,73,120,97,106,83,130,91,136,89,112,77,64,111,127,90,105,74,121,102,53,
67,66,107,119,109,118,65,96,132,143,60,114,139,136,93,147,89,75,135,106,117,130,120,91,112,105,121,111,131,102,127,98,97,145,62,58,141,103,129,115,126,123,99,68,144,61,101,81,134,78,138,125,124,149,133,86,148,128,122,108,146,142,140,137,116,
127,130,114,47,100,79,132,145,92,123,85,138,140,87,126,149,134,118,107,144,128,148,95,119,142,113,147,110,133,80,129,141,88,104,137,84,125,72,124,143,146,109,139,108,122,69,131,135,136,116,99,101,103,115,
110,61,91,68,112,105,62,60,104,59,52,111,87,146,100,113,84,143,65,124,118,121,109,119,107,123,126,129,103,106,102,99,101,81,140,134,78,137,131,115,138,125,98,135,96,149,133,80,139,86,145,117,148,128,122,120,127,108,93,142,114,147,116,136,132,144,141,130,
101,87,103,99,115,116,136,135,132,108,142,131,88,76,119,69,110,122,79,139,72,113,70,109,146,143,100,124,125,129,137,141,104,147,56,145,92,133,138,95,148,107,128,85,144,118,134,149,126,140,123,84,
112,105,110,95,61,104,59,52,111,87,146,100,113,84,143,65,124,118,121,109,119,107,123,126,129,103,106,102,99,101,81,140,134,78,137,131,115,138,125,98,135,96,149,133,80,139,86,145,117,148,128,122,120,127,108,93,142,114,147,116,136,132,144,141,130,
101,81,138,78,57,94,53,86,134,133,128,124,125,74,90,91,122,75,108,67,114,115,140,93,137,149,102,148,144,97,146,116,44,141,96,46,143,132,139,142,45,136,89,64,111,147,135,106,117,58,105,130,120,112,121,131,127,98,145,66,
87,115,103,101,99,116,136,135,132,108,84,142,131,88,76,119,69,110,122,79,139,72,113,70,109,146,143,100,124,125,129,137,141,104,147,56,145,92,133,138,95,148,107,128,85,144,118,134,149,126,140,123,80,
89,74,97,83,71,94,82,50,73,63,90,55,77,54,
100,113,84,75,107,119,109,118,65,60,103,129,62,121,115,126,123,106,102,99,105,112,111,68,127,91,144,101,81,140,134,78,137,131,138,125,124,98,135,96,149,133,86,145,139,117,148,128,122,120,61,108,146,93,142,114,147,116,136,143,132,141,130,
122,108,67,115,142,140,137,149,148,144,146,116,141,96,132,143,114,139,136,64,93,147,89,75,135,106,117,58,130,120,91,112,105,121,111,131,102,127,98,97,145,66,
90,74,115,142,140,137,149,148,144,146,116,141,96,132,143,114,139,136,64,93,147,89,75,135,106,117,58,130,120,91,112,105,121,111,131,102,127,98,97,145,67,
125,124,108,122,128,133,134,86,67,115,142,140,137,149,148,144,146,116,141,96,132,143,114,139,136,64,93,147,89,75,135,106,117,58,130,120,91,112,105,121,111,131,102,127,98,97,145,66,
79,145,123,85,140,126,149,134,118,107,144,128,148,119,95,142,113,138,147,110,133,92,129,141,104,100,137,88,125,124,143,146,109,72,139,80,84,108,122,131,132,135,136,116,99,101,103,115,87,
120,106,117,130,91,89,94,77,74,111,127,90,97,71,105,121,112,102,
127,130,114,80,126,134,107,144,128,95,148,119,142,113,138,149,129,133,141,104,145,118,110,147,140,123,100,137,88,125,146,109,124,139,143,79,84,108,122,131,132,135,136,116,99,101,103,115,87,
82,73,83,94,63,90,77,55,
82,83,73,
111,87,100,113,84,65,118,121,109,119,107,123,126,129,103,106,102,99,101,81,134,78,131,115,138,125,124,98,135,96,149,133,80,86,139,117,148,128,122,120,127,108,145,146,93,142,140,114,137,147,116,136,143,132,144,141,130,
94,135,114,98,57,90,102,121,111,64,105,112,74,127,130,89,117,120,91,106,97,75,
82,73,83,63,
90,77,63,94,83,73,82,
131,76,69,110,122,139,72,113,109,146,143,124,125,88,129,137,100,141,104,145,92,133,147,138,142,95,119,148,107,128,144,118,134,149,126,85,140,123,79,70,
90,102,111,121,105,112,130,127,117,120,91,74,106,89,97,75,
97,98,102,131,111,121,105,112,91,120,130,117,106,135,127,75,89,147,93,145,136,139,114,143,132,96,
104,87,130,114,117,127,120,86,80,84,125,113,108,149,100,141,122,146,148,107,131,132,143,139,135,136,147,137,116,145,140,99,142,101,144,103,115,124,134,133,138,128,123,109,126,129,119,118,
103,129,62,115,126,123,106,102,99,105,112,111,121,68,91,144,101,81,134,78,131,138,125,124,98,135,96,149,133,86,139,117,148,128,122,120,127,108,145,146,93,142,140,114,137,147,116,136,143,132,141,130,
65,118,121,109,119,107,123,126,129,103,106,102,99,101,81,134,78,131,115,138,125,124,98,135,96,149,133,86,139,117,148,128,122,120,127,108,145,146,93,142,140,114,137,147,116,136,143,132,144,141,130,111,
126,123,106,102,99,105,112,111,121,91,101,81,78,115,138,125,124,98,135,96,133,86,117,148,134,128,122,120,127,108,145,139,131,146,142,140,114,137,147,116,136,143,149,132,144,141,130,93,
82,83,73,
114,97,89,75,98,127,135,106,117,130,120,91,112,105,121,111,102,
121,109,118,119,107,123,126,129,103,106,102,99,101,81,78,115,138,125,124,98,135,96,133,86,117,148,134,128,122,120,127,108,145,139,131,146,142,140,114,137,147,116,136,143,149,132,144,141,130,93,
141,116,146,144,148,149,137,140,142,115,98,102,131,111,121,105,112,91,120,130,117,106,135,127,75,93,147,145,136,139,114,143,132,96,
141,116,146,144,148,149,137,140,142,115,98,102,131,111,121,105,112,91,120,130,117,106,135,127,75,93,147,145,136,139,114,143,132,96,
121,111,112,105,123,126,129,103,106,102,99,101,81,78,115,138,125,124,98,135,96,133,86,117,148,134,128,122,120,127,108,145,139,131,146,142,140,114,137,147,116,136,143,149,132,144,141,130,93,
122,139,72,109,146,143,124,125,88,137,100,104,141,129,92,133,110,147,138,113,142,95,119,148,128,144,107,118,134,149,126,140,85,123,145,79,
123,145,118,113,141,119,138,92,133,149,146,85,126,142,134,129,110,148,107,144,95,76,140,147,128,104,
97,90,94,89,
143,124,109,125,137,104,129,133,110,138,146,113,142,95,119,148,128,144,141,118,147,100,88,134,149,126,140,85,123,145,107,92,

97,89,
120,106,117,127,130,91,112,105,121,111,102,
144,148,133,134,142,95,146,149,138,110,129,92,141,113,119,118,
94,
138,125,124,98,96,86,117,148,134,133,128,122,120,127,108,139,131,115,146,142,140,145,114,137,147,116,136,135,143,149,132,144,141,130,93,
143,139,124,109,125,137,146,123,140,88,147,118,145,104,133,129,100,110,149,138,113,142,119,148,141,95,128,144,134,126,107,
84,125,113,108,149,100,141,122,146,148,107,131,132,143,139,135,136,147,137,116,145,140,99,142,101,144,103,115,124,134,133,138,128,123,109,126,129,119,118,
124,125,138,101,98,86,117,148,134,133,128,122,120,127,108,139,131,115,146,142,140,145,114,137,147,116,136,135,143,149,132,144,141,130,93,


113,108,100,122,146,148,131,132,149,143,139,135,136,147,137,116,145,140,142,144,115,141,124,134,133,125,138,128,99,123,109,126,107,129,119,118,103,
140,126,134,147,118,144,128,95,141,148,119,142,113,146,138,149,110,129,133,104,
134,133,128,122,120,127,108,131,115,142,140,117,145,137,114,147,136,135,116,139,143,149,132,148,144,146,141,130,
135,113,143,139,122,124,131,132,136,100,129,137,125,123,109,138,145,126,147,118,128,140,107,148,119,144,133,134,142,141,146,149,103,
123,140,147,145,104,133,129,110,149,138,146,113,142,119,148,141,95,128,144,118,134,126,107,


121,111,112,105,
110,129,149,138,
147,145,136,117,139,130,135,114,127,131,120,143,132,

141,113,146,138,149,110,129,119,
135,98,117,127,120,130,114,

117,127,130,120,
138,125,128,133,134,124,141,115,142,140,145,137,147,136,135,116,139,143,149,132,131,148,144,146,122,
137,125,123,109,145,126,147,128,140,107,148,129,144,133,134,142,119,138,118,141,146,149,
138,125,128,133,134,124,108,131,115,142,140,145,122,137,147,136,135,116,139,143,149,132,148,144,146,141,
130,127,117,106,
136,132,131,129,125,124,134,133,126,138,128,122,139,144,142,145,147,137,148,143,140,123,141,149,146,
128,148,144,133,129,146,149,138,118,113,142,134,119,141,126,
112,

145,147,140,128,148,144,133,129,134,142,119,118,141,146,138,149,126,
115,142,140,145,137,147,136,135,116,139,143,149,132,131,148,144,146,141,
123,140,145,128,147,148,138,126,149,133,144,141,146,129,142,134,
149,138,
121,

146,138,149,129,
135,130,
142,140,145,137,147,136,135,139,143,149,132,131,148,144,146,116,
146,144,148,132,143,139,131,135,136,147,137,145,140,
130,127,
142,134,119,146,129,149,138,141,
146,129,149,138,141,
130,127,

144,142,139,145,147,137,148,143,140,141,149,146,
145,147,140,128,148,138,126,149,133,144,141,146,142,134,
134,149,146,141,137,148,144,133,147,128,145,140,142,125,
140,145,147,128,133,144,148,137,141,146,149,142,134,
138,133,144,148,141,146,149,142,134,

133,144,148,141,146,149,142,134,
149,138,

143,139,

148,144,141,146,149,142,
149,146,141,


147,145,

143,
148,147,
149,146,
146,

148,





Past links sets, 

0,

1,
2,3,
2,3,
5,
4,
4,
2,
4,
2,3,
4,
1,9,
4,13,

7,8,
14,
15,
4,6,11,
18,
11,
19,
21,22,
6,17,12,16,10,
17,12,5,16,10,
7,10,19,
7,17,12,15,8,
7,18,8,17,12,
20,
6,17,12,16,10,
6,10,16,11,14,12,
14,20,
14,20,
18,
10,28,20,5,27,16,
8,23,26,
11,24,25,30,
23,
24,31,
7,8,33,32,17,12,
10,23,
15,
24,27,25,30,
28,40,
29,40,
16,27,28,40,
12,16,36,
33,29,34,
26,16,12,23,14,
42,

15,37,39,
29,34,40,
42,
18,50,
7,38,41,
53,
44,35,45,46,
26,37,39,
35,37,43,
35,37,39,43,
32,60,
34,54,55,
5,10,53,46,45,44,
52,61,
25,29,44,24,46,35,30,
25,30,45,24,46,35,44,
31,60,
12,16,36,56,
26,56,
8,12,48,42,32,17,
47,69,
51,63,
28,57,42,48,45,
43,57,67,66,64,58,
70,
17,32,48,55,
19,68,65,40,62,
17,49,69,47,31,
59,27,49,41,52,47,
19,68,65,40,62,
29,51,13,63,
4,63,13,51,29,
38,43,80,
14,70,72,
59,78,46,81,
59,27,38,49,41,52,47,
72,79,
58,71,64,74,
28,71,57,55,45,
48,62,75,
14,72,76,
58,26,81,66,78,67,
53,71,77,
39,76,85,88,
58,34,78,67,66,
30,74,64,71,25,58,
64,81,96,
33,68,65,84,62,
87,28,72,84,79,
38,80,81,
19,48,75,65,68,62,
84,68,32,87,65,
59,15,85,88,
39,68,91,
102,
88,65,70,100,
101,86,29,84,44,
65,100,
37,92,95,
52,68,61,91,
105,
104,18,84,95,87,
36,96,49,93,86,64,
66,67,99,108,
115,
22,102,98,93,86,
76,104,107,
95,118,
22,48,21,98,93,86,75,
65,111,
69,103,101,86,44,99,
62,109,88,103,70,
72,78,103,99,46,101,79,
100,124,
104,107,33,123,
36,49,117,120,
86,125,123,107,104,
119,109,113,92,103,
114,117,120,
93,103,56,116,
34,93,103,116,
76,126,128,
126,118,128,
87,114,116,
34,93,103,116,
116,122,125,
78,129,126,101,99,110,
79,122,131,
85,107,125,123,122,116,
66,134,108,119,67,133,122,
115,122,118,133,
72,139,
116,122,133,
93,123,107,137,
113,116,141,142,
93,137,140,
140,144,
110,115,129,141,
Future links sets, 
1,
13,3,
11,5,9,4,
11,5,4,
83,14,7,12,19,8,10,
64,35,25,6,
31,30,24,19,
56,40,26,16,27,28,
40,36,71,16,27,28,
13,
64,31,35,24,25,41,30,26,
37,31,21,19,
28,27,49,71,25,69,47,24,30,31,40,
83,82,14,
92,85,49,17,32,31,33,
18,104,27,42,52,
49,46,35,24,69,47,25,30,31,
77,40,30,79,24,25,71,27,28,
113,20,55,28,34,
102,22,26,81,78,
35,33,32,29,
120,23,
120,117,23,
49,38,41,36,
67,37,39,43,66,
97,37,67,43,66,
36,93,49,59,70,
80,87,43,35,46,
100,44,74,90,35,46,
83,82,45,48,108,53,66,
97,37,67,43,66,
68,79,39,
103,40,62,77,71,
126,99,48,40,
132,136,48,53,63,96,
67,58,60,61,66,
114,69,127,47,
110,52,59,60,61,
87,84,101,56,
52,59,105,61,95,
81,44,78,45,46,53,
87,80,56,
71,74,54,50,
84,61,75,60,
58,108,64,66,122,67,
90,58,64,74,67,
124,58,86,64,66,67,
80,79,87,72,
120,71,102,91,74,77,
127,79,114,80,87,
55,
82,83,73,
111,87,80,65,
94,64,57,
63,
90,77,63,
131,70,69,
90,75,74,
97,75,89,93,96,
104,87,86,80,
68,62,
111,65,
123,78,81,102,91,99,
82,83,73,
114,89,75,97,98,
109,107,78,103,81,121,99,102,
141,75,115,93,96,
141,75,115,93,96,
105,111,78,103,81,99,102,
79,122,72,
123,107,85,76,
97,90,94,89,
124,85,100,143,88,92,

97,89,
120,102,91,
133,118,95,92,
94,
138,86,96,93,124,
139,124,100,88,
101,84,
98,93,101,86,


113,99,100,103,108,
104,140,95,
122,108,114,128,117,120,
113,103,135,100,
123,107,104,95,


111,105,
129,110,
145,132,147,136,114,117,120,131,

119,113,110,
114,98,

120,117,
138,124,122,115,
125,109,107,
124,122,138,108,
117,106,
136,132,131,122,123,124,129,
126,128,118,113,
112,

145,128,126,118,140,
141,115,
129,123,
149,138,
121,

146,129,
135,130,
149,142,116,
144,140,137,131,136,132,146,135,
130,127,
142,134,119,
141,129,
130,127,

144,142,137,139,140,141,
145,140,128,126,
125,
140,137,128,
134,138,133,

134,133,
149,138,

139,

144,142,141,
141,


147,145,

143,
148,147,
149,146,
146,

148,





Coordinates,
0.305922,3.92627,
0.325686,3.80047,
0.268741,3.57145,
0.388974,3.6466,
0.420111,3.45706,
0.832496,3.57337,
0.929581,3.58164,
0.582588,3.17384,
0.536995,3.06712,
0.29468,2.8183,
0.816167,3.33092,
1.20317,3.70411,
0.517799,2.97609,
0.362899,2.7802,
0.460744,2.79154,
0.0150797,2.32807,
0.769453,3.04375,
0.504887,2.69089,
0.138958,2.19403,
1.73541,3.70503,
0.197974,2.14513,
2.01479,3.8715,
1.97722,3.75808,
2.08315,3.76473,
1.0551,2.68788,
0.898603,2.48327,
1.84015,3.41984,
0.742841,2.28352,
0.693756,2.19818,
0.234621,1.72654,
1.00896,2.50073,
1.38074,2.84776,
0.483628,1.93551,
0.462529,1.88467,
0.160976,1.5521,
0.863492,2.16028,
2.0888,3.34607,
1.26615,2.51895,
2.52095,3.7719,
1.4928,2.74194,
0.586162,1.80831,
2.43718,3.64202,
0.0514219,1.20448,
1.13271,2.2833,
0.720952,1.71847,
0.678108,1.65969,
0.814057,1.76978,
2.31721,3.23822,
0.466403,1.36626,
2.08322,2.96623,
0.111729,0.976449,
0.00462421,0.820425,
1.56041,2.36847,
0.642915,1.43253,
0.0538288,0.839076,
0.147219,0.913638,
2.8867,3.64736,
0.6725,1.40136,
0.884112,1.53096,
1.87515,2.52055,
1.31131,1.94394,
1.56019,2.17059,
1.31401,1.88048,
0.180975,0.738001,
0.846289,1.38237,
1.64502,2.16967,
1.11389,1.62768,
1.10946,1.58988,
1.47326,1.93823,
2.96543,3.36883,
3.32604,3.68101,
0.576938,0.890005,
3.11652,3.3768,
0.187088,0.440044,
0.716679,0.904212,
1.1522,1.26253,
3.58597,3.68668,
0.516004,0.572153,
1.76663,1.71897,
3.08512,3.02917,
2.45122,2.39055,
1.81678,1.71903,
0.365169,0.263448,
0.42352,0.264877,
2.53449,2.37541,
3.41878,3.24342,
1.89235,1.63307,
2.67607,2.41608,
3.31181,3.04469,
0.890083,0.521039,
0.696611,0.234792,
1.33039,0.867372,
3.79601,3.31854,
1.84579,1.31771,
0.656368,0.0859544,
3.63569,3.04198,
1.78603,1.14503,
1.01664,0.273437,
1.81758,1.06448,
2.56977,1.7128,
3.20104,2.34032,
2.52432,1.65193,
1.74841,0.86329,
2.71732,1.83043,
3.49147,2.55344,
1.5218,0.529028,
1.74943,0.652943,
3.38438,2.25006,
2.56657,1.43121,
3.30934,2.15672,
3.94165,2.78671,
1.62208,0.438302,
1.54579,0.333525,
3.7027,2.41247,
2.18428,0.872915,
2.61628,1.29263,
2.62289,1.25069,
2.01058,0.627691,
3.62286,2.2332,
3.66708,2.2117,
2.08177,0.578927,
1.68581,0.149427,
2.9841,1.40082,
3.34915,1.7565,
3.19727,1.47434,
3.20225,1.45146,
3.5424,1.7103,
2.13267,0.0126473,
3.4944,1.36841,
3.89608,1.76048,
2.2053,0.0297889,
2.91767,0.705715,
2.77407,0.494972,
3.60724,1.32797,
3.63149,1.32496,
2.68729,0.275314,
2.88092,0.407677,
3.24815,0.76955,
3.98947,1.42675,
3.09508,0.43303,
3.42004,0.624971,
3.68135,0.874051,
3.62835,0.81537,
3.12431,0.136489,
3.60922,0.39031,
3.40422,0.166964,
3.73189,0.485342,
3.46439,0.196404,
3.61388,0.301948,
3.94863,0.554299,
