Storage option,sets
Size,150
Dimension,2
Shape,cube
Spacetime,BlackHole
Past sets, 

0,

0,
1,0,3,
2,

2,
3,0,1,4,

0,1,5,2,7,
0,6,
0,1,5,2,7,
3,0,1,4,2,5,


14,
6,
3,7,2,5,1,0,10,

0,5,2,7,9,
14,16,


8,7,10,5,2,4,1,3,0,13,
8,7,10,5,2,4,1,3,0,13,

14,19,
0,5,2,7,9,14,16,
10,1,12,9,2,5,0,7,20,

20,7,0,5,2,9,12,1,10,29,
6,8,7,10,5,2,4,1,3,0,13,
26,
26,30,
2,4,1,3,8,6,0,11,
26,30,
1,3,8,0,11,15,6,4,17,
22,26,
26,30,
19,22,23,
1,3,8,0,11,15,6,4,17,
23,22,19,40,
6,12,25,8,7,10,5,18,2,4,1,3,0,13,24,
17,4,6,15,0,8,3,1,11,37,
1,28,2,0,5,7,20,9,14,27,16,19,21,12,
22,33,34,30,26,36,
18,13,3,4,5,20,7,31,2,9,12,1,10,0,29,24,8,
26,14,40,19,22,23,42,
18,13,3,4,5,20,7,31,2,9,12,1,10,0,29,24,8,
1,3,8,0,11,15,6,4,17,
0,5,2,7,16,21,9,22,23,19,14,27,
5,11,13,0,6,8,3,1,4,2,35,
36,39,26,30,34,22,33,46,
26,30,
7,52,13,0,5,11,8,3,1,4,2,6,35,10,
11,12,18,24,6,8,7,10,5,2,4,1,32,3,0,13,25,
19,33,34,30,23,36,26,22,38,
5,2,7,21,14,27,40,19,9,22,23,16,42,
5,2,7,21,14,27,40,19,9,22,23,16,42,

6,15,
10,7,52,13,0,5,11,8,32,3,1,4,2,6,35,

18,21,13,3,4,8,24,16,5,20,7,31,2,28,9,12,1,14,10,0,29,

22,33,34,36,30,39,26,54,
30,39,26,54,
2,7,22,26,14,40,27,48,19,23,42,16,9,38,21,
11,24,6,8,7,10,5,2,4,1,32,3,0,13,25,
18,19,21,13,3,4,8,24,16,5,20,7,31,2,28,9,12,1,14,10,0,29,
10,12,20,28,1,29,0,5,31,2,7,45,16,21,9,51,22,23,19,14,27,
4,3,18,21,19,27,16,5,20,7,31,2,28,9,12,1,14,10,0,29,
2,7,16,22,26,14,40,27,48,19,23,42,9,38,33,30,21,
33,34,36,30,39,26,54,
9,11,24,13,0,43,4,6,12,25,8,7,10,5,18,2,1,32,3,
26,30,
28,0,58,42,59,7,5,2,21,14,27,40,19,9,51,22,23,16,
4,3,18,10,12,21,19,1,14,27,28,31,2,29,0,5,7,20,9,45,16,
10,12,20,28,1,29,0,5,2,7,45,16,21,9,51,22,23,19,14,27,
10,40,42,12,20,28,1,0,5,2,7,45,16,21,9,51,22,23,19,14,27,
54,26,39,30,36,34,33,22,74,
30,65,
33,34,36,26,39,30,54,67,
12,20,28,0,58,42,1,59,7,5,2,21,14,27,40,19,9,51,22,23,16,
54,67,30,65,39,26,76,
21,25,16,14,28,8,24,29,0,10,47,18,5,13,3,4,49,20,7,31,2,9,12,1,
33,58,5,59,21,38,9,68,42,16,2,7,22,26,14,40,27,48,19,23,
36,76,26,39,65,30,67,54,85,
9,43,25,13,0,3,32,56,4,11,24,12,18,5,6,8,7,10,2,1,
8,13,16,45,9,7,5,0,29,20,78,4,3,18,2,31,10,12,21,19,1,72,14,27,28,
66,74,22,33,34,36,30,39,26,54,81,
20,3,32,1,2,18,5,10,75,9,11,24,13,0,43,4,6,12,25,8,7,
9,43,25,13,0,3,32,56,4,11,24,12,18,5,6,8,7,10,2,1,
60,63,
24,25,10,7,52,13,0,5,11,8,32,3,1,4,2,6,35,
60,26,65,30,82,
23,16,45,9,7,5,0,29,20,78,4,3,18,2,31,10,12,21,19,1,14,27,28,
1,10,7,8,6,5,18,2,89,11,24,9,43,56,4,25,12,13,0,3,32,
5,34,68,21,30,33,38,9,73,2,36,7,16,42,22,26,14,40,27,48,19,23,
25,64,29,0,10,14,1,9,28,2,31,12,70,47,18,5,19,21,8,13,3,16,4,24,49,20,7,
42,40,14,46,57,48,19,33,34,30,23,36,26,39,22,38,54,53,
40,46,53,66,22,33,34,36,23,30,39,26,54,57,19,38,
38,54,26,39,30,23,36,34,46,33,22,53,66,
2,16,21,27,42,40,14,57,48,19,33,46,34,30,23,36,26,39,22,9,38,53,
18,52,25,13,0,4,69,11,24,35,6,8,7,10,5,2,1,32,3,
3,18,27,14,19,23,9,79,21,22,51,80,28,31,2,10,40,59,1,71,42,12,20,7,29,0,5,16,45,
16,27,42,40,14,46,57,48,19,33,34,30,23,36,26,39,22,38,54,53,
58,45,51,22,80,21,9,23,19,106,14,27,18,3,28,31,2,10,40,1,42,71,12,79,20,7,29,59,0,5,16,
74,22,81,82,76,26,39,36,65,88,30,67,85,33,54,83,34,
34,60,26,39,82,30,88,65,36,76,96,67,54,85,
66,34,83,54,33,85,74,109,22,81,82,76,26,39,65,36,30,88,67,
16,28,25,6,14,43,8,24,29,0,10,47,18,5,13,3,4,49,20,7,31,2,9,12,1,
16,25,6,14,43,8,24,29,0,10,47,18,5,13,32,3,4,49,20,7,31,2,9,12,1,
4,3,18,27,14,19,23,22,51,9,21,71,16,45,10,12,20,7,28,1,29,0,5,2,31,
74,33,85,83,54,110,34,60,26,39,82,30,88,65,36,76,96,67,
1,12,20,2,16,42,38,68,9,21,5,34,58,7,36,0,59,30,33,22,51,26,40,27,48,19,77,23,87,28,14,73,
46,36,7,2,38,33,30,59,9,68,39,5,34,21,16,42,22,26,73,14,99,40,27,48,19,23,87,58,57,53,
34,30,77,45,10,2,16,42,38,68,9,5,58,7,0,59,1,33,22,51,21,80,26,84,73,14,40,27,48,19,23,12,20,87,28,
4,3,18,71,27,14,19,23,22,51,9,21,79,1,10,12,20,7,28,31,2,29,0,5,16,45,
21,66,102,53,54,38,22,39,26,36,23,107,16,42,27,40,101,14,46,33,57,48,19,34,30,
39,46,57,51,36,7,2,38,33,30,9,68,5,34,21,16,42,22,26,73,14,99,40,27,48,19,77,23,58,59,0,87,28,
33,38,48,26,31,5,1,42,59,0,58,29,2,28,7,79,20,71,12,84,14,27,40,19,77,68,9,51,22,21,80,23,16,45,10,
4,16,5,27,14,23,108,106,19,21,80,22,51,9,45,58,29,18,3,28,31,2,10,40,1,0,59,42,71,12,79,20,7,
7,20,79,12,71,22,51,80,21,108,106,19,23,14,27,16,45,4,5,123,9,58,29,18,3,28,31,2,10,40,1,0,59,42,
26,84,16,5,27,14,23,108,106,19,21,80,22,51,9,45,58,29,77,18,3,28,31,2,10,40,1,0,59,42,71,12,79,20,7,
46,60,38,96,67,88,30,36,65,39,26,91,33,85,66,34,83,54,74,109,22,23,81,53,111,82,76,
27,42,14,101,48,19,57,40,102,66,16,74,103,38,54,26,39,30,81,23,36,34,46,33,22,53,
66,21,2,53,54,9,38,22,39,26,36,23,107,16,42,27,40,101,14,104,46,33,57,48,19,34,30,
2,21,66,102,53,54,9,38,22,39,26,36,23,107,16,42,27,40,101,14,46,33,57,48,19,34,30,
58,46,104,33,19,48,57,27,21,42,16,2,34,5,30,59,23,36,7,26,39,22,68,9,38,53,40,99,14,73,
31,29,28,87,79,20,71,12,23,19,48,5,34,38,9,68,10,42,16,45,2,77,30,1,58,118,59,0,7,33,22,51,80,21,26,84,73,14,40,27,
27,42,14,101,48,19,57,40,102,66,16,74,103,67,38,83,54,26,39,30,81,23,36,34,46,91,33,22,53,
3,10,45,16,23,80,21,22,58,29,42,1,0,59,26,84,48,19,77,38,33,5,31,2,122,87,28,7,79,20,71,12,14,27,40,9,68,51,
51,104,53,57,5,34,39,68,9,38,30,0,59,2,36,7,33,46,21,16,42,22,26,73,14,99,40,27,48,19,23,87,117,58,
46,36,57,116,28,87,20,12,23,19,48,5,34,38,9,68,10,42,16,45,2,77,30,1,58,118,59,0,7,33,22,51,80,21,26,84,73,14,99,40,27,
3,10,45,16,23,80,21,22,58,29,42,1,0,59,26,84,48,19,77,38,33,5,31,2,122,87,28,7,79,20,71,12,14,27,40,9,68,51,
51,104,53,57,5,34,39,68,9,38,30,0,59,2,36,7,33,46,21,16,42,22,26,73,14,99,40,27,48,19,23,28,87,117,58,
104,36,26,39,22,68,9,38,102,53,7,66,21,54,2,129,23,16,27,40,42,101,73,14,46,33,57,107,48,19,34,30,128,
23,36,26,39,38,68,9,22,54,2,21,53,7,66,128,16,27,40,42,101,104,46,33,57,107,48,19,34,30,14,73,
9,23,36,26,39,81,22,38,54,102,53,66,21,2,120,33,16,103,74,27,40,42,101,14,46,57,107,48,19,34,30,
20,12,1,53,28,87,0,59,117,58,39,68,9,38,2,36,7,51,22,116,57,33,46,30,121,5,34,21,16,42,26,73,14,99,40,27,48,19,77,23,
1,20,104,53,28,87,0,59,117,58,39,68,9,38,2,36,7,51,22,57,33,46,30,121,5,34,21,16,42,26,73,14,99,40,27,48,19,77,23,
104,36,26,39,22,9,38,102,53,7,66,21,54,120,2,129,23,16,27,40,42,101,73,14,46,33,57,107,48,19,34,30,128,
58,117,87,28,23,48,30,38,9,68,39,34,5,57,53,59,0,104,46,51,22,19,137,21,2,36,7,33,16,42,26,73,14,99,40,27,
20,104,53,28,87,0,59,117,58,39,68,9,38,2,36,7,51,22,57,33,46,30,121,5,34,21,16,42,26,73,14,99,40,27,48,19,77,23,
88,65,76,109,127,53,102,57,19,107,48,74,16,103,132,14,101,42,66,40,27,67,38,83,54,85,26,39,30,82,23,36,34,46,91,33,81,22,
67,83,91,102,57,19,107,48,74,16,103,66,40,9,127,14,42,101,27,38,54,26,39,30,23,36,34,46,33,2,120,81,22,53,21,
88,65,76,109,111,127,53,102,57,19,107,48,74,16,103,132,14,101,42,66,40,27,67,38,83,54,85,26,39,30,82,23,36,34,46,91,33,81,22,
16,27,91,48,14,42,101,76,111,53,82,23,81,22,109,74,103,54,83,34,66,33,85,26,39,65,36,30,88,67,38,46,102,40,57,19,
Future sets, 
134,51,121,77,144,28,20,11,3,116,141,145,18,136,78,97,31,90,119,1,32,13,72,131,4,122,100,41,124,95,37,45,142,24,84,25,123,64,86,112,105,47,106,93,35,50,44,70,114,55,113,56,43,69,137,10,98,89,92,75,49,108,62,52,118,8,135,80,79,71,12,133,29,125,
142,45,84,86,112,25,123,64,93,35,47,106,105,122,37,95,124,72,13,4,131,32,90,31,119,97,78,100,41,50,44,70,114,55,113,56,43,24,69,10,98,89,92,75,49,108,62,52,118,8,135,80,79,71,12,133,29,125,136,18,141,116,
129,128,104,35,68,138,73,143,144,28,52,45,116,141,142,24,49,108,78,75,31,90,62,121,69,10,137,97,95,124,55,114,56,140,13,131,72,125,70,99,59,118,117,58,43,130,71,139,12,87,136,77,7,134,5,123,64,51,79,147,20,135,122,80,119,32,133,29,25,84,105,106,47,113,100,112,86,18,145,93,98,89,92,
133,125,136,18,52,62,108,49,75,92,89,98,69,24,43,56,113,55,114,70,44,50,41,100,78,97,119,90,32,13,72,124,8,95,37,4,105,106,47,35,93,64,123,25,112,86,
124,119,97,78,72,13,50,44,70,114,55,113,105,47,35,93,123,64,25,112,90,32,86,8,95,37,41,100,56,43,24,69,98,89,92,75,49,62,52,
99,59,87,117,130,58,134,51,121,77,136,70,125,43,72,131,13,56,114,55,124,95,97,137,10,69,62,31,90,118,79,20,135,122,80,119,32,71,12,133,29,25,84,105,106,47,113,100,112,86,18,145,123,64,93,98,89,92,75,78,108,49,24,142,141,116,45,52,28,144,
112,43,61,32,93,35,41,98,69,11,89,50,92,105,17,75,62,113,55,56,37,95,52,44,
143,73,99,138,68,59,87,117,130,58,134,51,121,136,77,70,125,43,72,131,56,114,55,124,95,97,69,62,31,90,118,79,20,135,122,80,119,32,71,139,12,133,29,25,84,105,106,47,113,100,112,86,18,145,123,64,93,98,89,92,75,78,10,137,108,49,24,142,141,116,45,28,144,
90,93,64,35,105,47,86,112,25,113,55,70,100,41,56,43,95,37,24,69,98,89,92,75,49,32,62,52,44,50,
140,129,128,104,93,125,90,31,119,124,72,131,123,64,97,118,59,133,71,130,100,29,116,141,92,113,142,84,143,135,122,70,80,139,147,20,79,138,136,77,78,137,114,106,47,112,145,86,49,108,45,28,87,144,121,51,134,75,58,117,68,99,73,89,98,
118,135,80,62,32,79,122,71,133,29,25,69,95,55,114,56,31,90,119,97,131,72,43,124,125,70,136,18,105,106,47,113,100,112,86,123,64,93,98,89,92,75,78,108,49,24,
92,75,89,55,62,56,105,52,95,37,50,44,41,35,93,69,98,
141,116,84,56,135,80,118,45,75,92,89,98,78,136,114,122,93,70,113,100,71,133,29,97,64,123,131,72,43,124,119,31,90,125,106,47,112,86,79,49,108,
52,62,90,32,49,75,92,89,98,69,24,95,43,56,70,55,113,100,25,112,86,47,105,64,93,
101,48,27,148,21,107,112,145,70,129,128,99,68,127,59,118,147,140,125,108,79,138,114,133,120,149,90,123,64,134,132,73,51,80,139,113,72,131,122,100,58,117,87,28,146,130,71,97,104,45,124,119,135,106,77,136,137,78,144,16,143,84,142,141,121,116,86,
61,41,44,50,37,
149,132,127,113,72,131,139,80,133,64,123,122,114,51,138,79,125,108,73,140,118,59,147,120,68,99,128,70,129,100,58,117,87,28,146,130,71,97,104,45,124,90,119,135,106,77,136,137,78,144,134,143,84,142,141,121,116,86,145,112,107,21,148,
41,44,50,37,
108,125,124,123,106,97,119,90,70,72,43,114,56,113,100,112,105,47,86,64,93,98,89,92,75,78,49,
100,70,57,101,42,72,131,139,80,133,122,51,138,79,108,125,58,117,87,146,114,27,145,120,107,48,68,127,147,140,129,148,132,73,128,99,40,59,118,123,130,71,97,104,45,124,149,90,119,135,106,77,136,137,78,144,134,143,84,142,141,121,116,102,
142,141,116,92,84,135,80,78,136,114,122,70,113,100,71,133,29,118,97,64,123,131,72,124,119,31,90,125,106,47,112,145,86,79,49,108,45,
140,147,120,128,73,129,70,99,68,100,87,117,58,125,108,138,79,114,122,133,139,80,51,72,131,59,118,64,123,130,71,97,104,45,124,90,119,135,106,77,136,137,78,144,134,143,84,142,141,121,116,86,145,
109,81,111,91,66,119,79,149,120,140,135,121,134,141,137,57,116,144,142,38,132,73,103,126,102,131,118,59,107,48,136,77,99,40,122,133,104,130,71,101,42,145,129,138,139,80,128,148,143,84,147,117,58,87,146,127,68,123,124,108,125,106,46,53,51,114,
126,103,97,119,114,51,104,58,117,59,118,147,121,140,71,130,101,42,141,136,77,134,106,132,73,125,137,108,79,138,127,68,80,139,146,87,57,116,145,102,131,144,128,40,99,122,135,48,107,120,149,133,129,148,143,84,142,123,124,
95,70,43,56,113,100,112,105,47,86,64,93,69,98,89,92,75,49,
100,43,56,95,113,112,86,93,69,98,89,92,105,75,
125,96,76,54,48,130,142,83,134,141,126,67,146,87,121,145,116,57,111,122,109,107,136,115,46,104,133,74,118,102,131,66,99,33,91,101,135,137,144,85,53,81,140,127,68,120,149,103,73,132,129,138,139,128,148,143,147,88,117,34,110,36,38,39,
120,147,140,129,148,107,128,132,73,99,127,68,146,87,117,58,125,108,138,79,114,122,133,139,80,51,72,131,59,118,123,130,71,97,104,45,124,149,90,119,135,106,77,136,137,78,144,134,143,84,142,141,121,116,145,
144,112,84,116,125,108,79,114,122,133,80,118,64,123,71,100,97,45,124,90,119,135,106,77,136,137,78,70,131,72,86,145,121,141,142,
133,131,71,100,122,64,70,114,49,136,78,113,31,97,123,72,124,106,119,90,125,47,112,86,79,108,
96,54,39,36,117,88,147,143,148,128,139,138,129,73,132,103,149,120,127,140,81,53,85,144,145,91,111,74,115,116,57,109,110,66,118,131,102,99,34,121,146,67,126,82,141,107,134,83,142,104,46,130,101,76,135,137,
97,72,106,90,119,123,124,125,108,47,112,86,113,78,136,49,114,70,64,122,100,71,131,133,
113,92,105,75,62,89,98,93,95,69,56,
122,136,109,115,133,74,118,99,131,111,91,66,116,57,121,87,146,126,141,102,107,134,83,142,145,104,46,130,101,135,137,144,53,81,140,127,120,149,103,73,132,129,138,139,128,148,143,147,117,
131,118,110,99,109,115,74,111,91,66,116,57,121,146,126,141,102,107,134,83,142,145,104,46,130,101,135,137,144,53,81,140,127,120,149,103,132,129,138,139,128,148,143,147,117,
55,62,95,105,52,
99,110,109,115,74,111,91,66,116,57,121,146,126,141,102,107,134,83,142,145,104,46,130,101,135,137,144,53,81,140,127,120,149,103,132,129,138,139,128,148,143,88,147,117,
44,
126,103,131,118,136,133,99,122,130,101,104,145,142,144,116,57,137,107,102,141,134,121,135,140,120,149,73,132,129,138,139,128,148,143,147,117,87,146,127,68,
121,74,109,115,110,111,91,101,130,104,145,83,142,137,134,107,102,141,67,126,85,144,53,81,140,127,120,149,103,132,129,138,139,128,148,143,88,147,117,146,66,
102,131,144,145,116,87,146,68,127,139,80,138,128,99,122,135,48,107,120,133,129,148,143,84,142,149,123,124,108,137,125,73,132,106,134,77,136,141,42,101,130,140,121,147,118,59,117,58,104,

106,125,108,124,123,148,129,132,73,149,84,143,134,137,77,136,142,141,101,130,140,121,147,59,118,58,117,104,133,120,107,48,135,122,99,128,138,80,139,127,68,146,87,116,145,144,131,
113,112,93,98,89,92,75,

118,80,97,71,123,131,133,122,114,79,108,125,124,90,119,135,106,136,78,
135,101,130,104,145,142,137,134,107,102,141,126,144,53,140,127,120,149,103,132,129,138,139,128,148,143,147,117,146,121,
113,100,112,86,
107,104,120,147,140,141,142,136,121,117,130,101,135,122,99,128,138,139,133,127,68,146,87,116,145,144,118,131,137,134,143,149,73,132,129,148,
113,100,112,86,

144,134,80,84,142,141,118,121,116,145,71,136,123,131,133,122,114,137,79,108,125,124,119,135,106,77,
105,95,62,55,
126,141,107,134,137,144,142,145,104,102,130,101,127,140,120,149,103,132,129,138,139,128,148,143,147,117,146,
107,132,103,74,148,149,120,91,146,147,88,143,85,128,139,110,66,102,138,109,129,127,111,81,140,126,67,115,83,101,

93,98,89,
135,121,141,107,134,137,144,142,145,104,102,130,101,127,140,120,149,132,129,138,139,128,148,143,147,117,146,
130,123,124,134,108,137,144,117,84,142,125,133,136,87,116,145,121,131,118,122,77,135,141,
130,124,123,134,108,137,144,117,84,142,125,133,136,87,116,145,121,131,118,122,106,77,135,141,
110,115,126,96,94,


94,
100,
88,96,109,148,126,115,110,149,146,85,111,82,
139,128,143,120,91,149,147,146,148,103,132,126,102,138,129,127,111,140,
88,146,126,110,149,85,111,115,132,147,109,148,83,
139,138,122,130,99,133,121,136,142,141,135,117,87,116,145,144,118,131,137,134,
105,
100,
131,133,122,114,108,125,124,136,123,119,106,
90,
143,139,138,131,99,135,121,134,137,144,118,141,142,116,145,130,117,
115,91,149,147,148,109,132,126,111,127,140,146,81,
92,
88,115,110,149,126,146,148,109,111,85,
125,133,136,145,121,131,118,122,135,141,142,116,
97,90,
131,133,122,108,125,124,136,123,119,106,
133,122,135,131,118,108,125,124,136,123,106,
140,127,111,126,132,109,148,146,147,149,91,
111,146,149,110,115,126,148,109,96,
147,132,115,111,149,126,146,148,109,
125,133,136,122,135,131,118,
109,148,146,126,149,110,111,115,88,

136,142,141,135,117,116,145,144,118,131,137,134,121,133,
115,111,110,149,126,146,148,109,
98,

149,147,146,148,132,126,




126,115,110,


135,121,134,137,144,141,142,145,130,117,

149,132,129,138,139,128,148,127,140,143,147,146,120,
149,132,138,129,148,127,140,143,147,146,120,
149,132,146,147,148,140,127,
145,142,144,137,134,138,139,130,143,128,

123,124,125,108,
148,129,138,139,128,140,143,147,146,120,
125,124,123,
146,126,148,149,111,
115,
149,148,126,




141,135,
145,142,141,144,137,134,
135,131,

147,143,140,
145,142,141,
136,133,
124,



148,147,146,
143,139,138,
143,138,


148,146,




144,












Past links sets, 

0,

0,
1,3,
2,

2,
4,

1,5,7,
0,6,
1,5,7,
4,5,


14,
6,
3,10,

0,5,7,9,
16,


8,10,13,
8,10,13,

14,19,
0,5,7,9,16,
10,12,20,

29,
6,8,10,13,
26,
26,30,
2,8,11,
26,30,
8,11,15,17,
22,26,
26,30,
19,22,23,
8,11,15,17,
40,
6,18,24,12,25,
37,
12,20,21,27,28,
22,33,34,36,
24,18,31,
14,26,42,
24,18,31,
8,11,15,17,
0,5,7,21,9,22,23,27,
13,35,
39,46,
26,30,
10,52,
18,11,24,12,25,32,
19,33,34,23,36,38,
5,7,9,21,27,42,
5,7,9,21,27,42,

6,15,
32,52,

21,24,28,18,31,

22,33,34,36,39,54,
39,54,
7,21,27,38,9,48,
11,24,25,32,
19,21,24,28,18,31,
31,45,51,
4,21,27,28,18,31,
21,27,30,7,33,38,9,48,
33,34,36,39,54,
9,11,32,43,
26,30,
28,51,58,59,
4,18,31,45,
29,45,51,
10,42,45,51,
22,74,
30,65,
33,34,36,67,
28,12,51,58,20,59,
65,67,76,
25,28,21,47,49,
58,33,59,68,
36,85,
9,43,56,
8,72,13,78,
66,81,
20,75,
9,43,56,
60,63,
24,25,32,52,
26,60,82,
23,78,
89,
5,36,68,34,73,
47,49,25,64,70,
48,53,54,57,
57,40,53,66,
23,38,53,66,
2,21,9,48,27,53,57,
18,52,69,
18,59,71,79,80,
16,48,27,53,54,57,
58,106,
81,82,83,88,
34,88,96,
66,109,
28,43,47,49,
16,32,43,47,49,
4,18,71,
74,83,110,
20,36,34,73,12,77,87,
53,57,87,99,
34,73,77,80,84,87,
4,18,71,79,
21,101,102,107,
39,46,57,77,87,99,
33,68,77,79,80,71,84,
4,108,
123,
26,77,84,108,
23,38,53,91,96,111,
27,16,81,101,102,103,
66,101,104,107,
2,9,21,101,102,107,
58,59,99,104,
71,79,118,
16,27,83,91,101,102,103,
3,87,122,
51,104,117,
46,57,99,116,118,
3,87,122,
28,51,104,117,
68,73,128,129,
68,73,128,
2,9,103,81,120,
116,117,121,
1,20,104,117,121,
73,120,128,129,
137,
20,104,117,121,
107,109,127,132,
2,9,83,91,120,127,
107,111,127,132,
16,27,91,101,102,103,111,
Future links sets, 
51,28,20,11,3,1,
142,12,10,4,
147,140,129,104,35,7,5,
136,133,18,4,
123,119,114,72,78,13,8,
99,58,28,59,20,13,51,12,10,
61,32,43,17,11,
73,68,58,28,59,20,51,12,10,
41,35,32,90,25,50,37,24,
20,59,28,93,51,129,58,68,73,140,147,89,75,104,
80,32,55,29,25,24,18,
75,69,56,41,50,37,35,
116,84,45,56,43,29,
52,32,90,25,24,
48,27,16,
61,41,50,37,
149,127,113,107,132,28,21,
41,50,37,
119,106,105,78,72,70,64,114,49,47,56,43,
70,57,40,27,
145,142,116,92,84,45,29,
104,86,73,70,120,68,72,59,129,64,51,58,45,
81,46,66,40,51,38,
126,97,57,103,51,40,
70,64,49,47,95,69,56,43,
100,86,95,69,56,43,
96,76,54,48,39,38,36,125,34,33,
132,127,104,73,107,68,72,59,51,149,58,45,
112,86,137,72,70,77,64,84,45,
79,31,
82,76,54,39,36,73,34,
78,72,71,70,64,49,47,
113,75,62,95,69,56,
87,74,73,66,122,83,57,46,
116,110,99,74,118,66,83,57,46,
52,
116,99,88,74,66,83,57,46,
44,
126,103,73,68,57,
121,74,67,66,53,
102,42,

80,59,58,48,
113,112,93,89,75,

80,79,78,71,
135,121,53,
113,100,112,86,
104,101,73,107,68,
113,100,112,86,

137,134,80,79,77,84,71,
105,95,62,55,
126,107,117,104,103,102,101,
107,101,74,67,66,

93,89,
135,121,107,117,104,102,101,
130,108,87,84,77,
130,106,87,84,77,
96,94,


94,
100,
85,82,
111,103,128,102,91,
85,83,
122,138,99,139,87,
105,
100,
131,122,114,119,106,
90,
143,139,118,116,138,99,
115,81,
92,
85,
125,122,121,118,116,
97,90,
131,122,119,106,
122,118,106,
140,127,109,91,
109,96,
147,132,115,109,
125,122,118,
88,

136,133,121,118,117,116,
110,109,
98,

149,147,132,126,




126,110,


135,121,130,117,

149,132,129,128,127,120,
149,132,129,127,120,
149,132,140,127,
145,142,137,134,130,128,

108,
148,129,128,146,120,
125,123,
146,111,
115,
149,148,126,




141,135,
145,142,141,137,134,
135,131,

147,143,140,
145,142,141,
136,133,
124,



148,147,146,
143,139,138,
143,138,


148,146,




144,












Coordinates
0.0506802,0.972853
0.0641593,0.942311
0.13144,0.997608
0.0567092,0.895163
0.0670354,0.860438
0.150309,0.932828
0.013413,0.795833
0.192622,0.934789
0.0833436,0.810254
0.266351,0.932068
0.194533,0.838228
0.0530884,0.650996
0.249338,0.822776
0.171037,0.744047
0.349903,0.920377
0.00723731,0.561667
0.357742,0.900086
0.0287786,0.567198
0.245799,0.750157
0.417461,0.90813
0.299614,0.78975
0.39037,0.868192
0.498904,0.9703
0.475567,0.918653
0.233198,0.668345
0.218708,0.637847
0.585976,0.998417
0.446158,0.84816
0.374723,0.753061
0.338425,0.712031
0.629543,0.995756
0.339903,0.698828
0.206484,0.539961
0.621859,0.925409
0.633186,0.929868
0.147094,0.443104
0.648667,0.940378
0.107021,0.393182
0.60941,0.868911
0.684176,0.937168
0.553819,0.806127
0.095867,0.319901
0.562072,0.784849
0.264431,0.468243
0.118546,0.310258
0.453119,0.628267
0.674721,0.841307
0.344291,0.503266
0.595248,0.749288
0.344133,0.495109
0.0905309,0.232763
0.508221,0.633352
0.192547,0.314352
0.6939,0.811868
0.775024,0.88838
0.197436,0.254289
0.256954,0.302791
0.673897,0.713339
0.567123,0.601897
0.56552,0.598719
0.938823,0.950097
0.0264911,0.0371953
0.217176,0.206443
0.9607,0.937874
0.41617,0.389748
0.885072,0.85348
0.7914,0.758817
0.858087,0.820362
0.615835,0.577602
0.245151,0.195177
0.430301,0.379537
0.521762,0.470733
0.452509,0.399729
0.62955,0.576205
0.831499,0.776333
0.293151,0.236316
0.884794,0.815517
0.583795,0.498302
0.470815,0.37374
0.544816,0.446353
0.562172,0.459275
0.839587,0.734121
0.914183,0.808175
0.861712,0.752736
0.576934,0.465934
0.894607,0.778893
0.407604,0.285768
0.626238,0.501793
0.896618,0.767981
0.287387,0.151662
0.473985,0.319203
0.854843,0.698225
0.307731,0.149222
0.270617,0.110054
0.980454,0.819211
0.239352,0.0770199
0.938953,0.776428
0.49497,0.309179
0.288683,0.0945146
0.668253,0.464618
0.430563,0.216822
0.778655,0.557693
0.798812,0.570294
0.827131,0.597607
0.719114,0.487501
0.247464,0.00648995
0.566215,0.313445
0.775202,0.512487
0.56857,0.302447
0.915306,0.647635
0.953995,0.683043
0.916282,0.639604
0.3821,0.104301
0.360021,0.0765495
0.534039,0.225964
0.959848,0.649896
0.655839,0.317305
0.70616,0.347498
0.64173,0.273622
0.550469,0.167824
0.811066,0.421489
0.68587,0.292173
0.622999,0.222392
0.57495,0.167316
0.575116,0.152043
0.591817,0.153214
0.94527,0.488719
0.850026,0.385841
0.793639,0.322645
0.802235,0.32972
0.756271,0.237267
0.643941,0.119196
0.870099,0.345087
0.62943,0.0497927
0.747512,0.159747
0.677212,0.0733415
0.62631,0.0219153
0.737964,0.130793
0.802642,0.175808
0.797762,0.166483
0.847266,0.183694
0.708081,0.0294082
0.72423,0.0447435
0.818235,0.124795
0.738135,0.0413401
0.727996,0.021207
0.915869,0.171807
0.86605,0.110534
0.923649,0.135346
0.934026,0.10408