Storage option,sets
Size,150
Dimension,2
Shape,cube
Spacetime,BlackHole
Past sets, 








2,
0,



3,
1,
0,1,
0,1,

1,10,
12,

3,13,
5,6,
3,
0,11,
1,3,10,
11,12,19,
0,9,
3,
4,2,8,
18,1,10,3,14,
0,18,1,10,14,
13,18,10,1,25,3,
18,10,1,14,25,3,
8,2,4,29,
9,24,0,11,12,
20,4,26,11,12,19,
4,2,8,
4,2,8,
8,2,4,29,
19,12,11,26,4,20,36,
13,28,3,23,10,21,
15,10,0,31,14,18,1,
9,14,16,1,0,15,
4,2,8,
2,
2,8,
9,14,16,1,0,15,
2,20,4,26,11,12,19,
15,1,11,0,9,27,16,
9,14,16,1,0,15,
3,25,1,18,13,21,10,32,
4,2,8,
15,12,1,16,27,11,0,9,24,
4,2,8,
15,0,1,27,16,14,9,43,
19,27,1,35,0,26,9,24,11,12,
30,14,51,18,3,25,1,13,21,32,10,33,
23,28,51,3,25,1,13,21,10,32,18,41,
19,12,11,20,2,26,4,48,
0,15,47,1,16,14,55,9,43,27,50,
9,13,16,30,3,25,42,31,15,0,10,33,14,18,1,
13,28,3,23,21,
12,14,49,27,16,15,24,1,11,0,9,43,
9,16,30,3,25,42,31,15,0,10,33,14,18,1,
20,39,4,8,12,29,2,34,
15,16,19,56,27,1,35,9,0,26,24,11,12,20,
23,0,57,30,13,31,14,51,18,1,3,25,21,32,10,33,
10,41,13,62,28,21,3,23,
50,13,64,30,9,16,33,3,25,42,31,14,15,0,10,61,18,1,
19,35,26,63,14,12,49,15,27,24,1,11,0,9,43,16,53,
0,24,9,36,4,26,48,2,20,11,35,12,19,40,
9,1,43,24,27,53,15,11,49,12,14,63,26,16,35,0,19,70,
49,16,15,19,56,27,1,35,9,0,26,53,24,11,12,
23,31,0,15,57,30,13,14,51,18,1,3,25,42,21,32,10,33,
32,69,13,64,18,30,9,16,33,10,50,3,25,42,31,15,14,61,1,0,47,
43,64,30,9,16,33,13,50,3,25,42,31,14,15,0,47,10,18,1,
0,24,9,36,4,26,48,2,20,11,35,12,19,40,
32,21,57,61,10,9,13,30,16,33,3,25,42,31,51,14,15,0,18,1,
72,49,26,1,24,70,43,27,53,15,11,12,35,14,63,16,0,19,9,56,
13,28,3,23,21,
50,55,47,63,14,12,49,15,27,16,24,1,11,0,9,43,60,
23,3,28,62,41,21,10,13,68,
32,21,69,0,13,64,18,30,9,16,33,10,50,3,25,42,31,15,14,61,1,51,
11,3,25,33,10,42,31,60,18,47,0,15,30,1,27,16,55,9,14,43,50,
57,83,25,32,3,61,21,50,0,13,42,64,18,30,1,9,16,33,69,10,31,15,14,51,78,
28,67,23,41,0,57,30,13,10,51,32,31,14,33,18,1,58,3,25,21,
4,40,20,66,36,73,15,56,19,16,53,27,1,35,9,26,0,24,11,49,12,
15,28,67,23,41,0,57,30,13,10,51,32,31,14,33,18,42,1,58,3,25,21,
27,21,51,69,32,76,30,43,64,18,9,16,33,10,13,50,3,25,42,31,61,14,15,0,47,1,75,
1,25,23,3,28,62,18,41,21,10,82,13,68,
41,28,58,16,9,74,51,23,0,31,15,30,13,61,14,18,1,3,25,42,21,67,32,57,10,33,
33,14,30,23,58,3,28,51,62,41,18,13,21,68,25,1,32,10,57,
2,36,4,40,66,15,16,53,19,56,27,1,35,9,26,0,24,11,49,12,20,
30,3,25,33,31,42,50,18,55,10,47,63,14,12,49,15,27,16,24,1,11,0,9,43,60,
16,36,4,20,2,56,27,1,35,9,19,48,0,26,24,40,11,12,
4,55,20,79,72,49,1,24,70,43,27,26,73,53,15,11,12,35,14,63,16,47,0,66,19,56,9,
88,30,1,74,15,28,57,86,67,23,41,0,58,13,42,10,51,32,3,31,14,33,18,25,21,
11,0,49,26,9,12,35,56,19,53,16,15,20,66,40,27,4,36,2,24,1,93,
41,10,68,80,3,13,62,28,21,23,
12,24,49,61,69,32,43,9,55,16,50,3,27,30,0,47,1,18,14,60,13,31,42,10,33,25,11,15,84,76,64,75,
41,28,58,67,23,57,83,25,32,3,61,21,50,0,13,42,64,18,30,1,9,16,33,69,10,31,74,15,14,51,78,
67,23,78,83,57,85,31,27,21,50,51,32,3,61,76,18,47,89,30,1,43,14,64,9,33,69,10,13,42,25,74,15,0,16,75,
15,62,86,28,51,67,23,0,41,18,30,13,57,10,33,32,31,14,1,58,3,25,21,68,
61,13,64,76,94,30,3,33,31,1,60,42,50,18,47,55,25,84,10,63,14,43,12,49,15,27,16,24,11,0,9,
20,50,55,60,79,72,49,1,24,70,43,27,26,73,53,15,11,12,35,14,63,16,47,0,19,56,9,
53,81,35,94,30,3,33,31,1,60,42,50,18,47,55,25,84,10,63,14,43,12,49,15,27,16,24,11,0,9,
13,3,68,23,62,10,28,80,41,21,99,
47,75,101,64,41,78,28,58,21,67,30,23,57,83,9,25,32,69,3,61,50,13,0,74,42,18,1,16,33,10,31,15,14,51,85,
99,21,41,80,28,10,62,23,13,68,3,107,
85,101,64,41,78,28,58,21,67,30,23,57,83,9,25,32,69,3,61,50,13,0,74,42,18,1,16,33,10,31,15,14,51,91,
55,20,79,72,49,1,24,70,43,27,26,73,53,15,11,12,35,14,63,16,47,0,66,19,56,9,
10,41,80,3,13,62,28,21,23,
41,28,58,67,23,47,43,85,57,83,25,32,3,61,21,50,0,13,42,64,18,76,30,1,9,75,16,33,69,10,31,74,15,14,51,78,
1,25,80,23,3,28,62,18,41,21,10,82,13,68,
98,11,40,0,49,20,26,9,12,35,93,56,27,19,53,24,16,15,73,66,4,36,2,1,
82,92,23,33,14,30,58,3,28,51,62,41,18,13,90,21,68,25,1,32,10,57,
91,108,47,10,75,1,101,64,41,78,28,58,21,67,30,23,57,83,9,25,32,69,3,61,50,13,0,74,42,18,16,33,31,15,14,51,85,
21,100,63,12,49,24,61,69,32,43,9,55,18,16,50,13,3,27,64,30,0,47,10,84,1,75,14,60,31,42,33,25,11,15,76,
16,42,88,103,74,15,92,33,86,28,57,51,67,23,0,58,41,18,30,1,13,10,68,97,32,62,3,31,14,25,21,
23,28,62,3,80,41,21,10,13,112,
14,4,27,87,40,20,36,15,66,19,16,53,1,24,35,12,56,9,73,26,2,49,0,11,
36,96,9,55,26,49,20,79,72,43,1,24,53,12,27,56,14,73,15,70,11,35,4,63,16,47,0,66,19,
64,78,61,16,42,88,103,74,15,33,86,28,57,51,67,23,0,58,41,18,30,1,13,10,9,68,97,91,32,62,3,31,14,25,21,
49,55,60,11,84,67,30,102,23,78,83,9,57,85,31,27,64,21,50,13,51,14,32,69,3,61,76,18,47,10,89,15,1,75,43,33,42,25,74,0,16,
32,14,51,90,1,18,23,3,28,25,62,41,58,21,10,82,13,68,80,
81,96,50,111,24,53,55,26,49,20,79,72,43,60,1,12,27,56,14,73,15,70,11,35,4,63,16,47,105,0,66,19,9,
118,21,100,63,12,49,24,61,69,32,43,9,55,18,16,50,13,3,27,64,30,0,47,10,84,1,75,14,60,31,42,33,104,25,11,94,15,76,
53,81,118,21,100,63,12,49,24,61,69,32,43,9,55,18,16,50,13,3,27,64,30,0,47,10,84,1,75,14,60,31,42,33,104,25,11,94,15,76,
3,23,120,62,68,10,28,80,21,112,41,99,13,
32,51,90,107,80,1,18,23,114,3,28,99,25,62,41,109,58,21,10,82,13,68,
24,124,49,55,60,11,84,67,30,16,23,78,83,9,57,14,85,42,31,74,27,64,21,50,102,13,51,32,75,69,3,61,18,76,33,47,10,15,1,43,89,0,25,
12,24,124,49,55,60,11,84,67,30,16,23,78,83,9,57,14,85,42,31,74,27,64,21,50,102,13,51,32,75,69,3,61,18,76,33,47,10,15,1,43,89,0,25,
10,18,81,50,111,24,53,55,26,49,20,79,72,43,60,1,12,27,56,14,73,15,70,11,35,4,63,16,47,105,0,66,19,9,
18,1,82,107,3,23,120,62,68,10,28,99,41,21,25,112,13,80,109,
85,69,50,83,101,123,86,64,78,41,61,16,42,51,14,103,74,0,15,33,28,57,67,30,23,58,21,97,18,1,92,13,10,88,9,68,31,91,32,62,25,3,
16,42,88,97,0,67,86,74,15,58,82,23,92,33,14,30,1,62,3,31,90,32,28,116,57,51,41,18,13,21,68,10,25,103,
32,14,51,90,107,80,1,18,23,114,3,28,99,25,62,41,109,58,21,10,82,13,68,
62,68,86,75,47,85,101,64,41,78,28,58,21,67,30,23,57,83,88,9,25,32,69,3,61,50,13,0,74,42,97,18,1,16,33,10,110,31,15,14,51,91,108,
13,99,41,21,80,68,28,62,120,23,3,112,10,129,
62,25,16,90,42,116,88,14,51,23,0,74,67,30,86,15,58,21,97,18,33,82,3,31,68,32,28,136,57,41,92,13,10,103,1,80,
30,99,125,57,10,32,14,51,28,90,1,18,41,23,3,25,109,62,58,82,107,13,21,68,114,33,80,
43,62,88,117,91,9,50,67,47,10,51,75,1,42,64,23,41,83,0,78,28,69,110,58,21,30,57,16,108,25,32,86,3,85,61,13,74,33,101,18,31,15,97,14,
18,31,10,42,66,81,105,47,49,50,20,79,55,26,72,43,60,1,24,53,12,27,56,14,73,15,70,11,35,63,16,0,19,9,
31,0,67,80,33,68,21,13,82,58,62,109,25,3,23,41,18,116,1,90,51,14,32,107,10,57,28,125,92,30,114,99,86,
56,19,53,26,72,79,35,94,30,3,25,33,31,1,60,42,50,18,47,55,10,63,73,14,43,12,49,15,27,16,24,70,11,0,9,81,
113,58,41,101,108,91,28,117,124,49,55,60,11,84,67,30,16,23,78,83,9,57,14,85,42,31,74,27,64,21,50,102,13,51,32,75,69,3,61,18,76,33,47,10,15,1,43,89,0,25,
32,51,58,90,114,134,41,1,13,107,3,23,120,28,10,99,68,21,25,18,112,80,62,109,82,129,
31,0,67,80,33,68,21,13,82,58,62,109,25,3,23,41,18,116,1,90,51,14,32,107,10,57,28,125,92,30,114,99,86,
82,112,25,21,68,10,28,62,120,23,107,129,13,1,99,41,18,134,114,58,109,80,51,3,90,32,147,
Future sets, 
67,86,144,148,31,24,91,69,85,135,83,101,108,50,117,47,113,77,70,89,110,43,132,95,78,145,123,56,84,127,60,98,64,131,27,94,72,115,81,87,100,63,106,93,121,124,102,35,118,75,142,53,96,104,71,138,49,61,128,105,73,55,122,146,9,79,66,133,126,111,76,143,15,103,74,136,119,140,97,42,88,16,
56,25,51,58,147,130,149,32,90,114,134,18,95,16,98,73,115,87,93,49,53,66,14,137,125,121,42,50,47,126,63,142,122,43,111,96,72,81,105,133,60,55,70,79,143,64,30,83,136,57,145,92,94,15,106,84,76,117,100,127,74,128,75,118,89,33,104,131,78,141,88,116,124,102,108,101,138,85,110,31,91,144,67,146,135,86,123,97,69,148,119,113,132,103,61,140,
98,115,93,59,71,77,48,121,34,52,39,65,46,44,38,95,8,37,29,54,45,
30,28,33,145,94,106,84,64,25,13,76,147,69,140,104,61,132,75,146,100,32,103,82,127,128,57,67,138,118,80,141,62,123,74,135,85,102,41,112,124,78,149,139,68,131,83,144,89,120,51,129,58,86,107,90,99,142,114,134,91,109,116,110,119,101,125,137,108,130,92,21,88,117,148,113,97,136,23,
126,96,54,52,59,36,29,98,121,133,39,34,65,122,77,71,93,115,48,95,87,40,37,38,44,
22,
22,

52,46,44,38,37,29,39,34,54,65,
111,126,133,66,79,122,73,105,128,49,138,104,96,53,142,118,35,124,121,93,106,63,143,100,87,81,115,72,94,131,98,55,146,60,127,84,56,145,95,132,43,89,102,70,27,77,71,113,76,47,117,108,75,50,101,83,135,110,85,69,61,123,78,91,64,
68,82,109,139,99,107,129,112,120,41,25,18,85,134,67,133,114,90,140,31,61,128,103,132,113,119,148,69,136,97,30,123,86,135,146,144,91,57,124,110,138,101,108,102,116,88,141,74,32,78,145,131,64,104,142,75,33,100,89,118,51,127,117,76,143,84,106,94,92,83,42,137,149,130,125,58,147,
84,124,146,59,40,24,98,100,63,81,118,104,48,127,49,128,94,131,35,72,93,56,122,106,143,77,71,79,26,105,53,132,95,73,70,111,145,66,133,96,36,115,126,87,121,
100,65,81,104,127,128,53,106,94,35,19,48,77,118,59,121,71,63,122,93,98,40,79,105,132,73,36,95,66,115,56,143,126,87,145,133,111,96,70,72,26,
76,69,104,61,75,100,32,82,127,128,67,118,57,80,141,62,123,132,74,135,85,146,102,41,124,78,139,131,83,144,89,120,112,51,129,68,86,147,107,90,99,142,114,134,91,109,116,110,58,119,101,125,137,108,130,92,149,88,117,21,148,103,138,113,97,140,136,
137,125,121,50,47,63,122,111,96,72,81,105,126,133,60,55,70,79,43,143,42,30,83,136,145,92,94,106,84,76,64,117,100,127,74,128,75,118,89,33,142,104,131,78,141,88,116,124,102,108,101,138,85,110,57,91,144,67,146,135,86,123,97,69,148,119,113,132,103,61,31,140,
103,66,53,43,132,64,123,146,69,124,101,142,83,113,108,89,135,110,138,49,91,78,118,75,104,61,117,74,136,47,76,119,140,97,127,84,100,143,106,131,42,88,94,102,145,85,128,79,70,55,60,133,126,105,81,72,96,111,122,63,93,87,121,115,73,98,50,
140,136,119,95,66,64,91,78,123,61,53,69,85,110,135,83,101,122,43,111,47,126,84,128,49,145,96,133,104,127,132,72,146,63,142,100,124,131,94,143,106,81,118,60,55,70,79,76,113,89,102,105,117,108,138,75,93,87,121,115,73,98,50,

134,133,114,90,140,31,61,103,132,113,119,148,69,97,123,86,135,146,67,144,91,57,110,85,138,101,108,102,124,116,88,141,32,78,131,104,142,33,89,118,75,128,74,127,100,117,64,76,84,106,94,92,145,136,83,30,42,143,137,149,130,125,147,58,51,
115,59,36,48,77,121,71,122,93,98,40,79,105,73,95,66,56,143,126,87,145,133,111,96,70,72,26,
105,111,96,133,126,143,59,65,36,87,48,77,121,66,95,71,122,93,115,98,40,
127,128,118,80,62,132,74,85,67,102,124,78,131,83,89,120,112,129,86,107,90,99,142,114,134,91,139,109,116,141,110,147,58,101,144,125,82,137,108,41,130,92,135,123,149,117,148,57,146,103,88,119,138,68,113,97,51,140,136,

80,74,132,102,131,124,67,62,120,112,129,86,107,90,99,142,114,134,91,139,109,116,141,110,147,58,101,144,125,82,137,108,41,130,92,135,123,149,117,148,146,103,88,119,138,68,113,97,140,136,
100,81,104,127,118,128,94,35,93,63,122,106,77,71,131,72,143,79,98,105,132,73,70,111,53,95,66,133,56,115,96,126,145,87,121,
134,114,90,61,69,104,64,76,84,106,94,145,138,85,100,127,74,128,75,118,137,89,132,83,136,149,130,125,131,78,88,32,141,116,92,135,124,102,108,101,144,91,147,58,110,57,67,117,103,86,142,33,123,97,51,140,146,148,119,113,
72,70,96,111,133,145,126,143,66,73,105,79,40,98,93,122,71,121,77,48,87,95,36,59,115,56,
102,89,95,56,84,60,55,131,94,146,72,124,87,100,63,93,121,115,118,81,127,132,53,104,106,143,49,128,105,70,73,122,98,66,145,96,133,79,126,111,
80,62,120,112,129,86,107,90,99,142,114,134,91,139,109,116,141,110,147,58,101,144,125,82,137,108,41,130,92,135,123,149,117,148,146,103,88,119,138,68,113,97,140,136,
65,39,34,
145,94,106,84,76,64,100,127,128,118,75,83,89,104,131,141,116,92,78,124,102,108,101,138,110,91,117,67,146,88,135,86,123,85,144,97,57,136,69,148,74,119,113,142,132,103,61,140,
103,148,144,86,128,85,145,102,94,88,42,131,106,143,100,84,127,97,140,119,76,136,74,117,61,104,75,118,78,91,138,110,67,135,89,132,108,113,83,142,101,124,69,146,123,64,
100,127,128,118,137,89,132,83,149,130,125,131,88,141,116,92,135,78,124,102,108,101,144,147,58,138,110,67,91,117,74,103,86,123,85,97,51,140,146,57,136,148,119,113,142,75,
145,94,106,84,76,64,100,127,128,118,75,83,89,104,131,141,116,92,78,124,102,108,101,138,110,91,117,67,146,88,135,86,123,85,144,97,57,136,69,148,74,119,113,142,132,103,61,140,
65,
106,77,71,72,56,79,98,105,143,73,70,111,95,133,66,115,96,126,145,87,121,93,122,
122,87,98,77,121,71,93,115,95,40,


65,
95,115,93,71,121,77,98,87,
120,112,129,107,90,99,114,134,139,109,147,116,141,110,58,125,137,108,130,101,92,123,82,149,91,117,86,148,146,88,119,138,68,135,144,113,97,136,142,103,140,
145,94,88,106,143,84,97,140,119,136,74,61,104,75,78,127,91,138,110,76,135,89,118,108,131,102,113,83,142,101,124,69,128,117,146,100,85,132,123,64,
142,102,89,113,76,79,70,55,60,118,106,94,124,100,146,132,127,104,133,145,126,105,81,128,72,131,84,143,96,111,122,63,



111,76,102,89,117,108,142,138,113,60,106,94,118,124,100,146,132,127,104,145,96,143,126,105,81,128,131,84,133,122,75,
95,77,71,59,
131,146,132,124,100,93,87,121,115,63,118,72,127,104,94,106,81,128,105,70,73,122,98,145,96,143,79,126,111,133,
76,102,89,117,108,142,138,101,113,75,83,135,110,60,106,94,118,124,100,146,85,132,127,104,145,143,126,105,81,128,131,84,133,69,
89,83,149,130,125,147,131,141,116,92,78,124,102,108,101,138,110,91,117,67,146,88,135,86,123,85,144,97,57,136,148,74,119,113,142,132,137,58,103,140,

106,98,121,115,128,70,96,93,122,79,105,87,145,143,126,111,72,133,73,

60,106,94,118,124,100,146,132,127,104,145,122,126,105,81,128,131,84,133,143,96,111,
79,105,73,95,66,143,115,126,145,87,133,121,98,111,96,93,122,
141,116,92,78,67,124,131,102,108,101,110,91,117,146,88,138,135,86,85,144,97,123,136,148,119,113,142,132,103,74,140,
147,141,125,137,108,130,101,116,92,110,149,91,117,146,88,138,135,86,144,97,123,136,148,119,113,142,103,140,

94,118,124,100,146,132,131,127,104,81,145,143,126,106,105,128,84,133,
104,123,78,69,91,138,110,135,89,108,131,83,75,113,101,124,142,118,128,127,117,100,146,85,132,102,
142,120,68,138,109,123,139,135,119,148,140,116,134,114,90,149,99,136,107,137,147,130,82,141,112,144,103,125,129,92,
118,127,94,106,128,70,96,122,79,105,145,143,126,111,72,104,133,81,
104,123,76,69,138,110,135,89,108,131,83,75,113,101,124,142,118,128,127,117,100,146,85,132,102,

143,93,115,126,133,87,121,98,96,122,111,
124,131,102,108,101,110,91,117,146,88,138,135,86,144,97,123,136,148,119,113,142,132,103,140,
138,123,109,139,135,119,82,116,134,114,148,149,99,136,137,147,130,141,90,107,144,103,140,125,129,92,
110,135,85,83,75,113,101,138,142,108,118,128,127,117,100,89,124,131,132,146,102,
79,145,143,96,126,111,133,122,105,72,

105,122,133,111,126,96,143,145,79,
115,96,121,143,126,145,122,87,133,111,105,
132,102,131,108,124,101,113,136,91,135,146,123,110,119,142,140,117,138,97,
113,138,142,108,118,128,127,117,100,89,124,131,132,146,102,
113,104,118,128,127,100,89,124,131,132,146,102,

123,85,102,135,113,110,117,101,138,131,124,146,132,142,108,
145,143,96,126,111,133,122,105,
140,125,114,120,99,139,129,147,130,112,149,134,141,137,148,107,144,109,
145,143,126,106,128,133,
134,114,116,149,136,137,147,130,141,144,90,148,140,125,
85,102,135,113,110,117,101,138,131,124,146,132,142,108,
131,132,146,124,104,100,127,106,128,118,
135,113,110,117,138,102,131,124,146,132,142,108,
148,144,97,119,142,138,140,123,135,136,103,
121,
136,135,123,140,138,142,119,97,
132,146,124,131,102,
149,137,147,130,141,116,144,148,140,136,125,
123,135,146,110,142,117,138,
135,116,144,148,140,119,136,
115,98,
145,104,127,128,106,

126,122,
142,138,140,119,123,135,136,
115,
139,129,147,149,134,107,130,141,137,148,144,109,
127,128,118,
135,138,117,110,146,108,142,
131,146,132,124,
140,119,123,135,136,
128,127,
143,133,126,

147,149,134,130,141,137,148,144,109,
138,146,142,117,
144,148,137,141,130,134,149,147,
142,138,
133,126,
147,139,149,129,134,120,
146,
149,147,148,137,130,141,144,

148,144,140,136,
146,142,
128,127,

134,129,149,139,147,


135,
132,146,131,
148,144,141,



147,149,139,




149,147,

140,










149,


Past links sets, 








2,
0,



3,
1,
0,1,
0,1,

1,10,
12,

13,
5,6,
3,
0,11,
1,3,10,
11,19,
9,
3,
4,8,
14,3,18,
0,14,18,
13,18,25,
14,18,25,
29,
12,9,24,
4,20,26,
4,8,
4,8,
29,
36,
10,21,23,28,
15,31,
9,14,15,16,
4,8,
2,
8,
9,14,15,16,
2,4,20,26,
15,11,16,27,
9,14,15,16,
21,32,
4,8,
12,24,27,16,15,
4,8,
27,43,
1,26,27,35,
30,33,51,
41,51,
48,
47,50,55,
13,9,42,33,30,16,
21,23,28,
12,43,24,49,
9,42,33,30,16,
12,20,34,39,
15,20,16,56,
23,31,57,
41,62,
50,61,64,
26,35,53,63,
35,40,48,
70,
49,53,56,
23,42,57,
32,47,69,
13,64,50,47,43,
35,40,48,
57,61,
56,72,
21,23,28,
60,63,
68,
51,69,
60,30,42,11,33,
78,83,
58,67,
40,66,73,
58,42,67,
27,75,51,76,
18,25,82,
58,61,67,74,
57,58,68,
2,66,53,49,40,
30,63,33,60,42,
40,48,16,56,
4,47,79,73,66,55,
74,86,88,
93,
68,80,
12,24,84,49,76,75,
58,83,74,78,67,
67,85,74,89,
15,68,86,
61,76,84,94,
20,60,73,79,
35,94,84,81,53,
99,
75,85,101,
107,
85,91,101,
47,79,73,66,55,
41,62,80,
58,67,75,76,85,74,
18,25,80,82,
73,98,
90,92,
91,108,
21,63,100,
16,92,97,103,
112,
14,2,87,
36,96,
103,78,64,97,91,
49,84,102,
14,58,80,90,
105,81,96,111,
104,118,
81,104,53,118,
99,120,
58,90,109,114,
24,124,
12,24,124,
111,4,81,105,18,
18,25,120,109,82,
85,92,101,123,
97,103,16,116,
114,109,90,14,58,
97,68,108,110,
129,
80,136,
57,109,114,125,
43,97,117,62,110,
42,66,81,105,
86,116,125,114,109,
73,81,79,94,
113,117,124,
58,129,114,134,90,
86,116,125,114,109,
147,
Future links sets, 
31,9,24,15,16,
56,25,14,15,16,18,
121,8,48,93,45,
30,13,23,28,25,
133,54,96,52,44,29,36,48,37,38,
22,
22,

54,52,46,29,44,37,38,
64,61,50,27,47,35,43,
41,25,18,
26,84,49,24,
132,100,65,35,53,19,63,
32,76,61,21,
137,125,50,47,30,31,121,33,43,
103,66,50,53,42,47,43,49,
136,61,47,53,64,50,119,43,66,49,95,

133,114,134,90,30,31,32,33,
26,
105,36,66,48,65,
118,41,51,62,80,

80,62,67,41,74,
132,131,35,100,53,63,
32,33,134,90,114,
70,48,56,36,
49,53,55,89,56,
80,62,41,
39,34,
57,94,61,64,84,
67,42,
75,51,
57,94,61,64,84,
65,
106,56,71,70,77,
122,40,


65,
95,77,87,71,93,
112,68,58,
143,88,94,61,64,74,84,
142,76,63,55,



111,60,75,76,96,
95,77,71,59,
124,63,73,93,100,
76,69,60,
89,83,58,57,

70,93,128,73,106,

111,96,60,
95,79,73,66,
141,92,74,67,78,
137,101,130,86,113,91,88,147,125,92,

105,94,84,81,
91,78,104,69,
142,112,68,
118,94,81,70,
123,76,69,

143,87,93,96,111,
86,113,102,91,101,88,
138,82,99,92,103,
83,75,
72,

79,
145,115,87,96,111,105,
101,97,113,91,102,
113,108,100,89,
113,100,104,89,

123,101,85,
145,105,111,96,
140,99,112,114,125,
145,143,126,106,128,133,
134,114,90,
101,85,
106,124,104,100,
108,135,102,113,110,
144,148,103,97,
121,
97,
102,
116,147,125,130,137,
123,117,110,
135,119,116,
98,
145,106,104,

126,122,
142,119,123,138,136,
115,
129,107,
118,
135,110,108,
124,
136,123,119,
128,127,
143,133,126,

109,
138,117,
144,134,148,137,130,141,
142,138,
133,126,
120,
146,
147,148,137,130,141,144,

148,144,136,
146,142,
128,127,

134,129,


135,
132,146,131,
148,144,141,



147,139,




147,

140,










149,


Coordinates,
0.00953773,2.54014,
0.0156361,2.93495,
0.0313126,1.40232,
0.0790097,3.83743,
0.123889,1.44414,
0.266624,0.546995,
0.293608,0.570928,
0.296403,0.593816,
0.342594,1.16449,
0.388022,2.27044,
0.407448,3.31023,
0.500549,1.87614,
0.51581,1.69399,
0.540625,3.63302,
0.56156,2.72465,
0.579416,2.44476,
0.626543,2.36979,
0.71184,0.403017,
0.72049,3.01546,
0.76126,1.51856,
0.815426,1.35908,
0.833061,3.5373,
0.833875,0.0459013,
0.879671,3.79139,
0.884829,1.68274,
0.894833,3.09872,
0.897514,1.49482,
0.897955,1.91034,
0.980651,3.8472,
1.0091,0.960678,
1.14781,2.76982,
1.18035,2.63354,
1.20022,3.04501,
1.2003,2.80801,
1.22469,0.829734,
1.24287,1.49332,
1.26737,1.20107,
1.3194,0.572652,
1.34418,0.496835,
1.34543,0.804171,
1.35768,1.12271,
1.36177,3.51505,
1.36327,2.46658,
1.3701,1.98173,
1.38113,0.502099,
1.38573,0.101995,
1.39947,0.166275,
1.41408,2.04629,
1.41574,0.977227,
1.43882,1.70454,
1.45268,2.1677,
1.46884,3.06044,
1.47389,0.195033,
1.58175,1.46215,
1.58378,0.217513,
1.59916,1.85729,
1.65928,1.32746,
1.76959,2.8443,
1.79821,3.11535,
1.80873,0.658823,
1.81182,1.82867,
1.8171,2.36778,
1.84045,3.73422,
1.84719,1.52202,
1.86625,2.27183,
1.96804,0.276072,
1.9755,1.05078,
1.99841,2.75019,
2.0557,3.60674,
2.06143,2.1716,
2.11461,1.27066,
2.14975,0.614398,
2.16982,1.21992,
2.18202,1.06031,
2.1867,2.54468,
2.19868,2.05423,
2.28252,1.89648,
2.28785,0.475591,
2.28985,2.33044,
2.3047,1.13713,
2.33498,3.95753,
2.34137,1.33224,
2.3773,3.52478,
2.39092,2.16691,
2.42209,1.65576,
2.50024,2.12418,
2.60592,2.82619,
2.62776,0.639943,
2.64624,2.60631,
2.68571,1.84361,
2.69904,3.41238,
2.71222,2.42438,
2.71462,2.97963,
2.7154,0.462095,
2.76942,1.29471,
2.80954,0.199284,
2.8096,0.667288,
2.8698,2.63007,
2.8964,0.336437,
2.90397,3.84311,
2.905,1.35861,
2.91826,2.14356,
2.93923,1.82266,
2.94015,2.73345,
2.95718,1.24784,
3.00635,0.652213,
3.0199,1.1109,
3.04385,3.7758,
3.05048,2.06045,
3.05757,3.76487,
3.0629,2.12319,
3.06918,0.550205,
3.07297,3.92808,
3.08817,1.86021,
3.10986,3.53465,
3.11749,0.142552,
3.15397,3.06568,
3.1619,1.97717,
3.16718,1.21462,
3.17781,2.5643,
3.19211,3.96604,
3.2751,0.0746592,
3.30747,0.210569,
3.32557,2.35075,
3.34169,1.42974,
3.3525,3.2429,
3.3643,0.331292,
3.36621,1.09954,
3.41059,1.05344,
3.45374,3.96689,
3.46772,3.48167,
3.48827,1.33436,
3.50141,1.27004,
3.52663,0.227423,
3.54183,3.66211,
3.5511,2.15172,
3.55912,2.69333,
3.62925,3.31174,
3.65594,2.01551,
3.66136,3.98914,
3.69259,2.67026,
3.69709,3.21314,
3.71437,1.94252,
3.81776,0.0667338,
3.88897,2.98641,
3.9006,0.173775,
3.90507,1.26898,
3.91678,3.64068,
3.92722,2.91921,
3.95852,3.62663,
