Storage option,sets
Size,100
Dimension,2
Shape,cube
Spacetime,BlackHole
Past sets, 


0,1,
0,1,
3,0,1,2,
2,1,0,3,4,
1,
4,3,0,1,2,5,

6,5,2,1,0,3,4,7,
2,0,3,8,6,1,4,
10,2,0,3,8,6,1,4,5,
5,4,1,6,8,3,2,10,0,11,
1,8,
0,1,6,8,
1,8,


15,1,8,13,
8,16,17,
17,
1,15,19,8,16,17,
7,9,11,10,2,3,4,5,13,6,8,1,0,14,12,
6,13,21,1,15,19,8,16,17,18,

0,13,1,15,18,19,8,16,6,17,
7,9,11,10,2,3,4,5,13,6,8,1,0,14,12,

17,20,
24,27,
15,22,5,7,9,11,10,2,3,4,13,6,8,1,0,14,12,
16,20,17,28,
7,9,11,10,2,3,4,5,16,13,8,1,18,15,14,0,6,12,
11,10,2,3,4,5,17,0,13,8,1,18,15,16,14,6,12,
15,22,5,7,9,11,10,2,3,4,13,6,8,1,0,14,12,
24,28,17,27,20,
22,26,9,7,11,10,2,3,4,5,13,6,8,1,0,14,12,
14,21,25,0,13,1,15,18,19,6,8,16,17,23,
12,14,0,1,8,6,13,4,2,10,9,7,5,3,22,15,11,30,
17,27,24,29,
30,34,15,22,3,5,7,9,11,10,2,4,13,6,8,1,0,14,12,
29,27,24,17,39,
12,14,0,1,8,6,13,4,2,10,9,7,5,3,22,15,11,30,
21,23,19,25,33,14,11,10,2,3,4,5,17,0,13,8,1,18,15,16,6,12,

18,30,34,15,22,3,5,7,9,11,10,2,4,13,6,8,1,0,14,12,
27,

16,32,45,22,18,30,7,34,11,15,3,5,9,10,2,4,13,6,8,1,0,14,12,40,
26,36,42,12,14,0,1,8,6,13,4,2,10,9,7,30,5,3,22,15,38,11,
21,23,24,6,8,19,18,15,1,13,0,28,27,20,16,17,31,25,
8,19,16,31,20,28,35,27,29,41,24,17,39,
44,47,

16,45,22,18,30,7,34,11,15,3,5,9,10,2,4,13,6,8,1,0,14,12,40,
20,9,7,32,43,14,21,23,19,25,33,4,11,10,2,3,5,17,0,13,8,37,1,18,15,16,6,12,
2,3,24,28,20,14,31,21,25,8,37,0,17,13,1,18,15,19,6,23,16,
14,50,27,21,23,0,24,1,6,8,31,19,18,15,13,28,20,16,17,25,35,
17,12,14,0,8,6,13,4,2,10,9,15,40,11,5,34,7,1,30,18,22,3,32,45,16,48,
19,25,32,16,17,45,22,18,30,7,34,11,15,3,5,9,10,33,2,4,13,6,8,1,0,14,12,
53,
19,32,16,17,33,45,22,18,30,7,34,11,15,3,5,9,10,2,4,13,6,8,1,0,14,12,40,
29,37,57,14,3,50,27,21,23,0,24,1,6,8,31,19,18,15,13,28,20,16,17,25,35,
29,37,57,14,3,50,27,21,23,0,24,1,6,8,31,19,18,15,13,28,20,16,17,25,35,
35,39,29,50,27,21,23,0,24,1,6,8,31,19,18,41,15,13,28,20,16,17,25,
20,39,17,46,44,24,47,29,52,41,27,
7,27,12,5,4,10,11,33,43,9,56,2,25,3,24,1,28,20,14,37,31,8,21,0,23,17,13,18,15,19,6,16,
19,8,31,20,28,35,16,39,17,46,44,24,47,29,52,41,27,
55,20,9,7,32,1,43,12,14,21,23,19,25,33,2,4,11,10,3,5,17,0,13,8,37,6,18,15,16,22,
29,24,46,47,44,27,60,53,52,
9,7,16,6,19,15,18,13,17,23,0,21,8,31,37,14,20,28,1,24,3,25,2,56,43,33,11,10,4,5,12,32,
55,20,9,7,32,1,43,12,14,21,23,19,25,33,2,4,11,10,3,5,17,0,13,8,37,6,18,15,16,28,
7,39,41,12,5,10,11,33,43,2,56,4,63,29,0,37,8,57,28,14,50,21,27,23,24,1,6,35,31,19,18,15,13,20,16,17,25,3,62,
17,47,24,69,46,44,27,60,53,29,52,
44,47,53,60,
52,53,60,27,44,46,24,29,47,69,
44,46,51,14,64,35,6,39,29,0,50,21,27,23,24,1,8,31,19,18,41,15,13,28,57,20,16,17,25,
52,27,60,47,73,44,17,75,46,53,24,29,69,
9,66,72,31,7,39,41,0,12,5,10,11,33,43,2,56,15,4,63,29,37,8,57,16,28,14,50,21,62,27,23,24,1,6,35,19,18,13,20,17,25,3,
3,37,62,76,14,44,13,46,15,51,20,64,35,6,39,8,29,0,31,50,19,21,27,23,24,1,18,41,28,57,16,17,25,
12,10,11,33,43,2,56,62,3,14,57,37,5,64,35,6,39,29,0,50,21,27,23,24,1,8,31,19,18,41,15,13,28,20,16,17,25,4,63,
32,62,35,50,57,29,66,7,27,12,5,4,10,11,33,43,6,9,56,19,2,25,3,24,1,28,20,14,37,0,31,8,21,23,17,13,18,15,16,63,
3,37,76,14,44,13,46,15,51,20,64,35,6,39,8,29,0,31,50,19,21,27,23,24,1,18,41,28,57,16,17,25,
69,29,24,46,44,47,60,27,53,52,75,
2,3,37,79,0,62,25,76,39,14,51,44,13,50,46,15,20,57,64,27,35,6,8,29,31,19,21,23,24,1,18,41,28,16,17,63,
8,82,3,37,0,76,39,14,51,44,13,50,46,15,20,57,64,27,35,6,29,31,19,21,23,24,1,18,41,28,16,17,25,62,
2,3,44,37,79,0,41,82,62,21,25,76,35,39,14,51,13,50,46,15,20,57,16,64,23,27,6,8,29,31,19,24,84,1,18,28,17,63,
2,3,44,37,79,0,41,82,62,21,25,76,35,39,14,51,13,50,46,15,20,57,16,64,23,27,6,8,29,31,19,24,84,1,18,28,17,63,
11,10,12,46,51,2,56,62,3,14,57,37,5,64,35,6,39,29,0,50,21,27,23,24,1,8,31,19,18,41,15,13,28,20,16,17,25,4,63,
24,46,74,53,60,27,44,47,52,
20,39,41,74,77,83,73,44,69,29,47,60,27,24,53,52,17,46,75,
47,56,4,87,46,85,2,44,37,79,0,41,82,62,21,25,76,35,39,14,51,13,50,15,20,57,16,64,23,27,6,8,29,31,19,24,84,1,18,28,17,63,3,86,
89,69,46,74,29,52,53,60,27,44,24,47,
89,69,46,74,29,75,52,53,60,27,44,24,47,
92,24,75,69,89,52,46,29,74,53,60,27,44,47,
47,52,56,87,46,85,2,44,37,79,0,41,82,62,21,25,76,35,39,14,51,13,50,15,20,57,16,64,23,27,6,8,29,31,19,24,84,1,18,28,17,63,3,86,
89,69,46,74,29,52,53,60,27,44,24,47,
65,52,47,67,63,2,8,82,3,37,79,0,76,39,14,51,44,13,50,46,15,20,57,64,27,35,85,6,29,31,19,21,23,24,1,18,41,28,16,17,25,62,84,
46,74,53,60,27,44,47,52,
46,74,29,98,52,53,60,27,44,24,47,89,
Future sets, 
50,64,25,37,57,76,14,62,85,79,63,82,2,49,87,40,97,3,95,48,56,9,4,78,84,5,42,43,80,33,70,36,72,45,58,11,54,7,59,12,22,30,34,81,71,91,61,32,86,26,55,66,38,68,88,10,
21,15,18,13,14,76,57,37,23,64,50,25,10,88,68,38,66,55,26,86,32,61,91,71,81,34,30,22,12,59,7,54,11,58,45,72,36,70,33,80,43,42,5,84,78,4,9,56,48,95,3,97,40,87,49,2,82,63,79,85,62,6,
87,97,95,56,4,78,84,5,42,43,80,33,70,36,72,45,58,54,48,11,40,59,22,30,34,71,91,12,49,61,32,81,86,7,26,55,66,38,68,88,9,10,
82,63,97,87,79,85,62,95,56,4,78,84,5,42,43,80,33,70,36,72,45,58,54,48,11,40,59,22,30,34,71,91,12,49,61,32,81,86,7,26,55,66,38,68,88,9,10,
5,42,43,80,33,70,36,72,45,58,54,48,11,40,59,22,30,34,71,91,12,49,61,32,81,7,26,55,66,78,38,68,88,9,10,
43,88,80,33,36,72,45,58,54,48,40,59,30,34,42,12,71,61,32,22,81,11,70,26,55,7,66,49,78,38,68,9,
25,50,64,23,37,82,63,97,86,84,87,79,85,56,95,91,62,57,76,45,58,54,48,40,22,81,59,30,36,34,42,71,12,10,68,9,61,32,70,11,26,55,66,49,78,38,43,88,72,80,33,14,
72,45,58,54,48,40,22,59,30,36,34,42,71,68,61,32,81,70,26,55,66,49,78,38,9,
51,67,19,21,15,13,42,45,58,54,11,48,38,59,22,61,30,36,40,34,71,68,32,81,70,33,55,72,78,66,26,88,80,43,49,12,95,10,18,86,23,64,85,76,57,50,91,37,25,97,14,56,82,63,84,87,79,62,
78,66,55,70,81,32,68,71,34,36,30,22,59,42,40,49,38,61,48,54,58,45,26,
12,43,88,26,66,78,72,80,49,55,33,70,81,32,68,71,40,34,36,30,61,22,59,38,48,54,58,45,42,11,
45,58,54,48,38,42,59,22,61,30,36,34,40,71,68,32,81,70,33,55,49,80,72,78,66,26,88,43,12,
88,66,78,72,43,80,55,33,70,81,32,68,71,34,36,30,22,59,42,40,49,38,61,48,54,58,45,26,
26,34,42,38,49,40,30,36,18,59,54,95,45,86,33,58,48,61,32,23,64,85,76,57,88,50,91,81,37,78,68,66,25,97,56,82,63,22,55,84,43,87,79,71,72,62,80,70,
76,57,62,91,95,88,56,85,79,87,84,86,97,63,82,26,45,58,54,48,61,38,49,40,42,59,22,30,36,34,71,68,32,81,70,33,55,80,43,72,78,66,37,
34,42,38,49,40,30,18,59,54,95,45,86,33,58,48,61,32,23,64,85,76,57,88,50,91,81,37,78,68,66,25,97,56,82,63,55,84,43,87,79,71,72,62,21,80,70,
54,33,58,48,32,31,19,56,67,61,51,88,59,25,62,70,80,43,91,78,72,71,79,87,50,84,55,86,63,82,97,23,66,68,37,81,95,21,64,57,76,85,
77,73,58,41,39,33,28,35,31,65,90,20,19,56,67,61,51,88,59,25,62,70,80,43,91,78,72,71,79,87,50,84,55,86,63,82,97,23,66,68,37,81,95,21,64,57,76,85,
54,45,33,58,48,61,32,59,23,85,76,57,88,64,95,50,81,37,68,66,97,82,63,86,55,84,87,56,25,79,71,72,43,78,91,62,80,70,
67,61,51,59,25,70,80,62,91,78,43,72,71,79,56,87,84,55,86,63,82,97,66,68,37,81,50,95,64,21,88,57,76,85,23,
90,65,68,71,31,62,67,70,66,35,97,28,95,64,56,87,85,57,88,86,55,80,51,82,76,72,63,91,81,50,79,78,84,
70,80,62,91,78,43,72,71,79,56,87,84,55,86,63,82,97,66,68,37,81,50,95,64,88,57,76,85,23,
68,36,30,59,40,49,38,61,48,54,58,45,42,34,
76,57,64,50,37,95,66,82,63,97,68,86,84,55,87,79,85,56,71,88,72,43,78,91,62,80,81,70,
89,70,66,56,50,57,29,99,62,77,75,73,94,83,93,92,96,69,63,81,85,91,39,76,86,84,82,79,97,51,88,80,65,95,72,35,78,41,67,90,87,64,
59,76,57,64,50,37,95,66,82,63,97,68,86,84,55,87,79,85,56,71,88,72,43,78,91,62,80,81,70,
49,36,
66,50,89,98,46,57,29,99,62,77,75,73,94,83,93,92,96,69,63,81,85,91,39,76,86,84,82,79,97,51,88,80,65,95,72,35,78,41,67,90,87,64,
71,31,67,70,66,95,56,85,64,35,87,57,86,80,51,76,72,82,63,62,91,81,79,50,88,78,97,84,
99,77,75,73,94,83,93,92,96,69,63,81,85,62,91,39,86,84,82,79,76,97,51,80,65,95,72,78,67,90,87,64,88,41,
59,40,49,38,61,54,58,48,42,45,
67,70,66,56,64,87,57,80,76,95,72,82,63,86,62,85,81,79,88,78,50,97,51,91,84,
61,68,71,81,70,59,48,58,55,
61,59,80,72,70,81,71,78,55,43,66,68,
59,40,61,54,58,48,45,
67,64,63,80,72,78,81,62,91,86,57,97,84,82,95,79,85,87,76,88,51,
49,
82,63,97,86,84,87,79,85,68,56,71,88,55,72,95,78,91,80,66,81,70,62,
49,
91,86,84,82,79,85,76,97,51,80,88,65,95,72,78,67,90,87,64,41,
61,54,58,48,
90,78,72,67,65,64,80,51,88,76,87,85,79,95,82,84,97,86,91,
49,
80,72,78,70,81,71,55,66,68,
82,91,86,84,87,79,85,76,74,90,98,95,99,69,67,97,65,96,77,92,73,75,94,52,93,83,89,
61,58,54,48,59,
98,99,89,88,82,91,86,84,95,87,79,85,69,67,97,65,96,92,75,93,76,83,94,77,73,90,
91,74,90,98,95,99,69,67,97,65,96,77,92,73,75,94,52,93,83,89,
58,

64,57,76,95,82,63,62,81,79,88,85,78,97,87,72,91,84,86,80,
88,76,87,85,79,95,84,86,97,91,82,
98,95,99,69,67,97,65,96,92,75,93,83,94,77,73,90,89,
98,90,73,96,83,93,75,92,69,74,89,99,77,94,60,

71,68,
95,91,80,72,88,66,78,81,70,
82,76,62,79,88,85,81,78,95,87,72,84,86,97,80,63,91,


99,89,74,69,92,93,83,94,96,73,90,98,75,77,

88,85,81,79,78,87,72,95,84,86,97,91,80,
88,81,80,91,78,84,72,95,97,86,87,
88,80,76,87,85,79,95,84,86,97,91,82,
97,
81,78,
97,

96,92,93,83,94,73,90,75,77,


78,
90,77,
98,90,89,96,99,92,94,93,
77,90,94,83,93,
85,79,87,95,84,86,97,91,82,
90,

87,95,86,97,91,84,


87,85,95,86,97,91,
90,
97,86,91,95,87,
97,95,91,
95,91,
95,91,

99,92,94,93,96,


94,





99,

Past links sets, 


0,1,
0,1,
2,3,
4,
1,
5,

6,7,
4,6,8,
5,10,
11,
1,8,
0,6,8,
1,8,


13,15,
8,16,17,
17,
15,19,
12,13,9,14,
18,6,21,

0,6,18,19,
12,13,9,14,

20,
24,27,
15,22,
16,28,
9,18,16,14,12,
12,18,17,16,14,
15,22,
24,27,28,
22,26,
14,23,25,
30,
17,29,
30,34,
39,
30,
25,23,33,

18,30,34,
27,

32,40,45,
36,38,42,
23,31,27,25,24,
19,35,31,41,
44,47,

16,40,45,
20,32,37,43,
37,31,2,24,3,
14,35,50,
17,48,
32,33,25,45,
53,
19,45,40,33,32,
3,29,37,57,
3,29,37,57,
41,35,50,
20,41,46,52,
9,27,43,56,
31,19,52,41,46,35,
22,55,
29,46,52,60,
32,43,56,
28,55,
41,63,43,7,62,56,
17,69,
44,47,60,
69,
44,64,51,57,46,
73,75,
66,72,
62,76,
43,64,63,62,56,
32,62,63,66,
3,37,76,
75,
2,63,79,
62,82,
82,84,
82,84,
46,64,63,51,62,12,56,
46,52,24,74,
20,83,77,74,41,
4,47,87,86,56,85,
69,89,
75,89,
75,92,
87,86,56,52,85,
69,89,
67,84,65,85,
46,52,74,
29,89,98,
Future links sets, 
25,14,3,2,
15,3,2,13,6,
56,84,4,
82,4,56,62,63,
91,10,5,
11,7,
9,25,14,10,23,
72,9,
19,10,15,13,14,
66,26,32,22,
11,
12,
32,26,88,22,33,
26,22,18,
57,32,37,26,22,33,
34,30,21,18,
19,31,54,32,33,
73,58,19,39,20,33,
45,23,33,25,32,
67,21,51,61,25,
90,65,55,28,
23,
68,36,34,30,
50,43,37,
29,35,50,89,56,
59,50,43,37,
36,
66,29,50,35,46,
35,71,31,
99,39,69,62,63,
42,45,40,38,
67,56,51,50,
55,81,70,48,59,61,
61,59,43,
45,40,
64,67,57,51,
49,
82,55,56,62,63,
49,
41,
61,54,48,
90,72,51,64,65,67,
49,
80,70,55,66,72,
76,74,52,
61,59,54,48,
88,89,67,69,98,65,76,
91,74,52,
58,

64,57,
88,76,
95,98,65,69,67,89,
60,

71,68,
95,88,66,70,91,80,72,
76,63,62,


74,69,

88,85,72,79,80,81,
88,72,80,81,84,
88,80,76,
97,
81,78,
97,

96,92,75,73,


78,
77,
98,90,89,
94,93,83,77,
82,79,
90,

84,


87,86,85,
90,
97,87,86,
97,95,91,
95,91,
95,91,

99,96,93,92,


94,





99,

Coordinates,
2.67607,1.97722,
0.197974,2.08177,
0.0538288,1.88048,
0.483628,1.88467,
0.305922,1.84015,
0.388974,1.80831,
2.08322,2.0888,
0.0150797,1.74841,
0.362899,2.2332,
0.138958,1.7128,
0.863492,1.7565,
0.6725,1.71847,
0.716679,1.7103,
2.31721,2.13267,
1.87515,1.81678,
2.43718,2.19818,
1.13271,2.41608,
0.720952,2.52095,
3.11652,2.16967,
1.89235,2.32807,
1.10946,2.51895,
2.96543,2.2117,
0.696611,1.33039,
3.94863,2.14513,
0.656368,2.78671,
3.94165,1.84579,
0.00462421,0.890005,
0.466403,2.8867,
1.64502,2.53449,
0.816167,2.8183,
0.460744,1.01664,
1.73541,2.52055,
1.26615,1.31131,
1.68581,1.43253,
0.582588,1.00896,
1.76663,2.55344,
0.0514219,0.652943,
2.61628,1.62208,
0.29468,0.742841,
1.4928,2.69089,
0.42352,0.814057,
1.5218,2.68729,
0.234621,0.678108,
1.81758,1.36841,
0.420111,3.31181,
0.576938,0.769453,
1.20317,2.96623,
0.504887,3.42004,
0.536995,0.516004,
0.160976,0.196404,
3.98947,1.72654,
3.19727,2.41247,
0.890083,3.30934,
0.180975,3.92627,
0.462529,0.325686,
1.31401,0.898603,
2.56657,1.38074,
3.24815,1.54579,
0.586162,0.187088,
0.693756,0.268741,
0.832496,3.63569,
0.642915,0.111729,
3.08512,1.43121,
2.91767,1.36626,
3.7027,1.56041,
2.62289,2.79154,
2.01479,0.884112,
3.60922,2.52432,
1.47326,0.407677,
2.08315,3.20104,
1.78603,0.529028,
1.56019,0.264877,
2.2053,0.627691,
2.71732,3.06712,
1.74943,3.79601,
2.56977,3.20225,
3.68135,1.29263,
2.88092,3.12431,
2.18428,0.39031,
3.46439,1.11389,
2.45122,0.521039,
2.01058,0.147219,
3.62286,1.1522,
2.9841,3.17384,
3.34915,0.929581,
3.66708,1.0551,
3.32604,0.846289,
3.38438,0.76955,
2.77407,0.166964,
3.09508,3.68101,
3.73189,3.23822,
3.40422,0.517799,
3.41878,3.57337,
3.60724,3.45706,
3.5424,3.58597,
3.49147,0.365169,
3.62835,3.76473,
3.63149,0.234792,
3.4944,3.89608,
3.61388,3.8715,
