Storage option,sets
Size,150
Dimension,2
Shape,cube
Spacetime,BlackHole
Past sets, 








3,

5,





13,
9,

12,


1,5,10,
7,
1,5,10,
13,16,
6,


2,

10,5,1,22,
11,

11,
5,

0,3,8,

31,10,24,1,5,22,

30,
10,5,1,24,
15,18,12,19,
14,15,18,
11,

22,1,10,35,5,31,
2,
21,16,13,25,
14,15,18,
21,25,13,27,16,
2,4,
27,28,
42,10,24,31,22,5,1,
42,10,24,1,5,22,
25,13,16,21,49,
11,22,1,10,35,5,31,
14,15,
21,13,25,53,28,16,27,30,
21,16,13,46,40,36,25,
1,13,46,36,16,40,
7,11,32,34,23,
28,30,43,15,18,12,19,41,
36,40,49,21,16,13,25,46,
14,63,30,19,28,43,15,41,18,12,27,
11,7,23,
7,23,
28,49,51,16,21,25,13,27,
12,19,21,59,13,25,28,16,27,53,30,41,
23,7,11,66,
41,49,21,59,13,25,16,27,53,30,28,51,
7,23,38,
14,15,
39,42,35,57,11,45,22,10,5,31,24,1,47,
7,1,10,5,35,22,45,11,34,32,31,
1,56,64,25,40,49,16,60,21,36,13,46,
36,39,55,22,42,10,31,54,24,1,5,
1,27,51,56,64,25,40,49,16,60,21,36,13,46,
35,39,55,22,42,10,31,54,24,1,5,
12,44,18,58,14,15,50,
10,16,5,1,36,40,13,46,24,
12,18,41,15,28,19,43,30,63,27,14,65,
51,76,25,1,56,27,64,13,40,49,16,60,21,36,46,61,
14,
32,47,24,31,10,45,11,1,35,42,5,22,39,57,74,
14,
32,47,24,31,10,45,11,1,35,42,5,22,39,57,74,
14,
30,19,50,15,14,12,58,18,44,43,
50,15,18,44,12,14,58,80,
7,11,32,34,23,
35,40,46,77,36,10,39,55,42,22,31,5,54,24,1,
34,7,45,62,11,32,23,
19,15,18,50,73,90,44,14,12,58,80,
15,88,58,14,73,84,86,
50,65,27,63,30,14,43,19,28,44,15,18,41,12,
14,86,
40,18,15,43,68,56,19,71,41,12,49,21,59,25,13,30,27,16,53,28,51,69,
50,58,65,27,63,30,14,43,19,28,44,15,18,41,12,
60,46,40,36,68,56,19,71,41,12,49,21,59,25,13,30,64,27,16,53,28,51,69,
18,15,43,63,68,56,19,71,41,12,49,21,59,25,13,30,27,16,53,65,28,14,51,69,
28,12,53,59,41,30,71,64,51,13,76,25,83,1,56,68,27,46,40,21,78,49,16,19,60,36,61,
28,12,53,59,41,30,71,64,51,13,76,25,83,1,56,68,27,46,40,21,78,49,16,60,36,61,
27,28,63,89,50,30,19,58,43,14,41,12,18,15,44,65,
11,47,36,77,79,1,35,22,55,42,39,10,31,5,54,24,
44,53,16,25,50,13,59,21,82,51,14,49,12,63,18,69,41,15,65,28,19,43,30,27,
25,21,24,1,46,60,13,36,40,5,16,39,10,81,77,31,54,55,22,42,61,
42,22,55,54,31,77,81,10,39,16,5,40,36,13,60,46,1,24,21,25,61,107,
15,73,84,14,97,86,88,
24,28,64,10,51,13,76,25,83,1,56,27,5,46,40,21,78,49,16,60,36,61,
12,18,95,86,14,97,58,84,44,73,15,88,50,
40,101,43,14,18,15,63,68,56,27,19,13,41,71,12,49,21,59,30,25,16,53,65,28,51,69,98,
43,80,44,90,18,95,50,73,84,15,19,88,12,58,14,86,94,
31,22,55,24,64,10,51,13,76,25,42,83,1,56,27,5,46,21,49,16,60,36,61,40,81,
18,95,86,14,97,58,84,44,73,15,88,50,
25,21,60,13,16,81,61,24,35,1,46,40,77,36,10,39,22,92,55,5,42,31,54,
56,68,106,19,44,15,53,82,16,25,50,21,13,59,30,51,14,43,49,71,12,41,63,18,69,65,28,27,
27,41,28,63,80,58,12,14,89,44,43,90,15,50,73,30,19,18,65,
56,68,106,19,44,15,53,82,16,25,50,21,13,59,30,51,14,43,49,71,12,41,63,18,69,65,28,27,
10,69,103,16,28,100,41,53,59,30,12,71,13,5,64,51,76,25,83,56,27,68,46,40,21,19,78,49,1,60,36,61,102,
73,80,90,28,27,65,104,63,44,89,50,12,30,19,43,14,41,18,15,58,99,
43,80,90,19,111,94,97,18,12,86,44,95,58,84,50,73,15,14,88,
15,84,14,97,86,88,
51,16,25,13,21,69,28,27,65,104,63,44,89,50,53,12,30,19,43,96,14,82,41,59,18,15,58,99,
118,27,50,73,41,28,63,80,58,12,14,89,44,43,90,15,30,19,18,65,94,
56,27,31,51,114,55,10,13,42,76,25,24,83,60,1,64,5,46,21,49,78,16,36,61,40,22,81,
80,109,115,18,12,86,44,97,95,58,84,50,73,15,14,88,111,
18,61,36,60,1,21,40,68,19,56,25,76,51,27,64,5,13,71,49,12,30,59,78,41,100,102,28,53,16,103,69,10,46,83,120,
42,22,81,28,10,110,51,13,76,25,24,83,56,27,64,5,46,40,21,78,49,16,1,60,36,61,
84,28,86,88,30,89,94,19,58,80,18,50,15,44,73,90,41,12,43,14,
56,68,106,19,44,15,53,82,16,25,50,21,13,59,30,51,14,43,49,71,12,41,63,18,69,65,28,27,96,
51,16,25,13,21,69,28,27,65,104,63,44,89,50,53,12,30,19,43,96,14,82,41,59,18,15,58,99,
15,84,14,97,86,88,
56,68,96,58,106,19,44,15,53,82,16,25,50,21,13,59,30,51,14,43,49,71,12,41,99,63,18,69,65,28,27,
10,69,103,16,28,100,41,53,59,30,12,71,13,5,64,51,76,25,83,56,27,68,46,40,21,19,78,49,1,60,36,61,102,
10,103,16,28,41,53,59,30,12,71,13,5,64,51,76,25,83,56,27,68,46,40,21,19,78,49,1,60,36,61,102,
27,41,28,63,43,12,90,14,73,44,15,50,18,80,58,19,94,65,89,30,88,84,
44,82,64,36,46,1,60,25,40,69,98,101,43,14,18,15,63,68,56,27,19,13,100,41,71,12,49,21,59,30,16,112,53,65,28,51,
56,68,96,58,106,19,44,15,53,82,16,25,50,21,13,59,30,51,14,43,49,71,12,41,99,63,18,69,65,28,27,
90,19,80,109,14,115,58,18,94,12,50,88,127,86,44,95,84,73,111,97,15,
50,27,41,12,28,63,43,90,14,73,44,15,18,80,58,137,19,94,65,118,89,30,88,84,
46,36,64,82,50,44,106,25,40,69,98,101,43,14,18,15,63,68,56,27,19,13,41,71,12,49,21,59,30,16,112,53,65,28,51,
95,130,84,15,28,86,30,89,94,58,12,80,18,88,41,50,73,44,43,90,19,113,14,
15,18,98,69,103,16,28,100,41,53,59,30,12,71,13,5,64,51,76,25,83,56,27,68,46,40,21,19,78,49,1,60,36,61,43,102,
44,18,58,95,50,73,123,15,84,14,97,88,86,109,
13,21,53,82,96,99,104,125,118,121,27,50,73,41,28,16,63,80,58,12,14,89,44,43,90,15,30,19,18,65,94,
122,140,94,43,90,44,113,19,88,111,86,14,115,58,12,80,127,18,73,95,84,109,15,50,97,
138,56,44,82,41,64,36,46,1,60,19,25,40,69,28,15,98,16,43,14,101,18,100,59,63,68,27,13,71,30,112,12,53,49,21,65,51,78,
49,51,16,25,80,13,44,21,69,28,59,27,89,58,132,65,96,104,63,50,19,53,12,43,30,14,41,18,82,15,99,124,
Future sets, 
37,
138,148,78,105,79,126,129,24,116,22,75,87,74,108,61,85,92,57,107,77,54,55,102,114,110,81,31,128,42,39,136,83,135,103,47,144,120,76,
52,48,29,
37,8,
52,
35,135,42,120,136,74,105,128,81,110,79,55,24,31,54,85,116,144,10,77,108,107,57,92,39,87,75,22,114,47,129,126,
26,
75,70,66,93,62,72,91,67,23,
37,
17,
135,120,136,42,128,81,110,114,55,31,54,77,107,57,92,39,85,108,74,87,75,22,116,47,24,129,126,79,105,
105,66,74,32,87,45,91,70,93,75,62,85,57,34,
111,103,127,90,19,113,136,89,102,149,94,141,128,135,120,100,147,117,98,130,143,96,106,140,43,137,122,121,132,112,65,63,142,134,139,144,138,101,148,131,119,82,146,99,104,118,69,125,124,80,
135,51,148,98,126,56,103,128,146,110,144,120,136,83,138,76,129,100,64,117,101,139,142,68,106,59,112,49,102,149,132,71,124,116,114,61,108,60,107,119,78,131,25,134,81,69,16,
88,97,86,133,84,109,73,112,82,101,65,95,50,123,44,118,148,111,138,115,142,119,117,80,134,139,124,132,145,104,141,96,58,137,149,122,121,99,140,94,131,113,146,127,90,130,89,125,143,106,147,
133,109,73,95,50,90,127,94,140,80,145,111,115,117,147,113,98,130,143,106,43,122,58,137,121,132,149,112,63,142,134,139,144,65,138,101,131,119,82,146,99,104,141,118,123,44,148,89,96,125,124,
81,25,119,107,60,108,61,116,69,124,132,149,102,112,106,59,71,68,142,114,134,131,139,101,117,100,129,138,64,83,120,144,110,136,78,146,49,128,103,56,126,98,148,51,135,76,

128,50,90,127,94,140,80,145,111,115,117,147,113,98,130,143,106,43,122,137,121,132,149,112,63,142,134,139,144,65,138,101,131,119,82,146,99,104,141,118,44,148,89,96,125,124,
136,102,140,94,128,135,120,100,117,147,113,98,130,143,106,43,122,137,121,132,149,112,63,142,134,139,144,65,138,101,131,119,82,146,99,104,141,118,69,148,89,96,125,124,

146,107,108,116,124,132,149,112,106,71,68,142,114,134,131,102,60,139,119,69,148,117,100,129,101,59,138,64,83,120,144,110,136,78,49,128,103,126,98,56,135,76,51,
55,31,107,57,114,54,92,39,77,74,87,75,116,126,85,129,47,108,79,105,
91,72,67,62,93,66,70,
110,81,55,54,126,39,74,107,129,42,77,87,116,114,85,92,105,108,79,
107,108,116,124,132,149,112,106,71,68,142,114,134,131,102,60,139,119,69,148,117,100,129,101,59,138,64,83,120,144,110,136,78,49,128,103,126,98,56,135,76,51,

96,82,99,121,104,141,118,125,137,146,51,124,106,114,83,120,110,129,126,78,68,142,134,131,119,117,71,103,136,149,112,102,139,65,144,98,135,100,59,138,101,69,148,128,132,53,
143,130,129,110,59,118,117,146,136,103,132,69,128,98,138,124,65,131,102,134,119,148,142,71,100,139,101,144,149,120,112,53,135,106,63,82,141,99,121,104,96,125,137,68,

89,82,143,102,136,103,144,130,71,112,135,98,139,120,100,141,104,121,132,149,59,142,101,134,106,138,131,119,65,148,117,63,146,99,118,96,137,125,41,124,128,69,
75,57,54,126,39,74,107,77,87,116,114,85,92,108,79,105,47,
91,87,62,93,75,85,

91,75,93,62,
116,79,92,75,47,105,85,87,57,74,
105,92,77,142,64,129,83,116,138,100,148,102,76,60,107,108,61,144,110,136,81,128,103,126,78,114,135,120,

72,
74,107,77,87,85,108,92,116,105,79,
112,98,92,142,64,129,83,116,138,100,148,102,76,60,107,108,61,144,110,136,81,128,103,126,78,114,135,120,
143,102,136,103,130,71,135,98,120,100,144,63,121,132,149,142,134,139,106,138,101,131,119,148,117,146,99,104,112,82,141,118,96,125,137,124,65,128,69,
129,87,74,126,114,79,54,77,55,105,116,85,108,92,107,
147,113,144,98,130,143,122,63,121,132,149,142,134,139,106,138,101,131,119,117,146,99,104,112,82,141,118,148,89,96,125,137,124,65,
148,138,115,111,142,119,117,134,139,124,132,145,104,96,137,118,149,141,122,80,121,99,140,94,113,146,127,130,89,125,143,106,147,131,90,
93,87,74,85,75,
92,142,64,129,83,116,138,100,148,102,76,60,107,108,61,144,110,136,81,128,103,126,78,114,135,120,
105,85,87,74,

149,106,71,68,56,114,134,131,102,119,148,117,100,129,101,138,112,142,83,144,110,139,136,78,128,103,126,98,76,135,120,64,
115,111,142,119,117,134,139,124,132,145,104,96,137,118,149,141,122,80,121,99,140,94,113,146,127,130,89,125,143,106,147,131,90,
132,124,106,114,83,110,129,126,78,68,134,131,119,142,117,71,103,136,149,102,144,98,112,135,100,120,138,148,101,128,139,

128,106,135,112,120,149,144,101,139,100,71,142,148,119,134,102,131,124,138,98,69,132,103,136,146,117,59,
79,77,105,108,92,107,116,
114,79,77,105,108,126,92,107,116,
134,131,119,117,100,101,138,142,112,148,76,144,110,139,102,136,128,103,129,78,114,126,98,135,120,83,
85,87,74,
134,139,111,115,95,124,132,145,104,137,118,149,141,122,80,121,99,140,94,113,146,127,130,89,125,143,147,90,
136,103,69,138,132,124,131,134,119,142,117,71,139,101,148,144,98,102,149,112,135,100,120,128,106,
116,108,138,100,148,76,107,144,110,102,136,128,103,129,78,114,126,135,120,83,
116,108,83,135,126,114,129,103,110,107,136,144,120,128,102,
93,
132,149,124,142,82,134,139,106,138,101,131,119,148,117,146,99,121,104,112,141,118,96,125,137,65,
142,138,100,148,76,144,110,102,136,128,103,129,78,114,126,135,120,83,
137,125,118,141,104,121,99,146,148,131,101,138,106,139,117,134,82,119,142,124,112,149,132,96,
70,

134,131,119,117,103,136,148,142,144,112,100,120,98,135,138,101,128,139,102,
132,124,131,134,119,117,139,148,142,144,149,112,100,120,98,135,138,101,128,106,

134,131,119,117,103,136,148,142,144,112,100,120,98,135,138,101,128,139,102,

121,109,127,145,115,94,146,122,118,147,95,125,143,130,113,141,137,111,140,
87,85,

102,128,120,144,136,110,103,129,114,126,135,83,
108,92,107,116,105,
148,126,129,110,144,103,120,135,128,102,136,
105,
149,141,121,94,146,122,125,143,130,113,147,137,140,118,90,127,
116,129,107,108,114,126,
146,148,138,106,139,117,134,119,142,131,124,149,132,
126,114,129,110,144,103,120,135,128,102,136,
137,133,130,123,109,141,95,115,143,111,145,122,140,127,147,113,

130,123,109,133,95,115,97,143,111,145,122,140,127,147,113,

137,133,130,123,109,141,95,115,143,111,145,122,140,127,147,113,
137,143,130,125,118,146,104,121,132,149,141,124,
121,94,146,122,125,143,130,113,141,137,140,147,118,

116,

122,147,125,143,113,146,130,141,137,140,
115,143,145,111,140,122,127,147,113,
139,134,146,124,149,131,132,
133,115,122,109,123,140,147,127,145,111,
144,112,142,148,138,
139,134,132,121,146,124,149,
144,148,120,135,128,138,
138,148,142,112,
144,120,135,128,136,
144,120,135,128,136,
132,121,146,124,149,

139,117,119,134,142,131,
108,

145,140,147,127,
129,
140,122,147,127,
142,148,138,
147,143,
126,
140,147,127,


141,146,125,

128,
146,
147,
145,
149,
146,

147,140,


143,

149,




141,
148,

147,









Past links sets, 








3,

5,





13,
9,

12,


1,10,
7,
1,10,
16,
6,


2,

22,
11,

11,
5,

0,8,

24,31,

30,
24,
15,18,19,
14,15,18,
11,

31,35,
2,
21,25,
14,15,18,
21,25,27,
2,4,
27,28,
31,42,
22,42,
49,
11,31,35,
14,15,
21,25,30,53,
21,46,40,36,25,
1,46,36,16,40,
23,32,34,
41,28,43,
40,36,46,49,
14,27,63,
11,23,
23,
28,49,51,
41,19,59,
66,
41,51,49,59,
23,38,
14,15,
39,57,47,42,45,
7,31,35,45,34,32,
1,56,60,64,
36,39,54,55,
64,60,1,56,51,
39,54,35,55,
12,44,50,58,
16,36,40,46,24,
65,
51,61,76,
14,
32,74,
14,
32,74,
14,
30,58,43,50,44,
80,
23,32,34,
35,40,46,77,
45,62,
19,73,90,
58,88,86,73,84,
44,50,65,
86,
40,43,71,56,69,68,
44,58,50,65,
56,60,71,69,64,68,
56,71,69,68,65,
19,83,78,68,71,
83,12,78,68,71,
65,89,
11,47,77,79,
44,49,82,69,51,50,
60,77,61,81,
107,
84,73,88,97,
24,28,78,83,
12,97,95,50,44,
98,101,
43,94,95,
55,31,81,83,
44,50,95,97,
60,61,81,92,
68,56,71,106,
73,89,65,90,
68,56,71,106,
10,100,102,103,
73,90,99,104,
43,94,111,
15,84,88,97,
51,69,99,96,104,82,
94,118,
78,114,
109,111,80,115,
18,120,
22,42,81,110,
41,84,28,94,89,88,86,
56,106,96,71,68,
51,69,99,96,104,82,
15,84,88,97,
56,68,106,96,71,99,
10,100,102,103,
10,102,103,
65,94,89,84,88,
112,82,1,100,44,
56,68,106,96,71,99,
94,127,
118,137,
64,106,112,
113,130,
5,103,98,102,100,
44,123,109,95,50,
21,53,125,121,96,16,82,
113,122,140,
78,138,
80,49,124,132,
Future links sets, 
37,
78,22,24,138,61,76,
52,48,29,
8,
52,
144,35,10,
26,
75,23,
37,
17,
136,22,24,120,135,
105,66,32,57,34,45,
111,103,80,19,
16,
86,84,73,88,44,50,65,58,
133,123,73,43,58,44,50,
146,81,61,25,

50,44,128,43,
102,94,69,43,

146,59,51,49,60,
129,55,31,
91,62,67,72,66,
110,81,42,39,
60,51,59,49,

65,53,51,
130,53,63,68,110,

89,59,41,
114,75,39,54,47,57,
91,62,87,75,85,

91,75,62,
92,47,75,57,79,
81,60,61,64,77,

72,
77,79,74,
98,60,61,92,81,64,
130,71,69,63,
55,129,74,54,
63,98,113,122,89,
145,138,115,106,80,111,89,99,96,
93,75,74,
60,61,92,81,64,
105,74,

149,106,56,71,64,68,
145,115,106,80,111,89,99,96,
132,124,106,68,78,83,71,

146,59,
79,77,
114,79,77,
119,139,117,134,101,131,76,98,78,100,
74,
99,89,95,80,
71,69,
116,76,78,100,107,
116,107,83,
93,
65,
142,100,78,76,
137,104,82,118,96,101,99,
70,

119,139,117,103,131,98,100,134,101,102,
132,124,98,100,101,106,

119,139,117,103,131,98,100,134,101,102,

121,94,109,95,118,
87,85,

83,
105,107,92,
102,103,110,148,126,
105,
149,127,90,
116,129,114,107,
106,146,124,132,138,
114,110,103,102,
137,133,95,130,109,123,

97,130,95,

137,133,95,130,109,123,
137,130,118,104,
121,118,94,

116,

140,137,113,122,125,130,
145,115,113,111,
139,146,124,134,131,132,
109,133,111,115,123,
144,112,
139,124,134,121,132,
144,138,135,120,
112,
144,136,135,120,
144,136,135,120,
132,124,121,

139,117,119,134,142,131,
108,

145,127,
129,
127,122,
142,138,
147,143,
126,
127,


141,125,

128,
146,
147,
145,
149,
146,

140,


143,

149,




141,
148,

147,









Coordinates,
0.0023121,0.410212,
0.00753984,1.16404,
0.025711,0.602242,
0.0269144,0.419538,
0.0558645,0.488224,
0.0694792,1.09702,
0.0736094,0.456819,
0.080488,0.77605,
0.0904873,0.369001,
0.0935441,0.220022,
0.0989872,1.07257,
0.11731,0.86327,
0.13437,1.78572,
0.14734,1.40915,
0.152961,1.96314,
0.162843,1.90024,
0.18145,1.3901,
0.182585,0.131724,
0.194487,1.8233,
0.210056,1.72853,
0.21176,0.132438,
0.230372,1.39577,
0.231265,0.942337,
0.233201,0.683129,
0.241814,0.967756,
0.252443,1.34545,
0.258002,0.286077,
0.258899,1.48805,
0.268498,1.53356,
0.288469,0.445003,
0.291294,1.58692,
0.293081,0.904157,
0.321457,0.716264,
0.328184,0.0429772,
0.33625,0.70068,
0.339054,0.829844,
0.346878,1.09909,
0.348305,0.117396,
0.358339,0.452106,
0.360476,0.859236,
0.37142,1.14176,
0.384726,1.52188,
0.407029,0.884889,
0.408084,1.66546,
0.416248,1.78669,
0.423144,0.691186,
0.431746,1.08014,
0.442056,0.765479,
0.445041,0.260519,
0.449301,1.24164,
0.464791,1.79082,
0.504478,1.25036,
0.508318,0.136718,
0.527551,1.34394,
0.554731,0.794939,
0.556943,0.813841,
0.566357,1.14165,
0.5761,0.631266,
0.601585,1.85205,
0.633075,1.25947,
0.655656,0.971971,
0.657006,0.940241,
0.665194,0.433686,
0.690372,1.42388,
0.736629,0.969116,
0.7464,1.37097,
0.760901,0.264514,
0.772897,0.166763,
0.780093,1.0853,
0.780207,1.18424,
0.81104,0.219151,
0.822509,1.08483,
0.842905,0.0747136,
0.867704,1.85251,
0.874204,0.431645,
0.874713,0.326471,
0.883317,0.859487,
0.893014,0.572513,
0.908389,0.859515,
0.90879,0.532239,
0.920074,1.70992,
0.922893,0.658856,
0.937577,1.26028,
0.946173,0.816537,
0.988612,1.87904,
1.00529,0.313846,
1.00739,1.93575,
1.04088,0.289463,
1.04157,1.88237,
1.04161,1.48311,
1.0444,1.67304,
1.06633,0.00632364,
1.09214,0.436458,
1.10265,0.0148944,
1.15861,1.61911,
1.21859,1.82101,
1.22561,1.19528,
1.26048,1.88595,
1.26216,0.825966,
1.26724,1.1877,
1.28328,0.715605,
1.28488,0.856398,
1.30814,0.646316,
1.31144,0.625344,
1.33803,1.20804,
1.34364,0.137657,
1.35866,0.915217,
1.38703,0.247486,
1.44046,0.203838,
1.44335,1.82368,
1.45884,0.352858,
1.48271,1.68442,
1.49205,0.700412,
1.54256,1.51458,
1.54754,0.216515,
1.55826,1.6884,
1.56215,0.0682444,
1.59863,0.73717,
1.60052,1.17016,
1.60113,0.725728,
1.62407,0.384775,
1.65467,1.07836,
1.6559,1.52235,
1.66302,1.8405,
1.67458,0.87825,
1.69219,1.12503,
1.70211,0.083482,
1.70939,1.62171,
1.71002,0.312486,
1.73219,0.0982019,
1.74574,1.27672,
1.7472,0.684204,
1.7712,0.85515,
1.79299,1.84334,
1.80362,0.663984,
1.80461,0.195155,
1.80694,0.150974,
1.81143,1.1166,
1.81418,0.407685,
1.81575,0.662478,
1.81785,1.52099,
1.83354,1.10585,
1.84068,0.437025,
1.85135,1.20624,
1.86594,0.242671,
1.898,1.65927,
1.94804,0.88024,
1.97082,1.39335,
1.97431,0.277149,
1.99474,0.713374,
