Storage option,sets
Size,75
Dimension,2
Shape,cube
Spacetime,BlackHole
Past sets, 


1,

0,1,2,

2,1,0,4,
0,1,2,3,
2,1,0,4,
3,2,1,0,7,
3,
2,1,0,5,4,
7,0,1,3,2,9,
5,
3,
7,0,1,2,10,3,9,
0,5,13,2,1,
4,15,7,0,1,12,2,10,3,9,
4,15,7,0,1,12,2,10,3,9,
15,7,0,1,12,2,10,3,9,
1,13,5,0,2,16,
3,6,8,11,4,2,1,0,5,
6,4,12,1,7,0,3,2,9,8,
3,6,8,11,4,2,1,0,5,

10,3,14,
0,16,5,2,13,1,20,
6,3,7,8,11,4,2,1,0,5,
1,2,10,25,3,14,
7,0,1,2,9,14,3,10,
14,3,10,25,
14,3,25,10,2,1,28,
21,27,1,6,3,7,8,11,4,2,0,5,23,
10,5,22,9,6,4,12,1,7,0,3,2,8,11,
6,14,9,3,10,2,12,1,0,7,15,19,18,4,17,
5,17,10,15,22,9,6,4,12,1,7,0,3,2,8,18,
8,4,26,0,11,16,5,2,13,1,20,
3,24,
4,15,7,18,1,12,19,2,10,3,9,14,6,17,0,34,
6,8,4,26,0,11,16,5,2,13,1,20,
17,15,33,10,5,22,9,6,4,12,1,18,7,0,3,2,8,11,
6,14,9,3,10,2,12,1,0,7,15,19,18,4,17,
1,25,10,3,14,30,
17,4,28,10,3,14,9,2,25,1,0,7,29,19,15,12,18,
3,21,5,6,8,4,26,0,11,16,39,2,36,13,1,20,
20,23,0,1,13,2,5,16,26,3,6,8,11,4,21,
19,40,17,15,33,10,5,22,9,6,4,12,35,1,18,7,0,3,2,8,11,
21,23,20,13,16,27,1,6,3,7,8,11,4,2,0,26,5,
9,0,29,31,14,3,10,25,2,1,28,7,30,
6,36,8,4,26,0,13,11,16,5,2,1,20,
3,5,6,8,4,26,0,11,16,39,2,36,13,1,20,
6,17,4,28,9,10,29,3,14,43,2,25,1,0,19,7,15,12,18,
13,16,9,12,32,21,4,27,1,6,23,3,7,8,11,2,0,5,22,
23,27,21,32,46,0,19,40,17,15,33,10,5,22,9,6,4,12,35,1,18,7,3,2,8,11,
9,12,22,32,36,39,21,2,23,45,4,20,1,13,16,27,8,47,6,44,3,7,26,11,0,5,
23,27,14,34,46,0,19,40,17,15,33,10,5,22,9,6,4,12,35,1,18,7,3,2,8,11,
23,27,14,34,46,0,19,40,17,15,33,10,5,22,9,6,4,12,35,1,18,7,3,2,8,11,
8,22,5,38,19,0,4,15,34,7,18,1,12,2,10,3,9,14,6,17,35,
9,12,22,32,36,39,21,2,23,45,4,20,1,13,16,27,8,47,6,44,3,7,26,11,0,5,
14,21,23,27,46,0,19,40,17,15,33,10,5,22,9,6,4,12,35,1,18,7,3,2,8,11,
9,12,22,32,36,39,21,2,23,45,4,20,1,13,16,27,8,47,6,44,3,7,26,11,0,5,
17,15,18,10,33,26,20,6,13,16,9,32,12,21,4,27,1,23,47,0,3,7,8,11,2,52,5,22,
15,10,33,36,39,44,45,26,20,6,13,16,9,32,12,21,4,27,1,23,47,0,3,7,8,11,2,52,5,22,
16,13,53,23,52,27,21,32,3,46,17,0,19,40,11,15,33,4,10,5,22,9,6,35,12,1,18,7,2,8,
18,35,10,33,15,17,40,19,46,26,20,6,13,16,9,32,12,21,4,27,1,23,47,0,3,7,8,11,2,52,5,22,
18,54,58,62,15,52,10,47,33,36,39,2,44,7,45,8,26,20,6,13,16,9,32,12,21,4,27,1,23,60,0,3,11,5,22,
13,53,23,27,21,32,3,46,17,0,19,40,11,15,33,4,10,5,22,9,6,35,12,1,18,7,2,8,14,
35,40,60,18,17,62,15,52,10,47,33,36,39,2,44,7,45,8,26,20,6,13,16,9,32,12,21,4,27,1,23,0,3,11,5,22,61,
64,27,18,35,10,47,33,15,52,17,40,3,19,46,9,26,20,6,13,16,53,32,12,21,4,1,23,0,7,8,11,2,5,22,
58,54,67,26,35,40,60,18,17,62,21,15,52,11,10,47,6,33,36,39,2,44,3,7,45,4,8,20,61,13,16,9,32,12,27,1,23,0,5,22,65,
40,50,17,61,65,18,54,58,21,62,15,52,10,47,33,36,39,2,44,7,45,8,26,20,6,13,16,9,32,12,4,27,1,23,60,0,3,11,5,22,
45,53,64,27,18,35,10,47,33,15,52,17,40,3,19,46,9,26,20,6,13,16,32,12,21,4,1,23,0,7,8,11,2,5,22,61,
19,46,67,26,35,40,60,18,17,58,62,21,15,52,11,10,47,6,33,36,39,2,44,3,7,45,4,8,20,61,13,16,9,32,12,27,1,23,0,5,22,
19,67,26,35,40,60,18,17,62,21,15,52,11,10,47,6,33,36,39,2,44,3,7,45,4,8,20,61,13,16,9,32,12,27,1,23,0,5,46,22,
19,69,26,58,15,54,11,67,35,40,60,17,18,61,62,21,52,9,10,47,4,6,33,36,39,2,45,44,1,3,7,8,20,13,16,32,12,27,23,0,5,22,65,
Future sets, 
26,20,16,15,19,12,29,48,9,4,57,18,71,43,17,70,11,64,36,6,59,53,51,49,41,50,39,38,34,27,74,21,22,69,23,62,73,44,67,72,65,63,68,52,66,54,58,60,7,61,8,32,45,47,33,56,40,46,55,35,
42,35,55,46,40,56,33,47,45,32,8,61,60,58,54,66,52,68,63,65,72,67,44,62,23,22,21,7,74,27,34,38,39,50,41,49,51,53,59,73,6,36,64,11,70,17,43,18,57,71,4,9,48,29,12,19,15,16,20,26,28,31,69,2,
31,28,26,20,16,15,19,12,29,48,9,4,57,18,71,43,17,70,11,64,36,6,59,53,51,49,41,50,39,38,34,27,74,21,22,69,23,62,73,44,67,72,65,63,68,52,66,54,58,60,7,61,8,32,45,47,33,56,40,46,55,35,
50,37,23,44,45,21,14,25,42,28,30,31,7,54,47,32,9,56,52,48,29,72,12,59,55,53,62,15,19,66,33,74,27,58,17,64,60,22,69,65,18,63,46,61,51,43,41,70,38,67,57,10,34,35,40,73,71,68,
18,43,17,11,36,6,53,51,49,41,50,39,38,34,27,74,22,69,70,23,62,73,44,67,71,72,65,63,64,68,21,52,66,54,58,60,61,32,45,47,59,57,33,56,40,46,55,8,35,
57,35,16,20,26,11,52,39,49,50,36,46,40,33,74,27,68,55,56,21,62,59,47,45,32,73,61,60,58,54,13,66,23,64,69,63,65,72,71,67,44,70,53,
51,49,41,50,39,38,34,27,22,53,70,62,73,44,67,71,72,65,63,64,68,69,52,66,54,58,60,61,32,74,45,47,59,21,57,33,56,40,46,55,35,23,
47,32,9,52,48,29,72,12,55,53,62,19,33,74,54,58,15,17,60,22,65,63,46,61,18,51,43,41,70,27,38,67,57,34,35,64,56,69,40,59,73,66,71,68,
39,49,50,36,27,22,53,70,62,73,44,67,71,72,65,63,64,68,69,52,66,54,58,60,61,32,74,45,47,59,21,57,33,56,40,46,55,35,23,
48,29,12,53,62,33,74,52,54,58,17,60,19,22,63,65,46,61,51,43,72,41,70,38,67,57,34,35,64,56,15,55,69,40,59,18,73,66,71,68,
33,29,31,48,30,28,42,15,62,25,19,56,65,17,46,61,51,43,72,35,41,70,38,67,57,34,71,63,64,55,18,69,40,74,59,73,53,66,68,
39,49,50,36,46,40,33,27,55,56,21,59,47,45,74,32,61,60,58,54,66,52,23,69,68,64,63,65,72,71,67,44,73,62,70,53,
62,33,52,54,58,60,22,19,65,17,46,61,51,43,72,41,70,38,67,57,34,63,35,64,56,55,69,40,74,59,73,53,66,71,68,18,
66,52,26,61,64,68,39,47,71,70,50,67,58,65,36,69,54,72,60,44,73,62,49,20,63,45,74,16,
59,41,38,55,56,57,34,42,31,66,43,28,51,29,30,25,48,
62,19,65,17,46,61,51,43,72,41,70,38,67,57,34,63,35,64,56,55,69,40,74,59,73,53,66,71,68,18,
63,20,49,62,73,44,60,72,54,69,36,65,58,67,50,70,74,45,71,47,39,68,64,61,26,52,
61,51,43,41,70,38,57,34,35,56,55,69,46,74,67,59,72,64,73,53,66,71,68,63,40,
65,61,51,43,41,70,38,57,34,35,56,55,69,46,74,67,59,72,64,73,53,66,71,68,63,40,
74,72,63,68,66,53,73,59,64,38,55,57,56,41,71,34,51,43,46,
62,73,44,60,72,54,69,36,65,58,49,67,50,70,74,45,71,47,39,68,64,61,26,
59,47,45,32,60,58,54,66,52,69,68,64,63,65,61,72,71,67,44,74,73,62,70,53,
60,58,54,52,57,33,56,65,62,40,63,59,70,69,46,74,55,67,72,53,64,73,66,71,68,61,35,
59,56,55,47,32,60,58,54,66,52,69,68,45,64,63,65,61,72,71,67,74,73,62,70,53,
37,
42,28,43,51,30,48,31,
61,64,68,47,71,45,70,50,67,49,58,65,74,69,54,72,60,44,36,73,39,62,
59,56,55,32,60,58,54,66,52,69,68,64,63,65,61,72,71,67,74,73,62,70,47,53,
43,48,51,31,
51,48,43,
48,42,
48,
60,58,54,66,52,69,68,64,63,65,61,72,71,67,74,73,62,70,53,
65,62,40,59,70,69,74,55,67,46,72,53,64,73,56,66,71,68,63,61,
56,55,57,38,
69,74,67,57,46,59,72,64,73,56,53,66,71,68,55,63,
50,49,70,58,65,74,69,54,67,72,60,44,73,62,

57,
50,70,58,65,74,69,54,67,72,60,44,73,62,
70,69,74,67,46,59,72,64,73,56,53,66,71,68,55,63,


51,
58,65,70,74,69,54,72,60,73,67,62,
71,58,65,70,74,69,54,72,60,73,67,62,
64,59,73,56,53,71,66,68,63,72,55,
68,64,62,71,58,65,70,74,69,54,72,60,73,67,61,


70,

68,64,63,65,61,72,71,67,74,73,62,69,70,
71,66,68,63,
69,74,70,65,



72,65,70,74,69,

72,73,67,65,70,74,69,
71,67,74,73,72,69,70,
72,73,67,65,70,74,69,

71,68,
70,74,69,

73,72,74,69,

74,





Past links sets, 


1,

0,2,

4,
0,2,3,
4,
7,
3,
4,5,
9,
5,
3,
9,10,
0,2,13,
4,12,15,
4,12,15,
12,15,
16,
3,8,6,11,
6,8,12,
3,8,6,11,

10,14,
20,
7,8,6,11,
2,25,
10,9,14,
25,
28,
21,23,27,
10,11,22,
19,14,18,6,17,
5,18,17,22,
8,11,26,
3,24,
34,
8,6,11,26,
17,18,33,
19,14,18,6,17,
1,30,
19,17,28,29,18,
21,36,39,
23,21,26,
19,35,40,
23,21,26,27,
29,30,31,
6,36,
3,36,39,
6,43,
16,22,32,
32,46,
47,32,45,22,44,
23,27,34,46,
23,27,34,46,
35,38,
47,32,45,22,44,
14,46,21,27,23,
47,32,45,22,44,
17,52,47,33,18,
15,52,47,45,33,44,
52,53,
46,47,52,
18,62,60,58,54,
14,13,53,
35,61,60,62,40,
53,64,
65,67,
61,40,50,65,
45,53,61,64,
46,58,67,
46,67,
19,69,
Future links sets, 
16,7,4,
42,2,
28,16,7,4,
50,37,23,7,14,10,21,
18,11,8,6,17,
35,13,11,
51,41,39,21,22,49,27,34,23,
27,9,
39,36,21,22,27,23,
29,15,12,
33,29,25,15,
39,36,21,23,33,27,
19,18,22,17,
66,16,
66,59,25,29,34,41,
19,18,62,17,
52,20,
61,43,34,35,40,41,
61,65,43,34,35,40,41,
34,74,41,46,43,
26,
59,32,47,44,45,
60,58,33,35,52,54,
59,32,47,56,45,55,
37,
30,28,
47,45,39,36,
59,32,47,55,56,
43,31,
48,43,
48,42,
48,
60,52,53,58,54,
62,61,40,
56,55,38,
67,57,46,
50,49,44,

57,
50,44,
70,67,46,


51,
62,60,58,54,
54,58,71,60,62,
73,72,64,53,55,56,59,
64,62,54,58,60,61,


70,

64,63,62,61,
71,66,68,63,
65,



72,65,

67,65,
71,70,67,
67,65,

71,68,
70,69,

73,72,69,

74,





Coordinates,
0.536995,3.41878,
0.42352,3.19727,
0.462529,3.20104,
0.0514219,2.68729,
0.716679,3.12431,
1.5218,3.79601,
0.863492,2.8867,
0.576938,2.53449,
1.26615,3.09508,
0.582588,2.18428,
0.29468,1.89235,
1.68581,3.20225,
0.693756,2.13267,
2.56657,3.89608,
0.234621,1.4928,
0.6725,1.81678,
2.61628,3.63149,
0.720952,1.73541,
0.816167,1.74841,
0.696611,1.62208,
2.71732,3.63569,
2.08322,2.96543,
1.31401,2.08177,
2.01058,2.77407,
0.0150797,0.742841,
0.305922,1.01664,
2.88092,3.58597,
1.87515,2.52095,
0.466403,0.929581,
0.586162,0.884112,
0.420111,0.656368,
0.504887,0.678108,
2.31721,2.43718,
1.74943,1.78603,
1.13271,1.1522,
1.56019,1.56041,
3.49147,3.38438,
0.197974,0.0538288,
1.20317,1.0551,
3.46439,3.30934,
1.76663,1.54579,
1.10946,0.846289,
0.460744,0.180975,
0.832496,0.516004,
3.4944,3.08512,
3.34915,2.91767,
1.81758,1.38074,
2.9841,2.52432,
0.642915,0.138958,
3.98947,3.42004,
3.94165,3.31181,
0.890083,0.160976,
2.62289,1.84015,
2.45122,1.11389,
3.66708,2.0888,
2.08315,0.483628,
2.01479,0.388974,
1.64502,0.00462421,
3.62286,1.97722,
2.2053,0.517799,
3.60724,1.84579,
3.32604,1.31131,
3.5424,1.47326,
2.67607,0.362899,
3.11652,0.769453,
3.68135,1.33039,
2.56977,0.111729,
3.60922,1.00896,
3.24815,0.365169,
3.7027,0.814057,
3.94863,0.898603,
3.40422,0.147219,
3.62835,0.325686,
3.61388,0.187088,
3.73189,0.268741,
