Storage option,sets
Size,25
Dimension,2
Shape,cube
Spacetime,BlackHole
Past sets, 





0,
0,

0,5,
8,0,5,6,
8,0,5,6,
8,0,5,6,
0,5,
0,
6,12,0,5,8,
0,1,7,
8,5,13,0,12,
1,6,8,0,5,7,
1,6,8,0,5,7,
1,2,4,
1,7,9,11,8,0,5,6,10,
9,10,17,6,1,8,0,11,5,7,
5,6,15,0,1,7,
3,19,4,1,2,
11,6,14,16,8,5,12,13,0,
Future sets, 
15,13,5,22,8,21,18,17,16,14,24,11,9,20,10,12,6,
20,23,19,18,15,22,17,21,
23,19,
23,
23,19,
22,8,21,18,17,16,14,24,11,9,20,10,12,
18,17,14,24,22,11,9,20,21,10,
20,18,15,22,17,21,
18,17,16,14,24,11,9,20,21,10,
21,20,
21,20,
24,21,20,
16,24,14,
24,16,
24,
22,
24,
21,

23,





Past links sets, 





0,
0,

5,
6,8,
6,8,
6,8,
5,
0,
6,8,12,
0,1,7,
12,8,13,
1,6,7,8,
1,6,7,8,
1,2,4,
1,11,10,9,7,
9,10,11,17,
6,5,15,
3,19,
14,11,16,
Future links sets, 
13,6,15,5,
20,15,17,18,19,
19,
23,
19,
22,12,8,
18,17,9,14,10,22,11,
18,17,20,15,
18,17,16,9,14,10,11,
21,20,
21,20,
24,21,20,
16,14,
16,
24,
22,
24,
21,

23,





Coordinates,
0.0391407,4.88134,
0.0987622,2.46937,
0.154861,0.72427,
0.370503,0.333281,
1.43476,0.8898,
1.64925,3.84121,
1.68022,3.46178,
1.71263,3.1253,
2.0741,3.77488,
2.57679,3.58725,
2.64326,3.35714,
2.85315,3.75794,
2.91872,4.13433,
2.97162,4.36033,
3.2574,3.88733,
3.3078,1.68179,
3.512,4.17711,
3.63125,2.26478,
3.64783,2.24776,
3.89686,0.485028,
3.94247,3.02762,
4.53657,2.30899,
4.5767,1.11854,
4.64297,0.0119222,
4.87575,4.42728,
