Storage option,sets
Size,75
Dimension,3
Shape,cylinder
Spacetime,BlackHole
Past sets, 






















5,






10,
21,



24,


8,
2,

17,
3,11,17,

3,
6,



10,



10,
3,
16,
18,
2,
2,38,
13,14,
3,43,
18,
2,

10,
21,
3,
2,38,
2,
5,10,
18,35,
7,23,
7,
21,30,
6,8,
12,
Future sets, 


67,61,56,57,66,38,
65,53,59,43,41,

68,22,
73,44,
71,70,
73,37,

63,52,48,68,29,
41,
74,
58,
58,

54,
41,40,
69,60,55,


64,72,30,

70,
34,





72,




69,


66,57,




59,































Past links sets, 






















5,






10,
21,



24,


8,
2,

17,
3,11,17,

3,
6,



10,



10,
3,
16,
18,
2,
38,
13,14,
43,
18,
2,

10,
21,
3,
38,
2,
5,10,
18,35,
7,23,
7,
30,
6,8,
12,
Future links sets, 


67,61,56,38,
65,53,43,41,

68,22,
73,44,
71,70,
73,37,

63,52,48,68,29,
41,
74,
58,
58,

54,
41,40,
69,60,55,


64,30,

70,
34,





72,




69,


66,57,




59,































Coordinates
-3.92399,1.09806,1.94538
-3.88141,0.719659,4.25765
-3.86615,3.68031,1.20024
-3.77426,3.75499,5.39247
-3.77402,3.15879,3.13631
-3.70395,3.9673,3.22071
-3.66465,2.73332,2.59386
-3.42929,2.18394,4.04206
-3.20249,2.08392,2.14513
-3.1811,2.47693,0.139472
-3.15473,3.42074,2.81834
-3.13301,2.74629,5.72134
-3.12631,3.68686,2.13683
-3.08018,3.13144,4.56634
-2.99436,3.14397,4.58129
-2.95749,3.2104,5.83563
-2.94044,2.16126,1.0428
-2.91806,2.75185,5.47114
-2.89553,2.71466,4.98531
-2.87544,2.874,0.82753
-2.87173,2.8991,0.909298
-2.80277,3.57941,1.62679
-2.75865,3.29454,3.17937
-2.70405,2.89588,3.59959
-2.66721,2.63211,5.92418
-2.65824,2.0762,1.7607
-2.62402,0.550086,5.89337
-2.50689,3.53722,4.45135
-2.4806,2.32366,0.313409
-2.44988,3.15133,2.76538
-2.43334,3.30798,1.62398
-2.29267,0.436225,4.82407
-2.21618,2.45083,1.68404
-2.19126,1.41283,6.25704
-2.16839,2.3816,5.79304
-2.00167,3.17452,4.79931
-1.96282,1.51368,5.22525
-1.94162,1.79799,1.88771
-1.82262,3.42232,1.18102
-1.81398,3.87192,3.44647
-1.78395,2.85531,5.41882
-1.71611,1.78285,5.38227
-1.64729,1.17804,0.418079
-1.63633,3.6275,5.07962
-1.60395,2.26896,2.04494
-1.52152,1.07995,4.81732
-1.3824,3.07177,6.05691
-1.17157,2.8421,0.465277
-1.09259,3.70452,2.66617
-1.06619,3.60354,5.64115
-1.06577,3.7712,1.22357
-0.973762,2.58757,1.36765
-0.972762,2.37092,2.61513
-0.947356,3.7706,5.13382
-0.941271,1.56117,0.915051
-0.92898,2.42833,4.65263
-0.866297,3.10091,0.803744
-0.84268,3.1865,1.04543
-0.811394,2.25226,4.35412
-0.785955,3.48623,4.93008
-0.759996,2.73711,4.82733
-0.708871,1.82951,1.12931
-0.698984,3.82888,5.88288
-0.696565,3.97149,2.6452
-0.654962,3.69742,1.44113
-0.643183,3.05244,5.12785
-0.558595,3.47584,1.0728
-0.463022,3.05612,0.453155
-0.449861,3.87302,2.68749
-0.439747,2.70335,4.61091
-0.353671,1.19361,3.5446
-0.301827,2.04438,4.00432
-0.151598,2.97055,1.58937
-0.030441,0.725312,2.06723
-0.0271055,3.65534,2.03651
r_S,2
NLambdas_Sized_1,3
Lambda0,1,
Lambda1,26,
Lambda2,31,
Lambda3,33,
Lambda4,36,
Lambda5,37,
Lambda6,41,11
Lambda7,42,
Lambda8,45,
Lambda9,54,16
Lambda10,61,
Lambda11,70,23
Lambda12,73,