Storage option,sets
Size,25
Dimension,2
Shape,cube
Spacetime,BlackHole
Past sets, 

0,
0,
0,2,
0,2,
2,0,3,
0,
0,
4,0,2,3,
2,0,4,
3,2,0,4,8,
7,2,0,6,
2,7,0,6,4,
0,1,
0,1,
6,2,0,7,11,
0,1,
5,9,8,3,10,11,12,2,7,0,6,4,
1,5,9,8,3,10,11,12,2,7,0,6,4,
4,6,0,7,2,12,11,10,3,8,9,5,1,18,
1,5,9,8,3,10,12,2,7,0,6,4,
1,4,6,7,2,12,11,10,3,8,9,5,0,17,
18,11,20,3,1,5,9,8,10,12,2,19,7,0,6,4,
18,19,21,4,1,6,7,2,12,11,10,3,20,8,9,5,0,17,
17,5,9,8,20,3,10,11,12,2,7,6,1,4,21,19,18,0,23,
Future sets, 
7,2,20,19,23,22,24,13,18,16,21,14,1,15,11,9,12,4,3,10,5,8,17,6,
21,16,14,18,13,24,22,23,19,20,
15,11,9,12,4,3,10,23,5,18,21,8,24,17,22,19,20,
10,5,21,24,23,17,18,22,19,8,20,
12,9,8,19,20,22,18,17,23,24,21,10,
21,24,23,17,18,22,19,20,
20,11,22,19,18,21,24,23,12,15,17,
20,11,22,19,18,21,24,23,12,15,17,
20,19,22,18,17,23,24,21,10,
21,24,23,17,18,22,19,20,
21,24,23,17,18,22,19,20,
19,22,18,21,24,23,15,17,
21,24,23,17,18,22,19,20,




23,24,21,
22,23,24,19,
24,23,22,
24,23,22,
24,23,

24,

Past links sets, 

0,
0,
2,
2,
3,
0,
0,
3,4,
4,
8,
6,2,7,
4,6,7,
1,
1,
11,
1,
5,12,11,10,9,
5,1,12,11,10,9,
18,
1,12,10,5,9,
1,17,
19,20,
19,20,21,
23,
Future links sets, 
7,2,6,1,
21,20,13,18,14,16,
11,4,3,
8,5,
12,9,8,
20,18,17,
12,11,
12,11,
10,
20,18,17,
20,18,17,
18,17,15,
20,18,17,




21,
19,
23,22,
23,22,
23,

24,

Coordinates,
0.0313126,3.90507,
0.0790097,1.9755,
1.3194,3.07297,
1.34418,2.76942,
1.65928,3.0199,
1.3701,2.50024,
2.3773,3.48827,
2.33498,3.30747,
2.06143,2.8698,
2.28252,3.00635,
2.11461,2.68571,
2.8096,3.34169,
2.60592,3.10986,
0.123889,0.579416,
0.296403,0.266624,
3.9006,3.54183,
1.14781,0.71184,
3.15397,2.42209,
2.905,1.81182,
2.91826,1.79821,
2.64624,1.34543,
3.62925,1.84719,
3.11749,0.388022,
3.66136,0.894833,
3.71437,0.00953773,
