Storage option,sets
Size,200
Dimension,2
Shape,cube
Spacetime,black hole
Past sets, 





0,
0,5,
3,

1,
2,

3,7,


1,9,
1,9,
8,2,10,

0,





10,2,8,17,
18,

5,0,6,
4,
5,0,6,
2,7,3,12,
12,3,7,2,31,
18,26,
3,7,
6,0,5,30,
11,9,1,16,
1,14,20,21,24,
17,8,2,10,25,
15,9,1,16,21,
11,9,1,16,
5,6,0,13,
4,13,23,27,
14,24,31,2,12,32,20,7,3,34,
3,9,15,21,20,14,1,24,37,
27,23,13,4,42,
11,36,21,16,1,9,15,39,
7,3,18,26,10,2,8,17,12,25,38,
17,10,31,2,25,12,32,7,3,8,34,
29,26,18,33,10,2,8,4,17,25,38,
12,3,16,9,44,15,21,34,20,7,14,1,24,37,
8,7,47,18,26,10,31,2,17,12,25,38,3,32,
14,20,48,17,10,31,2,25,12,38,7,32,3,8,34,
4,5,6,0,13,23,27,
39,15,9,14,40,1,16,21,36,24,11,46,
36,21,15,39,16,9,11,1,40,
7,38,25,12,17,8,2,10,4,33,18,26,29,3,
8,2,23,10,25,17,4,29,26,18,33,
3,49,10,23,29,26,18,2,8,33,4,17,25,38,
7,3,49,10,29,26,18,2,8,33,4,17,25,38,12,
18,29,42,4,13,23,27,45,
34,8,52,14,20,7,48,17,10,31,2,25,12,38,3,32,
17,10,25,21,43,14,1,24,8,37,31,2,12,20,7,32,3,34,
41,42,23,13,0,6,5,4,27,53,
21,24,34,8,52,43,14,20,7,48,17,10,31,2,25,12,38,3,32,
35,53,27,30,4,5,6,0,13,23,42,41,63,
3,24,46,20,37,36,21,16,1,11,40,14,9,15,39,
20,37,46,55,16,36,21,15,54,39,9,24,1,11,40,14,
20,46,55,16,36,21,15,54,39,9,24,1,11,40,14,
13,27,57,18,8,2,23,10,25,38,17,29,26,4,33,
34,51,32,3,29,56,17,7,4,33,38,25,12,8,31,2,10,47,18,26,
51,34,48,20,14,52,32,3,29,56,17,7,4,33,38,25,12,8,31,2,10,47,18,26,
17,25,10,39,2,31,8,37,24,12,32,3,16,9,44,15,50,21,34,20,7,43,14,1,
7,13,27,57,38,25,3,58,29,49,10,23,26,18,2,8,33,4,17,
11,62,1,7,20,34,21,50,15,44,9,16,14,43,72,17,25,12,10,39,2,31,8,37,24,32,3,
56,12,38,25,59,7,32,3,29,49,10,26,47,18,31,2,8,33,4,17,
26,18,47,10,2,31,8,12,25,38,33,4,71,51,34,48,20,7,14,52,32,3,29,56,17,
1,4,33,26,18,47,51,61,32,3,38,12,25,2,31,64,21,34,8,24,52,17,43,14,20,7,48,10,
11,17,10,39,2,31,8,37,24,12,32,3,16,9,44,15,50,21,34,20,7,43,14,1,
2,31,39,40,11,46,37,24,12,32,3,16,9,44,15,50,21,34,20,36,7,43,14,1,
23,56,12,38,25,59,7,32,3,29,49,10,26,47,18,31,2,8,33,4,17,
37,14,40,11,55,16,20,46,36,21,15,54,68,39,9,24,1,
1,14,43,36,7,34,21,50,15,44,9,16,20,78,11,24,17,39,10,2,31,37,8,12,32,3,
4,16,33,15,9,10,48,7,20,14,43,17,52,24,8,37,34,21,64,31,25,12,38,32,2,61,3,62,1,51,47,18,26,44,
57,17,4,33,8,2,31,18,47,26,80,23,49,10,56,12,38,25,59,7,32,3,58,29,
7,45,49,3,33,4,26,69,17,42,13,27,57,18,8,2,23,10,25,38,58,29,
26,45,18,60,65,29,0,53,27,30,33,4,63,5,35,6,23,13,42,41,
3,45,49,33,4,26,69,17,42,13,27,57,18,8,2,23,10,25,38,29,
57,58,70,52,29,3,32,7,59,25,38,56,10,49,20,23,80,51,26,47,18,31,2,8,33,4,17,75,12,71,34,48,14,
54,25,72,46,16,9,44,74,15,50,21,34,66,7,36,14,43,1,82,24,79,20,78,11,40,17,39,10,2,31,37,8,12,32,62,3,
1,24,67,9,39,68,81,55,16,37,14,11,40,20,46,36,21,15,54,
12,73,7,38,25,10,23,60,2,8,18,58,29,87,3,45,49,33,4,69,17,26,42,13,85,27,57,
19,41,42,13,23,6,35,5,63,28,86,60,26,65,45,18,0,29,53,27,30,4,33,
3,1,24,67,9,39,68,81,55,16,66,37,14,11,40,20,46,36,21,15,54,
55,3,62,32,12,8,37,31,2,34,21,50,44,15,74,16,9,46,17,72,14,43,25,54,89,66,7,36,1,82,24,79,20,78,11,40,39,10,
27,14,48,34,71,12,56,38,84,25,59,7,3,32,88,29,58,52,23,70,57,10,49,20,80,51,26,47,18,31,2,8,33,4,76,17,75,
10,17,16,3,32,12,46,24,37,11,40,39,31,2,50,21,68,9,8,67,44,15,34,79,20,36,66,7,43,14,1,55,54,
3,5,49,45,33,4,26,69,17,42,13,27,57,18,8,60,2,23,10,25,38,0,29,
13,27,14,48,34,71,12,56,38,84,25,59,7,3,32,88,29,58,52,23,70,57,10,49,20,80,51,26,47,18,31,2,8,33,4,17,75,
54,15,21,36,46,20,3,90,1,14,24,37,40,11,67,9,39,68,81,55,16,
33,40,46,26,18,47,51,38,48,52,64,25,72,16,9,44,74,15,50,21,34,7,36,14,43,1,82,24,20,78,11,17,39,10,61,2,31,37,8,12,32,3,62,
20,42,45,48,51,34,70,23,26,80,2,31,47,18,8,33,4,17,75,57,49,69,10,56,27,12,38,84,25,59,7,32,3,58,29,73,13,
10,67,54,15,44,21,50,36,66,7,46,79,20,40,11,14,43,37,16,55,81,39,68,9,24,1,2,31,12,32,3,34,
34,12,54,44,15,50,21,7,36,46,20,40,11,14,93,90,3,81,55,16,1,24,66,37,67,9,68,39,
54,55,25,72,46,16,68,9,44,15,50,21,34,66,7,36,14,43,1,82,24,79,20,78,11,40,17,39,10,2,31,37,67,8,12,32,3,
39,72,50,70,11,56,29,44,26,77,18,47,51,1,14,43,10,48,9,38,74,15,20,7,33,4,16,76,17,25,52,83,24,8,37,34,21,64,31,71,12,32,2,61,62,3,
34,54,44,15,21,7,36,46,20,40,11,14,93,90,3,81,55,16,1,24,66,37,67,9,68,39,
9,15,57,58,37,70,75,48,20,14,43,52,24,29,62,3,32,7,59,1,25,38,71,12,56,10,49,23,51,26,47,31,61,2,8,33,4,76,17,18,77,64,80,21,34,
37,43,24,64,1,75,17,76,4,33,8,61,2,31,77,18,7,59,38,70,25,84,26,12,71,34,48,14,27,56,95,3,32,88,29,58,52,23,57,10,49,20,21,80,51,47,
57,27,85,13,42,26,17,69,49,45,3,4,33,91,12,38,25,73,8,7,10,23,60,2,18,0,87,29,58,
49,59,3,62,61,2,32,12,71,31,64,21,34,37,8,24,83,52,25,47,105,17,76,18,77,48,29,56,44,70,11,50,72,14,43,26,39,10,51,1,9,38,15,74,16,20,7,33,4,
4,54,89,62,3,32,12,8,37,31,2,61,10,39,17,11,78,79,20,25,64,38,9,51,47,18,52,26,40,46,33,48,100,72,14,43,16,44,74,15,50,21,34,66,7,36,1,82,83,24,
24,43,95,52,98,13,14,73,88,29,58,3,32,7,59,61,2,31,80,51,26,25,84,70,71,12,34,48,45,20,49,23,42,101,47,18,8,33,4,76,17,75,57,69,10,56,27,38,
58,29,87,18,2,60,23,7,8,73,25,38,12,91,33,4,3,45,49,10,69,17,42,13,26,85,27,57,0,59,
25,78,82,17,34,3,32,12,46,36,21,50,7,66,96,37,44,15,54,8,67,10,39,9,68,79,20,40,11,14,102,43,16,55,81,24,1,2,31,
42,45,13,98,47,51,80,21,20,69,10,57,23,52,58,29,88,32,62,3,95,56,27,8,37,33,4,75,1,59,64,17,76,24,43,73,14,49,108,61,2,31,18,77,48,7,38,70,25,84,26,12,71,34,
36,78,4,33,7,20,16,74,15,38,9,1,10,39,26,43,14,72,50,11,70,44,21,31,64,2,61,32,59,3,62,49,12,71,51,110,52,34,37,8,24,83,25,47,105,76,17,18,77,48,29,56,
15,9,34,71,12,26,84,25,70,38,7,107,48,77,18,31,2,61,108,49,14,73,43,24,76,17,64,59,1,57,10,69,98,51,80,21,47,20,13,42,45,23,52,58,29,88,32,3,62,33,4,95,8,37,115,56,27,75,
58,23,56,29,48,77,18,17,76,105,47,25,83,24,8,37,34,52,110,51,71,12,49,62,3,59,1,44,9,38,15,74,75,16,20,78,7,36,33,4,116,10,39,26,43,14,72,50,80,21,11,70,31,64,2,61,32,
29,55,94,24,83,82,1,36,7,66,34,21,50,15,74,44,16,43,14,72,100,48,33,46,40,32,31,89,61,2,67,8,37,12,3,62,4,54,25,10,39,17,11,78,20,79,64,38,9,51,47,77,18,111,52,26,
31,47,56,58,29,87,18,2,60,23,7,8,73,25,38,12,32,91,33,4,3,45,49,10,69,17,42,13,26,85,27,57,0,59,
44,101,112,64,17,76,24,43,14,73,108,49,61,2,31,18,77,48,107,59,117,58,15,34,71,12,26,84,25,9,38,70,7,1,57,10,69,98,51,80,21,47,20,13,42,45,23,52,29,88,32,3,62,33,4,95,8,37,115,56,27,75,
82,57,44,1,59,118,3,62,49,12,71,51,110,34,37,8,24,83,52,23,56,17,76,58,29,48,107,77,18,25,105,47,9,38,15,74,75,16,20,78,7,36,33,4,116,10,39,26,43,14,72,50,80,21,11,70,31,64,2,61,32,
18,38,48,52,64,89,94,81,62,3,32,12,8,67,96,37,31,61,2,10,21,50,44,74,15,46,104,17,72,14,102,43,25,54,9,68,39,16,55,34,66,7,36,1,82,24,79,20,78,11,40,
13,34,71,12,26,84,25,70,11,38,7,48,107,77,18,31,2,61,108,49,14,43,24,83,76,17,64,59,1,75,16,4,33,37,8,27,56,95,3,62,32,88,29,58,52,23,57,10,20,21,80,51,47,9,15,74,44,50,72,39,
73,39,72,34,71,12,26,84,25,70,11,38,7,48,107,77,18,31,2,61,108,49,14,43,24,83,76,17,64,59,1,75,16,4,33,37,8,27,56,95,3,62,32,88,29,58,52,23,57,10,20,21,80,51,47,9,15,74,98,13,44,50,
29,94,55,104,24,83,82,1,36,7,66,34,21,50,15,74,44,16,43,14,72,100,48,33,46,40,32,31,89,61,2,67,8,96,37,12,3,62,4,54,25,10,39,17,11,78,20,79,64,38,68,9,51,47,77,18,111,52,26,
6,31,47,56,5,109,59,0,97,38,25,7,23,73,8,60,2,18,29,58,87,113,12,32,91,33,4,3,45,49,10,69,17,42,13,26,85,27,57,
81,94,55,104,24,83,82,1,36,7,66,34,21,50,15,74,44,16,43,14,72,100,48,33,46,40,32,31,89,61,2,67,8,96,37,12,3,62,4,54,25,10,39,17,11,78,20,79,64,38,68,9,51,47,77,18,111,52,26,
49,71,76,56,89,31,40,46,105,33,48,100,72,14,43,16,74,15,44,32,119,1,29,55,83,24,82,66,7,94,36,34,50,21,61,2,67,8,37,12,3,62,4,54,25,10,39,17,11,70,78,20,79,64,38,9,51,47,77,18,111,52,26,
22,30,53,35,65,6,41,19,5,58,45,49,63,4,92,33,91,17,3,42,13,26,85,86,27,57,109,12,97,38,25,73,8,7,69,10,23,60,2,18,0,28,87,29,
46,88,32,61,2,77,18,48,107,29,58,76,17,56,83,24,8,37,34,23,82,52,110,51,122,4,57,116,44,118,59,1,3,62,49,12,71,25,105,47,9,38,15,74,75,16,20,78,7,36,33,10,39,26,43,14,72,50,80,21,11,70,31,64,
1,64,38,27,56,10,69,57,75,17,76,4,33,8,18,47,101,42,23,49,20,45,58,3,32,29,88,59,43,98,13,52,95,24,14,73,112,7,61,2,31,21,80,51,85,26,25,84,70,71,12,34,48,
60,64,87,38,27,56,10,69,57,75,17,76,4,33,8,18,47,101,42,23,49,20,45,58,3,32,29,88,59,43,98,13,52,95,24,14,73,112,7,61,2,31,21,80,51,85,26,25,84,70,71,12,34,48,
56,71,119,26,31,32,40,33,48,100,72,14,43,16,74,15,44,50,21,126,67,8,29,55,46,104,83,24,82,1,66,7,94,36,34,89,61,2,96,37,12,3,62,4,54,25,10,39,17,11,78,20,79,64,38,68,9,51,47,77,18,111,52,
72,104,106,90,31,2,1,24,81,16,43,102,14,11,50,21,46,17,32,62,3,93,34,82,78,79,20,12,25,54,36,55,114,7,66,37,96,8,67,103,44,15,10,39,9,68,99,40,
41,30,53,35,57,27,85,26,13,42,17,69,10,49,45,25,29,58,87,7,0,59,56,47,18,109,5,31,60,2,38,97,65,6,127,23,73,8,113,12,3,32,91,33,63,4,
101,105,110,115,45,42,69,117,124,50,44,13,98,17,76,24,83,108,49,61,2,31,18,77,107,48,7,125,73,14,34,39,43,72,71,12,26,84,25,38,70,11,64,59,1,75,16,4,33,37,8,27,56,95,3,62,32,88,29,58,52,23,57,10,20,21,80,51,47,9,15,74,
62,77,88,29,32,3,45,20,49,108,23,42,101,8,33,4,60,1,64,38,58,87,27,56,69,10,133,17,76,75,57,47,18,59,43,98,13,52,95,24,14,73,132,112,7,61,2,31,21,80,51,85,26,25,84,70,71,12,34,48,37,
68,104,59,110,26,52,111,18,77,66,7,82,24,83,55,29,1,119,32,44,15,74,16,43,14,72,49,56,89,31,40,76,17,105,46,33,48,11,70,71,12,100,94,36,34,50,21,61,129,2,67,8,37,3,62,4,54,25,10,39,78,20,79,64,38,9,51,47,
41,48,53,51,34,70,75,80,57,27,85,26,13,42,17,69,10,49,45,84,25,29,58,87,7,0,59,56,47,18,109,5,31,60,120,2,38,97,6,127,23,73,8,113,12,3,32,91,33,4,
72,106,90,31,2,1,24,81,16,43,102,14,11,50,21,46,17,32,3,93,34,82,78,79,20,12,25,54,36,55,114,7,66,37,96,8,67,103,44,15,10,39,9,68,99,40,
37,88,29,32,91,3,45,20,49,23,42,101,8,33,4,60,1,64,38,58,87,27,56,69,10,133,17,76,75,57,47,18,77,59,43,98,13,52,95,24,14,73,132,112,7,61,2,31,21,80,51,85,26,25,84,70,71,12,34,48,
17,32,2,10,43,102,50,11,99,40,14,36,79,20,46,15,21,54,106,34,93,31,90,3,81,55,16,44,103,1,24,7,66,96,37,8,67,9,68,39,12,
30,53,35,41,19,57,86,27,85,26,13,42,17,69,10,49,45,25,29,58,28,87,7,0,59,56,47,18,109,5,31,60,2,38,97,65,6,127,23,73,8,113,12,3,32,91,92,33,63,4,
108,48,34,76,17,133,10,69,56,27,38,64,60,1,142,24,8,37,88,29,23,101,42,87,58,3,32,91,45,4,33,49,20,75,57,47,18,77,59,43,98,13,52,95,14,73,132,112,7,61,2,31,21,80,51,85,26,25,84,70,71,12,
4,63,33,92,91,32,3,12,113,8,73,23,127,6,65,97,38,2,60,31,5,109,42,13,56,27,86,57,26,85,144,19,41,35,30,53,17,69,10,49,45,25,29,58,28,87,59,0,7,47,18,
78,82,12,39,68,9,67,8,37,96,66,7,24,1,14,11,40,99,50,21,43,102,15,103,44,36,10,2,32,31,90,3,17,46,143,79,20,54,106,34,93,81,55,16,
26,12,20,79,78,34,93,62,3,21,50,11,17,46,104,106,31,90,2,61,32,1,82,24,102,43,81,16,14,72,25,54,36,55,114,7,66,37,96,135,8,67,103,44,15,74,10,39,9,68,99,40,123,64,18,38,48,52,89,94,
6,5,52,98,75,80,70,34,51,48,20,109,113,59,0,57,27,85,26,7,23,60,31,87,58,88,29,56,8,47,18,2,120,33,4,14,73,84,25,97,38,71,12,91,32,3,45,49,10,69,17,101,42,13,
29,99,103,90,93,106,114,102,123,26,31,32,40,33,48,100,72,14,43,16,74,15,44,50,21,10,81,55,46,104,83,24,82,128,1,66,7,94,36,34,89,61,2,67,8,96,37,12,3,62,4,54,25,39,17,11,78,20,79,64,38,68,9,51,47,77,18,111,52,
33,26,47,17,104,46,74,15,44,103,50,21,10,37,96,8,67,18,38,64,123,12,48,2,61,31,90,89,94,52,81,32,3,62,72,14,102,43,25,54,9,68,39,16,55,114,34,93,66,7,36,1,82,24,79,20,78,11,40,99,106,51,
48,89,94,104,40,99,68,9,39,10,74,15,44,103,67,8,96,37,66,7,114,55,36,14,72,16,81,1,2,31,90,32,62,3,106,43,102,24,82,141,25,54,11,50,21,46,135,17,93,34,78,79,20,12,
4,83,99,51,47,26,17,104,46,74,15,44,103,50,21,10,37,96,8,67,18,38,64,123,12,48,2,61,31,90,89,94,52,81,32,3,62,72,14,102,43,25,54,9,68,39,16,55,114,34,93,66,7,36,1,82,24,79,20,78,11,40,106,100,33,
19,28,59,7,87,58,29,25,84,45,49,10,69,42,101,17,75,48,13,140,53,80,51,34,41,70,57,56,27,86,85,26,47,18,136,109,5,31,60,120,2,38,97,6,65,0,127,23,73,8,113,12,3,32,91,33,4,63,30,35,20,
78,12,39,68,9,67,8,37,96,66,7,24,1,14,11,40,99,50,21,43,102,15,103,44,36,10,2,32,31,90,3,17,46,143,79,20,54,106,34,93,81,55,16,
112,121,74,15,9,47,51,80,21,20,57,23,52,58,29,125,7,48,107,77,18,31,2,61,49,108,83,24,17,76,124,101,42,105,110,45,115,56,10,137,50,98,39,69,117,13,72,44,73,14,34,43,71,12,26,84,25,38,70,11,64,59,1,75,16,4,33,37,8,27,95,3,62,32,88,
46,112,121,116,36,78,118,82,122,74,15,9,47,51,80,21,20,57,23,52,58,29,125,7,48,107,77,18,31,2,61,49,108,83,24,17,76,124,101,42,105,110,45,115,56,10,137,50,98,39,69,117,13,72,44,73,14,34,43,71,12,26,84,25,38,70,11,64,59,1,75,16,4,33,37,8,27,95,3,62,32,88,
78,112,121,74,15,9,47,51,80,21,20,57,23,52,58,29,125,7,48,107,77,18,31,2,61,49,108,83,24,17,76,124,101,42,105,110,45,115,56,10,137,50,98,39,69,117,13,72,44,73,14,34,43,71,12,26,84,25,38,70,11,64,59,1,75,16,4,33,37,8,27,95,3,62,32,88,
54,66,79,40,100,101,115,45,42,69,117,124,13,98,95,27,108,84,73,125,64,31,70,11,21,80,57,116,122,51,110,52,23,82,34,37,8,24,83,56,4,131,72,17,76,46,105,88,29,32,61,2,48,107,77,18,58,44,118,59,1,3,62,49,12,71,25,47,9,38,15,74,75,16,20,78,7,36,33,10,39,26,43,14,50,
24,95,13,42,101,76,17,69,10,49,45,3,32,91,12,71,38,97,25,84,73,14,4,33,61,120,2,18,47,8,48,51,80,109,34,5,75,20,98,52,23,70,6,113,59,0,87,58,88,29,57,27,26,85,56,7,60,149,31,
89,94,104,72,16,114,55,81,93,34,106,54,20,79,25,143,46,135,17,62,3,90,31,32,36,7,66,37,96,8,67,9,68,39,10,12,78,141,82,24,147,2,1,14,11,99,40,50,21,43,102,74,15,44,103,
56,71,119,126,52,111,18,77,47,51,9,68,38,64,79,81,10,21,50,43,102,14,72,100,33,40,99,150,32,29,74,15,16,103,44,93,34,48,106,114,55,123,90,31,26,46,104,83,24,82,128,1,66,7,94,36,89,61,2,67,8,96,37,12,3,62,4,54,25,39,17,11,78,20,
75,102,116,81,96,126,47,51,9,38,64,79,20,78,39,10,56,49,72,14,43,16,74,15,44,32,119,128,1,29,83,24,68,104,55,26,59,134,7,66,21,52,111,110,18,77,82,89,31,40,76,17,105,46,33,48,11,70,71,139,12,100,94,36,34,50,61,129,2,67,8,37,3,62,4,54,25,
90,93,103,114,102,123,81,70,105,76,49,52,111,18,77,47,24,83,104,46,29,8,67,126,21,50,44,15,74,16,56,32,119,128,1,55,26,31,40,33,43,14,72,48,71,12,100,82,66,134,7,94,36,34,89,61,129,2,96,37,3,62,4,54,25,10,39,17,11,78,20,79,64,38,68,9,51,
38,52,147,12,20,79,78,17,135,46,21,50,11,54,143,25,141,82,24,102,43,106,3,62,32,90,31,2,10,39,99,40,104,94,34,93,152,36,89,15,74,44,103,16,68,9,48,67,8,96,37,7,66,114,55,14,72,81,1,
86,76,95,63,65,35,30,136,31,149,60,7,56,85,26,27,57,29,88,58,87,59,113,6,70,23,52,98,20,75,5,34,109,80,51,48,8,47,18,2,120,33,4,14,73,84,25,97,38,71,12,91,32,3,45,49,10,69,17,101,42,13,140,41,53,0,127,
119,126,111,77,29,150,33,100,106,40,11,78,20,61,2,48,123,64,38,67,8,96,37,10,21,50,94,4,83,151,24,12,99,18,47,51,153,26,17,104,46,103,44,74,15,31,90,89,52,81,32,3,62,72,14,102,43,25,54,9,68,39,16,55,114,34,93,66,7,36,128,1,82,79,
79,40,100,88,32,62,3,95,27,8,37,33,131,4,16,75,1,59,64,11,70,38,25,84,26,12,71,43,77,18,48,107,52,23,82,57,116,21,80,51,110,47,157,98,39,118,46,105,112,121,29,58,117,7,125,36,20,78,122,74,15,9,31,2,61,49,108,83,24,17,76,124,101,42,45,115,56,137,10,69,50,13,72,44,73,14,34,
14,71,52,88,92,20,35,30,56,70,41,34,51,80,53,75,144,17,101,42,140,13,69,10,48,19,84,25,45,57,28,87,59,7,58,29,49,154,27,86,85,26,47,18,136,109,5,31,60,120,2,38,97,6,65,0,127,23,73,8,113,12,3,32,91,33,4,63,
126,111,77,29,150,33,100,106,40,11,78,20,61,2,48,123,64,38,67,135,8,96,37,10,148,21,50,94,4,83,151,24,12,99,18,47,51,153,26,17,104,46,103,44,74,15,31,90,89,52,81,32,3,62,72,14,102,43,25,54,9,68,39,16,55,114,34,93,66,7,36,128,1,82,79,
0,16,115,9,117,107,44,121,62,138,12,71,70,84,91,32,3,42,101,23,37,8,24,15,142,88,29,1,60,58,87,27,108,49,69,10,48,34,76,17,133,56,38,64,45,4,33,20,75,57,47,145,18,77,59,43,98,13,52,95,14,73,132,112,7,61,2,31,21,80,51,85,26,25,
111,77,33,100,106,40,11,78,20,61,2,48,123,64,38,67,135,8,96,37,10,148,21,50,94,4,83,151,24,12,99,18,47,51,153,26,17,104,46,103,44,74,15,31,90,89,52,81,32,3,62,72,141,14,102,43,25,54,9,68,39,16,55,114,34,93,66,7,36,128,1,82,79,
69,45,42,115,124,13,98,95,27,108,84,73,125,96,126,80,75,118,116,57,122,23,58,107,88,47,51,9,38,64,79,20,78,39,10,56,49,72,14,43,16,74,15,44,32,119,1,29,83,24,68,104,55,26,59,7,66,21,52,111,110,18,77,82,89,31,40,76,17,105,46,33,48,11,70,71,139,12,100,94,36,34,50,61,129,2,67,8,37,3,62,131,4,54,25,
50,39,72,16,83,115,9,117,107,44,121,62,138,12,71,70,84,91,32,3,42,101,23,37,8,24,15,142,88,29,1,60,58,87,27,108,49,69,10,48,34,76,17,133,56,38,64,45,4,33,20,75,57,47,145,18,77,59,43,98,13,52,95,14,73,132,112,7,61,2,31,21,80,51,85,26,25,
18,64,123,61,26,155,1,62,3,90,31,32,43,102,24,82,54,11,12,52,2,38,165,106,78,147,20,79,17,46,148,21,50,10,39,99,40,104,94,161,34,93,25,152,36,89,15,74,44,103,143,16,68,9,48,67,135,8,96,37,7,66,114,55,141,14,72,81,
70,105,76,49,71,56,162,79,82,1,128,36,134,7,66,93,34,114,55,16,39,68,9,54,50,148,21,37,96,135,8,67,126,38,64,123,94,129,2,61,119,10,100,111,52,150,32,4,33,48,106,47,77,18,29,11,167,40,99,20,78,83,151,24,12,51,153,26,17,104,46,103,44,74,15,31,90,89,81,3,62,72,14,102,43,25,
91,85,132,133,87,60,122,82,118,36,116,46,157,88,32,62,3,95,27,8,37,33,131,4,16,75,1,59,64,138,11,70,38,61,2,77,18,48,107,7,125,156,29,58,117,52,23,31,158,15,74,83,24,112,47,108,49,21,80,121,9,51,110,78,20,57,17,76,124,101,42,105,45,115,56,137,10,69,50,98,39,13,72,44,73,14,34,43,71,12,26,84,25,
13,95,27,84,108,114,123,80,118,57,122,23,58,107,88,25,54,131,4,62,3,37,8,67,2,129,61,50,34,94,100,12,139,71,10,119,128,1,32,74,15,16,75,43,102,14,72,56,49,78,20,79,44,116,51,110,64,81,39,126,38,96,9,68,36,163,104,47,29,83,24,55,26,59,134,7,66,21,52,111,18,77,82,89,31,40,76,17,105,46,33,48,11,70,
84,90,93,103,114,123,80,118,57,122,23,58,107,88,25,54,131,4,62,3,37,8,67,2,129,61,50,34,94,100,12,139,71,10,119,128,1,32,74,15,16,75,43,102,14,72,56,49,78,20,79,44,116,51,110,64,81,39,126,38,96,9,68,36,163,104,47,29,83,24,55,26,59,134,7,66,21,52,111,18,77,82,89,31,40,76,17,105,46,33,48,11,70,
80,58,118,106,23,150,99,162,110,59,116,75,51,9,68,38,64,79,20,78,11,17,39,10,25,54,4,62,3,96,50,21,126,67,8,29,46,37,164,105,104,83,24,111,52,77,18,90,31,103,44,93,34,114,55,49,15,74,102,43,123,70,47,76,81,16,56,32,119,1,128,26,40,33,14,72,48,71,139,12,100,82,66,134,7,94,163,36,89,61,129,2,
19,28,21,112,43,77,64,1,37,142,61,24,127,0,53,41,140,13,42,101,17,98,52,23,70,87,58,29,88,113,26,85,27,86,56,166,48,57,76,63,4,95,59,30,133,6,65,35,136,18,149,31,60,7,20,75,132,5,34,109,80,51,8,47,2,120,160,33,14,73,84,25,97,38,71,12,91,32,3,45,49,10,69,
90,93,95,27,84,108,114,123,80,118,57,122,23,58,107,88,25,54,131,4,62,3,37,8,67,2,129,61,50,34,94,100,12,139,71,10,119,128,1,32,74,15,16,75,43,102,14,72,56,49,78,20,79,44,116,51,110,64,81,39,126,38,96,9,68,36,163,104,47,29,83,24,55,26,59,134,7,66,21,52,111,18,77,82,89,31,40,76,17,105,46,33,48,11,70,
74,120,0,25,26,85,51,80,21,31,2,61,7,112,132,73,14,95,52,13,98,43,24,83,8,37,23,3,121,62,32,91,84,42,101,71,12,70,11,138,20,115,56,142,15,133,171,44,50,39,117,58,72,16,75,107,48,9,88,29,1,60,87,27,108,49,69,10,34,76,17,38,64,45,4,33,57,174,47,145,18,77,59,
55,94,89,111,85,132,66,54,34,14,73,44,72,13,50,69,10,137,56,115,45,42,101,124,76,17,24,83,108,49,61,2,158,31,9,15,74,122,43,26,84,25,38,12,71,70,11,64,75,16,168,79,20,40,27,100,59,118,1,88,156,29,159,32,3,62,121,95,36,8,37,131,4,33,77,18,48,107,52,23,82,57,116,21,80,51,110,47,157,98,39,46,105,112,58,117,7,125,78,
80,58,118,110,59,116,75,25,43,102,14,72,62,3,81,89,90,31,15,74,44,103,46,104,17,26,153,51,139,12,24,151,83,78,20,99,54,9,68,39,16,55,114,34,93,164,37,96,66,134,7,148,21,50,79,119,105,76,70,11,1,128,10,176,49,163,36,71,162,56,82,135,8,67,126,38,64,123,94,129,2,61,100,111,52,23,150,32,4,33,48,106,47,77,18,29,167,40,
113,120,0,25,26,85,51,80,21,31,2,61,7,112,132,73,14,95,52,13,98,43,24,83,8,37,23,3,121,62,32,91,84,42,101,71,12,70,11,138,20,115,56,142,15,133,171,44,50,39,117,58,72,16,75,107,48,9,88,29,1,60,87,27,108,49,69,10,34,76,17,38,64,45,4,33,57,174,47,145,18,77,59,
27,88,107,122,57,84,2,129,61,89,36,163,94,7,134,66,82,100,12,139,71,48,72,14,33,40,153,26,128,1,119,32,56,16,81,76,47,70,123,43,102,62,180,3,131,4,54,25,11,78,20,79,10,39,68,9,38,64,51,110,80,21,106,118,59,17,162,103,44,75,23,150,99,58,116,96,50,126,67,8,29,46,37,164,105,104,83,24,111,179,52,77,18,90,31,93,34,114,55,49,15,74,
42,69,106,124,98,73,125,13,103,70,11,48,33,46,105,17,76,40,31,89,82,77,18,111,179,52,21,66,7,134,59,26,24,83,29,47,104,163,36,68,9,96,38,126,39,81,67,8,62,3,122,4,131,72,54,25,84,88,107,58,23,61,129,2,90,80,164,37,55,182,123,64,95,108,49,118,27,114,57,116,93,34,50,94,100,139,12,71,10,119,128,1,32,74,15,16,75,43,102,14,56,78,20,79,44,178,51,110,
91,67,119,133,87,60,78,125,7,117,58,112,105,46,39,98,157,47,110,51,80,21,116,82,23,52,107,48,18,77,33,4,131,37,8,36,95,121,62,3,32,159,29,156,88,1,17,76,115,56,69,10,137,50,168,42,101,13,72,57,184,66,45,132,14,73,83,24,54,55,94,89,111,85,26,124,34,44,108,49,61,2,40,158,31,9,15,74,122,43,84,25,38,12,71,70,138,11,64,75,16,79,20,27,100,59,118,
107,57,122,180,40,167,29,18,77,47,106,48,33,4,32,150,23,52,111,100,61,2,129,94,123,64,38,126,67,8,135,82,56,162,71,36,163,49,176,10,128,1,11,70,153,26,103,44,74,15,90,31,3,62,51,110,80,81,89,21,148,118,59,185,58,116,25,17,76,104,46,105,75,16,14,72,43,102,139,12,83,24,151,78,20,79,99,54,9,68,39,55,114,34,93,164,37,96,66,134,7,50,119,
106,117,125,73,98,124,115,42,45,69,13,103,70,11,48,33,173,46,105,17,76,40,31,89,82,77,18,111,179,52,21,66,7,134,59,26,24,83,29,47,104,163,36,68,9,96,38,126,39,81,67,8,62,3,122,4,131,72,54,25,84,88,107,58,23,61,129,2,90,80,164,37,55,182,123,64,95,108,49,118,27,114,57,116,93,34,50,94,100,139,12,71,10,119,128,1,32,74,15,16,75,43,102,14,56,78,20,79,44,178,51,110,
95,108,74,15,49,55,114,34,93,31,90,18,77,52,179,111,151,24,83,104,105,164,37,46,29,8,67,126,50,96,116,58,99,150,23,75,44,103,162,17,59,118,106,21,80,110,51,167,40,33,14,72,48,107,139,12,71,82,94,66,122,131,4,57,27,88,153,26,84,25,100,187,10,70,11,61,129,2,89,7,134,16,36,163,128,1,119,32,56,81,76,47,123,64,43,102,62,180,3,54,78,20,79,39,68,9,38,
57,107,180,40,167,29,18,77,47,106,48,33,4,32,150,23,52,111,100,61,2,129,94,123,64,38,126,67,8,135,82,56,162,71,36,163,49,176,10,128,1,11,70,153,26,103,44,74,15,90,31,3,62,51,110,80,81,89,21,148,118,59,185,58,116,25,17,76,104,46,105,75,16,141,14,72,170,43,102,139,12,83,24,151,78,20,79,99,54,9,68,39,55,114,34,93,164,37,96,66,134,7,50,119,
123,121,112,157,117,101,81,102,25,54,4,131,62,3,37,8,67,2,129,61,50,34,163,36,94,100,12,139,71,70,11,48,33,105,17,76,40,31,89,82,77,18,110,111,52,47,88,29,107,23,122,58,116,57,118,59,75,16,51,80,21,126,9,68,96,125,134,7,66,108,49,45,104,84,46,173,55,115,56,95,124,69,137,10,98,39,42,13,72,27,73,14,38,64,79,20,78,43,74,15,44,159,32,119,128,1,83,24,26,
67,60,87,133,91,78,125,7,117,58,112,105,46,39,98,157,47,110,51,80,21,116,82,23,52,107,48,145,18,77,33,4,131,37,8,36,95,121,62,3,32,159,29,156,88,1,17,76,115,56,69,10,137,177,50,168,42,101,13,72,57,184,66,45,132,14,73,83,24,54,55,94,89,111,85,26,124,34,44,108,49,61,2,40,158,31,9,142,15,74,122,43,84,25,38,12,71,70,138,11,64,75,16,79,20,27,100,59,118,
85,101,117,121,112,157,168,25,54,4,131,62,3,37,8,67,2,129,61,50,34,36,94,100,12,139,71,70,11,48,33,105,17,76,40,158,31,89,82,77,18,110,111,52,47,88,156,29,107,23,122,58,116,57,118,59,75,16,51,80,21,126,9,68,96,125,134,7,66,108,49,45,104,84,46,173,55,115,56,95,124,69,137,10,98,39,42,13,72,27,73,14,38,64,79,20,78,43,74,15,44,159,32,119,1,83,24,26,
112,121,117,101,125,73,98,124,115,42,45,69,70,11,48,33,173,46,105,17,76,40,31,89,82,77,18,111,52,21,66,7,134,59,26,55,24,83,29,47,104,163,36,68,9,96,38,126,39,67,8,61,3,62,13,72,54,25,84,88,107,58,131,4,122,119,2,129,37,95,50,108,49,118,123,64,27,114,23,80,57,116,34,94,100,139,12,71,137,10,1,128,159,32,74,15,16,75,43,102,14,56,78,20,79,44,178,51,110,81,
102,81,101,117,121,112,157,168,25,54,4,131,62,3,37,8,67,2,129,61,50,34,36,94,100,12,139,71,70,11,48,33,105,17,76,40,158,31,89,82,77,18,110,111,52,47,88,29,107,23,122,58,116,57,118,59,75,16,51,80,21,126,9,68,96,125,134,7,66,108,49,45,104,84,46,173,55,115,56,95,124,69,137,10,98,39,42,13,72,27,73,14,38,64,79,20,78,43,74,15,44,159,32,119,128,1,83,24,26,
57,172,180,40,167,29,18,77,47,106,48,33,4,32,150,23,52,111,100,61,2,129,94,123,64,38,126,67,8,135,82,56,162,71,36,163,49,176,10,128,1,11,70,153,26,103,44,74,15,90,31,3,62,51,110,80,81,89,21,148,118,59,185,58,116,152,25,17,76,104,46,105,75,16,141,14,72,170,43,102,139,12,83,24,151,78,20,79,99,54,9,68,39,55,114,34,93,164,37,96,66,134,7,50,119,
Future sets, 
92,5,30,160,166,146,28,144,86,149,120,136,97,41,127,186,35,154,130,140,169,171,53,183,6,65,63,181,19,109,113,
132,77,138,115,108,145,96,155,122,50,177,118,158,99,187,128,143,16,190,131,72,199,81,82,141,191,197,186,68,195,147,175,94,153,184,66,193,106,165,107,179,150,44,171,142,15,62,189,83,111,170,176,114,55,182,123,181,54,172,103,162,135,185,126,194,67,125,9,129,188,100,159,178,119,79,110,168,89,148,36,163,104,90,116,174,183,124,37,164,105,173,46,74,192,156,137,78,196,157,39,161,102,139,198,40,167,134,151,180,121,93,152,117,
32,43,79,31,159,100,151,121,180,163,164,105,162,116,126,147,104,165,38,97,96,155,72,199,140,141,82,71,198,113,172,87,149,144,17,85,73,124,183,56,143,25,152,186,59,157,98,170,111,91,150,74,135,89,161,102,94,153,114,136,195,108,167,78,137,10,196,69,128,187,83,142,112,171,190,131,154,95,182,123,148,109,107,166,48,175,51,178,169,110,119,61,188,177,118,129,139,130,181,122,77,101,160,189,62,158,132,64,191,49,176,117,84,146,120,52,179,156,127,133,192,75,134,193,138,80,173,194,76,197,70,168,145,115,47,174,125,184,57,88,58,185,
99,97,87,93,66,58,44,117,74,192,56,183,124,125,184,52,179,111,134,7,193,91,156,147,113,186,59,109,50,177,118,100,31,158,145,77,104,108,61,188,70,197,79,138,143,110,123,182,142,83,115,174,47,171,135,106,152,34,161,132,73,85,185,126,198,71,139,12,130,189,62,148,89,176,121,180,103,162,181,122,170,43,112,102,141,82,96,155,78,133,94,153,187,128,164,105,173,114,129,157,168,190,131,172,154,95,101,160,140,72,199,169,163,76,194,137,196,195,136,166,107,159,32,150,84,144,88,146,149,120,75,167,80,127,98,119,51,178,191,64,151,48,175,116,165,
111,153,83,128,77,172,45,168,144,85,88,185,58,181,122,63,190,131,174,115,98,157,112,171,142,113,91,149,120,179,107,166,195,80,139,87,116,97,129,187,60,163,117,176,49,164,193,75,65,192,133,108,158,137,196,69,189,130,160,101,159,56,183,124,154,95,146,145,86,170,150,92,126,167,119,178,162,136,105,76,194,134,71,198,173,29,156,188,57,184,125,138,70,197,109,73,191,132,42,169,110,140,199,127,186,59,118,177,121,53,180,84,182,
97,86,144,28,166,136,30,146,92,63,149,160,127,41,6,35,154,130,140,169,53,65,181,
160,149,127,41,35,154,130,53,140,169,181,65,63,92,146,30,136,166,28,144,86,
85,73,106,34,103,47,174,115,83,171,182,123,152,185,126,198,71,139,12,135,148,89,176,180,121,62,189,162,110,143,138,79,197,70,61,188,108,104,77,145,132,158,31,100,177,50,118,59,186,113,142,147,109,156,91,130,193,134,181,122,170,43,112,102,141,82,96,155,78,133,94,153,187,128,164,105,173,114,129,157,168,161,190,131,172,154,95,101,160,140,72,199,169,163,76,194,137,196,195,136,166,107,159,32,150,84,144,88,146,149,120,75,167,80,127,98,119,51,178,191,64,151,48,175,116,165,111,179,52,184,125,124,183,56,192,74,117,
161,74,89,94,135,153,150,170,111,157,98,59,186,114,136,195,108,167,187,128,69,196,142,83,171,112,152,25,56,183,124,73,85,91,149,87,172,113,198,71,82,141,140,199,72,155,96,97,38,165,104,17,144,137,78,143,147,190,131,154,95,182,123,148,109,107,166,48,175,51,178,169,110,119,61,188,177,118,129,139,130,181,122,77,101,160,189,62,158,132,64,191,49,176,117,84,146,120,52,179,156,127,133,192,75,134,193,138,80,173,194,76,197,70,168,145,115,47,174,125,184,57,88,58,185,126,116,162,105,164,163,180,121,151,100,159,
79,168,159,100,89,148,90,36,163,104,119,178,126,185,67,194,135,129,188,162,103,172,54,123,182,55,110,125,116,174,183,124,164,105,74,192,156,137,78,157,39,161,102,114,173,46,139,198,40,167,196,134,151,180,121,93,152,117,176,170,111,83,189,15,171,44,150,179,107,165,106,193,66,184,153,94,175,147,195,68,186,197,191,141,82,81,199,72,131,190,16,143,128,187,99,158,118,177,50,122,155,96,
102,161,74,89,94,135,153,150,170,111,157,98,59,186,114,136,195,108,167,187,128,69,196,142,83,171,112,152,25,56,183,124,73,85,91,149,87,172,113,198,71,82,141,140,199,72,155,96,97,38,165,104,17,144,137,78,143,147,190,131,154,95,182,123,148,109,107,166,48,175,51,178,169,110,119,61,188,177,118,129,139,130,181,122,77,101,160,189,62,158,132,64,191,49,176,117,84,146,120,52,179,156,127,133,192,75,134,193,138,80,173,194,76,197,70,168,145,115,47,174,125,184,57,88,58,185,126,116,162,105,164,163,180,121,151,100,159,
186,78,110,156,158,105,137,124,125,183,74,152,93,165,106,193,66,134,196,40,167,198,139,173,46,114,189,180,151,179,150,185,126,67,194,135,188,129,103,162,123,182,55,96,155,192,118,177,116,175,122,187,128,82,141,172,54,143,81,199,99,191,178,119,104,36,163,164,157,131,190,90,148,89,100,159,168,79,197,68,195,176,147,184,94,153,111,170,161,102,
130,109,91,113,59,100,158,31,156,132,145,193,134,77,181,122,142,170,43,102,147,82,141,112,96,155,78,133,104,108,188,61,70,197,79,138,143,110,162,62,189,121,180,176,118,177,50,89,148,135,139,198,71,126,185,152,123,182,94,153,187,128,164,105,173,114,129,157,168,161,190,131,172,154,95,101,160,140,72,199,169,163,76,194,137,196,195,136,166,107,159,32,150,84,144,88,146,149,120,75,167,80,127,186,98,119,51,178,191,64,151,48,175,116,165,111,179,52,184,125,124,183,56,192,74,117,171,83,115,174,47,103,
178,124,98,125,73,60,177,112,171,53,142,113,189,130,160,101,127,186,159,188,136,195,63,181,92,146,87,42,169,140,166,65,183,144,85,86,145,154,109,41,168,138,197,133,157,191,132,45,184,158,198,194,121,173,117,137,69,196,97,156,149,91,120,115,174,
160,98,149,169,88,76,95,166,133,132,77,112,182,94,153,158,143,141,82,147,156,96,155,157,187,128,168,100,159,129,61,188,193,66,134,74,192,68,195,172,176,189,62,162,103,44,171,106,105,114,173,150,52,179,79,197,89,148,118,104,163,125,184,71,198,139,111,43,170,164,37,115,174,54,181,122,142,83,90,145,93,152,177,50,108,167,110,81,165,107,99,138,117,126,185,67,194,135,186,131,190,199,72,123,124,183,116,175,151,180,121,64,191,178,119,196,137,78,161,102,
117,107,83,121,171,44,152,93,165,106,193,66,134,196,167,198,139,173,46,114,189,180,151,179,150,102,161,170,111,153,94,184,175,147,176,195,68,197,191,141,82,81,199,72,131,190,143,128,187,99,158,186,118,50,177,122,155,96,39,157,78,137,156,192,74,105,164,124,183,174,116,125,110,55,182,123,54,172,103,162,188,129,135,194,67,185,126,178,119,104,163,90,148,89,100,159,168,79,
171,83,186,174,110,74,183,124,125,137,105,158,156,78,39,152,93,165,106,193,66,134,196,40,167,198,139,173,46,114,189,180,151,179,150,185,126,67,194,135,188,129,103,162,123,182,55,96,155,192,118,50,177,116,175,122,187,128,82,141,172,54,143,81,72,199,99,191,178,119,104,36,163,164,157,131,190,90,148,89,100,159,168,79,197,68,195,176,147,184,94,153,111,170,161,102,
143,96,147,82,155,78,104,141,71,198,140,199,72,190,131,95,154,182,123,148,109,166,107,48,175,97,38,165,113,172,87,149,91,85,73,124,183,56,25,152,112,171,83,142,196,69,137,167,108,195,136,114,186,59,98,157,128,187,51,178,169,110,119,61,188,177,118,129,139,130,181,122,77,101,160,189,62,158,132,64,191,49,176,117,84,146,120,52,179,156,127,133,192,75,134,193,138,80,144,173,194,76,197,70,168,145,115,47,174,125,184,57,88,58,185,126,116,162,105,164,163,180,121,151,100,159,111,170,150,153,135,94,89,74,161,
123,186,59,127,199,140,110,169,132,191,73,109,197,70,138,125,184,57,188,156,173,198,71,158,137,196,69,189,130,119,128,167,172,56,183,83,150,145,86,170,111,92,151,33,160,126,105,134,194,76,162,77,136,146,95,195,166,107,179,120,149,91,112,171,157,98,113,142,153,26,144,85,47,174,115,117,148,122,181,168,131,190,175,116,88,58,185,80,139,87,97,129,60,187,163,176,49,108,164,193,75,192,133,51,178,182,84,180,121,177,118,101,159,100,124,154,
181,154,130,169,146,144,92,
154,101,160,98,149,169,88,76,95,166,133,132,77,112,182,94,153,158,143,141,82,147,156,96,155,157,187,128,168,100,159,129,61,188,193,66,134,74,192,68,195,172,176,189,62,162,103,44,171,106,105,114,173,150,52,179,79,197,89,148,118,104,163,125,184,71,198,139,111,43,170,164,37,115,174,181,122,142,83,90,145,93,152,177,50,108,167,110,81,165,107,99,138,117,126,185,67,194,135,186,131,190,199,72,123,124,183,116,175,151,180,121,64,191,178,119,196,137,78,161,102,
77,132,133,39,55,182,94,153,158,143,141,82,147,156,96,155,157,187,128,168,100,159,129,188,193,66,134,74,192,68,195,172,176,189,62,162,103,44,171,106,105,114,46,173,150,179,79,197,89,148,118,104,163,125,184,198,139,111,170,164,37,115,174,54,181,122,142,83,90,145,93,152,177,50,108,167,110,81,165,107,99,138,117,126,185,67,194,135,186,131,190,199,72,123,124,183,116,175,151,180,121,64,191,178,119,196,137,78,161,102,
130,
80,118,185,58,84,73,95,124,179,98,125,182,178,108,88,131,107,193,122,199,133,197,138,168,109,187,60,154,183,192,65,181,190,63,92,177,112,171,180,53,101,160,136,195,127,186,157,166,188,130,189,113,142,191,132,45,158,159,198,140,42,169,194,121,173,117,137,69,196,97,156,149,91,120,146,87,115,174,86,145,144,85,184,57,
160,133,132,77,112,182,94,153,158,143,141,82,147,156,96,155,157,187,128,168,100,159,129,188,193,66,134,74,192,68,195,172,176,189,62,162,103,44,171,106,105,114,173,150,179,79,197,89,148,118,104,163,125,184,198,139,111,43,170,164,37,115,174,54,181,122,142,83,90,145,93,152,177,50,108,167,110,81,165,107,99,138,117,126,185,67,194,135,186,131,190,199,72,123,124,183,116,175,151,180,121,64,191,178,119,196,137,78,161,102,
114,136,195,196,69,137,171,112,83,142,108,167,186,59,128,187,169,110,51,178,119,98,157,177,118,129,188,61,56,183,73,85,91,149,87,172,113,165,38,175,48,109,148,97,123,182,154,95,124,131,190,107,166,199,72,140,198,71,139,130,181,122,77,101,160,189,62,158,132,64,191,49,176,117,84,146,120,52,179,156,127,133,192,75,134,193,138,80,144,173,194,76,197,70,168,145,115,47,174,125,184,57,88,58,185,126,116,162,105,164,163,180,121,151,100,159,111,170,150,153,152,135,94,89,74,161,141,104,
175,148,168,144,85,88,185,58,181,122,190,131,47,174,115,98,157,112,171,142,113,91,149,120,179,107,166,195,80,139,87,116,97,129,187,163,117,176,49,164,193,75,192,133,108,51,178,182,84,180,121,177,118,101,159,100,124,154,95,146,136,77,162,76,194,134,105,126,160,33,151,92,111,170,86,145,150,153,83,183,56,172,167,128,119,130,189,69,196,137,158,71,198,173,156,188,57,184,125,138,70,197,109,73,191,132,169,110,140,199,127,59,186,
98,108,182,124,178,95,125,73,133,197,138,168,109,187,60,154,183,192,65,181,63,92,177,112,171,53,101,160,136,195,127,186,157,166,188,130,189,113,142,191,132,45,184,158,159,198,140,42,169,194,121,173,117,137,97,156,149,91,120,146,87,115,174,86,145,144,85,196,69,
181,154,130,169,146,144,92,
150,170,126,167,119,86,92,105,162,134,76,136,146,95,154,124,56,183,159,101,160,130,189,145,69,196,137,158,71,198,194,173,156,188,57,184,125,138,70,197,109,73,191,132,169,110,140,199,127,186,59,118,177,121,180,84,182,178,108,133,192,75,193,164,49,176,117,163,60,187,129,97,116,87,139,80,195,166,107,179,120,149,91,113,142,171,112,157,98,115,174,131,190,122,181,58,185,88,85,144,168,
65,169,130,136,92,144,146,154,166,181,86,35,
135,118,177,89,148,180,121,62,189,110,162,139,198,71,126,185,152,123,182,94,153,128,187,176,164,105,173,114,143,197,70,138,79,108,104,133,78,155,96,112,141,82,147,102,43,170,142,122,181,77,134,193,145,132,156,158,100,188,61,129,157,168,161,190,131,172,154,95,101,160,140,72,199,169,163,76,194,137,196,195,136,166,107,159,32,150,84,144,88,146,149,120,75,167,80,127,186,98,119,51,178,191,64,151,48,175,116,165,111,179,52,184,125,124,183,192,74,117,171,83,115,174,
136,144,146,127,120,84,80,75,160,98,149,95,88,166,76,169,101,154,140,163,172,195,131,190,161,137,196,167,119,51,178,191,64,151,199,72,48,175,116,165,111,184,125,124,183,192,74,52,179,150,107,186,117,171,83,115,174,194,168,157,129,61,188,100,159,158,156,132,145,193,134,77,181,122,142,170,43,102,147,82,141,112,96,155,78,133,104,108,79,138,70,197,143,114,173,105,164,176,187,128,153,94,182,123,152,185,126,71,198,139,162,110,189,62,121,180,148,89,177,118,135,
151,100,92,86,111,153,83,172,170,167,128,119,126,150,77,105,162,134,76,136,146,95,154,124,56,183,159,101,160,130,189,145,69,196,137,158,71,198,194,173,156,188,57,184,125,138,70,197,109,73,191,132,169,110,140,199,127,186,59,118,177,121,180,84,182,178,108,133,192,75,193,164,49,176,117,163,187,129,97,116,87,139,80,195,166,107,179,120,149,91,113,142,171,112,157,98,115,174,131,190,122,181,58,185,88,85,144,168,
106,103,160,98,149,95,88,166,76,169,101,154,140,163,172,195,131,190,161,137,196,167,119,178,191,64,151,199,72,48,175,116,165,111,184,125,124,183,192,74,52,179,150,107,186,117,171,83,115,174,194,168,157,129,61,188,100,159,158,156,132,145,193,134,77,181,122,142,170,43,102,147,82,141,112,96,155,78,133,104,108,79,138,70,197,143,114,173,105,164,176,187,128,153,94,182,123,152,185,126,71,198,139,162,110,189,62,121,180,148,89,50,177,118,135,
86,181,166,154,146,144,92,136,130,169,65,
118,116,122,82,143,81,199,141,99,192,191,187,128,155,96,55,182,123,54,172,103,162,188,129,135,194,67,185,126,178,119,104,163,164,157,131,190,90,148,89,177,100,159,168,79,197,68,195,176,147,175,184,94,153,111,170,161,102,150,179,151,180,189,114,46,173,139,198,167,196,134,66,193,106,165,93,152,
181,142,145,108,81,99,90,93,107,117,115,138,165,170,111,184,125,198,139,110,163,104,177,50,118,148,89,122,67,194,135,174,186,131,190,126,185,152,123,124,183,116,175,151,180,121,191,178,119,167,196,137,78,161,102,72,199,83,197,79,179,150,173,114,105,164,106,171,44,103,162,62,189,176,172,195,192,74,134,66,193,188,129,159,100,168,128,187,157,155,96,156,147,82,141,143,158,153,94,182,
148,123,175,165,130,109,85,113,91,73,87,97,149,182,131,190,166,107,199,140,139,198,71,181,122,95,154,124,56,183,61,188,129,118,177,157,98,178,51,119,187,128,59,186,167,110,169,142,83,172,112,171,137,69,196,108,195,136,77,101,160,189,158,132,64,191,49,176,117,84,146,120,52,179,156,127,133,192,75,134,193,138,80,144,173,194,76,197,70,168,145,115,47,174,125,184,88,58,185,126,116,162,105,164,163,180,121,151,100,159,111,170,150,153,
82,78,156,158,105,137,116,125,124,183,74,110,122,118,174,186,143,81,72,199,141,99,192,191,187,128,155,96,55,182,123,54,172,103,162,188,129,135,194,67,185,126,178,119,104,163,164,157,131,190,90,148,89,177,100,159,168,79,197,68,195,176,147,175,184,94,153,111,170,161,102,150,179,151,180,189,114,46,173,139,198,167,196,134,66,193,106,165,93,152,
100,168,79,68,195,176,147,175,163,104,178,119,89,148,90,185,126,67,194,135,129,188,162,103,54,172,184,159,94,153,111,170,190,161,102,164,150,179,151,180,189,114,173,197,139,198,167,196,134,66,193,106,165,93,152,123,55,182,96,155,128,187,191,192,99,141,199,81,143,
65,169,130,136,92,144,146,140,166,181,86,154,63,
188,127,186,136,195,160,101,189,130,113,142,171,112,177,63,181,166,65,183,154,60,109,168,138,197,92,133,157,191,132,45,184,158,159,198,140,169,194,121,173,117,137,196,97,156,149,91,120,146,87,115,174,86,145,144,85,
112,102,96,143,79,147,82,114,155,78,104,141,108,142,181,77,145,132,133,156,158,157,168,159,100,129,188,193,134,105,164,176,173,187,128,153,94,182,123,152,185,126,198,139,162,110,122,189,62,121,180,138,197,148,89,177,118,135,194,174,115,83,171,117,186,107,150,179,74,192,183,124,125,184,111,170,165,116,175,72,199,151,64,191,178,119,167,196,137,161,190,131,195,172,163,
171,121,106,83,105,164,189,176,173,197,172,195,161,137,196,167,119,178,191,180,151,199,72,175,116,150,179,124,183,192,74,134,193,188,129,159,100,168,128,187,157,102,103,162,155,96,78,156,79,147,82,141,143,114,158,153,94,182,123,152,185,126,190,131,186,174,135,194,122,89,148,118,50,177,104,163,110,139,198,125,184,111,170,165,
117,173,194,198,158,121,157,159,184,191,132,137,196,133,156,97,140,169,149,91,120,87,146,115,174,85,144,145,86,92,197,138,168,109,60,154,183,166,181,177,112,171,142,113,130,189,101,160,195,136,186,127,
157,177,131,100,168,79,68,195,176,147,175,163,104,178,119,89,148,90,185,126,67,194,135,129,188,162,103,54,172,184,159,94,153,111,170,190,161,102,164,150,179,151,180,189,114,173,197,139,198,167,196,134,66,193,106,165,93,152,123,182,96,155,128,187,191,192,99,141,199,81,143,
136,144,146,127,120,84,80,75,173,194,192,133,156,176,117,191,132,158,189,101,160,195,108,171,112,196,137,138,197,70,168,145,115,174,125,184,88,185,126,116,162,105,164,163,134,193,76,77,180,121,151,100,159,111,170,179,150,153,172,83,142,169,110,167,186,128,187,119,51,178,98,157,177,118,129,188,183,124,154,95,122,181,71,198,139,140,199,107,166,190,131,182,149,
152,140,154,101,139,173,138,197,168,110,188,61,129,158,128,187,156,185,126,180,121,150,118,177,122,181,184,125,157,153,162,189,193,134,199,190,131,174,115,183,124,170,111,71,198,169,194,76,107,166,165,88,95,137,196,108,167,186,149,98,171,112,195,77,178,119,164,105,163,192,133,176,117,145,172,100,159,160,151,175,116,123,182,191,64,52,179,148,83,142,132,
164,176,129,97,87,75,163,80,110,116,139,108,178,182,187,84,121,127,59,186,140,169,166,195,192,133,191,73,132,179,120,149,91,113,142,171,112,157,98,115,174,193,199,107,118,177,131,190,180,122,181,185,58,117,88,85,144,168,109,197,138,125,184,188,156,173,194,198,158,137,196,145,189,130,160,101,159,183,124,154,95,146,136,
103,102,96,143,79,147,82,114,155,78,156,158,157,168,159,100,129,188,193,134,183,124,192,74,179,150,187,128,153,94,182,123,152,185,126,190,131,186,174,135,194,122,141,89,148,118,177,104,163,162,110,139,198,125,184,111,170,165,116,175,72,199,151,180,191,178,119,167,196,137,161,195,172,197,173,176,189,164,105,
151,100,111,153,83,172,170,167,128,119,126,150,77,76,134,162,116,185,163,164,105,186,180,121,179,88,184,125,98,157,177,118,129,188,159,183,124,154,95,122,181,169,110,71,198,139,140,199,107,166,190,131,193,142,182,187,178,149,174,115,145,168,70,197,138,137,196,112,171,108,195,160,101,189,158,132,191,117,176,156,133,192,194,173,
165,166,95,76,88,169,149,98,167,108,171,186,183,124,115,174,107,194,189,131,190,199,134,193,71,198,196,137,195,77,178,119,164,105,163,192,133,176,117,145,172,100,159,160,151,175,116,123,182,179,148,170,111,112,83,142,132,64,191,162,153,157,125,184,181,122,177,118,150,121,180,126,185,156,187,128,158,129,61,188,110,168,197,138,173,139,
65,169,130,136,92,144,146,140,166,181,86,154,63,
159,184,94,111,135,164,179,150,151,180,161,102,190,103,162,188,129,194,67,126,185,90,148,89,119,178,104,163,189,114,173,197,139,198,167,196,134,193,106,165,93,152,123,182,153,96,155,128,187,191,192,99,141,170,199,81,143,172,175,147,176,195,68,
184,135,164,179,150,151,180,161,102,190,103,162,188,129,194,67,126,185,90,148,119,178,104,163,189,114,173,197,139,198,167,196,134,193,106,165,93,152,123,182,153,94,96,155,128,187,191,192,99,141,170,199,81,143,172,175,147,176,195,68,
136,144,146,127,120,84,80,75,76,134,162,116,185,163,164,105,186,180,121,179,88,184,125,98,157,177,118,129,188,159,183,124,154,95,122,181,169,110,71,198,139,140,199,107,166,190,131,193,142,182,187,178,149,174,115,145,168,70,197,138,137,196,112,171,108,195,160,101,189,158,132,191,117,176,156,133,192,194,173,
199,190,122,193,107,131,88,192,108,178,182,160,101,113,142,171,112,145,174,115,137,109,168,138,197,173,121,184,125,97,156,117,196,69,187,194,198,188,159,133,158,157,98,91,120,179,149,177,181,189,130,183,124,154,95,85,144,87,146,136,195,166,169,140,186,127,191,132,73,84,
180,199,185,118,190,122,193,107,131,88,85,174,115,157,98,112,171,142,113,91,120,179,149,132,191,73,133,192,168,109,197,138,125,184,188,117,156,173,194,198,158,137,196,145,177,181,189,130,160,101,159,183,124,154,95,144,146,136,195,166,169,140,186,127,121,84,187,182,178,108,
120,127,146,144,136,113,139,116,110,84,80,142,196,137,171,112,166,107,108,195,101,160,189,158,132,191,117,140,199,192,133,163,186,121,180,173,156,185,75,193,194,138,197,168,145,115,174,149,178,190,131,187,169,198,179,88,125,184,98,157,118,177,159,188,183,124,154,95,182,122,181,
138,174,92,144,145,86,146,91,120,149,169,140,154,183,166,181,177,171,142,113,109,130,189,160,195,136,186,127,97,133,
160,151,175,148,123,132,133,112,100,111,153,83,172,170,162,145,117,176,192,163,105,164,178,119,195,77,137,196,157,125,184,182,181,122,142,116,177,118,179,150,121,180,126,185,156,187,128,158,129,188,159,110,168,197,138,173,191,139,198,193,134,199,190,131,189,194,107,174,115,124,183,186,171,108,167,
138,135,115,171,117,121,107,174,186,83,118,177,122,110,162,139,198,126,185,123,182,152,94,153,148,89,187,128,150,179,74,192,183,124,125,184,111,170,165,194,116,175,199,151,180,191,178,119,167,196,137,161,190,131,195,172,197,163,173,176,189,164,105,134,193,188,129,100,159,168,157,158,156,
86,181,166,154,146,144,92,136,130,169,65,
133,132,151,175,148,123,100,111,153,83,172,170,162,145,117,176,192,163,105,164,178,119,195,77,137,196,157,125,184,182,181,122,142,116,177,118,179,150,121,180,126,185,156,187,128,158,129,188,159,110,168,197,138,173,191,139,198,193,134,199,190,131,189,194,107,174,115,124,183,186,171,108,167,
136,92,144,146,169,130,154,166,181,86,
159,147,143,141,96,155,129,188,193,134,164,189,176,114,173,104,163,192,197,172,195,184,190,102,161,196,167,119,178,191,103,162,139,198,126,185,182,123,93,152,153,94,148,89,187,128,150,179,175,151,180,111,170,199,106,165,135,194,
195,189,114,173,197,119,178,139,198,196,104,163,129,188,103,162,190,102,161,148,90,180,151,167,150,179,164,194,135,134,193,106,165,93,152,123,182,153,96,155,128,187,191,192,99,141,170,199,143,172,126,185,175,147,176,
196,176,147,175,126,185,172,143,170,141,99,192,191,187,128,96,155,153,148,90,190,161,102,103,162,188,104,163,178,197,199,81,173,114,139,198,180,151,167,150,179,164,134,193,135,194,106,165,93,152,123,182,
188,117,173,194,198,158,121,157,159,156,97,133,184,197,138,168,109,137,196,115,174,145,112,171,142,113,101,160,91,120,149,177,181,189,130,183,154,85,144,87,146,136,195,166,169,140,186,127,191,132,
140,107,190,199,193,139,118,142,181,122,182,95,154,124,183,188,129,159,177,157,98,184,125,88,179,198,169,110,187,131,178,149,174,115,145,168,197,138,137,196,112,171,166,108,195,160,101,189,158,132,191,117,176,156,133,192,194,173,121,180,186,105,164,163,185,116,
162,134,98,149,169,88,186,159,198,139,177,118,157,184,125,137,196,138,197,115,174,131,190,193,164,105,199,145,116,168,110,185,187,76,194,163,179,129,188,183,124,95,182,178,122,181,142,112,171,107,166,108,195,160,189,158,132,191,176,117,156,133,192,173,180,121,
186,174,141,135,104,118,177,122,110,162,139,198,126,185,123,182,152,94,153,148,89,187,128,150,179,74,192,183,124,125,184,111,170,165,194,116,175,199,151,180,191,178,119,167,196,137,161,190,131,195,172,197,163,173,176,189,164,105,134,193,188,129,100,159,168,157,158,156,
188,117,173,194,198,158,125,184,137,196,156,138,197,133,191,132,149,120,91,113,142,112,171,157,168,109,115,174,145,177,181,189,130,160,101,159,183,154,144,146,136,195,166,169,140,186,127,121,
183,125,124,194,165,199,170,111,180,151,175,116,179,150,128,187,89,148,94,153,152,123,182,185,126,198,139,162,191,178,119,167,196,137,161,190,131,184,195,172,197,192,163,173,176,189,164,105,134,193,188,129,100,159,168,157,158,156,110,122,177,118,
163,140,199,185,193,186,180,121,173,194,192,133,156,117,191,132,158,189,101,160,195,108,107,166,171,112,196,137,138,197,168,145,115,174,149,178,190,131,187,169,198,179,88,125,184,98,157,118,177,159,188,183,124,154,95,182,122,181,142,
131,190,199,193,116,110,185,187,163,179,164,105,145,174,115,196,137,138,197,168,125,184,157,118,177,139,198,159,129,188,183,124,95,182,178,122,181,142,112,171,107,166,108,195,160,189,158,132,191,176,117,156,133,192,194,173,180,121,186,
181,142,150,177,118,180,121,122,116,185,126,156,182,184,125,157,196,137,195,178,119,164,105,176,117,179,163,192,187,128,158,129,188,159,110,168,197,138,173,191,139,198,193,134,199,190,131,189,194,107,174,115,124,183,186,171,108,167,145,162,170,172,
158,155,118,196,161,190,131,184,195,104,163,173,114,172,189,82,141,176,147,192,134,193,177,157,122,164,197,168,129,188,100,159,167,119,178,191,162,139,198,126,185,182,123,152,153,94,148,89,187,128,150,179,175,116,151,180,111,170,199,165,135,194,
168,159,141,143,147,155,96,129,188,193,134,164,189,176,114,173,104,163,192,197,172,195,184,190,102,161,196,167,119,178,191,162,139,198,126,185,182,123,152,153,94,148,89,187,128,150,179,175,151,180,111,170,199,165,135,194,
185,193,190,131,88,186,180,121,173,194,192,133,156,117,191,132,158,189,160,101,195,108,107,166,171,112,142,196,137,138,197,168,145,115,174,169,199,140,198,179,187,149,178,84,125,184,98,157,118,177,159,188,183,124,154,95,182,122,181,
114,197,178,163,198,188,103,162,190,102,161,148,90,180,151,167,150,179,164,194,135,193,106,165,93,152,123,182,153,155,128,187,191,192,99,141,170,199,143,172,185,175,147,176,
147,177,157,122,141,168,159,100,129,188,193,134,164,189,176,114,173,104,163,192,197,172,195,184,131,190,161,196,167,119,178,191,162,139,198,126,185,182,123,152,153,94,148,89,187,128,150,179,175,151,180,111,170,199,165,135,194,
186,174,153,183,124,167,162,172,150,170,111,194,189,131,190,199,134,193,198,139,191,173,197,168,110,159,188,129,158,128,187,192,163,179,176,105,164,119,178,195,137,196,157,125,184,182,156,126,185,116,122,180,118,177,
187,179,140,169,149,145,174,115,196,137,138,197,168,125,184,98,157,177,198,159,188,183,124,154,95,182,178,181,142,112,171,166,108,195,101,160,189,158,132,191,117,156,133,192,194,173,121,186,
196,149,120,91,160,113,142,171,109,138,174,145,177,181,189,130,183,154,144,146,136,195,166,169,140,186,127,132,184,133,
181,166,154,130,169,146,144,92,
133,127,140,169,166,195,146,144,154,183,130,181,136,177,145,174,138,109,186,171,142,113,160,189,91,120,149,
169,179,187,131,149,145,174,115,196,137,138,197,168,125,184,98,157,177,198,159,188,183,124,95,182,178,181,142,112,171,166,108,195,160,189,158,132,191,117,156,133,192,194,173,121,186,
123,182,185,126,198,139,196,167,191,162,178,119,187,128,150,179,175,151,180,111,170,199,152,153,94,165,194,148,161,190,184,195,172,197,192,163,173,176,189,164,134,193,188,129,
182,164,179,152,106,165,155,150,167,180,151,148,187,191,192,153,99,141,170,199,135,193,143,172,185,175,147,176,161,190,162,103,188,
177,145,174,186,171,142,113,109,189,160,120,149,136,181,130,183,154,144,146,195,166,169,140,127,
146,144,169,130,
182,190,150,179,167,180,151,187,191,192,153,188,155,162,103,161,148,106,165,152,141,170,199,164,135,193,143,172,185,175,147,176,
195,184,161,165,152,170,151,172,175,150,148,153,194,197,179,192,163,173,176,189,190,199,164,134,193,180,188,129,128,187,119,178,162,191,167,196,139,198,126,185,182,123,
166,160,142,181,178,124,183,188,159,198,177,112,171,158,189,132,191,117,156,182,133,192,108,195,194,173,121,186,157,184,125,168,197,138,137,196,115,174,145,
147,155,143,163,196,198,190,167,180,151,128,187,123,182,153,162,191,188,178,197,192,173,114,172,179,150,148,165,152,141,170,199,164,194,135,134,193,126,185,175,176,161,
160,149,136,181,130,169,154,144,146,166,140,127,
160,166,149,188,145,183,157,186,121,168,181,133,132,191,197,138,137,196,156,195,189,125,184,158,142,112,171,177,198,194,174,115,173,117,159,
153,162,187,192,151,180,167,150,155,148,165,152,141,170,199,135,193,143,172,185,175,147,176,161,190,
168,159,153,126,185,198,139,196,167,173,192,163,179,150,194,172,197,184,182,195,176,189,190,199,111,170,164,134,193,180,188,129,187,128,119,178,162,191,
159,169,174,145,183,154,157,186,121,168,132,181,133,197,138,156,195,196,137,166,189,160,184,158,142,112,171,177,198,194,149,
198,163,147,155,143,190,167,180,151,187,123,182,153,162,191,188,178,197,192,114,172,179,150,148,165,152,141,170,199,164,194,135,193,185,175,176,161,
188,153,191,162,187,192,151,180,167,179,150,155,148,165,152,141,170,199,164,135,193,143,172,185,175,147,176,161,190,
161,152,165,163,196,176,190,148,128,187,153,191,162,178,197,135,194,188,182,123,179,150,175,172,164,134,193,167,151,180,199,170,192,185,126,173,139,198,
164,176,179,129,188,159,197,168,192,163,173,191,178,195,137,196,157,184,158,187,182,156,185,110,116,122,180,177,118,139,198,193,199,190,131,189,194,
188,153,191,162,187,192,151,180,167,150,155,148,165,152,141,170,199,135,193,143,172,185,175,147,176,161,190,
193,188,195,174,197,168,137,196,124,183,157,186,121,179,159,191,156,117,189,125,184,158,187,171,177,198,194,122,131,190,178,173,182,192,
192,182,191,156,117,189,158,171,177,159,188,198,194,173,121,186,157,184,125,168,138,197,115,174,145,195,196,137,183,124,178,
160,149,136,181,130,169,154,144,146,166,140,127,
156,158,157,137,196,178,191,173,184,182,195,192,163,116,187,122,180,177,118,185,139,198,193,199,190,131,189,194,168,197,159,188,179,
195,184,150,172,182,194,197,179,192,163,173,176,189,190,199,170,164,134,193,180,188,129,128,187,119,178,162,191,167,196,139,198,185,126,
133,181,132,186,157,168,197,121,145,174,183,138,196,156,195,189,184,158,142,171,177,198,194,
186,160,149,136,181,169,154,144,146,166,140,127,
197,178,188,182,153,191,162,187,192,151,180,167,179,150,148,165,152,141,170,199,164,135,193,172,185,175,176,161,190,
173,194,198,177,171,158,184,189,117,156,191,159,121,186,157,183,196,168,197,174,195,137,
163,192,195,182,184,173,191,178,196,157,177,190,187,122,180,118,185,198,193,199,131,189,194,168,197,159,188,179,
191,159,186,157,168,197,121,174,183,196,156,137,195,189,184,158,171,177,198,194,
185,193,199,189,131,168,197,194,198,159,188,179,180,122,187,190,177,157,196,178,191,173,184,182,195,192,
189,134,163,192,179,188,197,139,194,182,173,176,190,199,164,193,180,129,187,178,162,191,167,196,198,185,
183,186,160,149,154,169,181,166,140,
174,183,156,195,196,189,184,158,171,177,198,194,197,168,157,186,
190,157,177,178,191,173,184,196,182,195,187,192,179,188,159,198,194,197,168,131,189,
194,197,178,188,182,153,191,162,187,148,190,176,179,150,175,185,172,164,193,167,151,180,199,170,192,
191,173,188,159,189,194,198,177,168,197,158,184,157,196,137,195,156,
191,173,188,159,189,194,198,177,168,197,158,184,157,196,137,195,156,
173,190,170,199,193,164,180,187,198,185,167,196,176,192,134,163,182,194,178,162,191,197,188,179,
146,144,154,169,140,166,181,136,
198,172,182,188,197,178,194,179,150,176,190,167,164,193,180,170,199,185,163,192,187,191,162,
176,190,199,164,193,180,187,178,191,196,198,185,173,182,194,139,197,188,179,192,163,

182,187,192,179,188,159,198,196,194,189,195,168,197,184,173,191,178,177,
181,142,184,145,171,186,183,174,195,189,177,138,
181,142,145,171,186,183,174,195,189,177,138,
198,196,176,185,182,194,178,191,197,188,179,163,192,187,180,164,193,199,190,
165,152,170,199,193,172,185,175,176,190,161,148,
181,166,169,154,
168,194,198,177,197,158,184,189,157,196,195,156,
189,195,177,174,183,186,171,
196,198,173,185,182,194,178,191,197,188,179,163,192,187,180,193,199,190,
181,166,169,154,
193,172,161,175,199,165,152,
181,186,183,174,195,171,145,
155,161,175,165,147,
169,146,
195,174,183,186,171,

165,175,161,
190,176,175,185,172,193,199,170,
166,181,160,
170,176,190,167,193,180,199,185,192,187,162,
170,176,190,199,172,185,192,193,167,
199,175,165,
187,170,176,190,199,172,185,192,193,167,
169,
175,
196,189,184,195,177,
177,184,195,189,196,198,194,168,
198,196,189,184,195,177,
198,196,194,189,195,197,184,
181,
175,
187,192,185,199,180,193,190,176,
194,178,191,197,188,179,192,187,180,193,199,190,182,185,
191,188,185,187,192,190,199,193,180,
175,
181,
192,185,199,193,190,176,
198,196,189,195,184,

199,193,
186,183,
199,
198,197,196,194,191,
186,183,

190,193,199,185,
195,
197,191,188,
191,188,192,187,
199,193,190,192,187,

191,188,

195,189,
199,193,190,

192,












Past links sets, 





0,
5,
3,

1,
2,

7,


9,
9,
8,10,

0,





17,
18,

6,
4,
6,
2,12,
31,
26,
7,
30,
11,16,
1,14,20,21,24,
25,
15,16,21,
11,16,
6,13,
4,13,23,27,
14,20,24,32,34,
3,15,37,
42,
36,39,
26,12,38,
25,32,34,
29,33,38,
12,16,34,44,
32,47,
14,20,38,48,
4,6,13,23,27,
24,14,40,46,
36,39,40,
29,33,12,38,
23,25,29,33,
3,23,49,
12,49,
18,29,45,
52,
25,37,43,
41,42,53,
21,43,52,
35,63,
3,37,40,46,
37,54,55,
20,54,55,
13,27,38,57,
34,51,56,
51,52,56,
25,39,43,50,
7,13,27,57,58,
11,62,72,
32,47,56,59,
71,
1,4,33,61,51,64,
39,17,43,11,50,
40,43,46,50,
23,32,47,56,59,
37,68,
36,78,
4,16,33,44,61,62,51,64,
57,58,80,
7,45,58,69,
33,60,65,
3,45,49,69,
57,70,58,71,75,80,
54,74,66,79,82,
67,81,
12,60,73,85,87,
19,28,86,
66,67,81,
55,89,
27,76,84,88,
17,67,68,66,79,
3,5,49,60,69,
13,27,84,88,
3,90,
40,33,46,51,64,61,74,82,
20,48,69,70,73,75,45,84,
10,67,66,79,81,
50,90,93,
67,68,72,66,79,82,
74,76,77,70,83,
34,44,90,93,
58,57,70,62,75,76,77,15,80,
37,77,95,
0,91,
59,105,
83,89,100,
61,43,95,98,101,
59,0,91,
25,82,96,102,
45,62,73,98,69,108,
36,78,110,
107,115,
58,75,80,116,
67,77,29,94,111,
32,47,56,59,0,91,
44,112,117,
82,107,118,
61,64,94,18,96,102,104,
13,74,83,107,108,
73,74,83,98,107,108,
77,29,94,96,104,111,
47,56,6,32,97,109,113,
77,81,94,96,104,111,
49,105,119,
22,92,97,109,
46,88,122,
1,64,85,112,
64,85,87,60,112,
71,119,126,
99,103,104,106,62,114,
65,127,
101,110,117,124,125,
62,108,132,133,
104,110,129,
41,48,53,70,84,120,75,127,
72,99,103,106,114,
37,77,91,132,133,
96,99,102,103,106,
92,127,
108,142,
144,
82,143,
26,123,135,
6,97,98,101,109,113,120,
29,99,103,106,114,123,128,
33,99,51,103,106,114,123,
48,94,135,141,
83,99,100,103,106,114,123,
28,86,19,136,101,140,
78,143,
121,137,
121,122,46,137,
78,121,137,
54,100,101,117,124,125,66,79,131,
24,61,95,149,
94,135,141,147,
71,119,126,150,
75,116,102,128,134,139,
114,123,128,103,129,134,
52,147,152,
86,95,140,136,149,
119,126,150,151,153,
100,79,131,157,
88,144,154,
126,148,150,151,153,
0,16,121,138,145,
128,141,148,151,153,
115,124,125,131,126,139,
72,83,121,138,145,
155,148,161,165,
129,134,148,162,167,
138,91,156,131,157,158,
13,108,114,123,131,163,
103,114,84,123,131,163,
118,162,163,164,
19,28,142,160,166,
90,93,108,114,123,131,163,
74,120,171,174,
111,156,132,158,94,159,168,
118,164,163,176,
11,113,120,171,174,
27,153,179,180,
42,69,106,124,125,164,178,179,182,
91,138,119,184,
122,180,185,
106,164,173,178,179,117,182,
108,167,187,
170,141,180,107,185,
123,157,159,163,173,
177,67,145,184,
85,156,158,159,168,134,173,
137,159,121,173,178,
102,128,158,159,168,134,173,
57,152,170,180,172,185,
Future links sets, 
171,120,113,19,109,5,
132,77,37,9,
31,10,
99,87,66,97,58,44,7,
83,77,53,42,29,
97,6,
149,127,53,30,41,28,
85,73,34,12,
17,
16,15,
102,17,
186,78,74,40,36,
91,59,56,50,47,31,
178,124,98,73,69,53,42,41,
54,52,43,37,
107,44,39,
171,83,50,40,39,36,
96,78,25,
123,60,26,
181,154,92,
101,68,52,43,37,
64,39,37,
130,
80,58,57,53,42,
54,160,43,37,
72,114,62,57,48,38,
148,47,33,
187,98,73,95,69,53,42,
181,154,92,
150,126,119,60,57,56,49,
35,
32,
120,80,127,75,51,48,43,
100,151,86,77,83,57,56,49,
106,70,50,48,43,
65,
116,82,55,46,
142,108,81,67,66,62,44,
69,56,52,49,47,
78,55,72,46,
100,79,66,55,54,
140,63,
63,188,45,
112,79,78,72,64,62,
121,106,83,50,
115,101,87,85,60,
100,157,131,79,66,54,
120,80,127,75,51,
152,140,101,52,
129,87,59,97,58,
103,79,78,72,
151,100,77,71,83,70,
71,64,165,61,
140,63,
89,159,68,67,
94,68,67,
120,80,127,75,71,70,
107,88,84,73,199,69,
118,107,88,85,84,73,
120,113,110,80,75,
133,97,91,86,
160,123,112,100,83,77,
138,115,107,135,83,74,
65,
133,132,123,100,83,77,
136,86,
159,104,96,93,102,89,
195,104,102,96,119,93,90,
104,96,81,
115,101,188,97,87,85,
107,105,140,101,88,
162,134,88,76,
174,141,104,74,
125,115,101,91,
125,124,183,105,100,89,
163,118,107,140,101,88,
107,105,95,
142,128,126,119,108,107,105,
158,155,116,82,
168,159,104,96,102,89,
118,107,88,84,
128,102,93,90,
147,122,114,104,100,89,
174,153,125,124,111,105,
179,140,101,98,95,
196,133,132,91,
166,154,92,
133,91,
169,131,98,95,
111,94,
182,106,103,99,
189,177,142,120,113,109,
144,130,
182,106,103,
161,128,152,126,123,184,119,
166,112,160,108,
143,128,126,123,114,
149,130,127,
149,115,125,112,
153,151,150,143,141,135,
168,159,153,111,
159,154,149,137,112,
198,163,143,123,114,
179,153,164,151,150,143,141,135,
135,128,139,126,123,
129,110,
191,188,153,151,150,143,141,135,
193,125,124,122,117,
192,182,178,145,138,125,124,115,
149,130,127,
139,137,116,
128,126,184,119,
133,132,121,
186,149,127,
182,178,179,153,164,151,150,141,135,
173,117,
163,118,
191,159,137,121,
185,180,122,
189,167,162,134,129,
186,183,149,140,
174,197,171,158,157,156,
190,157,131,
194,182,178,179,153,164,151,150,148,
188,173,159,137,
188,173,159,137,
170,167,162,173,134,
144,140,136,
198,172,164,163,150,
176,164,139,

182,179,178,177,173,168,159,
184,142,138,
142,138,
198,196,164,176,163,
152,161,148,
166,154,
197,158,157,156,
189,177,174,171,
173,163,
166,154,
193,172,161,152,
181,145,
155,147,
169,146,
195,174,171,

165,161,
176,175,172,170,
166,160,
170,167,162,
172,170,167,
199,165,
187,172,170,167,
169,
175,
196,184,177,
177,194,168,
198,196,184,177,
198,196,194,197,184,
181,
175,
180,176,
194,185,182,180,179,178,
191,188,185,180,
175,
181,
192,176,
198,196,184,

199,193,
186,183,
199,
198,197,196,194,191,
186,183,

185,
195,
197,191,188,
191,188,187,
199,193,190,187,

191,188,

195,189,
199,193,190,

192,












Coordinates,
0.0532476,2.02196,
0.0630672,18.3535,
0.188539,10.6947,
0.248026,12.1287,
0.514402,6.23474,
0.725851,1.9482,
0.852917,1.85874,
0.901539,11.8396,
0.905546,9.85397,
0.997283,18.4073,
1.01104,10.3411,
1.1726,19.7389,
1.22347,11.9678,
1.30814,3.19503,
1.47576,14.999,
1.49768,17.9198,
1.50363,18.4959,
1.55438,10.0597,
1.58334,7.48901,
1.58529,0.825908,
1.67732,14.6354,
1.80031,16.2743,
1.91098,0.115638,
2.11188,4.35772,
2.12543,15.5875,
2.14883,9.49965,
2.19686,7.72937,
2.19796,3.6437,
2.28668,0.863902,
2.33904,6.6482,
2.45976,1.305,
2.47733,12.2724,
2.56311,12.3154,
2.57377,7.81138,
2.68724,13.101,
2.86641,1.30281,
3.18043,19.5054,
3.227,15.5437,
3.27587,8.95922,
3.53922,17.1395,
3.55686,19.9892,
3.90155,1.50642,
4.27012,3.77785,
4.38798,13.4417,
4.77625,14.8141,
4.84863,3.81779,
4.99288,17.9297,
5.12759,9.49746,
5.13592,10.7539,
5.26484,7.10324,
5.43639,15.0901,
5.81019,9.87895,
5.89359,10.6345,
5.90084,1.53781,
5.98578,18.413,
6.02694,18.9283,
6.09241,8.35378,
6.22658,5.92905,
6.47979,6.24493,
6.48964,7.17309,
6.52892,2.65055,
6.59633,10.9369,
6.67741,12.4164,
6.88773,1.3316,
7.01699,11.2506,
7.08625,1.22483,
7.24481,17.0829,
7.25889,18.1965,
7.30479,19.0331,
7.33612,5.02586,
7.36452,8.46908,
7.44049,9.19601,
7.51671,13.1829,
7.7164,5.26997,
7.92248,13.2758,
7.99561,7.61163,
8.08169,9.20388,
8.12132,10.4231,
8.13107,14.2924,
8.26442,15.9565,
8.2714,7.25265,
8.28094,19.4581,
8.6814,14.13,
8.9348,11.421,
8.98906,6.5365,
9.29985,3.64666,
9.48751,1.10851,
9.49521,3.22199,
9.78926,7.25146,
9.84409,14.7143,
9.95442,19.7263,
10.0128,3.19005,
10.1209,0.576042,
10.2069,19.2567,
10.2496,15.0149,
10.3416,7.05966,
10.3681,16.4596,
10.4948,1.88443,
10.5558,6.70053,
10.5796,19.9767,
10.6989,12.9913,
10.7252,5.7082,
10.8839,17.4595,
10.9015,19.0687,
10.9108,15.6786,
10.9215,10.7603,
10.9238,19.5001,
11.1552,8.35295,
11.375,7.57862,
11.5146,1.99986,
11.5298,10.23,
11.6759,13.0466,
11.8681,6.06132,
11.9993,2.084,
12.2062,16.7934,
12.2506,6.90878,
12.2966,10.4084,
12.7041,6.87028,
12.8054,9.92362,
12.8226,12.9235,
13.0775,2.41764,
13.097,6.58878,
13.253,9.55846,
13.2831,15.5624,
13.3295,8.30486,
13.3491,8.20021,
13.4208,13.6778,
13.4486,1.54915,
13.5893,14.2487,
13.607,12.2742,
13.6313,0.00923124,
13.7208,9.60514,
13.7517,4.72347,
13.8018,4.49495,
14.0259,13.3614,
14.2175,18.1659,
14.2204,1.21461,
14.3994,7.6213,
14.4953,4.5993,
14.5454,12.2106,
14.5576,1.37653,
14.7626,18.7481,
14.7794,4.00473,
14.8304,19.572,
14.8759,0.259014,
15.0101,4.07442,
15.0504,0.161272,
15.2412,19.2704,
15.4052,17.0574,
15.4248,1.84953,
15.4362,15.2355,
15.4372,16.7912,
15.5807,18.4952,
15.6012,16.0872,
15.7533,0.716937,
15.7811,19.7897,
15.7924,6.41758,
15.856,7.28736,
15.8696,6.73484,
15.9347,8.57919,
16.0195,1.7507,
16.0591,19.4748,
16.2472,15.3384,
16.2574,12.5488,
16.2803,13.9116,
16.2995,18.3104,
16.5101,0.895354,
16.5717,15.7486,
16.772,7.54067,
16.8717,0.231603,
17.0164,16.3184,
17.0703,2.99049,
17.0712,16.9129,
17.396,9.97363,
17.4658,3.40297,
17.536,18.7178,
17.5795,15.0275,
17.7655,5.58983,
17.8632,11.3326,
17.9387,12.1926,
18.073,13.5793,
18.1013,0.71933,
18.1504,11.7436,
18.3706,2.88547,
18.4446,6.82328,
18.8317,14.2123,
18.9448,2.09339,
18.9999,12.7226,
19.0583,11.4828,
19.1896,6.60532,
19.4063,13.8817,
19.4648,10.9832,
19.4913,12.851,
19.5504,14.1277,
19.5803,9.37151,
19.6228,5.99011,
19.6318,7.87653,
19.6743,9.65955,
19.7424,8.82807,
19.8026,14.4271,
