Storage option,sets
Size,150
Dimension,2
Shape,cube
Spacetime,BlackHole
Past sets, 








2,
0,



3,
1,
1,
0,1,

10,
12,

3,13,
5,6,
3,
0,11,
3,10,
11,12,
0,9,

4,
10,3,18,
1,10,18,
10,25,3,13,
10,25,3,18,
4,
24,9,0,11,
26,11,12,19,
2,4,
4,2,8,

11,19,12,26,36,
28,23,3,13,
14,31,1,10,18,
14,16,1,0,15,
2,4,
2,
2,8,
14,16,1,0,15,
19,26,11,12,20,
15,1,0,9,27,16,
14,1,0,15,
10,13,3,21,
4,2,8,
15,1,0,9,27,16,
4,2,8,
9,43,1,15,14,0,16,
1,27,11,0,9,24,
18,25,51,10,3,13,21,32,
10,41,13,28,21,23,3,
11,12,26,19,20,48,
16,50,1,15,14,0,47,
13,30,33,10,3,14,31,25,1,18,
3,23,28,
14,49,27,16,15,1,0,9,43,
30,3,33,25,42,14,31,10,1,18,
12,20,39,
15,16,56,27,11,0,9,1,24,35,
57,13,18,51,25,3,10,21,32,23,
28,23,3,62,
64,25,13,42,33,14,30,1,31,18,10,3,61,
43,9,0,1,15,16,27,49,14,63,
0,24,35,40,12,9,26,11,19,36,
63,49,16,15,14,27,1,0,9,43,70,
11,53,9,15,1,0,27,16,49,
23,30,57,13,18,51,25,3,21,32,10,33,
1,18,64,13,30,25,42,33,14,31,10,61,3,69,32,
15,0,64,25,3,13,42,33,14,30,1,31,18,10,50,
0,24,35,40,12,9,26,11,19,36,
14,30,1,31,57,13,18,51,25,3,21,32,10,33,
70,43,9,0,1,27,14,15,16,49,63,72,

43,16,50,15,60,14,1,47,0,9,55,
68,23,3,28,62,13,
21,42,13,33,10,32,61,3,14,30,1,31,18,25,51,
30,0,14,31,15,1,18,50,16,33,42,25,47,10,3,
57,78,83,32,21,42,25,13,30,33,10,61,3,31,1,18,14,51,
25,32,58,3,10,21,41,13,23,28,51,
35,56,11,0,53,9,15,24,1,73,27,16,49,
41,67,28,57,18,13,51,25,10,23,21,3,32,58,
21,75,1,18,64,13,30,25,42,33,51,14,31,10,61,3,69,32,
68,82,13,23,3,28,62,41,
30,33,41,67,28,57,18,13,51,25,10,23,21,3,32,58,
21,13,10,68,23,41,58,3,28,62,
49,66,1,15,16,27,56,11,53,24,0,9,35,
30,3,25,18,33,10,31,42,43,16,50,15,60,14,1,47,0,9,55,
16,19,26,56,27,11,0,9,1,24,12,35,
11,47,79,70,43,9,0,1,27,14,15,49,53,16,63,72,55,
18,21,25,51,58,32,3,10,23,41,57,86,28,13,
49,66,1,15,16,27,56,11,53,24,0,9,35,
80,
60,32,69,61,64,76,13,50,16,33,30,0,14,31,15,75,1,18,42,25,84,47,10,3,
28,23,41,78,10,31,67,30,13,1,18,57,74,14,51,25,3,58,21,32,33,
67,64,69,23,85,32,83,21,42,25,13,30,33,57,10,14,61,3,78,31,1,18,51,74,
62,21,25,51,58,32,3,68,10,23,41,86,28,13,
43,9,60,61,64,76,13,50,16,33,30,0,14,31,15,1,55,18,42,25,84,47,10,3,
55,47,50,79,70,43,9,60,0,1,27,14,15,49,16,63,72,
25,30,18,33,10,31,42,43,16,3,50,15,84,60,14,1,94,47,0,9,55,
28,80,99,
58,3,25,14,57,1,13,30,21,67,31,33,10,18,41,23,51,74,28,32,78,101,
99,80,28,107,
1,31,91,30,41,3,67,28,57,18,13,10,51,32,25,23,21,58,33,74,
47,79,70,43,9,0,1,27,14,15,49,53,16,63,72,55,
80,
28,41,58,64,67,23,85,32,83,21,42,25,13,30,33,57,10,14,61,3,78,31,1,18,51,74,
62,23,28,3,80,68,
35,56,66,11,0,53,9,15,24,1,73,27,16,49,
68,13,82,23,3,28,62,41,90,21,
108,21,58,3,25,14,101,57,28,1,30,13,67,31,33,32,91,10,18,41,23,51,74,78,
21,100,13,42,31,32,61,3,64,76,18,47,50,33,30,60,1,0,14,43,15,16,75,25,84,69,10,
57,92,18,103,86,28,62,25,51,68,21,58,41,32,3,10,13,23,97,

14,87,35,1,56,73,11,0,9,15,49,66,24,27,53,16,
24,73,1,11,49,47,9,79,70,43,0,27,56,15,53,72,16,63,96,14,55,
33,67,57,18,103,86,28,62,25,88,51,68,21,58,41,32,3,10,13,23,97,
50,0,76,75,102,67,64,23,85,32,61,3,83,25,21,42,13,1,33,57,69,10,14,78,31,30,89,18,51,15,74,
21,90,68,13,82,23,3,80,28,62,41,
53,81,105,47,9,50,79,60,70,43,0,1,27,55,14,15,72,49,16,63,
10,69,84,25,75,16,15,43,14,0,1,30,33,47,18,76,64,3,61,32,42,13,100,50,21,60,31,118,
9,31,21,50,100,13,42,32,61,3,64,76,18,47,33,30,60,1,118,0,14,43,15,16,75,25,84,69,10,

107,99,62,23,28,3,80,114,68,109,
16,18,15,89,31,78,51,14,10,57,33,42,21,25,83,3,61,69,32,85,23,64,30,67,102,1,75,76,74,0,13,50,124,
16,18,15,89,31,78,51,14,10,57,33,42,21,25,83,3,61,69,32,85,23,64,30,67,102,1,75,76,74,0,13,50,124,
10,18,81,105,47,9,50,79,60,70,43,0,1,27,55,14,15,72,49,16,63,
23,3,109,112,80,99,120,28,107,62,
1,74,30,91,92,123,33,67,10,57,103,18,86,28,51,62,25,41,88,21,68,58,32,97,3,13,23,
51,58,116,10,68,90,3,13,82,23,62,28,41,21,92,
41,13,82,21,90,107,99,62,23,28,3,80,114,68,109,
1,68,74,33,67,30,18,86,62,25,88,51,21,58,41,32,3,10,97,23,57,91,28,13,

51,80,58,116,10,68,90,3,13,82,23,62,28,41,21,92,
41,13,82,21,90,107,99,62,23,28,3,80,114,68,109,
1,31,74,33,67,30,18,86,62,25,88,51,21,58,41,32,3,10,97,23,57,91,28,13,
10,42,63,49,27,70,81,16,55,50,15,31,60,18,47,43,14,1,0,9,
107,114,125,21,68,90,3,13,82,23,62,109,80,28,99,41,
27,49,25,30,18,33,10,31,42,43,63,16,3,50,15,60,14,1,94,47,0,9,55,81,
75,102,61,83,85,64,1,89,30,108,21,117,58,3,25,14,42,101,57,28,13,67,31,33,32,91,69,10,18,41,23,51,15,74,78,113,
129,28,80,99,112,109,107,120,3,62,23,134,
107,114,116,125,21,68,90,3,13,82,23,62,109,80,28,99,41,
134,23,3,120,107,109,99,80,112,129,62,28,147,
Future sets, 
76,124,50,24,118,127,60,84,131,100,9,81,143,104,55,71,77,145,66,72,35,121,56,93,115,73,70,63,43,122,94,98,106,27,87,132,53,95,16,111,128,49,96,133,105,79,47,126,
138,135,56,142,110,31,95,16,87,93,73,115,98,49,53,66,14,121,101,108,55,117,64,78,131,61,43,96,102,146,15,124,94,72,118,89,106,47,100,75,128,104,69,122,127,76,132,79,83,143,84,85,113,60,145,42,70,105,63,81,111,133,126,50,
45,44,8,52,38,46,54,37,
30,33,106,84,94,145,64,25,147,149,62,68,114,130,134,131,82,141,23,76,135,69,128,104,61,90,41,100,75,32,91,137,78,144,85,58,117,101,127,89,116,57,92,125,118,113,51,110,13,140,97,136,74,132,103,86,119,88,146,124,148,21,67,123,108,138,102,142,83,
54,52,44,29,34,37,38,
22,
22,

54,52,46,38,
128,81,106,104,55,71,77,143,66,95,72,121,56,115,73,70,93,63,122,94,35,98,27,145,87,53,111,49,96,105,79,126,133,
92,58,136,140,51,86,103,32,25,18,133,88,135,97,119,57,104,123,76,33,42,89,127,30,124,106,69,84,131,78,108,61,145,94,138,91,101,143,64,142,74,117,113,118,85,132,75,31,128,102,110,67,146,83,100,
73,36,96,59,48,122,71,35,95,40,77,26,66,87,121,24,98,115,56,93,
65,19,59,36,48,71,77,26,95,40,
82,76,69,104,61,90,41,75,100,32,137,144,58,101,127,128,85,148,116,92,135,125,118,113,51,140,97,78,136,141,74,117,89,132,103,86,119,88,131,146,57,124,21,110,67,123,108,138,102,91,142,83,
121,101,108,117,78,61,43,102,146,124,94,131,72,118,89,106,47,75,104,128,69,127,76,132,64,83,143,84,85,113,145,100,42,79,70,55,105,122,63,81,111,96,133,126,60,50,
66,53,76,131,132,124,63,126,79,143,96,146,49,106,133,94,47,111,145,98,122,55,70,118,72,105,128,81,104,127,43,60,84,100,115,73,121,93,87,50,
132,95,66,87,93,121,73,115,53,100,131,84,60,43,127,104,81,128,105,72,118,70,55,122,98,145,111,47,94,133,106,49,96,143,79,126,63,

133,88,97,119,57,123,33,42,30,104,106,69,84,78,108,145,94,131,135,61,138,101,143,64,142,74,117,76,113,118,85,75,91,128,132,102,31,110,127,89,67,146,83,124,100,
59,48,36,71,77,95,40,
65,59,48,
137,144,127,128,148,116,92,125,58,118,51,113,140,78,136,141,74,89,103,86,117,119,88,85,57,124,110,123,67,108,146,135,97,138,101,132,102,131,91,142,83,

74,124,132,131,102,67,134,130,114,68,62,41,125,116,82,141,108,137,148,149,90,119,101,113,142,136,140,58,117,146,147,88,110,86,144,97,103,123,92,91,138,135,
122,56,35,95,77,66,87,121,98,93,115,71,
64,69,61,104,145,76,94,84,106,32,103,86,123,100,89,127,128,91,118,57,131,85,119,78,124,110,108,67,146,88,117,135,97,138,101,83,142,113,102,74,132,75,33,
59,48,36,71,77,95,40,
66,95,56,72,121,115,73,63,70,93,122,98,145,53,49,96,143,105,79,126,111,133,87,
109,107,134,130,114,68,62,41,125,116,82,141,108,137,148,149,90,119,101,113,142,136,140,58,117,146,147,88,110,86,144,97,103,123,92,91,138,135,

106,84,78,108,94,135,138,101,142,74,117,76,118,85,145,104,113,75,91,132,61,102,128,110,69,127,89,64,146,131,83,124,100,
110,108,117,78,101,42,100,145,113,85,84,143,142,83,64,132,76,127,69,128,104,75,106,89,118,102,131,94,124,146,61,
103,86,100,89,127,128,118,57,85,119,78,124,110,123,67,108,146,88,117,135,97,138,83,142,113,101,102,131,74,132,91,75,
123,106,84,78,108,94,135,138,101,142,74,117,76,118,85,145,104,113,75,91,132,61,102,128,110,69,127,89,64,146,131,83,124,100,

95,77,66,87,121,93,115,98,71,
71,77,40,


65,
77,71,
125,116,141,58,108,148,101,113,136,137,90,140,117,110,86,144,97,103,119,142,146,123,92,91,138,135,88,
145,84,85,83,64,132,113,76,127,128,104,75,143,106,69,89,118,102,94,131,124,100,146,
127,128,72,79,70,55,104,105,122,118,81,111,145,94,96,133,106,143,126,63,



111,122,60,128,145,94,105,104,84,127,100,118,81,96,133,106,143,126,
59,
98,115,73,121,63,70,96,93,122,143,79,105,126,111,72,133,87,145,
84,124,132,60,128,145,131,94,105,104,127,76,100,118,81,133,106,143,126,
140,136,89,103,86,57,85,119,78,124,110,123,67,108,146,88,117,135,97,138,113,101,102,131,74,132,91,142,83,

126,111,96,73,98,115,122,87,121,93,

104,105,122,96,106,81,111,145,94,133,143,126,
122,95,66,87,121,93,115,98,
85,119,78,124,110,123,67,108,146,135,97,138,142,101,88,117,102,131,74,91,132,113,
108,101,113,136,140,117,110,91,86,97,103,119,142,135,146,123,92,138,88,

105,104,118,127,100,106,81,128,145,94,133,143,126,
85,113,83,128,104,75,69,127,89,118,102,131,124,100,146,132,
142,68,114,130,123,103,149,119,135,138,92,82,140,148,125,116,144,141,136,137,90,134,147,
70,143,79,126,96,111,133,145,122,105,72,
113,76,128,104,75,69,127,89,118,102,131,124,100,146,132,

121,115,98,93,
91,142,108,135,138,101,123,88,110,117,146,102,131,132,124,113,
130,123,103,119,135,138,92,82,114,137,140,148,125,116,144,141,136,90,
102,75,118,128,127,89,131,124,100,146,132,
143,79,126,96,111,133,122,105,72,

105,122,133,111,96,126,79,
115,121,122,87,
142,138,135,117,146,102,113,124,101,108,131,132,110,
118,128,127,89,131,124,146,132,100,
131,132,124,104,100,127,128,118,

117,102,146,113,132,108,85,131,124,101,
126,96,111,133,122,105,
140,125,114,99,109,148,144,137,112,141,130,134,147,149,107,
145,143,133,126,
140,148,137,136,125,116,144,141,90,
131,132,113,124,146,102,85,
104,100,127,106,128,118,
102,146,132,131,124,113,
103,97,142,135,119,123,138,
121,
142,135,138,123,
146,131,132,124,
141,144,116,125,136,137,148,140,
142,138,110,117,135,146,
136,140,135,119,

145,106,

122,
142,119,123,138,135,

109,144,148,137,141,130,134,149,147,107,
127,128,118,
117,146,108,
146,131,132,124,
135,123,119,

133,126,

147,149,134,130,141,137,148,144,109,
146,117,
144,148,137,141,130,134,149,147,


147,149,134,
146,
148,137,130,141,144,

148,140,136,
146,
128,127,

147,149,134,


135,
132,131,
148,144,



149,147,




149,147,












149,


Past links sets, 








2,
0,



3,
1,
1,
0,1,

10,
12,

13,
5,6,
3,
0,11,
3,10,
11,12,
9,

4,
3,18,
1,18,
13,25,
18,25,
4,
9,24,
19,26,
2,4,
4,8,

36,
13,23,28,
14,31,
14,15,16,
2,4,
2,
8,
14,15,16,
19,20,26,
15,16,27,
14,0,15,
10,21,
4,8,
15,16,27,
4,8,
9,43,
1,24,27,
18,32,51,
10,21,41,
48,
47,50,
13,33,31,30,14,
23,28,
43,49,
30,33,42,
12,20,39,
15,35,16,56,
23,57,
62,
61,64,
63,
35,40,
70,
11,49,53,
30,23,33,57,
32,69,
13,50,64,
35,40,
14,57,33,31,30,
72,

55,60,
13,68,
32,42,51,61,
30,50,47,42,33,
78,83,
32,51,58,
35,56,73,
58,67,
51,75,
41,82,
30,33,58,67,
58,68,
49,53,66,
30,60,42,55,33,
16,56,26,35,19,
79,11,55,53,47,
57,86,
49,53,66,
80,
60,75,76,84,
67,74,58,78,
67,69,74,85,
68,86,
55,84,76,61,60,
55,60,79,
84,94,
28,99,
101,
107,
74,31,91,
47,53,55,79,
80,
58,85,74,64,67,
68,80,
66,73,
21,90,
91,108,
21,43,100,
92,97,103,

14,66,87,
73,56,96,
97,33,88,103,
76,89,102,
21,80,90,
53,81,105,
118,
9,118,

109,114,
16,124,
16,124,
18,81,105,
109,62,112,120,
1,123,92,91,74,
92,51,116,
21,90,109,114,
1,68,97,91,88,74,

80,92,51,116,
21,90,109,114,
62,31,97,91,88,74,
42,70,81,
109,114,125,
63,81,94,
15,117,102,113,89,
129,134,
109,114,116,125,
147,
Future links sets, 
50,16,24,9,
138,56,135,14,15,16,31,
45,44,37,8,
30,25,23,13,
54,52,44,29,34,37,38,
22,
22,

54,52,46,38,
128,55,35,27,
51,25,58,18,
73,96,26,24,
65,26,19,
82,41,61,76,21,32,
121,78,42,47,43,61,50,
66,53,43,146,47,49,50,
95,132,66,131,43,53,47,49,

133,30,31,33,57,
95,48,36,
65,48,
141,137,125,51,116,58,118,

74,67,62,41,
56,35,
33,32,
95,48,36,
56,53,49,
107,62,41,

91,84,94,61,64,74,78,
142,42,61,78,110,
86,83,75,57,
123,91,84,94,61,64,74,78,

95,71,66,77,87,
40,


65,
77,71,
90,58,
143,64,84,94,83,
118,63,55,



111,96,84,60,
59,
98,93,73,63,
84,76,60,
140,136,57,83,86,89,

111,73,126,93,98,96,

111,81,96,105,94,104,
95,122,87,66,
78,74,97,67,
101,86,113,91,88,92,

81,105,94,104,100,
83,104,69,
142,134,68,
145,70,
113,76,69,

121,115,98,93,
88,101,113,91,102,
138,82,92,103,114,
102,75,
143,72,

79,
115,122,87,
142,138,101,110,135,102,113,
100,89,
124,104,100,

101,85,
105,111,96,
140,99,112,114,125,
145,143,133,126,
90,
85,
106,104,100,
113,102,
103,97,
121,
142,138,123,
146,124,
137,125,141,116,
142,110,135,117,138,
136,140,135,119,

145,106,

122,
142,138,123,119,

107,
118,
108,
146,124,
123,119,

133,126,

109,
117,
144,134,148,137,130,141,


134,
146,
148,137,130,141,144,

148,140,136,
146,
128,127,

134,


135,
132,131,
148,144,



147,




147,












149,


Coordinates,
0.00476886,1.27007,
0.00781804,1.46747,
0.0156563,0.701162,
0.0395049,1.91872,
0.0619443,0.722069,
0.133312,0.273498,
0.146804,0.285464,
0.148201,0.296908,
0.171297,0.582245,
0.194011,1.13522,
0.203724,1.65511,
0.250275,0.938069,
0.257905,0.846993,
0.270313,1.81651,
0.28078,1.36232,
0.289708,1.22238,
0.313272,1.18489,
0.35592,0.201509,
0.360245,1.50773,
0.38063,0.759282,
0.407713,0.67954,
0.41653,1.76865,
0.416937,0.0229506,
0.439835,1.89569,
0.442415,0.841369,
0.447416,1.54936,
0.448757,0.747409,
0.448977,0.955169,
0.490325,1.9236,
0.504548,0.480339,
0.573905,1.38491,
0.590173,1.31677,
0.600109,1.5225,
0.600148,1.404,
0.612345,0.414867,
0.621437,0.746662,
0.633685,0.600535,
0.6597,0.286326,
0.67209,0.248417,
0.672716,0.402085,
0.678838,0.561356,
0.680884,1.75752,
0.681637,1.23329,
0.685052,0.990866,
0.690563,0.251049,
0.692867,0.0509977,
0.699734,0.0831374,
0.707041,1.02314,
0.70787,0.488614,
0.719408,0.852272,
0.726342,1.08385,
0.734422,1.53022,
0.736947,0.0975166,
0.790877,0.731075,
0.79189,0.108757,
0.799578,0.928643,
0.829639,0.663728,
0.884794,1.42215,
0.899104,1.55768,
0.904364,0.329411,
0.905911,0.914335,
0.908548,1.18389,
0.920225,1.86711,
0.923594,0.761008,
0.933126,1.13592,
0.98402,0.138036,
0.987748,0.525391,
0.999205,1.37509,
1.02785,1.80337,
1.03072,1.0858,
1.0573,0.635328,
1.07488,0.307199,
1.08491,0.609958,
1.09101,0.530153,
1.09335,1.27234,
1.09934,1.02711,
1.14126,0.948239,
1.14392,0.237795,
1.14492,1.16522,
1.15235,0.568563,
1.16749,1.97876,
1.17068,0.666118,
1.18865,1.76239,
1.19546,1.08345,
1.21105,0.827878,
1.25012,1.06209,
1.30296,1.41309,
1.31388,0.319971,
1.32312,1.30316,
1.34286,0.921804,
1.34952,1.70619,
1.35611,1.21219,
1.35731,1.48981,
1.3577,0.231047,
1.38471,0.647357,
1.40477,0.0996419,
1.4048,0.333644,
1.4349,1.31503,
1.4482,0.168218,
1.45199,1.92155,
1.4525,0.679304,
1.45913,1.07178,
1.46962,0.91133,
1.47008,1.36673,
1.47859,0.62392,
1.50317,0.326107,
1.50995,0.555451,
1.52193,1.8879,
1.52524,1.03023,
1.52878,1.88243,
1.53145,1.06159,
1.53459,0.275103,
1.53648,1.96404,
1.54408,0.930106,
1.55493,1.76733,
1.55874,0.0712758,
1.57699,1.53284,
1.58095,0.988587,
1.58359,0.607312,
1.5889,1.28215,
1.59606,1.98302,
1.63755,0.0373296,
1.65373,0.105285,
1.66279,1.17537,
1.67084,0.71487,
1.67625,1.62145,
1.68215,0.165646,
1.6831,0.54977,
1.7053,0.526722,
1.72687,1.98345,
1.73386,1.74083,
1.74413,0.667179,
1.75071,0.635018,
1.76331,0.113712,
1.77091,1.83105,
1.77555,1.07586,
1.77956,1.34667,
1.81463,1.65587,
1.82797,1.00776,
1.83068,1.99457,
1.84629,1.33513,
1.84854,1.60657,
1.85719,0.971262,
1.90888,0.0333669,
1.94448,1.4932,
1.9503,0.0868876,
1.95254,0.634488,
1.95839,1.82034,
1.96361,1.4596,
1.97926,1.81331,
