Storage option,sets
Size,75
Dimension,2
Shape,cube
Spacetime,BlackHole
Past sets, 







4,

4,7,
4,8,
3,4,7,
1,
3,
7,8,4,10,

1,5,
3,
0,6,
3,8,7,4,9,
3,
1,2,5,8,
8,9,7,4,3,11,
15,

4,10,5,2,1,8,21,
9,7,4,11,3,13,

1,2,5,8,
17,3,20,

24,
11,13,7,20,4,17,3,29,
2,13,10,14,19,11,3,4,7,8,9,22,

2,13,10,14,19,11,3,4,7,8,9,22,
1,12,6,0,18,
12,16,8,5,1,2,28,
0,2,6,12,5,1,16,
27,
24,31,
27,39,
9,29,3,17,4,20,7,13,11,32,
27,
0,
0,6,
30,24,31,
0,6,
3,20,17,30,31,24,40,
19,8,11,22,9,13,26,7,20,4,17,3,29,
7,10,4,28,2,1,5,21,8,16,25,12,37,
17,26,7,2,13,10,14,19,11,3,33,4,8,9,22,
24,30,34,39,27,41,
27,43,
27,30,24,31,34,
3,9,7,10,4,25,21,8,5,14,1,2,28,
34,39,41,27,43,
32,24,11,13,7,20,4,17,9,3,29,42,
21,8,37,16,1,5,6,28,2,0,12,38,
2,10,14,29,19,8,11,22,9,13,26,7,49,20,4,17,32,3,
24,29,19,8,11,22,9,42,13,26,7,49,20,4,17,32,3,
21,1,5,25,35,9,22,2,13,10,14,19,11,3,33,4,7,8,
29,48,20,7,17,30,4,31,24,11,40,3,32,13,
34,27,40,24,31,30,17,46,20,3,48,
54,48,3,20,46,17,30,31,40,27,34,24,63,
9,42,13,29,32,3,48,20,7,17,30,62,4,31,24,11,40,
5,35,29,20,49,9,8,22,51,17,26,13,7,4,33,2,10,14,19,11,32,3,
7,4,13,24,63,34,27,11,40,31,30,17,46,20,3,29,48,
26,9,57,42,13,29,32,3,48,20,7,17,30,62,4,31,24,11,40,
34,40,11,24,31,9,48,13,42,29,3,32,20,65,7,46,17,30,4,62,
7,4,13,29,39,64,54,48,3,20,46,17,30,31,11,40,27,63,34,24,
40,46,17,20,43,30,34,39,52,41,54,56,27,24,31,48,3,
3,48,31,24,71,40,20,46,17,43,30,27,56,34,39,52,41,54,
29,41,39,52,64,54,48,3,20,46,17,30,31,40,27,63,34,24,
40,46,17,20,43,30,34,39,52,41,54,56,27,24,31,48,3,
Future sets, 
47,45,58,38,36,44,18,
28,61,21,55,16,36,37,50,58,25,38,12,
59,58,21,50,55,61,35,25,51,38,28,33,37,66,
55,20,19,73,66,51,22,49,60,35,64,65,69,42,71,67,57,11,70,59,62,33,26,68,61,32,17,63,13,72,74,48,29,
25,59,51,22,66,49,60,19,69,11,57,61,32,65,7,50,14,70,42,10,68,55,26,33,62,67,9,35,
66,28,61,21,37,50,58,25,38,55,16,
47,45,58,38,36,18,
50,14,70,42,68,26,55,62,33,67,9,35,32,61,57,65,11,69,19,60,49,66,22,51,59,
28,58,49,10,21,50,33,59,61,35,25,22,51,55,37,66,14,19,60,
57,65,69,19,60,49,66,35,61,51,22,59,33,55,26,68,42,
50,33,59,61,35,25,51,55,66,14,
70,67,42,69,65,57,35,60,49,22,51,66,59,62,33,26,68,61,32,
38,58,50,37,36,
70,67,35,26,65,68,42,51,59,60,66,49,33,62,61,32,57,69,
55,51,66,35,61,59,33,
23,
38,58,50,37,
51,63,64,72,74,48,67,71,42,29,68,73,60,32,66,62,49,59,57,70,65,69,
36,
60,49,51,66,35,61,59,33,
63,64,72,74,48,67,71,42,29,68,73,60,32,66,62,49,59,57,70,65,69,
58,50,55,61,25,
60,49,51,66,35,61,59,33,

57,52,74,72,71,64,60,31,70,54,67,46,48,62,68,40,69,65,63,73,
61,55,50,
68,51,59,60,66,49,
67,63,39,52,74,73,71,56,72,43,70,41,54,53,64,
55,58,50,37,
73,32,66,62,49,59,57,70,60,65,69,68,42,67,
54,52,62,46,72,74,48,71,69,64,73,70,67,63,65,68,
54,46,48,62,68,40,69,65,63,67,70,73,64,71,72,74,
66,62,59,57,60,65,69,68,42,
61,66,51,
63,69,56,64,70,67,54,71,72,73,74,52,
66,61,

58,50,
58,
70,52,74,73,72,71,56,41,
62,68,69,65,63,67,70,73,64,71,72,74,48,
56,71,72,73,74,52,
69,65,60,68,57,
71,72,74,56,53,


74,72,71,69,64,73,70,67,63,

74,72,71,64,73,70,67,63,65,69,68,62,
66,60,59,

66,
74,73,72,71,

74,72,71,70,73,64,

74,72,71,
68,




68,69,65,
67,70,73,64,
73,70,
69,





72,



Past links sets, 







4,

7,
4,8,
3,7,
1,
3,
7,10,

1,5,
3,
0,6,
3,8,9,
3,
1,2,5,8,
8,9,11,
15,

10,21,
9,11,13,

1,2,5,8,
17,20,

24,
11,13,29,
2,13,14,19,22,

2,13,14,19,22,
12,18,
12,16,28,
0,2,6,12,16,
27,
31,
39,
9,32,
27,
0,
0,6,
30,31,
0,6,
20,17,30,40,
19,22,26,29,
7,25,37,
17,26,33,
24,30,34,41,
43,
27,30,31,34,
3,9,14,25,28,
34,41,43,
24,42,
21,37,38,
2,14,32,49,
24,42,49,
25,33,35,
32,48,
27,34,46,48,
54,63,
42,62,
5,32,35,49,51,
13,29,11,63,
26,57,62,
34,46,65,
11,29,13,39,64,
46,48,52,54,56,
71,
29,52,64,
46,48,52,54,56,
Future links sets, 
47,45,38,44,18,
28,21,16,12,
38,35,59,33,28,21,
55,20,19,17,13,11,
10,7,
66,28,21,16,
47,45,38,18,
14,50,11,9,
28,22,21,19,10,
55,42,26,22,19,
25,14,
70,67,32,26,22,
38,37,36,
70,67,35,33,32,26,
55,35,59,33,
23,
38,37,
51,48,29,
36,
49,35,33,
48,29,
58,25,
49,35,33,

60,52,57,31,
61,55,50,
68,51,49,
63,54,43,39,
55,37,
73,70,67,49,32,
54,52,48,46,
54,46,40,
66,62,59,42,
61,51,
63,69,56,54,52,
66,61,

58,50,
58,
70,41,
48,
56,52,
65,60,57,
56,53,


74,71,69,63,

74,71,63,62,
66,60,59,

66,
74,73,71,

74,71,64,

74,71,
68,




68,65,
67,64,
73,70,
69,





72,



Coordinates
0.0239594,0.690753
0.152212,0.787396
0.212384,0.802654
0.354705,0.944415
0.302733,0.891551
0.185994,0.769633
0.0859732,0.629941
0.328591,0.862063
0.29315,0.79764
0.345092,0.82092
0.305302,0.751009
0.398229,0.812524
0.166565,0.576429
0.424931,0.814314
0.337284,0.707505
0.00969724,0.356679
0.209699,0.549763
0.507881,0.826054
0.148903,0.453648
0.395307,0.685422
0.538626,0.81986
0.297143,0.56734
0.416538,0.685379
0.00980636,0.269289
0.628969,0.884209
0.309073,0.527612
0.468802,0.671187
0.788293,0.98624
0.296199,0.48554
0.567016,0.720687
0.71408,0.829281
0.695738,0.766044
0.569126,0.634092
0.456775,0.52025
0.770899,0.827883
0.444158,0.50106
0.166732,0.201838
0.296392,0.317972
0.257689,0.277621
0.833818,0.847181
0.708753,0.701073
0.846817,0.821245
0.596329,0.56254
0.928912,0.889823
0.0844416,0.00821625
0.137869,0.0585215
0.752786,0.67342
0.0937499,0.00388368
0.727307,0.636457
0.567251,0.455335
0.333257,0.167521
0.538604,0.358945
0.875518,0.673199
0.970544,0.752592
0.821671,0.603605
0.391631,0.171712
0.929769,0.673578
0.677405,0.419087
0.297604,0.0323354
0.585215,0.283867
0.637473,0.303255
0.468142,0.128706
0.730724,0.387823
0.807241,0.459278
0.831779,0.39906
0.743509,0.293488
0.574004,0.10288
0.817851,0.1775
0.731372,0.0844392
0.784567,0.106155
0.836553,0.155735
0.969433,0.123419
0.969657,0.109864
0.907961,0.0125068
0.958721,0.0479405