Storage option,sets
Size,150
Dimension,2
Shape,cube
Spacetime,BlackHole
Past sets, 

0,

0,
0,
0,
0,1,

4,0,2,1,
2,3,6,1,0,4,
4,0,2,1,
3,4,6,1,0,5,
3,6,1,0,5,
0,2,7,
1,2,7,0,4,10,
5,9,2,3,6,1,0,4,8,
10,4,0,7,2,1,14,
3,6,1,0,5,
5,8,6,3,10,4,0,2,9,1,
10,15,4,5,9,2,3,6,1,0,8,
11,15,4,5,9,2,3,6,1,0,8,
4,11,12,5,3,6,1,0,
7,1,9,2,0,4,10,3,6,8,5,18,
4,0,13,2,7,
2,7,
0,2,7,
8,0,1,6,3,9,5,4,2,15,11,20,
13,7,0,4,2,23,
2,21,4,11,0,12,1,5,3,6,17,
11,14,16,15,22,5,7,1,18,9,2,19,0,4,10,3,6,8,
7,18,10,19,20,11,15,2,4,5,9,3,6,1,0,8,
8,6,3,9,16,10,4,0,7,2,13,1,14,
21,4,11,0,12,1,5,3,6,17,
4,11,12,3,6,1,17,0,5,
25,0,24,2,7,
3,6,8,14,1,10,16,13,2,7,27,4,0,23,
4,11,12,3,6,1,17,0,5,
8,14,1,10,16,13,2,7,27,4,0,23,
12,22,30,11,7,26,18,10,19,0,20,1,15,2,4,5,9,3,6,8,
3,5,1,12,0,11,17,4,21,6,32,
29,6,11,14,16,15,22,5,7,1,18,9,2,19,0,4,10,3,8,13,
8,9,15,28,2,21,4,17,11,0,12,1,5,3,6,
32,6,21,4,17,11,12,1,5,3,0,39,
29,6,11,14,16,15,22,5,7,1,18,9,2,19,0,4,10,3,8,13,
29,6,11,14,16,15,22,5,7,1,18,9,2,19,0,4,10,3,8,13,
9,6,3,8,14,1,35,10,27,16,13,2,7,4,37,0,23,
13,26,22,16,14,30,11,7,18,10,29,19,0,20,1,15,2,4,5,9,3,6,8,
24,8,25,14,1,10,27,16,13,2,7,4,37,0,23,
21,32,33,36,3,4,11,0,12,1,6,17,5,
8,9,28,32,6,21,4,17,0,11,12,1,42,5,2,39,3,33,
46,13,26,22,16,14,30,1,11,7,18,10,29,0,19,20,15,2,4,5,9,3,6,8,12,
13,21,16,14,38,15,12,22,30,7,11,26,3,18,10,19,0,20,1,2,4,5,9,6,29,8,
5,6,1,12,17,0,11,3,36,33,32,4,21,48,
25,0,24,2,7,
25,0,24,2,7,
25,0,24,2,7,
23,27,31,44,29,6,11,14,16,15,22,5,7,1,18,9,2,19,0,4,10,3,8,13,43,
26,20,19,10,18,7,30,8,9,15,28,11,2,21,41,4,17,0,12,1,5,3,6,
20,23,31,40,44,29,6,11,14,16,15,22,5,7,1,18,9,2,19,0,4,10,3,8,13,43,
15,19,18,5,22,31,7,9,6,3,8,27,14,1,35,16,10,13,2,45,4,23,37,0,
14,17,21,38,15,12,22,30,7,11,26,3,18,10,19,0,20,1,2,4,5,28,9,6,8,
8,9,28,2,39,21,4,32,33,36,3,48,11,0,17,12,1,6,5,42,
21,38,50,46,13,26,22,16,14,30,1,11,40,7,18,10,29,0,19,20,15,2,4,5,9,3,6,8,12,
46,51,22,13,21,50,16,14,38,9,15,12,30,1,7,11,26,3,18,10,19,0,29,20,2,4,5,6,8,
26,58,29,0,20,23,31,2,40,11,44,15,6,14,43,16,22,5,7,1,30,18,9,19,4,10,3,8,13,
20,26,15,41,36,3,8,9,32,28,5,6,21,4,17,0,11,12,42,49,2,1,48,39,33,
29,16,13,2,14,17,21,38,9,15,12,22,51,30,60,1,7,11,26,3,18,10,19,0,20,4,5,28,6,8,
5,31,34,35,3,6,9,13,24,7,45,8,25,14,1,47,10,27,16,2,4,37,0,23,
25,24,1,15,19,18,47,5,22,31,2,7,9,6,35,3,8,37,27,14,16,45,10,13,4,23,59,0,
33,39,42,32,57,28,26,20,49,19,10,18,7,30,1,8,9,15,11,2,21,41,12,4,17,0,5,3,6,
7,18,10,19,20,26,36,15,3,8,9,32,28,5,6,21,4,17,0,11,12,1,42,49,2,39,33,41,
20,40,43,11,29,44,1,15,19,18,5,22,31,2,7,9,6,35,3,8,37,27,56,14,16,45,10,13,4,23,59,0,
43,44,51,62,0,21,38,7,50,19,46,15,13,26,22,16,14,30,1,11,40,9,18,10,29,20,2,4,5,3,6,8,12,
16,29,32,41,2,14,17,21,38,9,15,12,22,30,60,1,7,11,26,3,18,10,19,0,20,4,5,28,57,6,8,
17,28,40,62,63,1,46,15,51,20,22,13,21,50,19,16,14,38,7,9,12,30,11,26,3,18,10,0,29,2,4,5,6,8,
6,37,25,24,68,1,15,19,18,47,16,5,22,31,0,2,7,9,35,4,3,34,8,27,14,45,10,13,23,59,
41,66,29,16,13,2,14,51,17,21,38,1,9,15,12,22,30,60,7,11,26,3,18,10,19,0,20,57,4,5,28,6,8,
20,26,15,41,61,8,9,32,28,49,2,39,21,4,33,36,3,11,0,17,12,48,1,6,5,52,42,
41,66,29,16,13,2,14,51,17,21,38,1,9,46,15,12,22,30,60,7,11,26,3,18,10,19,0,20,4,5,28,6,8,
14,1,10,2,24,7,0,34,25,55,4,54,27,13,23,53,16,
61,48,8,39,7,18,49,10,41,19,20,26,36,5,15,70,3,65,9,32,1,28,6,21,4,17,0,11,42,12,2,33,
12,35,46,27,56,64,2,26,58,29,0,31,20,23,40,9,11,44,13,15,6,14,43,16,22,5,7,1,30,18,19,4,10,3,8,
25,24,47,71,20,40,3,43,6,11,29,44,7,1,15,19,56,18,5,22,59,31,2,9,35,8,45,37,0,27,14,16,10,13,4,23,58,
42,52,5,6,1,17,0,11,36,33,4,21,39,2,28,9,8,3,32,61,12,41,15,26,49,20,48,77,
74,0,17,28,40,3,62,63,26,1,38,46,9,15,51,14,20,22,13,50,21,19,16,7,12,30,11,18,10,29,2,4,5,6,43,8,
31,23,72,43,6,44,7,51,14,62,0,21,58,38,1,50,13,19,46,9,15,26,22,16,30,11,40,3,18,10,29,20,2,4,5,8,12,
15,19,18,9,5,34,31,2,35,6,3,13,24,7,45,16,67,8,37,25,14,1,47,10,27,4,0,23,22,
43,11,29,75,1,6,37,0,25,24,68,31,15,19,18,47,10,16,5,22,59,2,7,44,9,35,4,3,34,8,45,27,14,13,23,
52,30,6,61,48,11,8,39,2,7,18,49,12,10,41,4,19,20,57,26,36,5,42,15,70,33,3,65,28,9,32,80,1,21,17,0,
59,24,15,86,19,18,9,5,34,3,31,67,0,2,35,4,6,37,13,7,45,14,16,47,8,25,68,1,10,27,23,22,
46,49,42,39,33,69,32,76,2,41,4,66,29,16,13,14,51,17,21,38,1,9,15,12,22,30,60,7,11,26,3,18,10,19,0,20,57,5,28,6,8,73,
53,59,24,15,86,19,18,9,5,34,3,31,67,0,2,35,4,6,37,13,7,45,14,16,47,8,25,68,1,10,27,23,22,
35,27,56,64,63,28,17,44,3,31,72,23,43,85,2,6,7,51,10,14,62,21,0,58,38,1,50,9,13,19,46,5,15,26,22,16,30,11,40,18,29,20,4,8,12,74,
32,44,57,76,60,66,41,2,43,74,0,17,28,40,3,62,21,63,22,26,84,1,38,46,5,9,50,15,51,10,14,20,13,19,16,7,12,30,11,18,29,4,6,8,78,
37,8,6,47,79,1,10,2,24,7,0,34,53,25,14,55,4,23,16,27,54,13,
64,60,66,63,28,17,74,44,3,31,72,23,43,85,2,6,7,51,10,14,62,21,0,58,38,84,1,50,9,13,19,46,5,15,26,22,16,30,11,40,18,29,20,4,8,12,
50,38,21,62,30,26,64,46,12,82,0,25,24,47,6,71,20,40,81,3,44,43,2,11,29,7,1,15,56,19,18,59,5,22,31,9,35,8,45,4,37,27,14,16,10,13,23,58,
54,91,53,16,59,22,24,15,19,18,55,9,5,34,3,31,68,67,0,37,2,35,4,6,13,86,7,45,8,14,47,10,25,1,27,23,
61,48,65,69,33,39,49,42,36,70,32,76,2,41,4,66,29,16,13,14,51,17,21,38,1,9,15,12,22,30,60,7,11,26,3,18,10,19,0,20,57,5,28,6,8,73,
11,29,44,54,55,75,91,53,16,59,22,24,15,19,18,9,5,34,3,31,68,67,0,37,2,35,4,6,13,86,7,45,8,14,47,89,10,25,1,27,23,
16,22,38,14,60,6,52,11,30,61,20,48,7,8,49,39,80,2,18,12,10,41,0,4,19,57,26,36,88,5,42,1,15,70,33,3,65,28,69,9,32,21,17,
50,34,68,75,30,26,64,46,12,82,0,25,24,47,6,71,20,40,81,3,44,43,2,11,29,7,1,15,56,19,18,59,5,22,31,9,35,8,45,4,37,27,14,16,10,13,23,58,
23,31,39,42,72,73,93,46,32,44,57,10,76,29,60,13,66,19,41,2,43,74,0,17,28,40,3,50,62,15,21,63,16,22,26,84,1,38,5,9,51,4,14,20,7,12,30,11,18,6,8,78,
23,13,10,16,14,27,37,4,45,8,35,31,22,58,5,19,15,1,7,2,44,56,3,81,40,20,18,71,59,6,47,24,25,0,29,82,12,46,11,64,26,30,9,62,21,38,50,43,96,
36,40,62,50,63,90,46,49,2,42,39,33,69,22,32,76,29,41,4,51,66,19,16,13,60,14,17,21,38,1,9,15,12,30,7,11,26,73,3,18,10,57,0,20,5,28,6,8,78,
23,31,39,72,73,93,46,32,44,57,10,76,29,60,13,66,19,41,2,43,74,0,17,28,40,3,50,62,15,21,63,16,22,26,84,1,38,5,9,51,4,14,20,7,12,30,11,18,6,8,78,
13,29,73,6,16,22,69,38,14,61,60,52,5,11,30,77,20,48,1,7,8,49,2,39,80,33,18,65,12,10,57,41,88,0,4,19,26,36,42,15,70,100,3,28,9,32,21,17,
17,25,24,47,63,59,45,37,71,64,56,27,35,44,3,31,72,23,43,85,2,6,7,51,10,14,62,21,0,58,38,1,50,9,13,19,46,5,15,26,22,16,30,11,40,81,18,29,20,4,8,12,
46,52,98,61,8,48,65,12,69,16,33,39,49,42,36,70,17,32,76,2,41,4,57,66,13,29,14,51,21,38,1,9,15,22,30,60,7,11,26,3,18,10,19,0,20,73,5,28,6,80,
78,41,76,57,32,95,64,11,60,7,66,13,63,10,28,17,74,21,44,3,31,84,72,19,23,43,85,2,6,51,14,62,9,0,58,5,38,1,50,46,15,26,22,16,30,40,93,18,29,20,4,8,12,
34,68,103,50,23,13,10,16,14,27,37,4,45,8,35,31,22,75,58,5,19,15,1,7,2,44,56,3,81,40,20,18,71,59,6,47,24,25,0,29,82,12,46,11,64,26,30,9,62,21,38,43,96,
26,30,58,56,40,20,71,44,75,29,11,43,15,59,22,24,19,18,9,5,34,82,3,31,68,67,0,37,2,35,4,6,13,86,7,45,87,8,14,16,47,89,10,25,1,27,23,
34,63,68,51,72,103,50,23,13,10,16,14,27,37,4,45,8,35,31,22,58,5,19,15,1,7,2,44,56,3,81,40,20,18,71,59,6,47,24,25,0,29,82,12,46,11,64,26,30,9,62,21,38,43,96,85,
58,49,33,69,42,102,105,23,76,31,84,39,72,19,73,20,93,40,46,32,44,57,4,10,63,29,60,7,13,66,41,2,43,74,21,0,17,28,3,50,62,9,15,16,22,26,1,38,5,51,14,12,30,11,18,6,8,78,
33,58,85,64,95,42,102,105,23,76,31,84,39,72,19,73,20,93,40,46,32,44,57,4,10,63,29,60,7,13,66,41,2,43,74,21,0,17,28,3,50,62,9,15,16,22,26,1,38,5,51,14,12,30,11,18,6,8,78,
79,13,11,54,29,44,1,55,75,5,53,99,10,16,59,22,24,67,15,19,18,9,34,3,31,68,25,89,0,86,37,91,2,45,35,4,47,6,7,97,8,14,27,23,
20,40,56,79,43,87,13,11,54,29,44,1,55,75,5,53,99,10,16,59,22,24,67,15,19,18,9,34,3,31,68,25,89,0,86,37,91,2,45,35,4,47,6,7,97,8,14,27,23,
79,13,11,54,29,44,1,55,75,5,53,99,10,16,59,22,24,67,15,19,18,9,34,3,31,68,25,89,0,86,37,91,2,45,35,4,47,6,7,97,8,14,27,23,
56,40,20,71,79,43,87,13,11,54,29,44,1,55,75,5,53,99,10,16,59,22,24,67,15,19,18,9,34,3,31,68,25,89,0,86,37,91,2,45,35,4,47,6,7,97,8,14,27,23,
61,48,65,70,84,74,43,44,93,72,31,23,104,51,36,40,62,9,50,63,10,90,46,49,102,2,42,39,33,69,16,22,32,76,29,41,4,57,66,13,19,60,7,14,17,21,38,1,15,12,30,11,26,73,20,3,18,0,5,28,6,8,78,
57,41,78,82,92,84,74,28,66,60,107,17,25,24,47,63,4,59,0,45,37,71,12,64,5,56,27,35,44,3,62,31,72,13,23,43,85,26,2,6,7,51,10,14,21,58,38,1,50,9,19,46,15,22,81,16,30,11,40,18,29,20,8,95,
62,21,38,96,81,12,46,64,50,58,5,26,30,56,3,40,20,71,18,44,75,22,29,82,11,43,15,68,59,6,24,19,9,34,87,31,67,14,0,37,111,2,35,4,13,86,7,45,8,16,47,89,10,25,1,27,23,101,
32,25,24,47,59,45,37,71,57,76,41,78,81,56,27,35,95,64,11,60,7,66,13,63,10,28,17,74,21,44,3,31,84,72,19,23,43,85,2,6,51,14,62,9,0,58,5,38,1,50,46,15,26,22,16,30,40,18,29,20,4,8,12,92,
80,85,98,105,58,119,61,48,65,70,3,84,17,74,7,43,44,93,26,72,5,31,23,90,104,51,36,40,62,9,76,50,63,10,46,113,49,102,2,69,42,39,33,16,22,32,29,41,4,57,66,13,19,60,14,21,38,1,15,12,30,11,78,73,6,20,18,0,28,8,
50,79,64,46,12,81,97,53,91,55,54,58,5,26,30,56,3,40,20,71,18,44,75,22,29,82,11,43,15,68,59,6,24,19,9,34,87,31,67,14,0,37,111,2,35,4,13,86,7,45,8,16,47,89,10,25,1,27,23,99,
73,96,93,109,107,82,122,32,25,92,24,47,59,45,37,71,4,57,76,9,41,78,11,81,14,56,27,35,95,28,64,60,7,74,66,13,63,10,17,84,21,44,3,31,72,5,19,23,43,85,18,2,6,51,62,0,58,38,1,50,46,15,26,22,16,30,40,29,20,8,12,120,
64,88,52,123,50,80,7,85,12,98,105,32,58,119,46,61,48,65,70,3,76,84,11,17,90,74,1,43,44,93,20,26,72,5,78,31,104,23,51,36,40,113,62,9,63,10,49,102,29,2,69,42,39,33,16,22,41,4,57,66,13,19,60,14,21,38,15,30,73,0,6,18,28,8,108,
51,72,85,97,53,91,55,54,99,103,121,62,1,21,82,38,96,35,81,20,12,46,64,3,50,111,58,5,26,87,30,56,40,101,71,10,18,44,75,14,22,29,11,43,15,68,7,59,6,67,24,19,9,34,31,0,37,2,4,13,86,25,45,8,16,47,89,27,23,110,
75,103,68,34,125,46,73,96,17,93,14,109,30,107,28,82,3,122,43,32,25,92,13,24,47,59,45,37,71,4,57,76,9,41,120,78,11,81,2,56,27,35,95,16,64,60,7,74,66,63,10,84,5,21,44,31,72,19,23,85,6,18,51,62,0,58,38,1,50,15,26,22,40,29,20,8,12,112,
25,59,45,37,71,81,56,27,35,92,90,36,104,109,69,49,113,114,33,58,85,64,3,95,42,102,41,105,44,23,84,76,15,31,39,72,11,19,73,12,20,93,32,40,46,57,4,10,63,2,29,60,7,13,74,66,5,43,21,0,17,78,28,50,62,1,9,16,22,26,38,51,14,30,18,6,8,
103,69,49,113,39,105,102,42,33,125,46,73,96,17,93,14,109,30,107,28,82,3,122,43,32,25,92,13,24,47,59,45,37,71,4,57,76,9,41,120,78,11,81,2,56,27,35,114,95,16,64,60,7,74,66,63,10,84,5,21,44,31,72,19,23,85,6,18,51,62,0,58,38,1,50,15,26,22,40,29,20,8,12,
60,84,74,28,92,101,17,107,110,89,87,86,67,75,112,34,63,4,68,9,51,72,13,103,44,50,23,82,10,16,14,27,37,96,45,8,35,31,22,81,58,5,64,19,15,1,7,2,56,3,62,40,20,18,71,12,59,0,6,47,24,25,29,46,11,26,85,30,21,38,43,111,
87,67,86,89,101,75,110,96,103,68,34,120,57,41,78,11,82,15,92,25,84,17,74,7,28,95,66,60,107,40,24,47,63,4,71,59,0,45,112,37,12,64,5,72,56,27,35,44,3,62,31,13,23,43,85,18,26,2,6,51,10,14,81,21,58,38,1,50,9,19,46,22,16,30,29,20,8,
48,65,70,47,24,122,129,50,25,104,59,45,37,71,81,2,56,27,35,114,92,13,90,11,36,109,30,69,49,113,33,58,85,6,64,3,95,16,42,102,23,41,105,26,44,84,5,76,15,31,39,72,19,73,12,20,93,14,32,40,46,57,4,10,63,29,60,7,74,66,43,21,0,17,78,28,62,1,9,22,38,51,18,8,
96,107,82,133,44,48,65,70,47,24,113,122,33,129,40,50,25,114,104,15,59,45,37,71,81,2,56,27,35,92,3,13,102,90,1,11,36,109,20,30,69,49,58,85,6,95,64,16,105,42,23,41,26,84,5,76,31,120,39,72,19,73,12,93,4,14,32,46,57,10,63,29,60,7,74,66,43,21,0,17,78,28,62,9,22,38,51,18,8,
57,41,78,66,95,121,99,54,55,91,53,97,131,60,84,5,74,28,107,92,13,101,22,17,96,110,31,89,10,87,8,86,7,67,75,112,34,63,4,68,9,51,72,103,24,44,50,23,82,3,16,14,27,37,45,35,81,2,58,64,19,15,1,56,62,40,20,18,71,12,59,0,6,85,47,25,29,46,11,26,30,21,38,43,111,127,
70,112,34,68,75,128,104,36,90,130,41,103,14,69,49,113,24,39,105,16,102,13,42,33,122,125,46,73,96,7,17,93,4,109,20,30,107,18,28,82,3,92,43,32,25,114,47,59,45,37,71,57,76,9,120,31,78,11,81,2,56,27,35,95,6,64,60,74,66,63,10,84,5,21,44,72,19,23,85,51,62,0,58,38,1,50,15,26,22,40,129,29,8,12,
111,76,32,122,109,93,73,125,132,87,8,67,86,7,89,10,101,22,75,110,31,96,17,103,24,68,34,120,41,57,78,11,82,3,15,92,13,25,84,5,74,28,107,95,16,66,60,40,47,63,4,71,59,0,45,112,37,12,64,72,56,27,35,44,62,23,43,85,6,18,26,2,81,51,14,21,58,38,1,50,9,19,46,30,29,20,
136,39,70,112,15,34,68,75,128,31,104,7,36,90,130,33,41,103,6,14,69,49,113,16,24,105,8,102,5,13,110,42,122,25,125,28,46,73,96,17,114,93,4,109,12,20,30,107,10,18,82,3,92,43,32,129,47,59,45,37,71,57,76,9,120,23,78,11,81,2,56,27,35,95,64,60,74,66,63,84,21,44,72,19,85,51,62,0,58,38,1,50,26,22,40,29,
55,53,91,42,102,39,105,121,128,137,111,22,76,32,122,109,20,93,4,73,125,132,43,87,8,67,86,7,96,89,0,10,101,12,75,110,21,31,120,17,103,14,24,68,34,41,57,78,11,82,3,92,15,13,25,84,5,74,28,107,18,95,6,16,66,60,40,47,63,71,59,45,112,23,37,64,72,56,27,35,44,62,85,26,2,81,51,58,38,1,50,9,19,46,30,29,131,
76,79,120,135,46,57,41,78,66,95,6,121,99,10,54,55,91,2,53,97,8,131,60,84,5,74,28,107,18,92,3,13,101,12,22,111,17,96,7,110,21,31,89,0,87,86,67,75,112,23,34,63,4,68,9,51,72,103,14,24,44,50,82,16,27,37,45,35,81,58,64,19,15,1,56,62,40,20,71,59,85,47,25,29,11,26,30,38,127,43,132,
118,120,79,135,46,57,41,78,66,95,6,121,99,10,54,55,91,2,53,97,8,131,60,84,5,74,28,107,18,92,3,13,101,12,22,111,17,96,7,110,21,31,89,0,87,86,67,75,112,23,34,63,4,68,9,51,72,103,14,24,44,50,82,16,27,37,45,35,124,81,58,64,19,15,1,56,62,40,20,71,59,85,47,25,29,11,26,30,38,127,43,
100,108,61,119,98,80,123,52,88,134,37,96,107,10,82,133,36,44,48,65,70,47,24,113,16,122,25,33,129,32,40,50,114,17,104,7,15,59,45,71,81,2,56,27,35,92,3,13,102,5,90,1,11,109,12,20,30,69,49,58,85,6,95,64,105,8,42,23,120,41,26,84,76,31,39,72,19,73,93,4,14,46,57,63,29,126,60,74,66,43,21,0,78,28,62,9,22,38,51,18,
49,33,114,115,116,125,73,93,109,122,32,137,128,105,39,102,42,139,132,76,141,44,118,21,120,23,79,135,38,46,57,41,78,66,95,6,103,121,24,99,2,10,107,54,55,91,53,97,0,8,131,34,60,84,5,74,28,18,92,3,13,110,101,4,12,22,111,14,17,96,7,31,89,87,86,67,75,112,15,63,68,9,51,72,50,82,16,27,124,37,45,35,81,58,64,19,1,56,62,40,20,71,59,85,47,25,29,11,26,30,127,43,140,
70,104,36,90,129,114,33,113,49,69,130,125,73,93,109,122,32,137,128,105,39,102,42,140,43,76,79,120,23,135,38,46,57,41,78,66,95,6,103,121,24,99,2,10,107,54,55,91,53,97,0,8,131,34,60,84,5,74,28,18,92,3,13,110,101,4,12,22,111,14,17,96,7,21,31,89,87,86,67,75,112,15,63,68,9,51,72,44,50,82,16,27,37,45,35,132,81,58,64,19,1,56,62,40,20,71,59,85,47,25,29,11,26,30,127,139,
36,90,118,124,114,33,113,49,69,130,125,73,93,109,122,32,137,128,105,39,102,42,140,43,76,79,120,23,135,38,46,57,41,78,66,95,6,103,121,24,99,2,10,107,54,55,91,53,97,0,8,131,34,60,84,5,74,28,18,92,3,13,110,101,4,12,22,111,14,17,96,7,21,31,89,87,86,67,75,112,15,63,68,9,51,72,44,50,82,16,27,37,45,35,132,81,58,64,19,1,56,62,40,20,71,59,85,47,25,29,11,26,30,127,139,
36,90,117,113,69,143,16,49,33,114,115,116,125,73,93,109,122,32,137,10,128,1,105,39,102,42,139,12,132,5,76,141,14,44,118,21,120,23,79,135,8,38,46,57,41,78,66,95,6,103,121,24,99,2,107,54,55,91,53,97,0,127,131,4,34,60,84,74,28,18,92,3,130,13,140,110,101,22,111,17,96,7,31,89,87,86,67,75,112,15,63,68,9,51,72,50,82,27,124,37,45,35,81,58,64,19,56,62,40,20,71,59,85,47,25,29,11,26,30,43,
124,65,48,133,134,136,144,17,70,104,36,90,129,2,114,33,113,49,69,130,3,125,73,93,109,122,32,137,10,128,1,105,39,102,42,140,13,43,76,79,120,23,135,8,38,46,57,41,78,66,95,6,103,121,24,99,107,54,55,91,53,97,0,127,131,4,34,60,84,5,132,74,28,18,92,110,101,12,139,22,111,14,96,7,21,31,89,87,86,67,75,112,15,63,68,9,51,72,44,50,82,16,27,37,45,35,81,58,64,19,56,62,40,20,71,59,85,47,25,29,11,138,26,30,
100,116,108,61,119,98,80,123,52,88,126,141,118,147,20,124,65,48,133,6,134,7,136,9,144,17,70,104,36,90,129,2,114,33,113,49,69,130,3,125,73,93,109,122,32,137,10,128,1,105,39,102,42,140,13,43,76,79,120,23,135,8,38,46,57,41,78,66,95,103,121,24,99,107,54,55,91,53,97,0,127,131,4,34,60,84,5,132,74,28,18,145,92,110,101,12,139,22,111,14,96,21,31,89,87,86,67,75,112,15,63,68,51,72,44,50,82,16,27,37,45,35,81,58,64,19,56,62,40,71,59,85,47,25,29,11,138,26,30,
108,61,119,98,80,123,52,88,126,145,118,141,116,115,143,117,147,20,124,65,48,133,6,134,7,136,9,144,17,70,104,36,90,129,2,114,33,113,49,69,130,3,125,73,93,109,122,32,137,10,128,1,105,39,102,42,140,13,43,76,79,120,23,135,8,38,46,57,41,78,66,95,103,121,24,99,107,54,55,91,53,97,0,127,131,4,34,60,84,5,132,74,28,18,92,110,101,12,139,22,111,14,96,21,31,89,87,86,67,75,112,15,63,68,51,72,44,50,82,16,27,37,45,35,81,58,64,19,146,56,62,40,71,59,85,47,25,29,11,138,26,30,
Future sets, 
34,53,54,55,25,13,5,23,27,4,1,138,79,16,14,10,147,37,47,6,143,94,35,17,12,149,21,48,42,39,52,28,32,33,36,11,148,9,146,122,61,49,45,67,31,144,22,135,15,128,124,41,65,77,83,26,139,19,132,86,80,70,68,89,91,97,75,59,60,100,38,141,57,88,69,29,142,112,106,73,66,40,46,76,98,51,134,63,43,78,50,133,20,30,90,108,129,99,117,115,44,127,18,131,56,87,126,123,101,116,118,71,102,119,58,105,72,74,84,145,8,62,93,104,111,113,85,64,125,107,114,109,95,81,92,82,96,120,121,103,140,3,130,136,110,137,
79,16,14,10,37,47,6,143,94,35,17,12,149,21,48,42,39,52,28,32,33,36,11,148,9,146,122,61,49,45,67,31,144,22,135,15,128,124,41,65,77,83,26,139,19,132,86,80,70,68,89,91,97,75,59,60,100,38,147,141,57,88,69,29,142,138,112,106,73,66,40,46,76,98,51,134,63,43,78,50,133,20,30,90,108,129,99,117,115,44,127,18,131,56,87,126,123,101,116,118,71,102,119,58,105,72,74,84,145,8,62,93,104,111,113,85,64,125,107,114,109,95,81,92,82,96,120,121,103,140,130,136,110,137,
28,25,34,53,54,55,24,27,23,13,79,16,14,10,8,135,61,49,47,94,37,45,35,67,31,22,149,15,142,124,41,65,77,83,26,19,146,128,122,86,80,70,68,89,91,97,75,59,60,100,38,147,20,141,57,88,69,29,138,132,112,106,73,66,40,46,76,98,51,134,63,43,78,50,133,30,139,90,108,129,99,117,115,44,127,18,145,56,87,126,143,123,101,116,118,71,102,119,58,105,72,74,84,62,93,104,111,113,85,64,125,107,114,109,95,148,81,92,82,96,120,144,121,103,140,130,136,9,110,137,131,
35,17,12,21,48,42,39,52,28,32,33,36,11,9,122,61,49,45,67,31,144,22,135,15,128,124,41,65,77,83,26,139,19,132,86,80,70,68,89,91,97,75,59,60,100,38,147,141,57,88,69,29,142,138,112,106,73,66,149,40,46,76,98,51,134,63,146,43,78,50,133,20,30,143,90,108,129,99,117,115,44,127,18,131,56,87,126,123,101,116,118,71,102,119,58,105,72,74,84,145,62,93,104,111,113,85,64,125,107,114,109,95,148,81,92,82,96,120,121,103,140,130,136,110,137,
27,23,21,48,42,39,52,28,32,33,36,11,79,16,14,10,8,135,61,49,47,94,37,45,35,67,31,22,149,15,142,124,41,65,77,83,26,19,146,128,122,86,80,70,68,89,91,97,75,59,60,100,38,147,20,141,57,88,69,29,138,132,112,106,73,66,40,46,76,98,51,134,63,43,78,50,133,30,139,90,108,129,99,117,115,44,127,18,145,56,87,126,143,123,101,116,118,71,102,119,58,105,72,74,84,62,93,104,111,113,85,64,125,107,114,109,95,148,81,92,82,96,120,144,121,103,140,130,136,9,110,137,131,
67,22,18,17,59,75,97,91,89,68,86,19,15,11,120,36,145,33,142,40,149,43,87,56,44,115,117,99,29,138,32,141,49,41,61,28,137,52,39,148,42,48,20,129,109,116,118,71,82,58,147,38,30,139,119,26,135,105,111,83,77,70,60,80,65,144,64,143,69,88,57,146,136,101,124,50,81,127,96,121,12,103,110,21,130,62,73,140,51,106,100,104,74,85,72,125,46,78,66,131,90,76,98,108,133,63,112,107,92,84,132,95,93,122,134,128,102,113,114,123,126,
94,35,17,12,21,48,42,39,52,28,32,33,36,11,9,122,61,49,45,67,31,144,22,135,15,128,124,41,65,77,83,26,139,19,132,86,80,70,68,89,91,97,75,59,60,100,38,147,141,57,88,69,29,142,138,112,106,73,66,149,40,46,76,98,51,134,63,146,43,78,50,133,20,30,143,90,108,129,99,117,115,44,127,18,131,56,87,126,123,101,116,118,71,102,119,58,105,72,74,84,145,62,93,104,111,113,85,64,125,107,114,109,95,148,81,92,82,96,120,121,103,140,130,136,110,137,
80,70,57,88,69,30,25,34,53,54,55,24,38,22,60,73,29,100,16,14,13,110,106,66,76,98,51,148,63,78,50,147,90,108,46,143,44,141,43,140,62,104,93,84,74,72,40,137,23,120,102,105,119,95,109,114,35,132,126,47,144,64,85,123,113,27,124,94,79,146,67,56,135,92,81,45,142,112,86,145,139,59,138,118,107,130,71,103,134,37,75,89,125,58,96,116,149,82,68,122,133,129,128,31,97,91,136,99,101,127,121,115,87,117,111,131,
61,49,47,94,37,45,35,67,31,22,15,124,41,65,77,83,26,135,19,128,122,86,80,70,68,89,91,97,75,59,60,100,38,147,141,57,88,69,29,138,132,112,106,73,66,149,40,46,76,98,51,134,63,146,43,78,50,133,30,139,90,108,129,20,99,117,115,44,127,18,56,87,126,143,123,101,116,118,71,102,119,58,105,72,74,84,145,62,93,104,111,113,85,64,125,107,114,109,95,148,81,142,92,82,96,120,144,121,103,140,130,136,110,137,131,
61,49,45,67,31,22,15,124,41,65,77,83,26,135,19,128,122,86,80,70,68,89,91,97,75,59,60,100,38,147,141,57,88,69,29,138,132,112,106,73,66,149,40,46,76,98,51,134,63,146,43,78,50,133,30,139,90,108,129,20,99,117,115,44,127,18,56,87,126,143,123,101,116,118,71,102,119,58,105,72,74,84,145,62,93,104,111,113,85,64,125,107,114,109,95,148,81,142,92,82,96,120,144,121,103,140,130,136,110,137,131,
19,38,30,22,69,88,57,70,80,14,117,16,119,100,79,47,94,37,140,45,148,35,138,59,75,97,91,89,68,67,86,29,132,112,106,73,66,149,46,76,98,51,134,31,63,146,43,78,50,133,90,108,129,99,115,44,147,127,56,139,87,126,40,143,123,101,116,118,71,102,58,141,105,72,74,135,84,145,62,93,104,111,113,85,64,125,107,114,109,95,81,142,124,92,82,96,122,120,144,121,18,103,130,136,128,110,137,131,60,
36,33,40,43,87,56,44,115,117,99,29,32,49,41,61,28,52,39,42,48,20,109,116,118,71,82,58,147,30,119,26,105,111,83,77,70,149,60,80,65,144,64,143,69,148,88,57,146,136,101,124,50,139,129,81,38,127,96,121,103,110,21,62,141,73,140,51,106,100,130,104,74,85,138,72,125,46,135,78,145,66,131,90,76,98,108,133,63,142,112,107,92,84,137,120,132,95,93,122,134,128,102,113,114,123,126,
81,101,124,50,38,36,21,104,96,121,103,110,62,145,107,112,63,146,72,85,127,51,134,48,131,42,125,39,122,52,135,28,95,84,92,74,141,61,144,128,66,149,133,60,143,41,108,147,80,78,83,136,69,77,130,70,137,123,57,140,88,132,49,65,148,120,73,126,109,93,102,90,76,98,138,129,100,106,119,142,113,139,105,114,32,33,
106,66,76,98,51,63,78,50,90,108,46,44,43,62,104,93,84,74,72,40,23,102,105,119,95,109,114,35,126,47,64,143,85,123,113,27,94,79,146,67,56,135,92,81,148,140,45,124,112,86,145,139,59,138,118,107,130,71,103,134,75,142,89,125,58,137,96,37,116,149,82,120,141,68,147,122,133,129,128,97,91,144,136,99,101,110,31,127,121,115,87,117,111,132,131,
16,119,100,79,47,94,37,140,45,148,35,138,59,75,97,91,89,68,67,86,29,132,112,106,73,66,149,46,76,98,51,134,31,63,146,43,78,50,133,90,108,129,99,117,115,44,147,127,56,139,87,126,40,143,123,101,116,118,71,102,58,141,105,72,74,135,84,145,62,93,104,111,113,85,64,125,107,114,109,95,81,142,124,92,82,96,122,120,144,121,103,130,136,128,110,137,131,60,
41,65,77,83,26,19,122,86,80,70,68,89,91,97,75,59,60,100,38,141,57,88,69,29,132,112,106,73,66,149,46,76,98,51,134,63,146,43,78,50,133,30,90,108,129,99,117,115,44,147,127,56,139,87,126,40,143,123,20,101,116,118,71,102,119,58,105,72,74,135,84,145,62,93,104,111,113,85,138,64,125,107,114,109,95,148,81,142,124,92,82,96,120,144,121,103,140,130,136,128,110,137,131,
100,79,47,94,37,45,35,59,75,97,91,89,68,67,86,29,112,106,73,66,149,76,98,51,134,63,146,78,50,133,90,108,46,129,99,117,115,44,127,56,139,87,43,126,40,123,101,116,118,71,132,102,119,58,141,105,72,74,135,84,145,62,93,104,111,113,85,138,64,147,125,107,114,31,109,95,148,81,142,124,92,82,143,96,122,120,144,121,103,140,130,136,128,110,137,131,
107,36,33,48,42,39,52,28,95,84,92,74,141,61,128,66,133,131,60,41,108,147,80,78,145,83,136,69,77,144,130,70,137,123,57,104,135,88,132,65,120,73,140,126,122,109,93,146,149,102,49,90,143,76,98,134,138,129,100,106,148,119,142,113,125,139,105,114,32,
80,70,57,88,69,22,119,86,68,89,91,97,75,59,60,100,29,126,112,106,73,66,149,76,98,51,148,134,63,146,78,50,147,133,90,108,46,143,129,99,117,115,44,141,127,30,56,139,87,43,140,40,137,123,101,116,118,71,132,102,58,105,72,74,135,38,84,145,62,93,104,111,113,85,138,64,125,107,114,109,95,81,142,124,92,82,96,122,120,144,121,103,130,136,128,110,131,
86,80,70,68,89,91,97,75,59,60,100,38,57,88,69,29,112,106,73,66,149,76,98,51,134,63,146,78,50,133,90,108,46,129,99,117,115,44,127,56,139,87,43,126,40,123,101,116,118,71,132,102,119,58,141,105,72,74,135,84,145,62,93,104,111,113,30,85,138,64,147,125,107,114,109,95,148,81,142,124,92,82,143,96,122,120,144,121,103,140,130,136,128,110,137,131,
116,118,71,82,58,30,26,105,111,83,77,70,149,80,65,144,64,143,69,148,88,57,136,101,124,50,129,81,38,96,121,103,110,62,141,73,140,106,100,60,139,127,51,130,104,74,85,138,72,125,46,78,145,66,131,90,76,98,108,133,119,63,142,112,107,92,135,84,137,120,132,95,93,146,122,134,128,109,102,113,114,147,123,126,
96,121,103,110,62,107,112,63,72,85,127,51,48,42,39,52,28,95,84,92,74,141,61,128,66,133,131,60,41,108,147,80,78,145,83,136,69,77,144,130,70,137,123,57,104,135,88,132,65,120,73,140,126,122,109,93,146,149,102,49,90,143,76,98,134,138,129,100,106,148,119,142,113,125,139,105,114,32,
86,68,89,91,97,75,59,60,100,29,112,106,73,66,149,76,98,51,134,63,146,78,50,133,90,108,46,129,99,117,115,44,127,56,139,87,43,126,40,123,101,116,118,71,132,102,119,58,141,105,72,74,135,84,145,62,93,104,111,113,85,138,64,147,125,107,114,109,95,148,81,142,124,92,82,143,96,122,120,144,121,38,103,140,130,136,128,110,137,131,
105,119,102,95,109,114,126,64,85,123,113,27,94,79,146,56,47,35,92,81,148,140,45,112,86,145,139,59,118,107,130,71,138,103,134,67,75,142,89,125,58,96,37,149,82,120,141,135,68,122,133,129,128,97,91,144,137,136,99,101,110,127,121,147,115,87,117,111,124,132,131,116,143,
55,54,53,68,82,120,96,125,142,134,103,130,107,122,133,75,116,112,94,135,101,110,79,138,97,128,87,136,67,149,124,143,91,132,127,86,146,117,141,111,140,99,137,34,131,121,139,148,89,147,118,115,145,144,47,
129,55,54,53,68,82,120,96,125,142,134,103,130,107,122,133,75,116,112,94,135,101,110,79,138,97,128,87,136,67,149,124,143,91,132,127,86,146,117,141,111,140,99,137,34,131,121,139,148,89,147,118,115,145,144,47,
111,83,77,70,80,65,64,69,88,57,101,124,50,81,38,105,96,121,103,110,62,129,73,140,106,100,60,127,51,104,74,141,85,138,72,139,125,78,145,131,90,143,76,98,108,66,133,119,63,130,149,112,107,92,135,84,137,120,132,95,148,136,93,146,122,134,128,109,102,142,113,46,114,147,123,126,144,
79,56,47,94,35,92,81,140,45,86,145,139,59,118,112,107,130,71,103,134,75,142,89,148,125,96,37,149,120,67,82,141,135,122,133,129,128,97,91,144,137,136,99,138,101,110,68,127,121,147,115,146,87,117,111,124,132,131,116,143,
84,92,74,61,95,66,131,60,41,147,78,83,136,77,130,70,123,80,133,57,104,135,88,141,132,120,73,126,122,69,109,93,146,140,149,102,49,90,143,137,108,145,98,144,134,138,76,129,100,106,148,119,142,113,128,125,139,105,114,65,
106,73,66,76,98,51,63,78,50,90,108,46,99,117,115,44,56,87,43,40,101,116,118,71,132,102,119,58,105,72,133,74,135,84,145,93,104,111,113,123,62,85,146,138,64,125,107,126,114,109,95,148,81,142,134,124,129,92,82,143,96,149,139,122,120,144,121,103,140,112,130,136,128,110,147,137,127,141,131,
111,64,69,88,57,101,124,50,81,38,105,96,121,103,110,62,129,73,140,106,100,60,127,51,104,74,141,85,138,72,139,125,78,145,131,90,143,76,98,108,66,133,119,63,130,149,112,107,92,135,84,137,120,132,95,148,136,93,146,122,134,128,109,102,142,113,46,114,147,123,126,144,
105,119,102,86,67,87,117,115,68,99,89,91,97,75,59,95,109,114,126,64,85,123,113,145,56,143,131,141,127,147,58,110,128,136,138,130,149,132,140,146,103,121,134,144,101,137,139,96,107,148,111,120,125,82,118,124,81,122,133,129,112,71,135,92,116,142,
109,93,137,128,73,52,122,39,80,125,42,83,114,139,98,102,143,49,90,123,106,147,77,145,104,108,149,136,129,88,138,146,105,113,130,48,142,119,126,69,65,148,100,134,70,133,61,144,
114,144,69,130,113,146,138,70,129,104,145,143,48,134,65,133,90,149,126,80,61,148,119,100,136,77,123,106,142,83,88,147,52,98,108,49,
112,94,101,110,79,138,128,136,75,67,124,143,91,149,127,87,146,117,141,111,140,99,116,135,137,131,121,139,132,148,89,147,118,97,115,144,145,86,
92,81,45,86,139,59,112,107,130,103,134,142,89,125,96,149,120,67,82,135,122,133,129,75,128,97,91,144,137,136,99,138,101,110,68,121,147,141,115,146,117,148,111,87,140,124,71,118,132,131,127,116,143,145,
129,104,144,136,138,134,88,65,133,149,126,80,108,61,148,119,48,142,77,123,106,83,100,147,146,52,145,98,70,
94,47,45,86,139,59,112,107,130,103,134,142,89,125,96,149,120,67,82,135,122,133,129,75,128,97,91,144,137,136,99,138,101,110,68,121,147,141,115,146,117,148,111,87,140,124,71,118,132,131,127,116,143,145,
96,121,103,110,62,73,106,100,60,51,104,127,74,85,138,72,125,78,131,90,143,98,108,76,129,66,119,63,149,112,107,92,145,135,133,84,137,120,141,140,132,95,148,136,93,146,122,134,130,128,109,105,139,102,142,113,114,147,123,126,144,
42,83,114,139,98,102,143,49,90,123,106,147,77,145,104,108,149,136,129,88,138,146,105,113,130,142,119,126,80,69,65,148,100,134,70,133,61,144,
116,118,71,102,119,105,72,74,84,93,104,58,111,113,123,85,138,64,107,126,114,109,95,148,81,134,124,129,92,145,135,82,133,96,149,139,122,120,144,101,125,142,121,103,146,140,132,112,130,136,128,110,147,137,127,141,131,143,62,
78,83,77,70,80,57,104,135,88,132,141,120,73,122,109,93,140,149,102,90,137,108,145,98,126,136,144,133,134,138,123,76,146,147,100,106,148,119,129,142,113,130,69,128,125,139,105,143,114,65,
114,139,102,49,123,143,106,83,77,145,108,104,136,129,138,146,90,113,130,142,119,126,80,69,148,88,100,134,70,149,98,61,147,133,144,65,
87,93,84,102,119,105,72,95,109,114,126,64,85,123,113,145,56,143,131,141,127,147,58,110,128,136,138,130,149,132,140,146,103,121,134,144,101,137,139,96,107,148,111,120,125,82,118,124,81,122,133,129,112,71,135,92,116,142,
115,117,99,93,87,102,119,105,72,95,109,114,126,64,85,123,113,145,56,143,131,141,127,147,58,110,128,136,138,130,149,132,140,146,103,121,134,144,101,137,139,96,107,148,111,120,125,82,118,124,81,122,133,129,112,71,135,92,116,142,
86,59,112,107,130,103,134,142,89,125,96,149,120,67,82,135,122,133,129,75,128,97,91,144,137,136,99,138,101,110,68,121,147,141,115,146,117,148,111,87,140,124,71,118,132,131,127,116,143,139,145,
108,90,81,50,109,124,101,62,121,104,110,103,96,149,93,146,84,143,137,78,74,133,127,72,131,125,113,105,119,85,144,138,126,122,63,123,112,107,148,95,114,92,145,129,135,120,102,141,142,134,140,128,130,147,136,132,139,
133,122,107,94,130,103,134,142,125,96,120,82,101,87,110,138,128,136,75,112,86,145,144,115,97,118,147,89,148,132,139,121,131,137,135,116,99,140,111,141,117,146,127,68,149,91,143,124,67,
134,133,108,149,61,148,119,126,100,77,106,142,83,147,88,52,80,123,65,98,
143,83,77,145,104,136,129,138,146,90,113,130,108,142,119,126,80,106,148,69,123,88,100,134,70,149,98,147,133,144,65,
124,101,62,104,110,103,121,96,149,93,146,84,137,74,127,72,125,113,105,119,85,138,126,122,123,112,107,148,95,144,114,109,92,145,133,129,135,131,120,143,102,141,142,134,140,128,130,147,136,132,139,63,
127,85,72,78,90,98,108,76,66,63,149,112,107,74,92,135,133,84,125,131,120,141,140,132,95,138,136,93,122,134,130,128,137,109,146,105,148,119,139,102,145,143,142,113,114,147,104,123,129,126,144,
88,83,106,77,100,149,126,148,142,108,
127,99,135,97,139,91,147,144,124,141,145,94,115,149,148,79,116,146,143,140,117,118,
99,127,135,97,147,144,124,141,145,94,115,149,148,79,116,146,143,140,117,118,
139,99,127,135,97,147,144,124,141,145,94,115,149,148,79,116,146,143,140,117,118,
116,92,71,112,129,133,122,81,118,82,120,124,111,148,107,96,137,125,142,101,134,121,103,144,140,132,149,130,138,136,128,110,147,139,127,146,141,131,135,143,145,
135,132,141,120,88,122,109,93,140,73,149,90,108,145,126,136,144,104,133,134,138,123,146,147,106,148,119,129,100,142,113,130,98,69,128,137,125,139,105,102,143,114,76,
113,123,85,111,64,107,126,114,109,95,138,81,124,129,92,135,133,96,139,122,120,144,101,125,82,142,134,121,103,146,140,132,149,112,130,136,128,110,147,148,137,127,141,131,143,145,
107,130,103,134,142,125,96,120,82,122,133,129,112,75,149,97,91,128,89,137,136,99,138,101,110,68,147,141,115,146,117,148,111,87,124,118,132,131,121,144,140,127,116,143,135,139,145,71,
131,100,106,66,109,95,138,120,141,98,132,135,76,119,113,140,93,136,130,149,102,145,139,108,126,148,105,129,144,133,90,134,123,142,104,147,146,137,128,125,143,114,122,78,73,
119,80,148,83,100,106,123,77,88,149,98,126,142,108,
104,110,103,121,96,93,84,74,72,113,105,146,119,85,126,122,127,123,112,149,107,148,144,114,109,92,133,129,135,131,120,143,102,141,142,134,140,125,137,128,145,130,147,136,95,132,138,139,
112,107,74,92,133,84,125,131,120,141,140,132,95,136,122,135,93,134,130,128,137,109,146,105,138,148,119,139,102,143,142,113,114,147,145,104,123,129,126,149,144,
126,114,109,95,81,129,92,124,133,96,122,120,107,144,125,142,134,121,103,140,132,149,112,130,101,138,136,128,110,147,139,148,137,127,146,141,131,135,143,145,
147,133,98,134,88,123,100,80,149,126,148,119,142,106,108,
95,120,141,132,135,76,113,140,93,130,149,102,139,145,108,98,126,136,148,129,144,133,134,119,138,123,142,105,104,146,109,147,90,137,128,125,143,114,122,78,
124,143,91,149,127,148,146,117,141,111,140,99,145,116,135,137,131,121,139,132,89,147,118,97,115,144,86,
112,97,91,89,75,137,136,128,138,110,141,115,146,117,148,87,118,149,132,101,111,131,121,144,140,127,124,147,116,143,135,139,145,99,
130,113,100,90,106,147,146,142,123,138,119,134,133,144,129,148,136,98,126,104,145,108,149,
138,136,147,133,144,98,134,88,123,100,80,149,126,148,119,142,106,108,
129,133,122,118,82,120,124,111,148,96,125,142,134,121,103,140,132,149,112,130,101,138,136,128,110,147,139,137,127,146,141,144,107,131,135,143,145,
105,113,119,85,122,127,126,123,112,149,107,144,114,109,146,92,129,135,131,133,120,143,141,142,134,140,125,148,137,128,145,130,147,136,132,95,138,139,102,
128,137,125,106,149,108,145,104,126,98,139,136,148,129,144,133,134,119,138,123,142,146,105,147,90,102,143,114,113,130,
92,84,131,120,141,140,132,95,122,135,93,130,128,137,125,109,146,138,148,119,139,102,142,105,113,143,114,136,147,145,123,129,126,149,144,133,134,
136,128,138,110,115,117,87,132,118,141,111,149,137,131,121,144,140,127,124,147,143,101,148,135,116,139,145,146,99,
140,93,149,102,145,98,126,136,148,129,144,133,134,119,138,123,142,104,146,147,90,137,128,125,109,139,143,114,113,130,105,108,122,
106,83,
135,122,132,140,141,120,93,128,137,125,109,138,148,119,139,142,113,143,114,136,147,130,145,146,123,129,126,102,149,144,133,104,134,105,
144,147,124,145,115,148,149,116,146,143,140,94,117,141,118,
88,123,100,149,126,148,142,106,108,
129,124,133,122,120,107,96,125,142,134,121,103,132,149,130,101,136,128,110,139,148,138,137,127,146,140,141,112,144,131,135,143,147,145,
120,124,111,96,125,142,134,121,103,132,149,130,101,136,128,110,139,148,138,137,127,146,140,141,112,144,131,135,143,147,145,

131,120,141,140,132,122,135,93,128,137,125,109,138,148,119,139,142,113,143,114,136,147,130,145,146,123,129,126,102,149,144,133,134,105,95,
127,126,123,112,107,114,109,92,135,131,129,133,120,149,143,141,142,134,140,125,148,137,128,145,122,146,144,130,147,136,132,138,139,95,
97,118,147,132,139,121,131,137,135,116,145,99,140,111,144,115,141,117,146,89,148,127,149,91,143,124,
132,118,111,149,137,131,121,140,127,146,144,141,124,143,148,135,116,147,145,139,
149,100,126,148,142,106,
132,139,121,131,137,118,135,116,99,140,144,141,117,148,115,146,127,149,111,143,124,145,147,
146,104,138,134,147,133,144,129,136,119,126,148,149,142,123,145,
139,97,135,116,144,118,140,99,141,117,148,115,146,127,149,143,124,145,147,
135,131,129,133,120,143,141,142,134,140,125,148,137,128,145,122,146,144,130,147,136,149,132,138,139,
128,137,125,109,148,139,119,142,143,114,113,136,147,130,145,146,123,129,126,102,149,144,138,133,134,105,

135,122,132,140,141,120,109,134,142,133,125,148,137,114,128,145,146,129,144,143,130,147,136,149,138,139,
142,134,125,121,103,149,130,136,128,110,148,138,137,132,139,127,146,140,141,144,131,112,135,143,147,145,
135,140,144,118,141,117,148,115,146,116,149,143,145,124,147,127,
108,142,149,148,126,123,
135,140,144,118,141,117,148,115,146,116,149,143,145,124,147,127,
148,142,106,
137,132,121,127,144,140,141,149,143,148,131,135,147,145,146,139,
139,119,143,114,113,147,130,145,146,129,126,148,149,142,123,144,138,136,133,134,
130,136,128,110,148,138,137,132,139,127,146,140,141,144,131,112,149,143,135,147,145,
134,147,133,138,144,129,136,119,126,148,149,142,123,
139,143,114,113,147,130,145,146,129,126,148,149,142,123,144,138,136,133,134,

135,120,143,141,142,134,140,125,148,137,128,145,146,144,130,147,136,149,132,138,139,131,
142,148,149,126,
134,142,133,125,137,128,145,146,129,144,143,130,147,136,149,148,138,139,
138,137,132,139,127,140,141,144,131,149,143,148,135,147,145,146,
137,131,121,127,144,140,141,124,149,143,148,135,147,145,146,139,
137,132,141,140,135,128,146,144,131,143,145,136,149,147,148,138,139,
145,146,129,126,148,149,142,123,144,138,136,133,147,130,134,
143,145,146,130,129,144,133,138,149,136,147,142,148,134,
146,149,143,
146,149,148,143,
149,146,
141,148,146,149,143,145,
126,148,149,142,123,
141,142,134,140,125,137,128,145,146,144,143,130,147,136,149,132,148,138,139,
127,140,141,144,149,143,148,135,147,145,146,139,
134,142,125,137,128,145,146,144,143,130,147,136,149,148,138,139,133,
142,148,149,126,
147,141,148,146,149,143,145,
137,128,146,144,143,130,145,136,149,147,148,138,139,
149,148,142,
141,144,149,143,148,147,145,140,146,135,
146,144,143,145,136,147,149,148,138,139,
144,138,136,133,147,142,149,148,134,
146,145,136,147,149,148,138,144,
139,135,146,140,145,147,148,143,149,144,141,
137,148,146,144,149,143,147,145,139,140,
147,142,149,148,134,
148,149,147,142,
140,145,147,148,143,149,144,146,141,
147,149,148,138,
146,144,149,143,148,147,145,139,
148,149,147,
145,147,148,143,149,144,146,
145,147,148,143,149,144,146,
146,149,148,143,

149,146,
148,149,147,
149,148,
149,
149,148,


Past links sets, 

0,

0,
0,
0,
1,

1,2,4,
2,3,4,6,
1,2,4,
3,4,5,6,
3,5,6,
0,2,7,
7,10,
5,8,9,
14,
3,5,6,
8,9,5,10,
10,15,
11,15,
11,12,
7,18,
4,13,
2,7,
0,2,7,
20,
23,
2,17,21,
11,16,19,22,
7,18,19,20,
9,8,13,16,
17,21,
11,12,17,
24,25,
3,27,16,6,8,
11,12,17,
8,16,27,
12,22,26,30,
32,
13,29,
15,28,
39,
13,29,
13,29,
9,35,37,
13,26,29,30,
24,25,37,
32,33,36,
8,33,28,42,9,
12,46,
21,29,13,38,
48,
24,25,
24,25,
24,25,
27,31,43,44,
30,26,41,
23,44,43,40,20,31,
19,22,31,45,
14,28,38,
8,48,28,42,9,
21,38,40,50,
50,51,
26,30,58,
26,41,48,49,
51,60,
5,47,45,34,31,
47,59,
49,57,
7,18,49,19,41,36,26,
20,40,56,59,
43,44,51,62,
29,32,57,60,
62,28,63,
34,68,
57,66,
26,61,41,52,49,
41,46,66,
16,27,55,54,34,53,
61,65,70,
64,12,56,46,35,
47,58,71,
77,
43,74,
58,72,
19,22,67,
43,44,75,
52,57,80,
68,86,
69,73,46,76,
53,68,86,
35,85,74,64,56,
84,44,78,32,76,
6,47,79,
66,64,84,85,
81,62,82,
54,55,91,
61,65,76,73,70,69,
54,91,89,75,44,55,
16,60,69,88,
50,75,81,82,
23,93,73,72,31,42,
96,
36,90,78,63,62,
23,31,93,73,72,39,
13,73,77,100,
17,47,81,71,85,63,
46,52,80,98,
93,95,
75,103,
26,89,87,82,30,
34,103,68,63,85,
58,69,102,105,
33,102,95,105,
97,79,99,
40,56,99,79,20,97,87,
97,79,99,
71,99,79,97,87,
61,104,102,70,65,
57,78,107,92,82,95,
96,101,111,
47,71,32,76,95,92,81,78,
119,80,113,98,85,
50,79,111,81,99,97,
73,122,120,109,96,
64,88,108,123,
85,121,110,99,97,
112,75,125,
81,92,114,109,71,104,25,113,
103,113,114,125,
60,84,92,101,112,107,111,110,
89,87,120,110,112,101,
65,70,122,129,
96,120,133,
57,131,127,95,78,
128,129,70,130,
111,125,132,
110,136,
91,102,105,137,131,55,121,128,
76,79,132,135,
118,124,120,135,
100,126,134,
114,49,115,141,116,140,139,
70,130,139,140,129,
90,118,140,130,139,36,124,
36,143,130,90,117,
138,124,134,144,
100,116,147,145,141,126,
145,126,146,147,
Future links sets, 
13,1,25,3,4,5,
10,8,6,
28,25,8,24,13,9,10,
35,9,11,12,17,
23,8,9,10,11,
18,11,67,12,17,15,
35,9,11,12,94,17,
70,30,25,14,13,24,22,
61,49,37,15,35,18,31,
61,49,15,45,18,31,
18,19,14,
36,20,21,29,33,
81,50,21,36,33,38,
46,44,23,43,31,106,51,40,
60,16,
41,20,19,
100,29,31,79,35,37,
107,28,33,32,36,
70,30,22,
86,29,30,59,70,
116,26,71,30,58,
51,62,32,28,
86,38,59,29,
105,58,102,27,
55,34,54,47,53,
129,55,34,54,47,53,
111,77,70,65,38,46,57,64,
79,56,37,35,
74,41,61,49,60,
73,51,40,43,44,46,
111,38,46,57,64,
105,102,58,59,56,67,
122,39,48,73,93,
114,49,48,
79,75,112,67,
92,81,45,
146,48,70,145,104,
47,45,
62,60,51,
105,42,
116,71,62,58,
78,57,77,65,70,
102,61,49,
87,56,58,72,84,
99,93,56,58,72,87,
67,59,
108,50,90,78,81,
107,122,67,82,68,94,
65,61,52,
65,70,69,143,77,
124,101,63,62,
72,66,63,
108,88,77,
91,79,
97,99,79,
97,139,99,79,
92,116,81,71,
135,69,73,88,120,76,
113,85,82,64,
71,68,
100,73,131,66,
119,98,80,77,
96,104,74,72,
112,107,104,74,
95,92,126,81,
119,133,98,80,
95,78,76,
86,
112,91,89,75,
113,98,100,90,
136,80,98,144,133,119,
82,122,129,107,118,
102,105,85,
125,106,90,105,98,102,
92,84,
128,87,101,99,110,
140,90,93,98,122,
106,83,
135,93,104,120,122,
124,140,118,115,94,116,117,
123,108,88,
124,101,129,96,107,122,
120,111,101,96,

131,95,93,
127,92,107,123,112,95,
91,89,
132,118,116,111,
126,100,
132,111,99,
146,145,104,
139,99,97,
131,129,122,120,
109,105,102,

135,114,109,120,122,
134,125,121,103,
124,115,127,116,117,118,
123,108,
124,115,127,116,117,118,
148,142,106,
132,131,121,
139,119,114,113,
112,130,110,
129,119,
139,114,113,

131,120,
126,
129,125,
138,131,132,127,
137,124,131,121,
132,131,128,
130,129,123,
143,130,129,
143,
148,143,
146,
145,141,
123,
141,134,132,125,
139,127,
133,125,
126,
147,145,141,
137,130,128,
149,148,142,
135,
139,136,
144,136,133,
145,144,146,136,
139,135,
140,137,
134,
147,142,
141,140,
138,
139,
147,
145,144,143,
145,144,143,
148,143,

146,
147,
149,148,
149,
149,148,


Coordinates,
0.0987622,4.79679,
0.675781,4.54128,
0.0195451,3.66868,
1.09959,4.73923,
0.509311,4.13778,
1.22581,4.809,
1.04133,4.42163,
0.0119222,3.17517,
0.900613,3.76933,
1.11854,3.8734,
0.70195,3.40581,
1.70221,4.39381,
2.30056,4.66778,
0.485028,2.83805,
0.72427,3.05595,
1.50027,3.80626,
0.783179,2.96224,
2.91872,4.94691,
1.43476,3.46227,
1.50037,3.51001,
1.83605,3.82555,
2.56963,4.50843,
1.47543,3.29192,
0.625687,2.34517,
0.0391407,1.75291,
0.154861,1.80517,
2.24776,3.89419,
0.644762,2.11748,
2.97162,4.40597,
1.70409,3.08322,
2.21198,3.55538,
1.12244,2.38792,
3.62996,4.80389,
3.84121,4.91011,
0.428242,1.45561,
1.10604,2.10342,
3.99014,4.95755,
0.951575,1.8982,
2.49801,3.43773,
3.80481,4.71976,
1.81586,2.70963,
3.3738,4.26548,
3.82196,4.70609,
1.7676,2.55786,
1.71263,2.47716,
1.12189,1.86852,
2.27137,2.95973,
1.01928,1.69885,
4.31717,4.95862,
3.88733,4.41832,
2.33281,2.83979,
2.73337,3.18086,
4.5767,4.98643,
0.370503,0.742269,
0.333281,0.683744,
0.36701,0.71366,
1.79852,2.13068,
3.39328,3.72453,
1.99895,2.32161,
1.55359,1.86665,
3.2574,3.53273,
4.42728,4.57763,
2.57679,2.71451,
2.86231,2.91305,
2.26478,2.28584,
4.33465,4.35208,
3.3078,3.25789,
1.26137,1.20085,
1.58421,1.50134,
3.94247,3.8321,
4.19063,4.05362,
1.97719,1.82769,
2.74836,2.56778,
3.67519,3.41682,
2.98866,2.70864,
1.6971,1.40339,
3.58725,3.28758,
4.89598,4.55085,
3.39027,3.03047,
0.8898,0.503771,
4.53657,4.13967,
2.30899,1.90252,
2.0741,1.65932,
4.94814,4.53328,
3.1253,2.65523,
2.85315,2.3706,
1.53086,1.03717,
1.76967,1.22153,
4.62136,4.01643,
1.68179,1.00521,
3.97226,3.20537,
1.64925,0.715815,
3.02762,2.0697,
3.64783,2.67945,
1.04234,0.0573766,
3.35714,2.30451,
2.64326,1.58832,
1.68022,0.621044,
4.4489,3.36666,
1.72641,0.627624,
4.86121,3.73301,
2.46937,1.31348,
3.82863,2.65399,
2.71228,1.52489,
4.15696,2.93843,
3.81309,2.57557,
4.90903,3.64901,
2.92671,1.6653,
4.61574,3.33782,
3.67404,2.27832,
2.72752,1.32538,
2.26091,0.823529,
2.88087,1.42141,
3.95237,2.47147,
3.86021,2.32527,
1.74933,0.207843,
1.84237,0.243792,
1.73217,0.127494,
1.97972,0.271891,
4.43887,2.68965,
3.46178,1.61839,
2.68719,0.767997,
3.63125,1.69826,
4.56992,2.51939,
2.46005,0.34509,
3.69648,1.5598,
4.64297,2.42816,
2.85981,0.594488,
3.77488,1.38863,
4.17711,1.78717,
3.95897,1.51828,
3.28471,0.799928,
3.512,0.83411,
4.36033,1.66795,
4.37676,1.58755,
3.39425,0.577618,
4.20776,1.37443,
3.75794,0.815266,
4.26324,1.3168,
3.83647,0.687757,
3.6205,0.420546,
3.51192,0.249105,
4.88134,1.58622,
3.89686,0.178189,
4.20537,0.414115,
4.13433,0.263212,
4.09388,0.093324,
4.40828,0.284279,
4.87575,0.217219,
4.77219,0.0834173,
