Storage option,sets
Size,50
Dimension,2
Shape,cube
Spacetime,black hole
Past sets, 



1,
0,




0,4,



2,

5,6,
1,3,
8,
2,5,6,7,
2,5,7,

1,3,4,0,9,
1,3,10,11,12,8,17,
17,8,12,11,10,3,1,22,
14,6,5,15,20,
14,7,18,5,15,2,6,19,
8,4,0,9,1,3,16,
1,3,10,11,12,2,13,8,17,
9,0,4,16,3,1,21,
13,19,6,2,15,5,18,7,14,25,
14,20,
14,6,5,15,20,
2,0,22,1,16,3,11,12,8,4,17,10,23,
7,20,2,15,18,5,19,6,14,24,
14,6,5,15,20,
6,20,14,30,
9,26,23,2,0,22,1,16,32,3,11,12,8,4,17,10,
6,18,7,27,1,3,10,11,12,2,13,8,17,22,19,5,
6,7,5,27,1,3,10,23,11,12,2,13,8,17,22,19,
16,7,5,27,1,3,10,23,11,12,2,13,8,17,22,19,
24,7,20,2,15,6,14,18,5,31,
5,30,14,20,6,35,
25,33,7,20,2,15,18,5,19,6,14,24,29,13,
16,18,19,22,17,37,8,38,12,6,7,5,27,1,3,10,23,11,2,13,
35,6,20,14,30,5,41,
25,40,14,24,7,20,33,15,6,19,18,5,2,31,
31,2,45,6,19,25,40,14,24,7,20,33,15,18,34,5,
21,13,27,10,17,4,8,7,36,23,9,22,26,0,2,1,16,3,32,11,12,
4,0,26,13,2,11,23,39,10,32,3,1,27,43,17,16,18,5,19,6,22,37,8,9,38,12,36,7,
7,41,15,2,31,18,30,14,20,6,35,5,34,24,
Future sets, 
9,48,36,26,28,47,21,32,4,
38,37,26,16,27,23,36,43,3,32,28,48,22,47,21,39,
36,32,25,46,33,45,39,13,42,29,37,19,48,43,38,27,40,47,18,49,
27,23,16,43,32,28,36,48,22,47,21,39,26,37,38,
32,21,47,28,26,36,48,9,
41,38,39,37,19,48,43,44,15,34,31,18,25,33,46,45,29,42,40,49,24,
38,41,35,37,48,43,44,15,34,31,18,25,33,46,45,29,42,40,49,24,
38,39,47,18,49,40,43,37,29,42,45,48,19,33,46,25,
22,48,37,32,47,38,26,39,36,23,27,43,17,
36,48,26,28,47,21,
27,23,36,39,43,38,47,32,37,48,22,
27,23,36,39,43,38,47,32,37,48,22,
27,23,36,39,43,38,47,32,37,48,22,
42,29,37,48,43,38,39,47,27,
34,31,24,49,40,42,29,45,46,33,25,30,41,44,35,
34,31,25,33,46,45,29,42,40,49,24,
43,32,28,36,48,47,39,26,
27,23,36,39,43,38,47,32,37,48,22,
49,40,43,48,37,29,42,45,33,46,25,
39,43,48,37,29,42,45,33,46,38,25,
34,35,31,44,41,30,33,46,45,42,40,49,24,
47,28,
37,32,47,48,38,43,39,36,23,
39,43,38,36,48,47,32,
49,40,42,45,46,33,
46,45,42,29,
47,48,36,
47,39,38,43,48,37,

42,
41,49,44,35,
49,45,46,40,
47,48,36,
46,45,42,
49,46,
44,49,41,
48,47,
48,43,
48,43,
48,
46,45,
49,44,

48,

46,




Past links sets, 



1,
0,




4,



2,

5,6,
3,
8,
2,5,6,7,
2,5,7,

3,9,
3,10,11,12,17,
22,
14,15,20,
14,15,18,19,
8,9,16,
3,10,11,12,13,17,
16,21,
13,25,
14,20,
14,15,20,
2,4,16,23,
18,19,24,
14,15,20,
6,30,
26,32,
18,19,22,27,
6,19,23,27,
16,19,23,27,
24,18,31,
5,35,
29,33,
16,37,38,
41,
25,33,40,
34,45,
7,21,27,36,
36,39,43,
24,18,31,34,41,
Future links sets, 
4,
3,
32,19,18,13,
27,22,21,16,
32,9,
19,18,41,15,
38,35,18,15,
47,19,18,
26,17,
26,21,
27,22,
27,22,
27,22,
29,27,
34,31,30,25,24,
34,31,25,24,
43,32,28,39,26,
27,22,
49,40,37,33,25,
39,37,33,38,25,
34,31,30,24,
47,28,
37,23,
39,38,32,
49,40,33,
45,29,
36,
47,39,38,37,

42,
35,
49,40,
36,
45,42,
49,46,
41,
48,47,
43,
43,
48,
45,
49,44,

48,

46,




Coordinates,
0.238722,0.811636,
0.417702,1.54758,
0.504412,2.83482,
0.565945,1.47986,
0.697487,0.806363,
0.76233,3.12086,
0.773221,3.30961,
0.82785,2.89602,
0.911717,1.72689,
0.962631,0.627002,
1.02837,2.09239,
1.0661,1.86625,
1.06908,1.95112,
1.12711,2.28551,
1.16873,3.45168,
1.19767,3.11375,
1.25362,1.03276,
1.3077,1.56632,
1.31782,2.82206,
1.37058,2.56054,
1.3892,3.72492,
1.71537,0.534748,
1.74945,1.39923,
1.95151,1.24134,
2.00002,3.23566,
2.14173,2.55236,
2.14548,0.59408,
2.26068,1.43135,
2.27851,0.0756264,
2.49582,2.38677,
2.55078,3.80558,
2.57164,3.39079,
2.60685,0.767578,
2.63893,2.61849,
2.70573,3.4406,
2.77807,3.72016,
2.8124,0.574436,
2.83752,1.31931,
2.89423,1.20768,
3.06631,0.929102,
3.12481,2.92286,
3.15396,3.68763,
3.1699,2.2594,
3.20874,1.00995,
3.30491,3.69493,
3.35741,2.7023,
3.61962,2.5678,
3.69088,0.134062,
3.74518,0.539105,
3.82241,3.17181,
