Storage option,sets
Size,100
Dimension,2
Shape,cylinder
Spacetime,BlackHole
Past sets, 













7,

3,

1,

7,


1,
6,14,
3,4,12,
1,


6,10,
1,
6,

4,
15,12,4,3,24,

11,
20,
1,20,
3,
20,21,


31,40,

4,12,3,15,


24,15,3,12,4,44,
21,

3,31,40,
12,4,3,24,
1,36,21,20,39,
31,3,38,
40,31,42,3,50,

21,20,39,
17,20,22,25,1,29,
17,22,25,1,29,
29,37,20,21,36,1,39,52,
17,22,25,29,36,20,1,37,
41,40,31,42,
1,36,21,20,39,
4,15,3,12,38,
15,31,3,38,
46,49,
31,38,12,3,15,4,63,
46,49,
43,45,21,48,


41,46,49,55,
20,43,21,48,
22,25,29,36,1,37,21,20,39,
70,
21,43,45,
20,39,43,21,48,
46,
48,39,20,21,43,56,
20,48,21,45,43,68,
69,
40,65,55,49,46,41,71,


48,21,56,43,39,20,76,
68,43,45,21,48,20,79,
65,49,46,67,
82,
21,43,45,
43,45,


48,45,43,21,75,



49,67,69,70,74,46,77,
55,65,49,46,67,

46,69,70,74,
Future sets, 

62,52,37,59,29,25,22,57,58,73,60,17,

33,44,47,50,24,63,53,66,38,51,64,54,15,
66,44,32,33,47,51,63,24,

30,28,23,
19,13,


28,
35,
66,44,33,47,51,63,24,

23,
64,66,63,47,44,33,

60,58,57,


79,72,36,62,73,60,59,52,39,78,37,76,84,85,56,57,
75,68,39,78,52,76,73,62,84,85,56,88,59,72,48,92,79,
73,60,58,57,

51,47,33,
73,60,58,57,



73,60,59,58,57,

64,66,53,50,54,61,42,




62,73,60,59,52,
73,60,59,
64,63,66,53,
76,73,62,84,56,59,78,52,
50,54,61,81,42,
81,71,61,
61,54,
78,84,89,76,88,75,92,79,72,85,68,
47,
89,88,75,92,79,85,68,
77,96,67,81,99,86,71,97,65,

78,84,76,92,79,72,85,68,
96,67,81,86,71,97,65,
54,

59,


81,97,71,
84,78,






66,

97,86,81,

97,96,86,
85,79,
99,96,80,
96,99,74,
81,


99,96,
92,
84,
96,

85,


87,

















Past links sets, 













7,

3,

1,

7,


1,
6,14,
3,4,12,
1,


6,10,
1,
6,

4,
15,24,

11,
20,
1,20,
3,
20,21,


31,40,

4,12,15,


24,44,
21,

3,31,40,
24,
1,36,39,
31,38,
42,50,

39,
17,20,22,25,29,
17,22,25,29,
29,37,52,
17,22,25,29,36,37,
41,42,
1,36,39,
4,15,12,38,
15,31,38,
46,49,
31,63,
46,49,
43,45,48,


41,46,49,55,
20,43,48,
22,25,29,36,37,39,
70,
21,43,45,
39,43,48,
46,
48,43,56,
20,68,
69,
40,65,71,


56,76,
79,
65,67,
82,
21,43,45,
43,45,


48,75,



67,69,74,77,
55,65,67,

46,69,74,
Future links sets, 

62,52,37,29,25,22,17,

38,50,24,15,
44,32,63,24,

30,28,23,
19,13,


28,
35,
44,63,24,

23,
64,63,44,33,

60,58,57,


79,72,57,39,37,36,
88,75,48,39,
73,60,58,57,

51,47,33,
73,60,58,57,



73,60,59,58,57,

64,66,53,50,42,




62,73,60,52,
73,60,59,
64,63,53,
76,73,62,56,52,
50,81,42,
71,61,
61,54,
78,89,76,88,75,72,68,
47,
89,88,75,68,
99,77,71,67,65,

92,78,76,72,68,
71,67,65,
54,

59,


97,71,
84,78,






66,

97,86,81,

97,96,86,
79,
99,96,80,
74,
81,


99,96,
92,
84,
96,

85,


87,

















Coordinates
-5.99946,-0.306379
-5.97305,0.965691
-5.96726,-0.418683
-5.95931,-0.976363
-5.94485,-0.849331
-5.93805,-0.574549
-5.92896,0.690374
-5.90939,-0.477437
-5.89458,0.304459
-5.86762,-0.0732776
-5.86241,0.733701
-5.85266,0.480938
-5.84549,-0.824103
-5.78635,-0.397263
-5.76901,0.486342
-5.7606,-0.830618
-5.72442,0.296305
-5.71292,0.740257
-5.68233,-0.443164
-5.66759,-0.253005
-5.65315,0.94519
-5.6424,0.996095
-5.63087,0.782459
-5.61772,0.3813
-5.61115,-0.629348
-5.60404,0.740414
-5.60357,0.213541
-5.55108,0.0499271
-5.55039,0.438651
-5.54905,0.762163
-5.52926,0.373245
-5.50971,-0.880687
-5.4921,-0.402205
-5.43783,-0.513619
-5.42079,-0.287629
-5.40221,0.070886
-5.39631,0.736169
-5.33748,0.668004
-5.32564,-0.689265
-5.32518,0.778707
-5.31165,-0.814714
-5.27809,-0.820219
-5.23628,-0.763281
-5.2184,0.959912
-5.19491,-0.400341
-5.15126,0.966873
-5.12182,-0.893158
-5.10313,-0.313407
-5.09892,0.769999
-5.09588,-0.862292
-5.07874,-0.586323
-5.02125,-0.0717125
-5.0117,0.495752
-4.9981,-0.493406
-4.99281,-0.533863
-4.97628,-0.70494
-4.97266,0.58622
-4.91143,0.216418
-4.88263,0.158658
-4.81764,0.336847
-4.79994,0.143615
-4.7971,-0.468045
-4.79202,0.391366
-4.78167,-0.150609
-4.74773,-0.219102
-4.73165,-0.629108
-4.72649,-0.0987198
-4.71638,-0.668957
-4.70389,0.525931
-4.70225,-0.844066
-4.69371,-0.777775
-4.63711,-0.499166
-4.61772,0.421493
-4.61676,0.0713564
-4.57245,-0.711267
-4.5646,0.506943
-4.55046,0.338838
-4.52234,-0.600235
-4.51594,0.27213
-4.44849,0.321813
-4.38727,-0.670089
-4.29639,-0.226101
-4.29633,-0.684808
-4.23656,-0.682219
-4.21523,0.0185307
-4.21044,0.125099
-4.20612,-0.237681
-4.20432,-0.630209
-4.20183,0.276137
-4.19966,0.393191
-4.16044,0.522443
-4.1537,-0.652966
-4.1398,0.174901
-4.11908,0.514064
-4.11077,0.587175
-4.10188,0.53228
-4.10128,-0.270689
-4.0396,-0.0687694
-4.0215,-0.72559
-4.0156,-0.292706
r_S,2
Lambda0,2,
Lambda1,5,
Lambda2,8,
Lambda3,9,
Lambda4,13,
Lambda5,16,
Lambda6,18,
Lambda7,19,
Lambda8,23,
Lambda9,26,
Lambda10,27,
Lambda11,28,
Lambda12,30,
Lambda13,32,
Lambda14,33,
Lambda15,34,
Lambda16,35,
Lambda17,47,
Lambda18,51,
Lambda19,53,
Lambda20,54,
Lambda21,57,
Lambda22,58,
Lambda23,59,
Lambda24,60,
Lambda25,61,
Lambda26,62,
Lambda27,64,
Lambda28,66,
Lambda29,72,
Lambda30,73,
Lambda31,78,
Lambda32,80,
Lambda33,81,
Lambda34,83,
Lambda35,84,
Lambda36,85,
Lambda37,86,
Lambda38,87,
Lambda39,88,
Lambda40,89,
Lambda41,90,
Lambda42,91,
Lambda43,92,
Lambda44,93,
Lambda45,94,
Lambda46,95,
Lambda47,96,
Lambda48,97,
Lambda49,98,
Lambda50,99,