Storage option,sets
Size,150
Dimension,2
Shape,cube
Spacetime,BlackHole
Past sets, 








2,
0,



3,
1,
0,1,
0,1,
5,6,7,
1,10,
12,
2,4,
3,13,
5,6,
3,
0,11,12,
1,3,10,
11,12,19,
0,9,
3,
4,2,8,
0,18,1,10,3,14,
0,18,1,10,14,
13,18,10,1,25,3,
0,18,10,1,14,25,3,
8,2,4,29,
9,24,26,0,11,12,19,
2,20,4,26,11,12,19,
4,7,2,8,
4,5,8,2,7,6,
4,2,29,8,34,
8,19,12,11,26,4,20,2,36,
13,28,3,23,10,21,
15,16,10,0,31,14,18,1,
9,14,16,1,0,15,
4,5,8,2,7,6,
2,7,5,17,6,
2,8,7,5,17,6,
9,14,16,1,0,15,
2,20,4,26,11,12,8,19,
15,12,1,11,0,9,27,16,
9,14,16,1,0,15,
3,25,1,18,13,21,10,32,
4,2,8,7,5,17,6,
15,16,1,24,9,26,0,11,35,12,19,27,
4,2,8,7,5,17,6,
15,11,0,1,27,16,14,9,43,
2,20,1,24,9,26,0,11,35,12,19,4,27,
30,14,0,51,18,3,25,1,13,21,32,10,33,
23,28,51,3,25,1,13,21,10,32,18,41,
29,4,26,48,2,20,34,11,12,8,19,39,
11,0,15,47,1,50,27,16,14,55,9,43,
9,13,30,3,25,42,31,15,16,0,10,33,14,18,1,
13,28,3,23,10,21,
14,49,27,16,15,12,24,1,11,0,9,43,
9,30,3,25,42,31,15,16,0,10,33,14,18,1,
12,17,20,37,38,34,44,4,5,8,2,7,29,6,39,
15,16,36,8,2,56,19,20,1,35,24,9,26,0,11,12,4,27,40,
15,23,57,30,13,31,0,14,51,18,1,3,25,21,32,10,33,
1,62,13,28,3,23,10,21,41,
50,13,64,30,9,3,25,42,31,14,15,16,33,0,10,61,18,1,
4,35,20,2,26,63,14,12,49,15,27,53,16,24,1,11,0,9,43,19,56,
0,24,9,35,36,59,8,29,12,4,26,19,20,34,48,11,2,39,40,
56,19,9,0,11,16,53,15,14,63,49,26,2,43,20,12,35,27,4,1,24,70,
36,8,40,15,2,56,19,16,53,20,1,35,24,9,26,0,11,49,12,4,27,
9,23,31,16,15,57,30,13,0,14,51,18,1,3,25,42,21,32,10,33,
32,43,69,13,64,18,30,9,50,3,25,42,31,15,14,61,16,33,10,1,0,47,
13,50,43,11,27,64,30,9,3,25,42,31,14,15,16,33,0,47,10,1,18,55,
24,9,35,0,37,38,36,40,6,5,59,8,29,12,4,26,19,20,34,48,11,2,39,7,44,
32,21,57,13,64,30,9,3,25,42,31,51,14,15,16,33,0,10,61,18,1,
8,72,14,43,56,27,19,9,0,16,53,24,15,49,20,26,2,12,11,70,35,63,4,1,36,
13,28,3,23,10,21,
4,2,20,19,35,55,50,47,26,63,14,12,49,15,27,53,16,24,1,11,0,9,43,60,
25,68,13,1,23,62,28,3,10,21,18,41,
32,21,69,47,0,13,64,18,30,9,50,3,25,42,31,15,14,61,16,33,10,1,51,
24,30,3,25,33,31,42,60,9,43,11,0,15,12,49,10,47,1,50,16,27,14,18,55,
57,83,25,32,3,61,21,50,47,18,0,13,42,64,30,1,9,31,15,14,16,33,69,10,51,78,
28,58,67,15,23,16,57,41,0,30,13,10,51,32,31,14,33,18,1,3,25,21,
39,34,29,4,27,36,8,40,15,66,19,16,53,20,48,1,24,35,59,12,56,9,73,26,2,49,0,11,
41,28,58,74,51,9,32,23,0,31,16,15,30,13,14,18,1,3,25,42,21,67,57,10,33,
21,51,61,32,76,47,18,13,42,50,43,14,11,27,64,30,60,1,9,3,25,31,15,33,0,69,10,55,16,75,
32,51,82,68,13,1,18,23,25,62,28,3,10,41,21,58,
41,28,58,64,74,51,9,32,23,0,31,16,15,30,13,61,14,18,1,3,25,42,21,67,57,10,33,
31,33,0,14,30,18,32,25,51,41,57,10,3,28,15,62,23,1,13,21,68,58,
49,53,27,1,56,16,15,77,19,48,24,9,38,35,6,29,37,8,36,66,7,40,11,5,34,0,59,4,26,20,2,39,44,12,71,
30,3,25,33,18,31,10,42,81,2,20,49,19,35,55,26,50,47,4,63,14,43,12,15,27,56,53,24,16,60,1,11,0,9,
16,54,27,1,56,17,77,19,48,24,9,38,35,65,6,29,37,8,36,7,40,11,5,34,0,59,4,26,20,2,39,44,12,71,
34,29,39,47,48,55,66,40,8,72,43,56,27,19,9,0,16,53,24,15,14,73,49,79,20,26,2,12,70,11,35,63,4,1,36,
88,30,1,41,28,57,86,58,0,16,51,9,67,32,3,23,31,74,15,13,42,14,18,25,21,10,33,
17,93,56,19,49,12,53,16,27,1,38,15,77,40,48,11,24,9,35,6,29,66,37,0,8,36,7,44,5,34,71,59,4,26,20,2,39,
41,62,1,80,3,13,68,28,23,10,21,
20,19,35,26,53,4,63,2,61,32,64,13,55,24,30,3,84,25,33,31,1,60,42,9,43,14,11,0,15,12,49,69,10,47,18,76,50,75,16,27,
41,28,58,67,23,43,85,57,83,25,32,3,61,21,50,47,18,0,13,42,64,30,1,9,31,74,15,14,33,69,10,51,78,16,75,
67,23,74,78,83,57,15,21,51,14,61,32,69,76,47,89,10,18,55,13,50,42,43,11,85,27,64,30,60,1,75,9,3,25,31,33,0,16,
42,86,28,57,58,0,67,15,23,16,41,30,1,13,10,9,68,51,32,62,3,31,14,33,18,25,21,
61,70,64,13,76,20,30,3,25,33,18,55,31,10,47,84,42,81,2,49,12,19,56,35,26,63,50,4,14,43,94,15,27,53,16,24,60,1,11,0,9,
59,50,60,96,34,29,66,39,2,47,48,11,55,40,8,72,35,43,56,19,27,9,16,53,24,15,14,73,36,49,12,0,79,20,26,63,70,4,1,
40,36,70,72,8,20,30,3,25,33,18,55,31,10,47,84,42,81,2,49,12,19,56,35,26,63,50,4,14,43,94,15,27,53,16,24,60,1,11,79,0,9,
18,25,82,21,99,41,80,28,62,23,1,3,10,68,13,
11,27,101,64,41,78,28,58,21,67,30,23,43,85,57,83,9,25,32,69,3,61,50,13,47,10,18,0,74,42,1,75,31,15,14,51,33,16,
13,68,10,3,23,62,28,80,41,21,99,82,25,1,18,107,
11,27,91,101,64,41,78,28,58,21,67,30,23,43,85,57,83,9,25,32,69,3,61,50,13,47,10,18,0,74,42,1,75,31,15,14,51,33,16,
6,7,37,71,59,96,34,29,66,39,2,47,48,11,55,40,87,8,72,35,43,56,19,27,9,16,53,24,15,14,73,36,49,12,0,79,20,26,63,70,4,1,
41,62,1,80,3,13,68,28,23,10,21,
41,28,58,67,23,74,78,83,57,15,21,51,14,61,32,69,76,47,89,10,18,55,13,50,42,43,11,85,27,64,30,60,1,75,9,3,25,31,33,0,16,
14,90,32,13,25,68,1,58,18,23,80,28,3,82,41,51,10,62,21,
46,52,73,65,54,16,17,93,11,56,98,15,19,49,8,53,27,1,38,77,36,40,48,7,24,9,35,6,29,66,37,0,44,5,34,71,59,4,26,20,2,39,12,95,
67,92,33,0,58,14,30,1,18,32,62,3,31,90,25,51,41,57,28,10,68,15,82,23,13,21,
55,76,67,11,27,64,23,41,78,28,69,58,21,30,43,85,3,57,16,0,83,42,1,9,50,91,108,25,32,61,13,47,10,51,101,18,74,33,75,31,15,14,
21,72,75,69,32,61,18,70,27,64,13,56,76,33,20,63,30,3,25,55,12,31,10,53,47,4,84,42,81,2,49,19,35,26,50,14,43,0,94,104,15,16,24,60,1,100,11,9,
61,88,97,103,16,42,13,86,28,57,58,0,67,74,15,23,41,30,1,10,9,68,51,32,3,62,92,33,31,14,18,25,21,
13,68,3,1,10,23,62,28,80,41,21,112,
14,45,115,46,93,52,5,73,26,65,54,7,16,17,11,56,9,4,15,19,66,49,2,8,53,6,27,98,1,48,95,38,77,36,40,87,24,71,35,29,37,0,44,34,59,12,20,39,
54,65,63,70,79,73,14,43,72,55,47,16,17,93,11,56,98,15,19,49,8,12,53,27,1,38,77,36,40,48,7,24,9,35,6,29,66,37,0,44,5,34,71,59,87,4,26,20,2,39,96,
50,69,78,61,64,21,25,18,14,31,33,62,3,32,91,51,68,9,10,1,30,41,23,15,74,67,0,58,57,28,86,13,42,16,103,97,88,
4,35,26,53,63,49,12,24,19,102,61,67,23,64,74,33,78,42,57,16,15,21,51,10,14,55,32,69,76,47,89,18,13,50,9,43,1,84,11,85,3,27,30,60,75,25,31,83,0,
31,33,14,30,57,90,32,13,25,68,1,58,18,23,80,28,3,0,82,41,51,10,62,21,
81,5,44,77,38,93,17,60,50,6,53,7,37,71,24,59,12,96,2,49,34,29,66,19,39,47,0,48,98,1,11,55,105,8,40,87,72,35,43,56,9,27,16,63,15,111,14,73,26,36,79,20,70,4,
79,8,36,40,12,21,72,19,75,69,16,32,61,18,70,27,64,11,13,56,3,76,33,20,63,10,30,25,55,2,31,84,53,0,106,47,100,4,42,81,49,35,26,50,14,43,94,104,15,24,60,1,118,9,
73,79,8,36,40,12,21,72,19,75,69,16,32,61,18,70,27,64,11,13,56,3,76,33,20,63,10,30,25,55,2,31,84,53,0,106,47,100,4,42,81,49,35,26,50,14,43,94,104,15,24,60,1,118,9,
18,120,13,68,3,10,1,112,23,28,80,41,21,25,62,99,
30,0,99,114,14,90,68,21,32,107,13,82,25,1,58,18,41,23,33,80,28,51,3,10,62,109,
2,20,18,4,57,35,26,53,0,63,10,49,102,12,24,19,61,67,14,23,76,64,11,74,21,33,78,25,42,16,69,124,15,51,55,32,85,47,100,89,13,50,9,43,1,84,31,3,27,30,83,60,75,
70,56,81,94,2,20,18,4,57,35,26,53,0,63,10,49,102,12,24,19,61,67,14,23,76,64,11,74,21,33,78,25,42,16,69,124,15,51,55,32,85,47,100,89,13,50,9,43,1,84,31,3,27,30,83,60,75,
10,18,126,8,81,5,44,77,38,93,34,17,60,1,50,6,65,53,7,66,37,96,71,12,24,59,0,2,49,29,19,39,98,47,48,11,70,55,105,40,87,72,35,43,56,9,27,16,63,4,15,111,14,73,26,36,79,20,
99,21,58,114,107,28,62,25,23,112,80,1,10,68,13,41,120,14,51,90,32,18,3,82,109,
75,47,85,43,11,123,41,83,0,50,91,92,9,69,28,27,110,78,61,64,23,21,62,103,25,101,18,31,33,74,32,51,10,68,1,42,30,15,14,97,67,58,57,16,3,86,13,88,
61,74,88,103,21,13,23,82,15,68,9,10,28,57,116,41,51,25,31,90,3,62,32,18,1,30,14,33,92,67,58,0,42,86,16,97,
107,99,109,125,33,14,30,1,57,28,31,90,32,62,3,13,25,68,10,58,0,18,51,23,82,41,80,21,114,
62,68,86,88,117,23,55,76,67,58,27,74,64,41,78,31,28,75,69,21,30,43,85,3,50,57,10,16,97,0,47,83,42,1,9,91,11,108,61,14,25,32,110,13,51,101,18,33,15,
129,18,120,107,25,13,3,82,41,10,1,112,23,80,99,28,21,62,68,109,
80,136,13,61,74,88,103,21,62,23,82,41,0,15,68,10,51,9,92,28,57,16,33,116,25,31,90,32,18,1,42,30,97,14,67,58,3,86,119,
107,99,109,114,15,67,125,92,33,14,30,1,28,31,90,32,62,3,13,25,68,10,58,0,57,116,18,51,23,82,41,80,21,
60,62,86,88,117,23,55,76,67,58,27,74,64,41,78,31,28,75,69,21,30,43,85,3,50,57,10,16,97,0,47,83,42,1,9,91,11,108,61,14,25,32,110,13,51,101,18,33,15,
31,42,95,52,46,115,45,121,54,11,72,10,71,18,79,126,65,4,8,81,20,5,66,44,105,77,16,38,93,34,17,60,1,50,111,133,6,53,7,37,98,96,35,12,73,24,59,0,122,2,63,49,29,19,39,47,48,70,9,55,40,87,26,43,56,27,15,14,36,
74,9,16,86,42,21,80,41,82,23,51,18,116,57,0,58,10,68,25,13,3,62,32,90,31,28,1,30,14,33,92,125,67,15,114,109,99,107,103,
52,42,31,33,25,3,30,94,95,54,11,72,10,71,18,79,126,65,4,8,81,20,5,66,44,105,77,16,38,93,34,17,60,1,50,111,133,6,53,7,37,98,96,35,12,73,24,59,0,122,2,63,49,29,19,39,47,48,70,9,55,40,87,26,43,56,27,15,14,36,
113,101,108,91,58,28,41,117,132,14,70,11,56,81,94,35,2,61,20,18,131,4,63,57,26,85,53,0,10,69,49,102,43,12,24,83,19,78,67,23,76,64,74,15,21,33,25,84,42,16,75,124,51,55,32,47,100,89,30,13,50,9,1,60,31,3,27,
129,33,0,30,134,18,99,41,58,114,107,28,120,25,112,21,80,51,109,1,10,68,13,14,130,90,32,62,3,23,82,
74,88,9,16,86,42,21,80,41,82,23,51,18,116,57,0,58,10,68,25,13,3,62,32,90,31,28,1,30,14,33,92,125,67,15,114,109,99,107,103,
82,32,90,130,13,68,10,109,14,51,80,1,112,120,28,3,114,21,58,41,62,25,99,23,134,30,0,107,33,18,129,147,
Future sets, 
33,31,57,137,125,130,149,147,30,24,16,42,67,141,86,116,92,9,88,103,97,148,69,74,64,143,78,91,119,140,61,123,50,83,85,47,126,75,101,43,122,71,77,136,27,106,133,110,108,55,95,135,56,102,49,128,76,113,60,89,142,63,138,117,98,93,146,121,84,115,124,87,100,94,15,131,127,73,53,132,79,72,118,81,105,96,104,70,111,66,145,144,35,
99,112,120,68,56,25,32,90,58,51,82,109,139,107,129,18,95,16,87,73,115,93,98,49,53,66,15,14,121,42,134,55,114,50,47,126,81,79,133,105,60,96,122,43,111,63,142,72,70,149,33,143,64,30,89,148,69,147,88,31,110,130,145,86,94,106,84,76,135,123,83,100,118,128,75,127,104,131,125,92,137,78,141,103,132,74,113,119,57,136,116,97,140,61,85,144,138,101,117,67,146,91,108,102,124,
45,146,56,132,94,70,72,104,81,100,20,79,128,131,52,126,37,111,34,71,95,96,54,133,59,118,39,8,87,40,77,36,115,122,98,106,143,105,93,46,65,121,29,145,66,38,48,127,73,44,
30,28,33,145,94,106,84,64,25,13,76,147,69,140,104,61,132,75,146,100,32,103,82,127,128,57,67,138,118,80,141,62,123,124,102,41,112,85,74,135,78,149,139,68,131,83,144,89,107,99,142,109,125,129,58,86,51,120,113,108,101,92,21,110,117,97,119,148,136,134,91,88,114,137,130,90,116,23,
124,54,52,37,34,20,143,100,59,81,40,39,122,65,106,104,145,72,70,111,29,94,118,77,36,44,127,98,131,48,128,87,105,146,132,73,95,66,93,56,115,38,121,133,71,79,126,96,
44,77,93,38,143,65,95,122,17,54,145,45,46,115,98,121,126,52,133,22,
111,44,77,93,38,143,65,95,122,17,54,145,45,46,115,98,121,126,52,133,22,
44,38,77,93,143,133,65,95,122,17,54,111,37,145,45,46,115,98,121,126,52,
79,54,52,37,34,128,95,96,133,39,87,40,115,71,77,48,145,98,122,59,106,105,93,143,46,111,65,121,126,29,38,127,73,66,44,
103,97,148,88,74,64,78,91,119,140,61,69,123,50,83,85,47,75,101,43,71,77,136,27,133,110,108,55,95,135,56,102,49,76,113,60,89,142,138,117,98,93,146,121,84,115,124,87,100,63,94,131,127,73,126,53,106,132,79,72,118,81,105,143,122,96,104,70,128,111,66,145,144,35,
80,62,68,120,112,99,41,18,91,133,129,107,139,109,82,33,106,51,124,58,131,114,90,134,61,32,143,42,30,103,89,148,75,147,74,88,149,76,31,104,130,57,145,86,94,84,135,64,137,123,83,142,69,100,118,128,127,125,92,78,141,132,113,119,116,136,97,140,67,85,144,138,101,117,146,110,108,102,25,
135,110,108,102,76,113,89,117,138,55,36,40,142,59,24,106,84,104,145,72,63,146,105,77,35,118,71,95,56,93,49,132,53,94,127,115,124,87,128,48,131,100,98,121,73,96,133,70,111,81,122,79,60,143,66,126,26,
65,49,63,84,24,19,105,128,111,66,106,118,70,133,104,73,98,143,100,94,131,87,81,122,79,36,127,48,96,53,132,93,95,71,77,146,72,121,124,35,126,40,56,145,59,115,26,
76,69,104,61,75,100,32,82,127,128,67,118,57,80,141,62,123,124,102,41,85,146,74,135,132,78,139,131,83,144,89,107,99,142,109,125,129,68,86,147,112,51,120,113,108,101,138,92,103,110,117,140,97,58,119,21,148,136,134,91,88,149,114,137,130,90,116,
121,134,114,50,47,81,79,126,133,105,60,96,122,55,111,63,72,70,43,33,143,42,30,89,148,147,88,149,31,130,145,86,94,106,84,76,135,64,123,83,142,100,118,128,69,75,127,104,131,125,92,137,78,141,103,132,74,113,119,57,116,136,97,140,61,85,144,138,101,117,67,146,91,110,108,102,124,
92,116,86,141,67,66,53,43,140,83,142,75,124,85,132,102,118,128,108,61,100,64,69,146,49,117,110,113,127,138,91,104,119,78,145,123,76,143,74,135,88,101,148,144,47,97,131,84,106,94,103,89,136,42,70,72,63,111,55,122,96,60,105,133,126,79,81,98,93,121,115,73,87,50,
95,86,66,53,43,140,83,142,75,124,85,132,102,118,128,108,61,100,64,69,146,49,117,110,113,127,138,91,104,119,78,145,123,76,143,74,135,88,101,148,144,47,97,131,84,106,94,103,89,136,42,70,72,63,111,55,122,96,60,105,133,126,79,81,98,93,121,115,73,87,50,
126,133,65,95,122,145,143,45,46,115,98,121,52,54,
133,129,107,139,109,82,33,51,58,114,90,134,32,143,42,30,89,148,147,88,149,31,130,145,86,94,106,84,76,135,64,123,83,142,100,118,128,69,75,127,104,131,125,92,137,78,141,103,132,74,113,119,57,116,136,97,140,61,85,144,138,101,117,67,146,91,110,108,102,124,
128,111,66,106,105,118,70,133,104,73,98,143,100,94,131,87,81,124,122,79,36,127,48,96,53,132,93,56,95,71,77,146,115,72,121,35,126,40,145,59,26,
100,81,65,104,131,72,70,94,118,59,127,98,40,77,106,48,128,105,132,73,36,95,66,122,93,56,115,145,146,87,121,133,111,71,79,126,96,143,
127,128,118,80,62,124,102,67,85,74,132,78,131,83,89,107,99,142,109,139,82,125,129,86,112,120,113,108,101,144,138,92,135,57,146,103,110,117,51,140,97,58,147,68,119,148,123,136,134,91,88,114,137,141,41,130,90,149,116,

80,74,124,131,102,132,67,62,107,99,142,109,139,82,125,129,86,112,120,113,108,101,144,138,92,135,146,103,110,117,140,97,58,147,68,119,148,123,136,134,91,88,114,137,141,41,130,90,149,116,
84,63,35,72,146,77,71,95,56,93,132,53,127,115,124,87,131,94,100,98,121,73,104,96,133,70,118,81,79,105,143,106,122,145,66,111,128,126,
129,107,139,109,82,61,69,104,64,76,84,106,94,145,85,138,100,118,128,75,127,74,89,136,83,130,134,149,102,90,137,114,67,147,131,78,125,88,32,141,135,92,140,103,132,58,51,148,101,113,119,123,86,142,33,57,110,97,144,91,117,146,108,124,116,
59,40,35,72,146,77,71,95,56,93,132,53,48,127,36,115,124,87,131,94,100,98,121,73,104,96,133,70,118,81,79,105,143,106,122,145,66,111,128,126,
110,108,95,135,56,102,76,113,89,60,138,117,55,98,93,121,84,115,124,87,100,142,63,94,131,127,73,53,132,72,146,118,81,79,105,143,106,122,96,133,104,70,49,128,111,126,66,145,
80,62,107,99,142,109,139,82,125,129,86,112,120,113,108,101,144,138,92,135,146,103,110,117,140,97,58,147,68,119,148,123,136,134,91,88,114,137,141,41,130,90,149,116,
39,65,111,93,105,59,122,145,77,71,98,121,115,87,133,143,96,95,126,34,
147,149,130,145,94,106,84,76,64,83,100,89,118,128,75,127,104,131,125,88,92,137,78,141,103,132,74,69,148,142,113,119,123,86,57,136,97,135,140,61,85,144,138,101,117,67,146,91,110,108,102,124,116,
137,125,92,116,86,141,42,136,89,103,94,106,84,131,97,144,148,101,88,135,74,143,76,123,140,145,78,119,104,91,138,127,113,110,117,146,69,64,100,61,108,128,118,102,132,85,124,75,142,83,67,
100,118,128,127,89,136,83,130,134,149,102,90,137,114,67,147,131,125,78,88,135,92,141,140,103,132,85,58,74,51,148,101,142,113,119,123,86,57,97,144,138,91,117,146,110,108,124,116,75,
147,149,130,145,94,106,84,76,64,83,100,89,118,128,75,127,104,131,125,88,92,137,78,141,103,132,74,69,148,142,113,119,123,86,57,136,97,135,140,61,85,144,138,101,117,67,146,91,110,108,102,124,116,
95,96,143,126,133,87,115,121,98,71,77,145,122,59,105,93,111,65,39,
77,71,95,56,53,115,124,93,131,100,98,94,121,73,104,127,96,132,70,72,118,87,146,79,105,143,81,122,66,133,111,128,126,106,145,
127,77,128,105,73,95,66,122,115,145,98,121,40,87,133,111,71,79,126,106,96,143,93,
126,93,111,65,133,95,98,121,143,77,115,122,145,
126,93,65,133,95,98,121,143,77,115,122,145,
65,93,105,122,77,111,71,145,98,115,87,121,126,143,96,59,133,95,
127,77,128,73,95,66,105,122,115,98,87,121,96,133,111,71,145,126,106,143,93,
107,99,109,139,82,129,112,120,113,108,101,138,92,146,110,117,140,103,142,147,68,119,148,123,86,136,97,134,135,144,88,125,114,58,137,141,130,90,149,91,116,
103,94,106,84,97,148,88,144,74,143,76,123,140,145,78,119,104,135,91,127,113,110,117,146,138,136,69,64,131,100,61,128,118,89,102,101,132,124,108,85,75,142,83,
108,101,135,110,70,72,63,117,111,75,142,55,122,96,60,127,138,89,118,113,105,102,133,131,100,124,132,104,126,94,145,128,79,146,84,76,143,81,106,
126,93,65,133,95,98,121,143,77,115,122,145,
143,121,
121,143,115,
111,122,96,85,108,101,76,135,138,117,110,60,89,118,83,142,113,105,102,131,100,124,132,133,104,75,126,94,145,128,146,127,84,143,106,81,
93,105,122,77,111,71,145,98,115,87,121,126,143,96,59,133,95,
98,93,121,115,124,100,94,127,73,132,131,72,118,79,87,146,105,84,143,81,63,122,96,133,104,70,128,111,126,106,145,
85,108,101,76,135,138,117,110,75,123,60,89,118,83,142,113,105,102,131,100,124,132,133,104,126,94,145,146,127,128,69,84,143,106,81,
89,83,134,149,90,130,114,147,131,125,88,92,78,141,140,103,132,137,58,74,148,142,113,119,123,86,57,136,97,135,85,144,138,101,117,67,146,91,110,108,102,124,116,
121,143,145,115,
124,131,100,98,93,94,121,115,73,127,132,72,118,79,146,105,143,81,122,96,133,70,111,87,128,126,106,145,104,
95,121,143,115,122,145,
111,122,96,117,138,60,89,118,142,113,105,76,102,131,100,124,132,133,104,126,94,145,128,146,127,84,143,106,81,
95,94,93,143,106,126,111,133,96,70,121,87,98,115,122,105,145,66,132,146,72,118,79,127,128,104,73,
125,92,137,78,67,141,140,103,132,74,142,113,119,148,123,136,97,135,85,144,86,138,88,117,146,91,110,101,108,102,131,124,116,
113,108,101,92,146,110,117,140,103,142,119,148,123,136,97,135,144,86,138,88,147,125,114,137,141,130,90,149,91,116,134,
105,77,71,111,98,87,145,115,126,133,143,93,122,121,95,
142,105,113,102,100,124,132,133,89,126,131,94,145,128,146,127,104,143,106,81,118,84,
136,140,119,104,91,127,123,75,113,110,117,146,138,69,128,118,89,135,102,131,101,124,100,108,85,132,142,83,78,
142,137,114,148,125,134,103,149,136,141,116,147,90,140,109,139,144,82,123,92,135,119,129,112,120,107,138,130,99,68,
124,131,100,94,127,132,72,118,79,146,105,143,81,122,96,133,70,111,128,126,106,145,104,
91,78,104,127,123,75,113,110,117,146,138,69,128,118,89,102,131,101,124,100,108,85,132,142,83,135,76,
133,95,121,143,115,122,145,
105,96,115,87,133,111,126,93,143,98,121,122,145,
141,140,103,132,142,113,119,148,123,136,97,135,144,86,138,88,117,146,91,110,101,108,102,131,124,116,
138,120,112,129,119,135,92,123,82,139,109,90,147,141,99,140,136,130,149,103,144,125,107,148,114,137,116,134,
123,75,142,110,117,138,127,128,118,135,89,102,101,124,100,146,113,108,131,85,132,83,
132,146,72,118,79,105,122,127,96,133,111,128,145,126,106,143,104,
111,93,115,126,133,143,122,145,121,98,95,
118,79,105,127,96,122,133,111,128,126,143,145,106,
115,128,105,87,133,111,126,143,121,122,145,96,
144,132,131,108,124,101,110,91,88,102,148,146,123,135,117,140,113,136,138,142,119,97,
142,110,117,138,127,128,118,135,89,102,101,124,100,146,113,108,131,132,
138,142,117,104,127,128,118,89,102,124,100,146,113,131,132,
93,115,126,133,143,122,145,121,98,95,
123,142,108,131,110,117,138,146,135,101,124,132,113,102,85,
127,96,133,111,128,105,126,143,122,145,106,
140,125,114,120,99,141,147,130,134,137,148,109,139,107,144,129,149,112,
133,143,94,145,146,132,127,104,126,106,128,118,
109,139,90,141,140,136,147,130,107,144,125,148,114,137,149,116,134,
142,108,131,110,117,138,146,135,101,124,132,113,102,85,
124,106,132,100,146,118,128,131,127,104,
113,132,124,101,135,146,102,138,117,110,131,108,142,
144,148,97,119,142,138,136,103,140,135,123,
122,133,126,143,111,145,121,
148,123,135,140,136,138,142,119,97,
102,131,124,146,132,113,
140,136,147,144,125,148,114,137,141,130,149,116,134,
123,117,110,146,135,142,138,
135,116,144,148,141,119,136,140,
122,133,121,143,115,126,145,98,
145,146,132,104,127,106,128,118,
121,143,145,115,
122,105,133,126,143,145,111,
142,138,136,119,140,135,123,
145,126,115,143,121,133,122,
107,147,134,149,130,141,137,148,109,139,144,129,
132,146,118,128,127,131,
135,138,117,110,146,108,142,
131,146,132,124,
148,144,136,119,140,135,123,
127,128,118,
133,143,145,126,
128,127,
147,134,149,130,141,137,148,139,144,109,
138,146,142,117,
144,139,148,137,141,130,149,134,147,
142,138,135,
133,143,145,126,
147,139,149,129,134,120,
146,
144,148,137,141,130,149,134,147,
143,121,
148,136,141,140,144,
146,142,138,
128,127,
140,
134,129,149,139,147,
143,
145,143,
135,
132,146,131,
148,144,141,137,
145,143,133,


147,149,139,
149,147,
146,
146,
145,143,
149,147,

140,










149,


Past links sets, 








2,
0,



3,
1,
0,1,
0,1,
5,6,7,
1,10,
12,
2,4,
13,
5,6,
3,
0,11,12,
1,3,10,
11,19,
9,
3,
4,8,
0,14,3,18,
0,14,18,
13,18,25,
14,18,0,25,
29,
9,24,26,
20,26,
4,7,8,
4,8,7,6,5,
34,
8,36,
10,21,23,28,
15,16,31,
9,14,15,16,
4,8,7,6,5,
2,17,
8,17,
9,14,15,16,
8,20,26,
11,12,27,16,15,
9,14,15,16,
21,32,
4,8,17,
16,27,15,35,
4,8,17,
11,27,43,
1,27,20,35,
30,33,51,
41,51,
39,48,
47,50,55,
9,42,33,13,30,
10,21,23,28,
43,24,49,
9,30,33,42,
12,20,44,17,39,38,37,
15,40,16,56,
15,23,31,57,
1,41,62,
50,61,64,
56,53,63,
35,40,59,
70,
40,49,53,56,
9,23,42,57,
43,32,47,69,
13,64,55,50,47,
35,37,59,44,40,38,
57,61,64,
8,36,72,
10,21,23,28,
20,60,53,63,
25,18,68,
47,51,69,
24,30,60,49,42,33,
78,83,
16,58,67,
59,66,73,
58,67,74,
60,75,51,76,
58,82,
58,74,64,67,61,
15,58,68,57,31,
49,71,77,66,53,
30,81,56,42,33,
77,16,71,56,54,65,
39,47,48,79,73,66,55,
86,88,
17,93,
68,80,
84,76,20,53,75,63,
58,75,85,74,67,
67,85,74,89,
9,42,68,86,
61,94,84,76,70,
59,60,96,
40,79,84,94,
82,99,
27,11,101,
107,
27,11,91,101,
6,96,71,87,37,
68,80,
58,74,85,89,67,
14,80,90,
46,98,73,95,52,
90,67,92,
76,91,108,
21,72,100,104,
61,92,97,103,
112,
14,87,45,115,
96,54,98,87,65,
103,78,97,69,91,
4,102,84,63,53,
31,57,80,90,
98,105,81,111,
106,118,
106,73,118,
18,99,25,120,
30,33,109,114,
100,124,
70,100,94,124,
18,65,126,
109,114,120,
92,110,123,
97,103,61,116,
109,114,125,
68,110,97,117,
109,129,
80,119,136,
109,114,116,125,
60,97,117,62,110,
121,42,122,133,
74,116,103,125,114,109,
52,133,122,95,94,
113,131,117,132,
130,129,134,
88,116,103,125,114,109,
147,
Future links sets, 
33,30,31,9,24,15,16,
68,56,25,14,15,16,18,
45,20,8,
30,13,23,28,25,
124,54,52,44,20,29,37,38,
44,38,22,17,
111,17,38,22,44,
44,38,37,17,
54,52,79,46,44,48,37,38,29,40,
103,74,64,61,50,27,47,35,43,
80,25,41,18,62,
108,24,49,26,110,55,
65,49,24,19,
32,76,61,21,
114,50,47,30,31,121,33,43,
92,67,66,50,53,42,47,43,49,
95,66,50,86,53,42,47,43,49,
45,46,52,98,65,54,
133,82,129,30,31,32,33,
26,
36,100,56,81,48,65,
118,41,51,62,80,

80,62,67,41,74,
84,63,35,
129,33,82,32,
48,36,35,
49,108,53,110,55,56,
80,62,41,
34,
57,94,61,130,64,84,
125,92,67,42,
75,51,
57,94,61,130,64,84,
39,
77,71,56,53,
79,40,
111,77,65,
77,65,
96,65,59,
71,106,73,66,77,
68,58,
143,103,94,61,64,74,84,
63,75,55,
77,65,
121,
115,
96,60,75,76,83,
96,59,
84,93,73,63,
76,69,60,
89,83,58,57,
145,115,
124,100,73,93,70,81,
122,95,
96,76,60,
66,70,95,73,94,
125,92,74,67,78,
92,86,113,91,88,101,90,
105,87,77,71,
142,81,84,89,105,
136,119,104,78,69,91,
142,68,
124,81,100,70,
78,91,76,69,
133,122,95,
96,93,87,
116,86,113,102,91,101,88,
138,112,82,99,92,103,
123,83,75,
104,132,72,
111,95,93,
118,79,
128,115,96,87,
144,88,101,113,91,102,
101,100,89,
117,100,104,89,
95,93,
123,85,
106,96,
140,99,112,114,125,
126,94,
107,90,
85,
106,124,104,100,
113,102,101,
103,97,
122,121,111,
148,97,
113,102,
125,116,114,
123,117,110,
135,119,116,
98,
145,132,106,104,
145,115,
122,111,105,
142,119,123,138,136,
126,122,115,
129,107,
132,131,118,
110,108,
124,
148,119,144,123,136,
118,
126,
128,127,
109,
117,
144,141,130,134,139,148,137,
142,138,135,
126,
120,
146,
144,134,148,137,130,141,
121,
148,144,141,136,
146,142,138,
128,127,
140,
134,129,
143,
145,143,
135,
132,131,
148,144,141,137,
133,


147,139,
147,
146,
146,
145,143,
147,

140,










149,


Coordinates,
0.0119222,3.17517,
0.0195451,3.66868,
0.0391407,1.75291,
0.0987622,4.79679,
0.154861,1.80517,
0.333281,0.683744,
0.36701,0.71366,
0.370503,0.742269,
0.428242,1.45561,
0.485028,2.83805,
0.509311,4.13778,
0.625687,2.34517,
0.644762,2.11748,
0.675781,4.54128,
0.70195,3.40581,
0.72427,3.05595,
0.783179,2.96224,
0.8898,0.503771,
0.900613,3.76933,
0.951575,1.8982,
1.01928,1.69885,
1.04133,4.42163,
1.04234,0.0573766,
1.09959,4.73923,
1.10604,2.10342,
1.11854,3.8734,
1.12189,1.86852,
1.12244,2.38792,
1.22581,4.809,
1.26137,1.20085,
1.43476,3.46227,
1.47543,3.29192,
1.50027,3.80626,
1.50037,3.51001,
1.53086,1.03717,
1.55359,1.86665,
1.58421,1.50134,
1.64925,0.715815,
1.68022,0.621044,
1.68179,1.00521,
1.6971,1.40339,
1.70221,4.39381,
1.70409,3.08322,
1.71263,2.47716,
1.72641,0.627624,
1.73217,0.127494,
1.74933,0.207843,
1.7676,2.55786,
1.76967,1.22153,
1.79852,2.13068,
1.81586,2.70963,
1.83605,3.82555,
1.84237,0.243792,
1.97719,1.82769,
1.97972,0.271891,
1.99895,2.32161,
2.0741,1.65932,
2.21198,3.55538,
2.24776,3.89419,
2.26091,0.823529,
2.26478,2.28584,
2.27137,2.95973,
2.30056,4.66778,
2.30899,1.90252,
2.33281,2.83979,
2.46005,0.34509,
2.46937,1.31348,
2.49801,3.43773,
2.56963,4.50843,
2.57679,2.71451,
2.64326,1.58832,
2.68719,0.767997,
2.71228,1.52489,
2.72752,1.32538,
2.73337,3.18086,
2.74836,2.56778,
2.85315,2.3706,
2.85981,0.594488,
2.86231,2.91305,
2.88087,1.42141,
2.91872,4.94691,
2.92671,1.6653,
2.97162,4.40597,
2.98866,2.70864,
3.02762,2.0697,
3.1253,2.65523,
3.2574,3.53273,
3.28471,0.799928,
3.3078,3.25789,
3.35714,2.30451,
3.3738,4.26548,
3.39027,3.03047,
3.39328,3.72453,
3.39425,0.577618,
3.46178,1.61839,
3.51192,0.249105,
3.512,0.83411,
3.58725,3.28758,
3.6205,0.420546,
3.62996,4.80389,
3.63125,1.69826,
3.64783,2.67945,
3.67404,2.27832,
3.67519,3.41682,
3.69648,1.5598,
3.75794,0.815266,
3.77488,1.38863,
3.80481,4.71976,
3.81309,2.57557,
3.82196,4.70609,
3.82863,2.65399,
3.83647,0.687757,
3.84121,4.91011,
3.86021,2.32527,
3.88733,4.41832,
3.89686,0.178189,
3.94247,3.8321,
3.95237,2.47147,
3.95897,1.51828,
3.97226,3.20537,
3.99014,4.95755,
4.09388,0.093324,
4.13433,0.263212,
4.15696,2.93843,
4.17711,1.78717,
4.19063,4.05362,
4.20537,0.414115,
4.20776,1.37443,
4.26324,1.3168,
4.31717,4.95862,
4.33465,4.35208,
4.36033,1.66795,
4.37676,1.58755,
4.40828,0.284279,
4.42728,4.57763,
4.43887,2.68965,
4.4489,3.36666,
4.53657,4.13967,
4.56992,2.51939,
4.5767,4.98643,
4.61574,3.33782,
4.62136,4.01643,
4.64297,2.42816,
4.77219,0.0834173,
4.86121,3.73301,
4.87575,0.217219,
4.88134,1.58622,
4.89598,4.55085,
4.90903,3.64901,
4.94814,4.53328,
