Storage option,sets
Size,25
Dimension,2
Shape,cube
Spacetime,BlackHole
Past sets, 





1,

0,

1,
0,

0,10,
1,5,

0,4,
0,4,

6,1,9,
1,6,

20,
1,6,19,
4,11,

Future sets, 
16,15,12,10,7,
19,22,9,13,18,5,


23,16,15,
13,
22,19,18,


18,
12,
23,







22,
21,




Past links sets, 





1,

0,

1,
0,

10,
5,

0,4,
0,4,

6,9,
1,6,

20,
19,
4,11,

Future links sets, 
16,15,10,7,
19,9,5,


23,16,15,
13,
19,18,


18,
12,
23,







22,
21,




0.132306,-2.31512,
0.33923,2.29356,
0.550479,1.03031,
0.737243,-0.0194469,
0.776626,-2.27477,
1.00724,1.81646,
1.51107,2.20987,
1.75065,-0.96988,
1.85223,0.652364,
2.17798,1.32295,
2.31719,-0.612184,
2.46617,-1.96521,
2.46743,-0.474429,
2.61619,0.47635,
2.99301,-2.08115,
3.1215,-0.259946,
3.22718,-0.0857361,
3.32374,1.81769,
3.4005,0.569833,
3.51574,0.902546,
3.60712,-2.09818,
3.65864,-2.06076,
4.13854,0.430308,
4.1564,-0.849289,
4.99831,1.96224,
r_S4
NLambdas_Sized_0,14
Lambda0
2,
Lambda1
3,
Lambda2
7,
Lambda3
8,
Lambda4
12,
Lambda5
13,
Lambda6
14,
Lambda7
15,
Lambda8
16,
Lambda9
17,
Lambda10
18,
Lambda11
21,
Lambda12
22,
Lambda13
23,
Lambda14
24,
