Storage option,sets
Size,75
Dimension,2
Shape,cube
Spacetime,BlackHole
Past sets, 





0,1,2,3,
4,3,2,1,0,5,
4,3,2,1,0,5,
1,2,3,4,
7,4,3,2,1,0,5,6,
2,3,4,
7,4,3,2,1,0,5,6,
1,2,3,4,


1,10,2,3,4,
4,10,3,2,1,12,8,7,0,5,6,
5,0,6,8,12,15,1,10,3,2,4,
8,11,4,3,2,1,12,7,0,5,6,10,9,
8,11,4,3,2,1,12,7,0,5,6,10,9,
13,14,
9,11,16,3,4,10,2,1,12,8,7,0,5,6,
13,
14,13,20,

9,14,7,16,17,4,5,0,6,8,12,15,2,1,10,3,
9,11,16,3,4,10,2,1,12,8,7,0,5,6,
24,
13,14,7,16,17,4,5,0,6,8,12,15,2,1,10,3,
24,27,
21,4,9,11,16,3,10,2,1,18,12,8,7,0,5,6,
15,17,18,26,9,11,16,3,4,21,10,2,1,12,8,7,0,5,6,
13,3,10,1,2,15,12,8,0,5,4,17,16,7,14,9,6,25,

11,32,9,13,3,10,1,2,25,15,12,8,0,5,28,4,17,16,7,14,6,
27,24,29,
14,29,13,24,27,22,
18,21,4,9,11,16,3,10,2,19,1,12,8,7,0,5,6,
11,25,6,9,14,7,16,17,4,5,0,8,12,15,2,1,10,3,13,
31,8,15,17,18,26,3,9,11,16,4,21,10,2,1,12,7,30,0,5,6,
22,20,14,29,13,24,27,23,
13,14,31,8,15,17,18,26,3,9,11,16,4,21,10,2,25,1,12,7,0,5,6,
22,33,27,13,35,24,29,
33,27,13,35,24,29,
28,32,38,15,11,34,25,2,6,9,14,7,16,17,4,5,0,8,12,1,10,3,13,
7,17,23,0,13,14,20,5,6,8,12,15,1,10,3,2,4,16,
12,4,3,2,10,1,20,14,13,23,22,15,
0,46,12,4,3,20,2,10,1,14,13,23,22,15,8,
33,
24,15,22,23,13,14,1,27,10,2,20,3,4,29,12,46,
9,45,7,17,23,0,13,14,20,5,28,6,8,12,15,1,10,3,2,4,16,
9,45,7,17,23,0,13,14,20,5,28,6,8,12,15,1,10,3,2,4,16,
9,22,45,7,17,23,0,13,14,20,5,28,6,8,12,15,1,10,3,2,4,16,
32,9,13,3,10,1,2,25,15,12,8,0,5,28,4,17,16,7,14,6,
14,22,43,33,27,36,13,35,24,29,42,
36,40,0,8,49,24,15,22,3,23,4,13,14,1,20,27,5,46,10,29,2,12,47,
35,36,40,0,8,49,24,15,22,3,23,4,13,14,1,20,27,46,10,29,2,12,47,
29,27,48,33,24,35,
14,22,43,33,48,27,36,13,35,24,29,42,
24,8,45,15,22,23,14,1,10,47,2,20,3,4,12,46,0,13,7,17,5,6,16,28,
33,48,27,29,35,24,57,
22,13,60,27,33,48,29,35,24,57,43,
8,45,15,22,23,14,1,10,47,2,20,3,4,12,46,0,13,7,17,5,6,16,28,
27,24,48,33,29,
14,22,42,13,57,24,35,29,27,48,33,43,
47,12,2,10,46,1,14,13,33,4,23,3,22,15,24,20,49,8,29,0,40,36,35,27,56,
0,36,40,35,33,8,49,24,15,22,3,23,4,13,14,42,1,20,27,46,10,29,2,12,
61,22,48,35,42,13,60,27,33,29,24,57,14,43,
35,47,12,2,10,46,5,27,1,14,13,4,23,3,22,15,24,20,49,8,29,0,40,36,55,
36,63,67,33,22,48,14,35,42,13,27,64,60,43,29,61,24,57,
56,27,35,36,40,0,29,8,49,20,24,15,22,3,23,4,33,13,14,1,46,10,2,12,47,5,
65,36,47,12,2,10,46,1,14,13,42,33,4,23,3,22,15,24,20,49,8,29,0,40,35,27,56,
36,63,67,33,22,48,14,35,42,13,27,64,60,43,29,61,24,57,
5,13,42,65,36,47,71,12,2,10,46,1,14,33,4,23,3,22,15,24,20,49,8,29,0,40,35,27,56,
56,47,66,8,0,29,36,65,40,35,33,4,49,20,24,15,22,3,23,13,42,14,1,27,46,10,2,12,
Future sets, 
66,56,65,74,71,5,73,55,18,6,17,28,62,25,59,30,45,16,53,68,31,9,38,32,52,51,50,21,41,37,39,19,44,7,34,70,11,26,47,
15,46,49,12,65,66,47,71,74,56,5,73,55,18,6,17,28,62,25,59,30,45,8,16,53,68,31,9,38,32,52,51,50,21,41,37,39,19,44,7,34,70,11,26,
26,11,70,34,7,44,19,39,37,41,21,50,51,52,32,38,9,31,68,53,16,8,45,30,59,25,62,28,17,6,18,55,73,5,56,74,71,47,66,65,10,15,46,49,12,
26,11,70,34,7,44,19,39,37,41,21,50,51,52,32,38,9,31,68,53,16,8,45,30,59,25,62,28,17,6,18,55,73,5,56,74,71,47,66,65,10,15,46,49,12,
12,49,46,15,10,73,68,65,66,47,71,74,70,55,56,7,26,11,34,25,44,19,39,37,53,18,41,31,21,50,51,52,32,38,9,16,45,30,59,62,28,17,6,8,
73,55,6,17,28,62,59,30,45,16,68,9,38,32,52,51,50,21,31,41,18,53,37,39,19,44,25,34,70,11,26,7,
17,28,62,59,45,16,9,32,52,51,50,31,41,18,30,53,37,39,19,21,44,38,25,34,11,26,
28,62,59,45,16,9,32,52,51,50,31,41,18,30,53,37,39,19,21,44,38,25,34,11,26,
56,55,70,74,71,47,66,19,65,18,16,39,62,45,51,28,50,52,59,31,41,30,53,37,68,21,44,38,25,32,34,73,26,17,
52,51,50,31,41,30,37,39,18,19,53,21,38,25,32,44,34,26,
19,18,26,21,37,30,16,15,46,56,25,68,55,70,39,65,34,74,49,71,47,17,45,31,62,50,52,59,28,66,44,41,38,73,32,51,53,
44,34,26,38,21,19,18,39,37,30,41,31,
56,55,70,74,49,71,47,46,66,19,65,18,16,39,62,45,51,28,50,52,59,31,41,30,53,37,68,21,44,38,25,32,34,73,26,17,
43,41,38,32,44,34,53,28,58,54,36,69,72,42,67,64,61,66,59,52,62,40,50,20,73,71,51,74,65,55,45,68,22,56,70,47,49,46,23,
64,58,54,69,36,28,34,44,53,32,38,41,67,20,66,59,52,62,40,50,73,71,72,25,51,74,65,55,45,68,56,47,49,46,70,23,
56,68,55,70,65,74,49,71,47,17,45,31,50,39,62,52,59,66,25,44,41,38,73,32,51,53,34,28,46,
45,51,50,52,59,31,39,41,30,37,21,38,62,25,32,53,44,34,26,28,
45,31,39,62,50,52,59,25,41,38,32,53,44,34,51,28,
37,41,30,39,31,
37,
59,52,62,40,50,73,71,51,74,65,66,55,45,68,56,70,47,49,46,23,
37,41,30,39,31,
61,52,59,49,62,47,46,64,67,42,70,72,55,69,66,56,36,73,68,54,71,65,74,40,58,
49,47,56,68,45,55,66,70,65,74,51,71,73,50,40,62,52,59,46,
59,29,58,63,49,40,69,55,35,64,68,60,57,65,36,42,71,70,61,73,67,54,74,66,43,72,56,27,
41,38,32,53,44,34,
39,41,31,
72,43,66,74,54,67,73,61,56,70,71,42,36,65,57,60,68,64,35,55,69,40,49,63,58,29,
59,53,52,34,44,50,62,51,
63,49,40,55,35,58,68,60,57,65,42,70,56,61,73,71,67,54,74,66,43,64,69,72,36,
39,
41,39,
53,44,34,
70,65,63,60,57,48,61,73,42,71,58,67,54,74,66,64,69,72,43,
44,
68,60,57,65,70,56,61,73,42,71,58,67,54,74,66,64,69,72,43,
72,69,66,56,68,55,54,65,70,74,73,71,58,

44,

71,73,74,65,70,66,55,68,56,

73,71,67,74,66,72,54,64,69,58,
64,67,54,69,58,72,61,

50,62,51,52,59,
66,47,73,71,62,49,74,65,59,70,55,68,56,
71,62,73,74,65,59,70,55,68,56,
57,60,67,72,61,69,58,64,63,
71,73,74,65,70,66,55,68,56,





68,
70,65,74,73,71,
60,67,72,69,61,64,


67,72,69,61,
69,72,67,

72,69,
72,69,
74,73,71,
74,
72,69,



73,



Past links sets, 





0,1,2,3,
4,5,
4,5,
1,2,3,4,
6,7,
2,3,4,
6,7,
1,2,3,4,


1,10,
6,12,7,10,8,
6,8,12,15,
8,12,11,10,9,
8,12,11,10,9,
13,14,
9,11,16,
13,
20,

9,14,16,17,
9,11,16,
24,
13,14,16,17,
27,
18,21,
17,18,21,26,
13,25,

11,28,32,
29,
22,14,29,
18,19,21,
11,13,25,
30,31,
22,23,29,
13,25,31,
22,33,35,
13,33,35,
34,38,
16,17,23,
15,12,22,23,
0,8,46,
33,
29,46,
9,28,45,
9,28,45,
9,22,28,45,
28,32,
36,42,43,
5,49,40,47,36,
35,49,40,47,36,
35,48,
36,42,43,48,
24,28,45,47,
57,
22,43,60,
28,45,47,
29,48,
14,43,42,57,
33,56,
0,8,49,42,40,36,
14,42,61,
35,55,
36,63,64,67,
5,33,56,
42,65,
36,63,64,67,
5,71,
65,66,
Future links sets, 
66,47,5,
12,8,15,5,
12,8,10,5,
12,8,10,5,
12,6,7,8,10,
6,73,7,55,70,
17,16,11,9,
16,11,9,
66,47,16,17,18,19,
50,26,51,18,52,19,21,25,
19,18,16,15,
38,34,18,19,21,26,
46,16,17,18,19,
41,38,20,22,43,32,28,
67,64,20,28,25,36,
46,17,
45,21,26,25,28,
31,28,45,25,
37,31,30,
37,
23,
37,31,30,
61,52,36,46,40,42,
46,45,40,
59,27,
41,38,32,
31,
29,
59,53,34,50,62,51,52,
63,35,40,36,49,
39,
41,39,
53,34,
42,70,48,43,65,
44,
42,68,57,43,56,
72,54,66,55,56,69,58,

44,

66,56,55,

71,67,54,64,58,66,
61,58,64,54,

50,62,51,52,59,
49,47,
62,59,56,55,
63,58,57,
66,56,55,





68,
70,65,
64,60,


61,
67,

72,69,
72,69,
74,71,
74,
72,69,



73,



Coordinates,
0.29468,1.89235,
3.62286,1.97722,
1.31401,2.08177,
0.693756,2.13267,
0.582588,2.18428,
0.6725,1.81678,
0.816167,1.74841,
0.720952,1.73541,
1.74943,1.78603,
0.696611,1.62208,
3.66708,2.0888,
0.234621,1.4928,
2.62289,1.84015,
0.0514219,2.68729,
0.576938,2.53449,
3.60724,1.84579,
1.56019,1.56041,
1.76663,1.54579,
0.305922,1.01664,
0.0150797,0.742841,
1.87515,2.52095,
0.466403,0.929581,
0.863492,2.8867,
2.31721,2.43718,
0.42352,3.19727,
1.13271,1.1522,
0.586162,0.884112,
0.462529,3.20104,
1.81758,1.38074,
0.716679,3.12431,
0.420111,0.656368,
0.504887,0.678108,
1.20317,1.0551,
0.536995,3.41878,
1.10946,0.846289,
1.26615,3.09508,
2.01058,2.77407,
0.197974,0.0538288,
0.832496,0.516004,
0.460744,0.180975,
2.9841,2.52432,
0.642915,0.138958,
2.08322,2.96543,
1.68581,3.20225,
0.890083,0.160976,
2.45122,1.11389,
3.5424,1.47326,
3.32604,1.31131,
1.5218,3.79601,
3.68135,1.33039,
2.08315,0.483628,
2.01479,0.388974,
2.2053,0.517799,
1.64502,0.00462421,
3.34915,2.91767,
3.11652,0.769453,
3.60922,1.00896,
2.61628,3.63149,
3.4944,3.08512,
2.67607,0.362899,
2.71732,3.63569,
2.88092,3.58597,
2.56977,0.111729,
2.56657,3.89608,
3.46439,3.30934,
3.7027,0.814057,
3.94863,0.898603,
3.49147,3.38438,
3.24815,0.365169,
3.94165,3.31181,
3.40422,0.147219,
3.62835,0.325686,
3.98947,3.42004,
3.61388,0.187088,
3.73189,0.268741,
