Storage option,sets
Size,150
Dimension,2
Shape,cube
Spacetime,BlackHole
Past sets, 

0,

0,
0,

0,1,

1,0,4,
3,6,1,0,4,
4,0,2,1,
3,6,1,0,5,
3,0,5,
0,2,7,
1,2,7,0,4,10,
5,9,3,6,1,0,4,
10,4,0,7,2,1,14,

2,5,8,9,3,6,1,0,4,
2,15,4,5,9,3,6,1,0,8,
4,9,11,3,6,1,0,5,
1,12,3,0,5,
10,18,2,5,8,9,3,6,1,0,4,
4,0,13,2,7,
2,7,
0,2,7,
4,11,3,6,1,0,5,
13,7,0,4,2,23,
6,21,17,0,1,12,5,3,
7,11,15,19,22,9,10,18,5,2,8,3,6,1,0,4,
2,8,20,9,4,15,11,0,3,6,1,5,
8,6,3,9,16,10,4,0,7,2,13,1,14,
5,17,
17,
25,0,24,2,7,
3,6,8,14,1,10,16,13,2,7,27,4,0,23,

8,14,1,10,16,13,2,7,27,4,0,23,
12,18,19,30,2,8,20,3,9,26,4,15,11,0,6,1,5,
0,32,17,5,3,
13,14,29,10,7,11,15,19,0,22,3,9,18,5,2,8,6,1,4,16,
6,17,21,0,11,1,12,28,5,3,
5,3,17,0,32,39,
13,14,29,10,7,11,15,19,0,22,3,9,18,5,2,8,6,1,4,16,
13,14,29,10,7,11,15,19,0,22,3,9,18,5,2,8,6,1,4,16,
9,6,3,8,14,1,35,10,27,16,13,2,7,4,37,0,23,
14,16,26,18,10,22,19,7,30,2,8,20,3,9,4,15,11,0,6,1,5,29,
24,8,25,14,1,10,27,16,13,2,7,4,37,0,23,

6,12,1,42,5,3,17,39,0,33,32,21,
12,5,6,29,0,11,15,4,9,3,20,8,2,1,30,7,19,22,10,18,26,16,14,46,
21,10,22,38,19,0,12,18,30,11,2,8,20,1,3,9,26,4,15,6,5,

25,0,24,2,7,
25,0,24,2,7,
25,0,24,2,7,
23,31,44,13,14,29,6,10,7,11,15,19,0,22,3,9,18,5,2,8,1,4,16,43,
8,15,9,20,4,28,6,17,21,0,26,11,1,41,12,5,3,
20,23,31,40,44,13,14,29,6,10,7,11,15,19,0,22,3,9,18,5,2,8,1,4,16,43,
15,19,5,18,22,31,7,9,6,3,8,27,14,1,35,16,10,13,2,45,4,23,37,0,
26,12,17,21,30,2,8,20,3,9,4,15,11,28,0,6,1,5,
12,42,48,5,3,36,17,39,0,33,32,
13,21,50,12,5,6,29,0,11,15,4,9,38,3,20,8,2,1,30,7,19,22,10,18,26,16,14,46,
29,7,16,14,46,5,21,10,22,38,15,19,0,12,18,30,11,2,8,20,1,3,26,9,51,4,6,
26,58,29,0,20,23,31,2,40,11,44,15,13,14,43,6,10,7,19,22,3,9,18,5,8,1,30,4,16,
32,6,49,12,1,42,5,39,3,17,0,33,21,11,48,36,28,
10,22,19,18,60,26,3,12,17,21,30,2,8,20,9,4,15,38,11,28,5,0,6,1,
5,31,34,35,3,6,9,13,24,7,45,8,25,14,1,47,10,27,16,2,4,37,0,23,
25,24,1,15,19,5,18,47,22,31,2,7,9,6,35,3,8,37,27,14,16,45,10,13,4,23,59,0,
9,26,28,11,32,6,49,12,1,42,5,39,3,17,0,33,21,4,41,
36,28,11,32,6,49,12,1,42,5,39,3,17,0,33,21,4,41,
20,40,43,11,29,44,1,15,19,5,18,22,31,2,7,9,6,35,3,8,37,27,56,14,16,45,10,13,4,23,59,0,
40,62,0,13,21,50,19,12,5,6,29,11,15,46,4,9,38,7,3,20,51,8,2,1,30,22,10,18,26,16,14,
32,19,18,38,41,60,26,3,12,17,21,30,2,8,20,9,4,15,11,57,28,5,0,6,1,
17,28,40,50,13,5,29,0,7,16,14,46,21,10,22,51,38,9,15,19,12,18,30,1,11,2,8,20,62,3,26,63,4,6,
6,37,25,24,68,1,15,19,5,18,47,16,22,31,0,2,7,9,35,4,3,34,8,27,14,45,10,13,23,59,
22,19,18,38,41,60,26,3,12,17,21,30,2,8,20,9,4,15,11,10,57,28,5,0,6,1,
52,48,12,42,5,36,17,39,0,33,61,3,32,
14,29,41,7,66,8,10,22,51,19,18,2,26,3,12,17,21,30,60,1,20,9,38,4,15,11,28,5,0,6,
14,1,10,2,24,7,0,34,25,55,4,54,27,13,23,53,16,
61,65,32,6,49,11,12,39,1,42,5,3,17,36,41,0,33,21,48,28,
12,27,35,46,56,64,2,26,58,29,0,31,20,23,40,9,11,44,13,15,14,43,6,10,7,19,22,3,18,5,8,1,30,4,16,
25,24,47,71,20,40,3,43,6,11,29,44,7,1,15,19,56,5,18,22,59,31,2,9,35,8,45,37,0,27,14,16,10,13,4,23,58,
32,3,61,33,0,17,36,39,5,42,12,48,1,52,77,
6,4,63,26,62,20,8,2,11,30,18,12,19,15,1,38,22,10,21,9,46,51,14,16,7,29,5,13,50,3,40,28,17,0,74,
31,43,72,40,3,62,0,13,50,21,19,12,5,6,29,11,15,46,9,4,38,1,7,44,20,51,14,8,2,30,22,10,18,26,16,
15,19,18,9,5,34,31,2,35,6,3,13,24,7,45,16,67,8,37,25,14,1,47,10,27,4,0,23,22,
43,11,29,75,1,6,37,0,25,24,68,31,15,19,5,18,47,10,16,22,59,2,7,44,9,35,4,3,34,8,45,27,14,13,23,
4,11,61,65,42,32,6,49,3,12,39,70,52,5,28,17,36,41,0,80,33,21,1,48,
59,24,15,86,19,18,9,5,34,3,31,67,0,2,35,4,6,37,13,7,45,14,16,47,8,25,68,1,10,27,23,22,
6,0,5,28,57,10,69,11,73,15,4,20,8,1,60,30,21,17,76,3,26,2,12,41,9,38,19,22,18,32,49,42,39,33,66,
53,59,24,15,86,19,18,9,5,34,3,31,67,0,2,35,4,6,37,13,7,45,14,16,47,8,25,68,1,10,27,23,22,
27,35,56,23,58,64,63,28,17,74,11,31,43,85,6,72,40,3,62,0,13,50,21,19,12,5,29,15,46,9,4,38,1,7,44,20,51,14,8,2,30,22,10,18,26,16,
32,63,62,46,16,13,50,40,74,57,78,41,4,14,51,29,66,7,8,10,22,19,18,2,76,26,3,12,17,21,30,60,1,38,20,9,15,11,28,5,0,6,
37,8,6,47,79,1,10,2,24,7,0,34,53,25,14,55,4,23,16,27,54,13,
23,58,60,66,74,17,28,63,11,31,43,85,6,72,40,3,62,0,13,50,21,19,12,84,5,29,15,46,9,4,38,1,7,44,20,51,14,8,2,30,22,10,18,26,16,
38,50,21,62,30,26,64,46,12,82,0,25,24,47,6,71,20,40,81,3,44,43,2,11,29,7,1,15,56,19,5,18,59,22,31,9,35,8,45,4,37,27,14,16,10,13,23,58,
54,91,53,16,59,22,24,15,19,18,55,9,5,34,3,31,68,67,0,37,2,35,4,6,13,86,7,45,8,14,47,10,25,1,27,23,
48,10,69,33,39,42,49,36,73,15,32,3,19,18,38,9,41,12,61,2,26,17,21,30,60,1,8,20,4,70,11,57,28,5,0,65,6,
11,29,44,54,55,75,91,53,16,59,22,24,15,19,18,9,5,34,3,31,68,67,0,37,2,35,4,6,13,86,7,45,8,14,47,89,10,25,1,27,23,
8,15,20,26,9,88,1,4,33,69,61,32,3,36,42,65,6,49,12,11,70,41,39,52,5,28,17,0,80,21,48,
50,34,68,75,30,26,64,46,12,82,0,25,24,47,6,71,20,40,81,3,44,43,2,11,29,7,1,15,56,19,5,18,59,22,31,9,35,8,45,4,37,27,14,16,10,13,23,58,
39,42,73,93,46,32,63,16,62,15,13,60,50,3,40,74,57,10,78,41,4,51,14,29,76,66,19,7,8,22,18,2,26,12,17,21,30,1,38,20,9,11,28,5,0,6,84,
23,13,10,16,14,27,37,4,45,8,35,31,22,58,5,19,15,1,7,2,44,56,3,81,40,20,18,71,59,6,47,24,25,0,29,82,12,46,11,64,26,30,9,62,21,50,38,43,96,
36,16,46,51,7,29,14,78,6,0,5,42,28,57,20,10,69,32,90,11,73,15,4,41,8,1,38,60,30,21,17,76,2,39,3,26,12,49,9,19,22,18,33,66,
39,73,93,46,32,63,16,62,15,13,60,50,3,40,74,57,10,78,41,4,51,14,29,76,66,19,7,8,22,18,2,26,12,17,21,30,1,38,20,9,11,28,5,0,6,84,
2,57,26,8,15,52,20,9,88,4,41,33,70,69,32,61,3,77,36,42,5,65,28,6,1,80,49,12,11,48,39,17,0,100,21,
17,25,24,47,63,59,45,37,71,23,58,64,56,35,27,11,31,43,85,6,72,40,3,62,0,13,50,21,19,12,5,29,15,46,9,4,38,1,7,44,20,51,14,8,81,2,30,22,10,18,26,16,
52,57,48,10,69,28,33,39,80,42,1,49,8,36,73,32,98,15,3,19,60,18,38,9,41,0,12,61,20,2,26,17,21,30,4,70,11,5,65,6,
64,76,41,78,57,32,93,95,1,23,58,11,60,13,66,19,74,17,28,63,16,31,43,85,38,6,72,40,3,50,62,15,0,21,12,84,5,29,46,9,4,51,7,44,20,14,8,2,30,22,10,18,26,
34,68,103,50,23,13,10,16,14,27,37,4,45,8,35,31,22,75,58,5,19,15,1,7,2,44,56,3,81,40,20,18,71,59,6,47,24,25,0,29,82,12,46,11,64,26,30,9,62,21,38,43,96,
26,30,58,56,40,20,71,44,75,29,11,43,15,59,22,24,19,18,9,5,34,82,3,31,68,67,0,37,2,35,4,6,13,86,7,45,87,8,14,16,47,89,10,25,1,27,23,
34,63,68,51,72,103,50,23,13,10,16,14,27,37,4,45,8,35,31,22,58,5,19,15,1,7,2,44,56,3,81,40,20,18,71,59,6,47,24,25,0,29,82,12,46,11,64,26,30,9,62,21,38,43,96,85,
43,44,33,49,69,72,42,105,39,73,20,93,40,46,32,63,10,16,62,9,15,13,66,60,7,50,3,74,21,57,4,78,41,51,14,29,76,19,8,22,18,2,26,12,17,30,1,38,11,28,5,0,6,84,102,
23,33,44,72,43,31,85,42,105,39,73,20,93,40,46,32,63,10,16,62,9,15,13,66,60,7,50,3,74,21,57,4,78,41,51,14,29,76,19,8,22,18,2,26,12,17,30,1,38,11,28,5,0,6,84,102,
79,13,11,54,29,44,1,55,75,5,53,99,10,16,59,22,24,67,15,19,18,9,34,3,31,68,25,89,0,86,37,91,2,45,35,4,47,6,7,97,8,14,27,23,
20,40,56,79,43,87,13,11,54,29,44,1,55,75,5,53,99,10,16,59,22,24,67,15,19,18,9,34,3,31,68,25,89,0,86,37,91,2,45,35,4,47,6,7,97,8,14,27,23,
79,13,11,54,29,44,1,55,75,5,53,99,10,16,59,22,24,67,15,19,18,9,34,3,31,68,25,89,0,86,37,91,2,45,35,4,47,6,7,97,8,14,27,23,
56,40,20,71,79,43,87,13,11,54,29,44,1,55,75,5,53,99,10,16,59,22,24,67,15,19,18,9,34,3,31,68,25,89,0,86,37,91,2,45,35,4,47,6,7,97,8,14,27,23,
61,48,65,70,63,62,13,50,40,57,10,36,16,46,51,4,104,7,29,76,14,78,6,0,5,42,28,20,69,22,32,90,11,73,26,15,41,8,1,38,60,30,21,17,2,49,39,3,12,9,19,66,18,33,74,
57,41,78,82,92,84,28,74,66,60,107,17,25,24,47,63,4,59,0,45,37,71,12,23,58,64,5,56,35,27,11,31,43,85,26,6,72,13,40,3,62,50,21,19,29,15,46,9,38,1,7,44,20,51,14,8,81,22,2,30,10,18,16,95,
62,21,38,96,81,12,46,64,50,58,5,26,30,56,3,40,20,71,18,44,75,22,29,82,11,43,15,68,59,6,24,19,9,34,87,31,67,14,0,37,111,2,35,4,13,86,7,45,8,16,47,89,10,25,1,27,23,101,
32,25,24,47,59,45,37,71,57,76,41,78,81,64,56,35,27,92,95,1,23,58,11,60,13,66,19,74,17,28,63,16,31,43,85,38,6,72,40,3,50,62,15,0,21,12,84,5,29,46,9,4,51,7,44,20,14,8,2,30,22,10,18,26,
43,72,80,98,102,84,93,119,1,60,61,2,48,65,6,70,11,63,4,62,3,13,50,40,57,10,69,36,16,46,105,51,104,7,66,29,76,17,14,73,78,19,0,5,42,28,20,22,32,90,26,15,74,41,8,38,30,21,49,39,12,9,18,33,
50,79,64,46,12,81,97,53,91,55,54,58,5,26,30,56,3,40,20,71,18,44,75,22,29,82,11,43,15,68,59,6,24,19,9,34,87,31,67,14,0,37,111,2,35,4,13,86,7,45,8,16,47,89,10,25,1,27,23,99,
73,96,93,109,107,82,122,32,25,92,24,47,59,45,37,71,4,57,76,9,41,78,11,81,14,64,56,35,27,95,28,1,23,58,60,13,66,19,74,7,17,84,63,16,31,43,85,18,38,6,72,5,40,3,50,62,15,0,21,12,29,46,51,44,20,8,2,30,22,10,26,120,
88,52,108,44,123,43,72,5,80,13,98,102,84,17,93,26,119,1,60,61,2,69,48,65,6,73,70,3,11,78,63,4,62,50,40,57,10,36,16,46,113,105,38,51,104,7,74,66,29,76,9,14,19,0,42,28,20,22,32,90,15,41,8,30,21,49,39,12,18,33,
51,72,85,97,53,91,55,54,99,103,121,62,1,21,82,38,96,35,81,20,12,46,64,3,50,111,58,5,26,87,30,56,40,101,71,10,18,44,75,14,22,29,11,43,15,68,7,59,6,67,24,19,9,34,31,0,37,2,4,13,86,25,45,8,16,47,89,27,23,110,
75,103,68,34,125,46,73,96,17,93,14,109,30,107,28,82,3,122,43,32,25,92,13,24,47,59,45,37,71,4,57,76,9,41,120,78,11,81,2,64,56,35,27,95,16,1,23,58,60,66,19,74,7,84,5,63,31,85,6,18,38,72,40,50,62,15,0,21,12,29,51,44,20,8,22,10,26,112,
25,59,45,37,71,81,56,35,27,92,90,36,104,58,95,64,109,69,49,114,23,33,44,72,13,43,102,31,85,26,42,105,46,39,73,14,20,93,40,32,63,4,10,16,62,3,9,15,74,66,7,60,1,50,21,57,78,19,41,51,29,76,17,8,22,18,2,12,30,38,11,28,5,0,6,84,113,
103,69,49,113,102,39,105,42,33,125,46,73,96,17,93,14,109,30,107,28,82,3,122,43,32,25,92,13,24,47,59,45,37,71,4,57,76,9,41,120,78,11,81,2,64,56,35,114,27,95,16,1,23,58,60,66,19,74,7,84,5,63,31,85,6,18,38,72,40,50,62,15,0,21,12,29,51,44,20,8,22,10,26,
60,84,74,28,92,101,17,107,110,89,87,86,67,75,112,34,63,4,68,9,51,72,13,103,44,50,23,82,10,16,14,27,37,96,45,8,35,31,22,81,58,5,64,19,15,1,7,2,56,3,62,40,20,18,71,12,59,0,6,47,24,25,29,46,11,26,85,30,21,38,43,111,
87,67,86,89,101,75,110,96,103,68,34,120,57,41,78,11,82,15,92,25,84,17,28,95,74,7,66,60,107,40,24,47,63,4,71,59,0,45,112,37,12,23,58,64,5,72,56,35,27,31,43,85,18,26,6,13,3,62,50,21,19,29,46,9,38,1,44,20,51,14,81,8,22,2,30,10,16,
48,65,70,47,24,122,129,50,25,104,59,45,37,71,81,2,56,35,114,27,92,13,90,11,36,58,95,16,64,109,30,69,49,23,102,33,44,72,43,31,85,6,26,105,42,46,39,73,14,93,20,40,32,63,4,10,62,3,9,15,74,66,7,60,1,21,57,78,19,41,51,29,76,17,8,22,18,12,38,28,5,84,0,113,
96,107,82,133,44,48,65,70,47,24,113,122,33,129,40,50,25,114,104,15,59,45,37,71,81,2,56,35,27,92,3,13,102,90,1,11,36,58,95,6,16,105,64,109,20,30,69,49,23,72,43,31,120,85,26,42,46,39,73,14,93,4,32,63,10,62,9,74,66,7,60,21,57,78,19,41,51,29,76,17,8,22,18,12,38,28,5,84,0,
57,41,78,66,95,121,99,54,55,91,53,97,131,60,84,5,74,28,107,92,13,101,22,17,96,110,31,89,10,87,8,86,7,67,75,112,34,63,4,68,9,51,72,103,24,44,50,23,82,3,16,14,27,37,45,35,81,2,58,64,19,15,1,56,62,40,20,18,71,12,59,0,6,85,47,25,29,46,11,26,30,21,38,43,111,127,
70,112,34,68,75,128,104,36,90,130,41,103,14,69,49,113,24,102,13,39,105,16,42,33,122,125,46,73,96,7,17,93,4,109,20,30,107,18,28,82,3,92,43,32,25,114,47,59,45,37,71,57,76,9,120,31,78,11,81,2,64,56,35,27,95,6,1,23,58,60,66,19,74,84,5,63,85,38,72,40,129,50,62,15,0,21,12,29,51,44,8,22,10,26,
111,76,32,122,109,93,73,125,132,87,8,67,86,7,89,10,101,22,75,110,31,96,17,103,24,68,34,120,41,57,78,11,82,3,15,92,13,25,84,5,28,107,95,16,74,66,60,40,47,63,4,71,59,0,45,112,37,12,23,58,64,72,56,35,27,43,85,6,18,26,62,50,21,19,29,46,9,38,1,44,20,51,14,81,2,30,
136,39,70,112,15,34,68,75,128,31,104,7,36,90,130,33,41,103,6,14,69,49,113,16,24,102,5,13,110,105,8,42,122,25,125,28,46,73,96,17,114,93,4,109,12,20,30,107,10,18,82,3,92,43,32,129,47,59,45,37,71,57,76,9,120,23,78,11,81,2,64,56,35,27,95,1,58,60,66,19,74,84,63,85,38,72,40,50,62,0,21,29,51,44,22,26,
55,53,91,42,102,39,105,121,128,137,111,22,76,32,122,109,20,93,4,73,125,132,43,87,8,67,86,7,96,89,0,10,101,12,75,110,21,31,120,17,103,14,24,68,34,41,57,78,11,82,3,92,15,13,25,84,5,28,107,18,95,6,16,74,66,60,40,47,63,71,59,45,112,23,37,58,64,72,56,35,27,85,26,62,50,19,29,46,9,38,1,44,51,81,2,30,131,
76,79,120,135,46,57,41,78,66,95,6,121,99,10,54,55,91,2,53,97,8,131,60,84,5,74,28,107,18,92,3,13,101,12,22,111,17,96,7,110,21,31,89,0,87,86,67,75,112,23,34,63,4,68,9,51,72,103,14,24,44,50,82,16,27,37,45,35,81,58,64,19,15,1,56,62,40,20,71,59,85,47,25,29,11,26,30,38,127,43,132,
118,120,79,135,46,57,41,78,66,95,6,121,99,10,54,55,91,2,53,97,8,131,60,84,5,74,28,107,18,92,3,13,101,12,22,111,17,96,7,110,21,31,89,0,87,86,67,75,112,23,34,63,4,68,9,51,72,103,14,24,44,50,82,16,27,37,45,35,124,81,58,64,19,15,1,56,62,40,20,71,59,85,47,25,29,11,26,30,38,127,43,
100,61,119,98,80,123,108,52,88,134,37,96,107,10,82,133,36,44,48,65,70,47,24,113,16,122,25,33,129,32,40,50,114,17,104,7,15,59,45,71,81,2,56,35,27,92,3,13,102,5,90,1,11,58,95,6,105,8,64,109,12,20,30,69,49,23,120,72,43,31,85,26,42,46,39,73,14,93,4,63,62,9,74,66,60,21,57,78,19,41,51,29,126,76,22,18,38,28,84,0,
49,33,114,115,116,125,73,93,109,122,32,137,128,105,39,102,42,139,132,76,141,44,118,21,120,23,79,135,38,46,57,41,78,66,95,6,103,121,24,99,2,10,107,54,55,91,53,97,0,8,131,34,60,84,5,74,28,18,92,3,13,110,101,4,12,22,111,14,17,96,7,31,89,87,86,67,75,112,15,63,68,9,51,72,50,82,16,27,124,37,45,35,81,58,64,19,1,56,62,40,20,71,59,85,47,25,29,11,26,30,127,43,140,
70,104,36,90,129,114,33,113,49,69,130,125,73,93,109,122,32,137,128,105,39,102,42,140,43,76,79,120,23,135,38,46,57,41,78,66,95,6,103,121,24,99,2,10,107,54,55,91,53,97,0,8,131,34,60,84,5,74,28,18,92,3,13,110,101,4,12,22,111,14,17,96,7,21,31,89,87,86,67,75,112,15,63,68,9,51,72,44,50,82,16,27,37,45,35,132,81,58,64,19,1,56,62,40,20,71,59,85,47,25,29,11,26,30,127,139,
36,90,118,124,114,33,113,49,69,130,125,73,93,109,122,32,137,128,105,39,102,42,140,43,76,79,120,23,135,38,46,57,41,78,66,95,6,103,121,24,99,2,10,107,54,55,91,53,97,0,8,131,34,60,84,5,74,28,18,92,3,13,110,101,4,12,22,111,14,17,96,7,21,31,89,87,86,67,75,112,15,63,68,9,51,72,44,50,82,16,27,37,45,35,132,81,58,64,19,1,56,62,40,20,71,59,85,47,25,29,11,26,30,127,139,
36,90,117,113,69,143,16,49,33,114,115,116,125,73,93,109,122,32,137,10,128,1,105,39,102,42,139,12,132,5,76,141,14,44,118,21,120,23,79,135,8,38,46,57,41,78,66,95,6,103,121,24,99,2,107,54,55,91,53,97,0,127,131,4,34,60,84,74,28,18,92,3,130,13,140,110,101,22,111,17,96,7,31,89,87,86,67,75,112,15,63,68,9,51,72,50,82,27,124,37,45,35,81,58,64,19,56,62,40,20,71,59,85,47,25,29,11,26,30,43,
124,65,48,133,134,136,144,17,70,104,36,90,129,2,114,33,113,49,69,130,3,125,73,93,109,122,32,137,10,128,1,105,39,102,42,140,13,43,76,79,120,23,135,8,38,46,57,41,78,66,95,6,103,121,24,99,107,54,55,91,53,97,0,127,131,4,34,60,84,5,132,74,28,18,92,110,101,12,139,22,111,14,96,7,21,31,89,87,86,67,75,112,15,63,68,9,51,72,44,50,82,16,27,37,45,35,81,58,64,19,56,62,40,20,71,59,85,47,25,29,11,138,26,30,
100,116,61,119,98,80,123,108,52,88,126,141,118,147,20,124,65,48,133,6,134,7,136,9,144,17,70,104,36,90,129,2,114,33,113,49,69,130,3,125,73,93,109,122,32,137,10,128,1,105,39,102,42,140,13,43,76,79,120,23,135,8,38,46,57,41,78,66,95,103,121,24,99,107,54,55,91,53,97,0,127,131,4,34,60,84,5,132,74,28,18,145,92,110,101,12,139,22,111,14,96,21,31,89,87,86,67,75,112,15,63,68,51,72,44,50,82,16,27,37,45,35,81,58,64,19,56,62,40,71,59,85,47,25,29,11,138,26,30,
61,119,98,80,123,108,52,88,126,145,118,141,116,115,143,117,147,20,124,65,48,133,6,134,7,136,9,144,17,70,104,36,90,129,2,114,33,113,49,69,130,3,125,73,93,109,122,32,137,10,128,1,105,39,102,42,140,13,43,76,79,120,23,135,8,38,46,57,41,78,66,95,103,121,24,99,107,54,55,91,53,97,0,127,131,4,34,60,84,5,132,74,28,18,92,110,101,12,139,22,111,14,96,21,31,89,87,86,67,75,112,15,63,68,51,72,44,50,82,16,27,37,45,35,81,58,64,19,146,56,62,40,71,59,85,47,25,29,11,138,26,30,
Future sets, 
34,53,54,55,25,13,23,27,4,12,77,61,39,42,1,128,83,21,148,79,16,143,14,141,10,137,37,47,6,133,94,49,35,28,26,41,80,88,70,65,11,138,9,136,112,69,45,67,31,134,20,147,123,22,149,125,15,142,118,100,106,57,60,30,127,19,146,122,116,108,86,68,89,91,97,75,59,51,140,43,66,90,73,98,76,38,135,8,29,132,126,102,78,63,62,46,40,50,44,139,104,119,99,117,115,18,145,121,56,129,87,113,105,84,93,74,58,114,85,144,71,64,72,131,130,3,101,95,111,103,109,81,124,92,96,120,107,82,110,
83,21,79,16,14,10,37,47,6,133,94,49,35,28,26,41,80,88,70,65,11,138,9,136,112,69,45,148,67,31,134,20,147,123,22,149,125,15,142,118,100,106,57,60,30,127,19,146,122,116,108,86,68,89,91,97,75,59,51,140,43,66,90,73,98,76,38,141,135,8,29,132,126,102,78,63,62,46,143,40,50,44,139,104,119,99,117,115,18,145,121,56,129,137,87,113,105,84,93,74,58,114,85,144,71,64,72,131,130,101,95,111,103,109,81,124,92,96,120,107,82,128,110,
106,60,30,25,34,53,54,55,24,19,38,73,18,27,23,10,113,108,98,29,132,51,66,90,76,22,125,14,117,103,16,119,105,79,63,62,50,139,104,46,149,135,44,147,133,43,146,72,123,126,37,140,74,93,84,102,40,143,129,47,136,94,45,148,134,31,120,114,85,86,67,87,115,68,99,89,91,97,75,142,145,56,131,64,141,127,58,110,128,138,35,71,130,82,121,144,101,137,96,107,59,81,111,118,124,122,112,92,116,13,95,109,78,
42,39,35,49,28,21,61,83,77,12,26,41,80,88,70,65,11,9,112,69,45,148,67,31,134,20,123,22,125,15,118,100,106,57,60,30,133,127,19,122,116,108,86,68,89,91,97,75,59,51,140,43,146,66,90,73,98,76,38,141,135,29,132,126,102,78,63,136,62,46,149,143,40,50,147,44,139,104,119,99,117,115,18,121,56,145,129,137,87,113,105,84,93,74,58,114,85,144,71,64,72,131,130,101,95,138,111,103,109,81,124,92,96,120,107,82,142,128,110,
88,70,26,27,23,79,16,14,10,15,20,69,8,117,100,106,57,47,94,37,146,45,35,144,67,31,140,60,30,139,18,127,115,73,108,98,22,131,119,111,86,76,90,66,68,89,91,97,75,59,148,51,43,29,138,126,118,9,102,78,63,136,62,135,38,147,46,143,50,123,104,99,44,141,133,56,145,129,40,149,137,87,132,116,19,128,113,105,84,93,74,58,114,85,71,64,72,130,101,95,103,109,81,124,122,92,96,120,107,125,82,142,134,121,112,110,
67,42,39,32,22,120,102,128,107,92,132,113,114,95,123,26,105,62,133,72,125,84,57,136,93,119,146,85,74,149,78,104,112,122,130,148,51,110,103,96,90,142,63,134,144,73,98,145,66,76,81,121,129,147,50,124,131,139,60,38,135,46,143,64,111,101,12,109,127,30,106,58,82,71,118,100,116,69,126,29,99,20,117,115,141,44,56,87,140,43,137,40,138,41,80,88,70,65,108,11,77,83,61,21,28,49,15,19,86,68,89,91,97,75,59,18,
94,49,35,28,26,41,80,88,70,65,11,9,112,69,45,148,67,31,134,20,123,22,125,15,118,100,106,57,60,30,133,127,19,122,116,108,86,68,89,91,97,75,59,51,140,43,146,66,90,73,98,76,38,141,135,29,132,126,102,78,63,136,62,46,149,143,40,50,147,44,139,104,119,99,117,115,18,121,56,145,129,137,87,113,105,84,93,74,58,114,85,144,71,64,72,131,130,101,95,138,111,103,109,81,124,92,96,120,107,82,142,128,110,
29,25,34,53,54,55,24,78,46,104,50,63,16,13,102,62,44,133,43,132,72,123,126,37,113,74,119,93,84,105,40,129,85,23,112,94,114,64,135,109,95,58,147,56,145,127,27,116,149,79,140,47,136,118,35,124,96,92,81,142,71,45,134,86,139,68,59,148,130,120,31,107,103,14,75,146,89,87,125,67,138,128,82,143,141,122,97,91,144,137,99,101,110,121,115,117,111,131,
100,106,57,47,94,37,45,35,67,31,60,30,18,115,73,108,98,22,119,111,86,76,90,66,68,89,91,97,75,59,148,51,140,43,29,126,118,102,78,63,136,62,135,38,46,143,50,147,139,123,104,99,117,44,141,133,56,145,129,40,137,87,132,116,19,113,105,84,93,74,58,114,85,144,71,64,72,131,130,101,95,138,146,103,109,81,124,122,92,96,120,107,125,82,142,134,121,149,112,128,110,127,
69,45,67,31,20,22,15,112,100,106,57,60,30,127,19,116,108,86,68,89,91,97,75,59,148,51,140,43,66,90,73,98,76,38,135,29,126,118,102,78,63,136,62,46,143,50,147,139,123,104,119,99,117,44,141,133,115,18,56,145,129,40,137,87,132,113,105,84,93,74,58,114,85,144,71,64,72,131,130,101,95,138,111,146,103,109,81,124,122,92,96,120,107,125,82,142,134,121,149,128,110,
108,98,29,51,66,90,76,22,14,103,16,105,79,63,62,50,139,104,46,135,44,133,43,132,72,123,126,37,113,74,119,93,84,102,40,129,47,136,94,45,134,31,120,114,85,86,67,87,117,115,68,99,89,91,97,75,142,145,56,143,131,64,141,127,147,58,125,110,128,138,71,130,149,82,140,146,121,144,101,137,96,107,148,59,81,111,118,124,35,122,112,92,116,95,109,78,
65,70,88,80,41,40,43,87,56,44,115,117,99,29,69,20,116,100,118,71,82,58,137,106,30,109,101,111,64,143,135,60,139,131,124,50,129,121,81,38,76,147,66,145,98,108,73,144,134,63,142,90,127,96,103,110,51,130,122,112,104,78,149,74,85,146,138,119,93,136,57,84,125,46,72,133,62,141,105,26,148,95,126,114,113,123,132,92,140,107,128,102,120,
81,77,83,61,101,124,50,21,96,121,103,110,62,135,72,145,107,112,63,136,85,127,51,28,146,73,92,84,143,70,74,147,133,60,65,138,66,139,125,95,131,41,114,100,88,80,78,137,141,129,123,90,149,76,132,98,120,106,122,49,69,142,128,109,93,140,126,104,108,102,105,148,144,113,119,134,57,130,38,
62,44,43,72,123,126,113,74,119,93,84,105,102,40,85,23,94,114,64,135,109,95,58,129,56,127,27,149,79,140,47,118,35,96,92,81,142,71,45,116,86,147,145,139,68,59,130,120,112,107,132,103,134,75,146,136,89,148,87,125,37,67,138,128,82,143,141,122,133,97,91,144,137,99,101,110,121,115,117,111,124,131,31,
16,105,79,63,62,50,139,104,46,135,44,133,43,132,72,123,126,37,113,74,119,93,84,102,40,129,47,136,94,45,134,31,120,114,85,86,67,87,117,115,68,99,89,91,97,75,142,145,56,143,131,64,141,127,147,58,125,110,128,138,71,130,149,82,140,146,103,121,144,101,137,96,107,148,59,81,111,118,124,35,122,112,92,116,95,109,78,
100,106,57,60,30,19,108,86,68,89,91,97,75,59,148,51,140,66,90,73,98,76,38,127,29,118,102,78,63,136,62,135,46,50,139,123,104,119,99,117,44,133,115,56,145,129,40,87,43,132,116,113,105,84,143,93,74,147,58,114,85,144,71,126,64,137,72,131,130,101,95,138,111,146,103,109,81,124,122,92,96,120,107,125,82,141,142,134,121,149,112,128,110,
79,63,62,50,104,46,44,43,72,123,126,113,74,119,93,84,105,102,40,47,94,37,45,31,114,85,86,67,134,87,117,115,68,135,99,89,91,97,75,142,145,56,143,131,64,141,127,147,58,125,110,128,136,138,71,130,149,82,132,140,146,103,121,144,101,137,139,96,107,148,81,59,111,120,118,124,122,133,129,112,92,116,95,109,35,
107,33,61,77,49,83,42,39,28,146,92,84,143,74,133,65,66,125,95,131,41,100,147,88,80,139,78,137,141,70,129,123,90,149,135,76,132,73,98,120,106,122,69,128,109,93,136,140,126,104,108,145,102,114,105,148,144,113,60,119,134,138,142,57,130,32,
73,108,98,22,111,86,76,90,66,68,89,91,97,75,59,148,51,140,29,118,102,78,63,136,62,135,46,50,139,123,104,119,99,117,44,133,115,56,145,129,40,87,43,132,116,113,105,84,143,93,74,147,58,114,85,144,71,126,64,137,72,131,130,101,95,138,146,103,109,81,124,122,92,96,120,107,125,82,141,142,134,121,149,112,128,110,127,38,
86,68,89,91,97,75,59,51,66,90,73,108,98,76,38,29,102,78,63,136,62,135,50,123,104,46,119,99,117,44,115,56,129,87,43,116,40,113,105,84,143,93,74,147,133,114,85,144,71,126,64,137,72,145,131,58,118,130,101,95,138,111,146,103,109,81,140,124,122,92,96,139,120,107,148,125,82,141,142,134,121,132,149,112,128,110,127,
116,100,118,71,82,58,106,30,101,111,64,135,60,131,124,50,121,81,38,109,76,147,137,66,98,108,73,144,134,63,90,127,96,103,110,51,122,112,104,78,149,139,74,145,85,146,138,119,93,136,84,125,72,143,133,62,105,148,95,142,126,114,113,123,132,92,140,141,107,46,128,57,102,129,120,130,
96,121,103,110,62,72,107,112,63,85,127,51,28,146,92,84,143,74,133,65,66,125,95,131,41,100,147,88,80,139,78,137,141,70,129,123,90,149,135,76,132,73,98,120,106,122,69,128,109,93,136,140,126,104,108,49,145,102,114,105,148,144,113,60,119,134,138,142,57,130,
86,76,90,66,68,89,91,97,75,59,51,29,102,78,63,136,62,135,50,123,104,46,119,99,117,44,115,56,129,87,43,116,40,113,105,84,143,93,74,147,133,114,85,144,71,126,64,137,72,145,131,58,118,130,101,95,138,111,146,103,109,81,140,124,122,92,96,139,120,107,148,125,82,141,142,134,121,132,149,112,128,110,127,
114,64,109,95,58,56,27,149,79,140,47,94,35,96,92,81,142,45,86,147,145,139,59,120,118,112,107,130,71,132,103,134,75,136,89,148,87,125,37,67,128,82,143,141,135,122,133,129,68,97,91,144,137,99,138,101,110,127,121,115,146,117,111,124,131,116,
55,54,53,68,82,120,96,125,142,134,103,130,107,122,133,75,116,112,94,135,101,110,79,138,97,128,87,136,67,149,124,143,91,132,127,86,146,117,141,111,140,99,137,34,131,121,139,148,89,147,118,115,145,144,47,
129,55,54,53,68,82,120,96,125,142,134,103,130,107,122,133,75,116,112,94,135,101,110,79,138,97,128,87,136,67,149,124,143,91,132,127,86,146,117,141,111,140,99,137,34,131,121,139,148,89,147,118,115,145,144,47,
111,100,69,64,60,106,57,101,124,50,81,38,76,137,98,108,73,134,90,66,127,96,121,103,110,51,112,104,78,139,131,74,135,85,146,138,63,149,119,93,136,84,145,125,72,133,105,148,95,142,126,114,113,123,62,132,92,122,140,141,109,107,46,128,102,129,144,143,120,130,147,
79,47,94,35,92,81,140,45,86,145,139,59,118,112,107,130,71,103,134,75,142,89,148,125,96,37,149,120,67,82,141,135,122,133,129,128,97,91,144,137,136,99,138,101,110,68,127,121,147,115,146,87,117,111,124,132,131,116,143,
92,84,74,65,66,95,131,41,147,80,133,78,88,141,70,123,100,143,90,135,132,98,120,106,149,122,69,109,93,146,136,140,73,126,104,128,137,125,108,139,145,102,114,129,76,105,148,144,113,60,134,119,138,142,57,130,
78,63,62,50,104,46,99,117,115,44,56,87,43,40,116,102,105,84,143,93,119,74,133,113,114,85,144,126,123,64,72,131,118,71,130,101,95,138,111,146,103,109,81,140,124,122,129,92,135,96,139,137,120,107,148,125,82,141,142,134,121,132,149,112,136,128,110,58,147,127,145,
111,64,60,101,124,50,81,38,76,137,98,108,73,134,90,66,127,96,121,103,110,51,112,104,78,139,131,74,135,85,146,138,63,149,119,93,136,84,145,125,72,133,105,148,95,142,126,114,113,123,62,132,92,122,140,141,109,107,46,128,102,129,144,143,120,130,147,
114,85,86,67,87,117,115,68,99,89,91,97,75,145,56,143,131,141,127,147,58,110,128,136,138,130,149,132,140,146,103,121,134,144,101,137,139,96,107,148,59,111,120,125,82,118,124,81,122,133,129,112,71,135,92,116,142,95,109,64,
109,93,137,128,122,39,80,125,42,83,114,73,139,98,102,143,49,90,142,145,104,129,88,138,146,105,113,77,61,144,130,108,149,119,126,106,147,65,148,136,69,100,123,134,70,133,
114,83,61,49,142,143,145,104,129,98,138,146,90,113,77,144,130,108,119,88,126,106,148,136,69,100,123,134,70,149,80,147,133,65,
112,94,101,110,79,138,128,136,75,67,124,143,91,149,127,87,146,117,141,111,140,99,116,135,137,131,121,139,132,148,89,147,118,97,115,144,145,86,
92,81,45,86,139,59,112,107,130,103,134,142,89,125,96,149,120,67,82,135,122,133,129,75,128,97,91,144,137,136,99,138,101,110,68,121,147,141,115,146,117,148,111,87,140,124,71,118,132,131,127,116,143,145,
146,145,129,104,136,138,144,65,108,142,126,98,61,88,77,123,106,100,83,148,80,119,147,133,134,149,70,
94,47,45,86,139,59,112,107,130,103,134,142,89,125,96,149,120,67,82,135,122,133,129,75,128,97,91,144,137,136,99,138,101,110,68,121,147,141,115,146,117,148,111,87,140,124,71,118,132,131,127,116,143,145,
76,98,108,73,90,66,96,121,103,110,51,104,78,131,127,74,85,138,63,149,112,119,93,146,136,134,84,137,125,72,105,148,95,142,126,114,113,123,132,135,92,145,122,140,141,109,133,107,128,102,129,144,143,120,130,147,139,62,
42,83,114,139,98,102,143,49,90,142,145,104,129,88,138,146,105,113,77,61,144,130,108,149,119,126,106,147,65,148,136,69,100,123,134,70,80,133,
116,102,105,84,93,119,74,113,114,85,126,123,72,118,71,144,101,95,138,111,146,103,109,81,124,122,129,92,135,133,96,139,137,120,107,64,148,125,82,142,134,121,140,132,149,112,130,136,128,110,58,147,127,141,131,143,145,
80,78,88,70,100,143,135,132,141,98,120,106,149,122,109,93,136,140,73,104,147,128,137,125,108,139,145,102,114,126,129,105,148,144,113,133,90,134,119,76,138,123,142,57,146,130,69,
114,139,102,83,61,49,142,143,145,104,129,98,138,146,90,113,77,144,130,108,119,88,126,106,148,136,69,100,123,134,70,149,80,147,133,65,
123,126,113,87,114,85,64,109,95,142,116,92,135,71,112,129,133,122,81,124,118,82,125,120,111,148,107,96,139,137,101,144,134,121,103,146,140,132,149,130,138,136,128,110,58,147,127,141,131,143,56,145,
126,113,115,117,99,87,114,85,64,109,95,142,116,92,135,71,112,129,133,122,81,124,118,82,125,120,111,148,107,96,139,137,101,144,134,121,103,146,140,132,149,130,138,136,128,110,58,147,127,141,131,143,56,145,
86,59,112,107,130,103,134,142,89,125,96,149,120,67,82,135,122,133,129,75,128,97,91,144,137,136,99,138,101,110,68,121,147,141,115,146,117,148,111,87,140,124,71,118,132,131,127,116,143,139,145,
104,81,50,103,124,62,110,121,96,149,102,105,84,137,93,146,119,72,125,113,123,126,85,138,122,127,74,114,112,107,148,95,144,109,92,145,133,129,135,131,120,143,141,142,134,140,128,130,147,136,132,139,101,63,
133,122,107,94,130,103,134,142,125,96,120,82,101,87,110,138,128,136,75,112,86,145,144,115,97,118,147,89,148,132,139,121,131,137,135,116,99,140,111,141,117,146,127,68,149,91,143,124,67,
134,133,147,119,80,148,83,100,106,123,77,88,149,61,98,126,142,108,65,
143,145,104,136,129,138,146,90,113,130,108,142,119,126,80,106,148,69,123,88,100,134,70,149,98,147,133,144,65,
124,62,110,103,121,96,149,102,105,84,137,93,146,119,72,125,113,123,126,85,138,122,127,74,114,112,107,148,95,144,109,92,145,133,129,135,131,120,143,141,142,134,140,128,130,147,136,132,139,101,
104,78,127,85,63,149,112,74,119,93,136,134,84,125,131,105,148,146,142,126,114,113,123,95,138,132,135,92,122,140,141,109,133,107,137,128,145,102,129,144,143,120,130,147,139,72,
88,83,106,77,100,149,126,148,142,108,
127,99,135,97,139,91,147,144,124,141,145,94,115,149,148,79,116,146,143,140,117,118,
99,127,135,97,147,144,124,141,145,94,115,149,148,79,116,146,143,140,117,118,
139,99,127,135,97,147,144,124,141,145,94,115,149,148,79,116,146,143,140,117,118,
116,92,71,112,129,133,122,81,118,82,120,124,111,148,107,96,137,125,142,101,134,121,103,144,140,132,149,130,138,136,128,110,147,139,127,146,141,131,135,143,145,
135,132,141,120,106,122,109,93,140,73,104,128,137,125,149,108,139,145,114,126,98,129,136,105,148,144,113,133,102,134,119,138,123,142,146,147,90,76,143,130,
95,111,146,109,81,122,129,92,133,124,96,137,120,107,148,144,103,125,142,101,134,121,140,132,149,112,130,138,136,128,110,64,147,139,127,141,131,135,143,145,82,
107,130,103,134,142,125,96,120,82,122,133,129,112,75,149,97,91,128,89,137,136,99,138,101,110,68,147,141,115,146,117,148,111,87,124,118,132,131,121,144,140,127,116,143,135,139,145,71,
131,76,98,108,148,95,136,78,119,135,122,132,140,141,104,145,120,93,134,130,128,137,125,109,146,105,138,139,102,143,123,114,73,113,142,147,129,133,144,126,66,149,90,
119,80,148,83,100,106,123,77,88,149,98,126,142,108,
110,103,121,96,102,105,84,93,119,72,113,123,126,85,122,127,114,112,149,107,148,144,109,146,92,133,129,135,131,120,143,141,142,134,140,125,137,128,145,130,147,136,95,132,138,139,74,
112,74,119,93,134,84,125,131,105,146,142,126,114,113,123,95,136,132,135,122,140,141,109,138,133,92,148,107,137,128,145,129,144,143,102,120,149,130,147,139,
109,81,129,92,124,133,96,122,120,107,144,125,142,134,121,103,140,132,149,112,130,101,138,136,128,110,147,139,148,137,127,146,141,131,135,143,145,
147,133,98,134,88,123,100,80,149,126,148,119,142,106,108,
95,78,135,122,132,140,141,104,120,119,93,130,128,137,125,109,146,138,148,139,102,123,143,114,113,142,105,136,147,145,129,134,133,144,126,149,90,
124,143,91,149,127,148,146,117,141,111,140,99,145,116,135,137,131,121,139,132,89,147,118,97,115,144,86,
112,97,91,89,75,137,136,128,138,110,141,115,146,117,148,87,118,149,132,101,111,131,121,144,140,127,124,147,116,143,135,139,145,99,
130,113,100,90,106,147,146,142,123,138,119,134,133,144,129,148,136,98,126,104,145,108,149,
138,136,147,133,108,134,88,123,100,149,126,148,119,142,144,98,106,
129,133,122,118,82,120,124,111,148,96,125,142,134,121,103,140,132,149,112,130,101,138,136,128,110,147,139,137,127,146,141,144,107,131,135,143,145,
123,126,85,122,127,114,112,149,107,144,109,146,92,129,135,131,133,120,143,141,142,134,140,125,148,137,128,145,130,147,136,132,95,138,139,113,
128,137,125,149,108,145,104,126,98,139,136,148,129,144,133,134,119,138,123,142,146,105,147,90,102,143,113,130,114,
119,93,84,131,105,142,126,114,113,123,95,132,135,122,140,141,109,146,138,134,133,125,148,137,128,145,129,92,144,143,120,149,130,147,136,139,102,
136,128,138,110,115,117,87,132,118,141,111,149,137,131,121,144,140,127,124,147,143,101,148,135,116,139,145,146,99,
140,93,149,102,145,126,136,148,129,144,133,134,119,138,123,142,104,146,147,90,137,128,125,109,139,143,113,130,114,105,122,
106,83,
135,122,132,140,141,120,119,93,128,137,125,109,138,148,139,123,146,143,114,113,142,136,130,147,145,129,134,105,133,104,144,126,102,149,
144,147,124,145,115,148,149,116,146,143,140,94,117,141,118,
88,123,100,149,126,148,142,106,108,
129,124,133,122,120,107,96,125,142,134,121,103,132,149,130,101,136,128,110,139,148,138,137,127,146,140,141,112,144,131,135,143,147,145,
120,124,111,96,125,142,134,121,103,132,149,130,101,136,128,110,139,148,138,137,127,146,140,141,112,144,131,135,143,147,145,

131,105,126,114,113,123,95,135,122,132,140,141,109,138,134,142,133,125,148,137,128,145,146,129,144,143,120,149,130,147,136,139,102,
127,114,112,107,109,92,135,131,129,133,120,149,143,141,142,134,140,125,148,137,128,145,122,146,144,130,147,136,132,138,139,95,
97,118,147,132,139,121,131,137,135,116,145,99,140,111,144,115,141,117,146,89,148,127,149,91,143,124,
132,118,111,149,137,131,121,140,127,146,144,141,124,143,148,135,116,147,145,139,
149,100,126,148,142,106,
132,139,121,131,137,118,135,116,99,140,144,141,117,148,115,146,127,149,111,143,124,145,147,
146,104,138,134,147,133,144,129,136,119,126,148,149,142,123,145,
139,97,135,116,144,118,140,99,141,117,148,115,146,127,149,143,124,145,147,
135,131,129,133,120,143,141,142,134,140,125,148,137,128,145,122,146,144,130,147,136,149,132,138,139,
128,137,125,109,148,139,123,146,143,113,136,130,147,145,129,134,133,138,144,142,114,126,102,149,105,

135,122,132,140,141,109,134,142,133,125,148,137,128,145,146,129,144,143,120,130,147,136,149,138,139,
142,134,125,121,103,149,130,136,128,110,148,138,137,132,139,127,146,140,141,144,131,112,135,143,147,145,
135,140,144,118,141,117,148,115,146,116,149,143,145,124,147,127,
108,142,149,148,126,123,
135,140,144,118,141,117,148,115,146,116,149,143,145,124,147,127,
148,142,106,
137,132,121,127,144,140,141,149,143,148,131,135,147,145,146,139,
139,123,143,113,130,147,145,146,129,134,133,136,138,144,142,148,114,126,149,
130,136,128,110,148,138,137,132,139,127,146,140,141,144,131,112,149,143,135,147,145,
134,147,133,138,144,129,136,119,126,148,149,142,123,
139,123,143,113,130,147,145,146,129,134,133,136,138,144,142,148,114,126,149,

135,120,143,141,142,134,140,125,148,137,128,145,146,144,130,147,136,149,132,138,139,131,
142,148,149,126,
134,142,133,125,137,128,145,146,129,144,143,130,147,136,149,148,138,139,
138,137,132,139,127,140,141,144,131,149,143,148,135,147,145,146,
137,131,121,127,144,140,141,124,149,143,148,135,147,145,146,139,
137,132,141,140,135,128,146,144,131,143,145,136,149,147,148,138,139,
145,146,130,134,147,133,136,138,144,142,148,126,149,129,
143,145,146,130,129,144,133,138,149,136,147,142,148,134,
146,149,143,
146,149,148,143,
149,146,
141,148,146,149,143,145,
126,148,149,142,123,
141,142,134,140,125,137,128,145,146,144,143,130,147,136,149,132,148,138,139,
127,140,141,144,149,143,148,135,147,145,146,139,
134,142,125,137,128,145,146,144,143,130,147,136,149,148,138,139,133,
142,148,149,126,
147,141,148,146,149,143,145,
137,128,146,144,143,130,145,136,149,147,148,138,139,
149,148,142,
141,144,149,143,148,147,145,140,146,135,
146,144,143,145,136,147,149,148,138,139,
144,138,136,133,147,142,149,148,134,
146,145,136,147,149,148,138,144,
139,135,146,140,145,147,148,143,149,144,141,
137,148,146,144,149,143,147,145,139,140,
147,142,149,148,134,
148,149,147,142,
140,145,147,148,143,149,144,146,141,
147,149,148,138,
146,144,149,143,148,147,145,139,
148,149,147,
145,147,148,143,149,144,146,
145,147,148,143,149,144,146,
146,149,148,143,

149,146,
148,149,147,
149,148,
149,
149,148,


Past links sets, 

0,

0,
0,

1,

1,4,
3,4,6,
1,2,4,
3,5,6,
3,5,
0,2,7,
7,10,
5,9,
14,

2,5,8,9,
2,8,15,
9,11,
1,12,
10,18,
4,13,
2,7,
0,2,7,
4,11,
23,
17,6,21,
11,19,7,22,
2,8,15,20,
9,8,13,16,
5,17,
17,
24,25,
3,27,16,6,8,

8,16,27,
12,26,30,19,18,
3,32,
13,16,29,
11,28,
39,
13,16,29,
13,16,29,
9,35,37,
16,26,29,30,
24,25,37,

6,21,33,42,
12,46,
21,22,38,

24,25,
24,25,
24,25,
31,23,43,44,
8,41,20,26,15,
23,44,43,40,20,31,
19,22,31,45,
26,28,30,
12,48,33,42,36,
21,13,38,50,
46,51,
26,30,58,
11,49,48,28,36,
22,38,60,
5,47,45,34,31,
47,59,
26,41,9,49,
36,41,4,49,
20,40,56,59,
40,51,62,
38,32,57,60,
40,62,28,63,
34,68,
38,22,57,60,
52,61,
14,66,41,51,29,
16,27,55,54,34,53,
41,61,65,
64,12,56,46,35,
47,58,71,
1,77,
74,
31,43,44,72,
19,22,67,
43,44,75,
52,70,80,
68,86,
69,73,66,76,
53,68,86,
35,85,74,64,56,
32,74,76,78,
6,47,79,
58,66,84,85,
81,62,82,
54,55,91,
61,73,70,10,65,69,
54,91,89,75,44,55,
8,88,69,20,15,
50,75,81,82,
42,84,73,93,
96,
36,46,78,90,
39,84,73,93,
2,57,77,100,
17,47,81,71,85,63,
52,80,98,
64,93,95,
75,103,
26,89,87,82,30,
34,103,68,63,85,
43,44,105,72,102,69,
23,105,85,102,33,
97,79,99,
40,56,99,79,20,97,87,
97,79,99,
71,99,79,97,87,
61,104,74,70,65,
57,78,107,92,82,95,
96,101,111,
47,71,32,76,95,92,81,78,
119,72,105,80,102,43,98,
50,79,111,81,99,97,
73,122,120,109,96,
88,108,113,123,
85,121,110,99,97,
112,75,125,
81,92,114,109,71,104,25,113,
103,113,114,125,
60,84,92,101,112,107,111,110,
89,87,120,110,112,101,
65,70,122,129,
96,120,133,
57,131,127,95,78,
128,129,70,130,
111,125,132,
110,136,
91,102,105,137,131,55,121,128,
76,79,132,135,
118,124,120,135,
100,126,134,
114,49,115,141,116,140,139,
70,130,139,140,129,
90,118,140,130,139,36,124,
36,143,130,90,117,
138,124,134,144,
100,116,147,145,141,126,
145,126,146,147,
Future links sets, 
1,25,3,13,4,
83,6,8,21,10,
25,10,24,13,106,18,30,19,
39,9,11,12,35,
70,26,8,23,9,10,
32,11,67,12,15,18,
49,9,11,94,28,35,
29,13,24,14,25,
100,37,57,35,18,19,30,31,
69,45,15,18,20,31,
98,22,14,
65,20,26,41,29,
81,21,38,61,50,
44,23,43,31,62,40,
78,16,
57,100,30,19,
44,43,31,79,46,35,40,37,
107,32,33,28,
38,22,
86,38,59,29,
116,100,30,57,58,71,
62,51,49,28,
86,76,59,29,51,66,
114,58,56,27,
55,34,54,47,53,
129,55,34,54,47,53,
111,69,64,46,57,38,60,
79,37,35,
74,65,60,41,
78,40,43,44,46,
111,46,38,60,64,
85,58,59,56,67,
122,93,73,39,
61,114,49,
79,75,112,67,
92,81,45,
146,145,61,65,70,104,
47,45,
76,66,51,62,73,
105,42,
58,71,116,72,74,
57,80,69,70,78,
102,61,49,
123,56,113,58,85,87,
99,56,113,58,85,87,
67,59,
104,81,63,50,
107,122,67,82,68,94,
65,61,
143,69,70,65,
124,101,62,
72,78,63,
108,88,77,
91,79,
97,99,79,
97,139,99,79,
92,116,81,71,
135,73,106,76,120,
95,82,64,
71,68,
73,131,76,66,
119,98,80,77,
96,74,72,
112,107,74,
109,92,81,
119,133,98,80,
95,90,78,
86,
112,91,89,75,
113,98,100,90,
136,88,98,144,133,119,
82,122,129,107,118,
123,113,85,
125,90,105,98,102,
93,92,119,84,
128,87,101,99,110,
122,93,140,90,
106,83,
135,93,104,120,122,
124,140,118,115,94,116,117,
123,108,88,
124,101,129,96,107,122,
120,111,101,96,

131,102,105,95,
127,114,92,107,112,95,
91,89,
132,118,116,111,
126,100,
132,111,99,
146,145,104,
139,99,97,
131,129,122,120,
109,105,102,

122,135,120,109,
134,125,121,103,
124,115,127,116,117,118,
123,108,
124,115,127,116,117,118,
148,142,106,
132,131,121,
139,114,123,113,
112,130,110,
129,119,
139,114,123,113,

131,120,
126,
129,125,
138,131,132,127,
137,124,131,121,
132,131,128,
130,129,126,
143,130,129,
143,
148,143,
146,
145,141,
123,
141,134,132,125,
139,127,
133,125,
126,
147,145,141,
137,130,128,
149,148,142,
135,
139,136,
144,136,133,
145,144,146,136,
139,135,
140,137,
134,
147,142,
141,140,
138,
139,
147,
145,144,143,
145,144,143,
148,143,

146,
147,
149,148,
149,
149,148,


Coordinates,
0.0395049,1.91872,
0.270313,1.81651,
0.00781804,1.46747,
0.439835,1.89569,
0.203724,1.65511,
0.490325,1.9236,
0.41653,1.76865,
0.00476886,1.27007,
0.360245,1.50773,
0.447416,1.54936,
0.28078,1.36232,
0.680884,1.75752,
0.920225,1.86711,
0.194011,1.13522,
0.289708,1.22238,
0.600109,1.5225,
0.313272,1.18489,
1.16749,1.97876,
0.573905,1.38491,
0.600148,1.404,
0.734422,1.53022,
1.02785,1.80337,
0.590173,1.31677,
0.250275,0.938069,
0.0156563,0.701162,
0.0619443,0.722069,
0.899104,1.55768,
0.257905,0.846993,
1.18865,1.76239,
0.681637,1.23329,
0.884794,1.42215,
0.448977,0.955169,
1.45199,1.92155,
1.53648,1.96404,
0.171297,0.582245,
0.442415,0.841369,
1.59606,1.98302,
0.38063,0.759282,
0.999205,1.37509,
1.52193,1.8879,
0.726342,1.08385,
1.34952,1.70619,
1.52878,1.88243,
0.707041,1.02314,
0.685052,0.990866,
0.448757,0.747409,
0.908548,1.18389,
0.407713,0.67954,
1.72687,1.98345,
1.55493,1.76733,
0.933126,1.13592,
1.09335,1.27234,
1.83068,1.99457,
0.148201,0.296908,
0.133312,0.273498,
0.146804,0.285464,
0.719408,0.852272,
1.35731,1.48981,
0.799578,0.928643,
0.621437,0.746662,
1.30296,1.41309,
1.77091,1.83105,
1.03072,1.0858,
1.14492,1.16522,
0.905911,0.914335,
1.73386,1.74083,
1.32312,1.30316,
0.504548,0.480339,
0.633685,0.600535,
1.57699,1.53284,
1.67625,1.62145,
0.790877,0.731075,
1.09934,1.02711,
1.47008,1.36673,
1.19546,1.08345,
0.678838,0.561356,
1.4349,1.31503,
1.95839,1.82034,
1.35611,1.21219,
0.35592,0.201509,
1.81463,1.65587,
0.923594,0.761008,
0.829639,0.663728,
1.97926,1.81331,
1.25012,1.06209,
1.14126,0.948239,
0.612345,0.414867,
0.70787,0.488614,
1.84854,1.60657,
0.672716,0.402085,
1.5889,1.28215,
0.6597,0.286326,
1.21105,0.827878,
1.45913,1.07178,
0.416937,0.0229506,
1.34286,0.921804,
1.0573,0.635328,
0.67209,0.248417,
1.77956,1.34667,
0.690563,0.251049,
1.94448,1.4932,
0.987748,0.525391,
1.53145,1.06159,
1.08491,0.609958,
1.66279,1.17537,
1.52524,1.03023,
1.96361,1.4596,
1.17068,0.666118,
1.84629,1.33513,
1.46962,0.91133,
1.09101,0.530153,
0.904364,0.329411,
1.15235,0.568563,
1.58095,0.988587,
1.54408,0.930106,
0.699734,0.0831374,
0.736947,0.0975166,
0.692867,0.0509977,
0.79189,0.108757,
1.77555,1.07586,
1.38471,0.647357,
1.07488,0.307199,
1.4525,0.679304,
1.82797,1.00776,
0.98402,0.138036,
1.47859,0.62392,
1.85719,0.971262,
1.14392,0.237795,
1.50995,0.555451,
1.67084,0.71487,
1.58359,0.607312,
1.31388,0.319971,
1.4048,0.333644,
1.74413,0.667179,
1.75071,0.635018,
1.3577,0.231047,
1.6831,0.54977,
1.50317,0.326107,
1.7053,0.526722,
1.53459,0.275103,
1.4482,0.168218,
1.40477,0.0996419,
1.95254,0.634488,
1.55874,0.0712758,
1.68215,0.165646,
1.65373,0.105285,
1.63755,0.0373296,
1.76331,0.113712,
1.9503,0.0868876,
1.90888,0.0333669,
