Storage option,sets
Size,50
Dimension,2
Shape,cube
Spacetime,BlackHole
Past sets, 

0,
0,1,
0,1,
0,1,
1,0,4,
4,1,0,5,
5,0,1,4,6,
2,3,7,0,5,1,4,6,
6,4,1,5,0,7,3,2,8,
8,2,3,7,0,5,1,4,6,9,
6,4,1,5,0,7,3,2,8,
6,4,1,5,0,7,
9,6,4,1,5,0,7,3,2,8,10,
11,13,0,9,6,4,1,5,7,3,2,8,10,
12,1,6,4,5,0,7,3,2,
14,11,13,0,9,6,4,1,5,7,3,2,8,10,12,
11,12,13,0,9,6,4,1,5,7,3,2,8,10,
7,0,5,4,6,1,12,
18,7,0,5,4,6,1,12,3,
14,11,13,0,9,6,4,1,5,7,3,2,8,10,12,
3,12,1,6,4,5,0,7,18,19,
15,14,17,0,11,12,13,9,6,4,1,5,7,3,2,8,10,16,
15,14,17,0,11,12,13,9,6,4,1,5,7,3,2,8,10,16,
15,14,17,0,11,12,13,9,6,4,1,5,7,3,2,8,10,16,
2,21,3,12,1,6,19,4,5,18,0,7,15,
3,12,1,6,4,5,0,7,18,19,15,2,11,8,9,
14,15,10,8,2,9,13,11,3,12,1,6,4,5,0,7,18,19,17,
20,22,24,1,15,14,17,0,23,11,12,13,9,6,4,5,7,3,2,8,10,16,
10,21,26,9,3,12,1,18,6,4,5,0,7,19,2,15,11,8,
20,22,24,1,15,14,17,0,23,11,12,13,9,6,4,5,7,3,2,8,10,16,
16,27,4,14,15,10,8,2,9,13,11,3,26,12,1,6,5,0,7,18,19,17,
18,19,22,24,1,15,14,17,0,23,11,12,13,9,6,4,5,7,3,2,8,10,16,
16,10,8,2,3,7,5,4,6,9,13,12,11,23,0,17,14,15,1,24,22,20,28,
18,19,20,22,24,1,15,14,17,0,23,11,12,13,9,6,4,5,7,3,2,8,10,16,
25,8,2,19,21,4,3,12,1,18,6,5,0,7,15,
16,10,8,2,3,7,4,6,9,13,12,11,23,0,17,14,15,1,24,22,20,19,18,5,34,
13,29,6,10,21,26,3,9,12,1,18,4,5,0,7,19,2,25,15,11,8,
8,25,2,19,21,4,3,12,1,18,6,5,0,7,15,11,
11,35,1,18,25,8,2,19,21,4,3,12,6,5,0,7,15,
15,7,5,12,3,4,0,19,21,2,8,6,25,18,35,11,1,39,
31,2,16,27,4,14,15,10,8,9,13,11,3,26,12,1,6,5,0,7,18,19,17,21,
21,25,26,9,3,12,1,18,6,4,5,0,7,19,2,15,11,8,
16,25,17,13,14,29,6,10,21,26,3,9,12,1,18,4,27,5,0,7,19,2,15,11,8,
39,1,11,18,6,8,25,2,21,19,0,4,3,35,12,5,7,15,40,
10,42,19,21,25,2,26,3,9,12,1,18,6,4,5,0,7,15,38,11,8,
39,1,11,18,6,8,25,2,21,19,0,4,3,35,12,5,7,15,40,
39,1,11,18,6,8,25,2,21,19,0,4,3,35,12,5,7,15,40,
39,1,11,18,6,8,25,2,21,19,0,4,3,35,12,5,7,15,40,
39,1,11,18,6,8,25,2,21,19,0,4,3,35,12,5,7,15,40,
Future sets, 
4,19,21,2,43,25,15,8,49,45,35,38,39,48,11,46,9,44,3,47,10,40,42,13,26,33,29,32,30,28,23,34,16,22,24,41,20,14,27,31,17,37,36,6,12,18,7,5,1,
5,7,18,12,6,36,37,17,31,27,14,20,41,24,22,16,34,23,28,30,32,29,33,26,13,42,40,10,47,3,44,9,46,11,48,39,38,35,45,49,8,15,25,43,2,21,19,4,
25,15,8,45,35,38,39,48,11,46,9,44,49,47,10,40,42,13,26,33,29,32,30,28,23,34,16,22,24,41,20,43,14,27,31,17,37,36,
21,19,25,15,8,45,35,38,39,48,11,46,9,44,49,47,10,40,42,13,26,33,29,32,30,28,23,34,16,22,24,41,20,43,14,27,31,17,37,36,
6,36,37,17,31,27,14,43,20,41,24,22,16,34,23,28,30,32,29,33,26,13,42,40,10,47,49,44,9,46,11,48,39,38,35,45,8,12,19,21,18,15,25,7,5,
7,25,15,18,21,19,12,8,45,35,38,39,48,11,46,9,44,49,47,10,40,42,13,26,33,29,32,30,28,23,34,16,22,24,41,20,43,14,27,31,17,37,36,6,
36,37,17,31,27,14,43,20,41,24,22,16,34,23,28,30,32,29,33,26,13,42,40,10,47,49,44,9,46,11,48,39,38,35,45,8,12,19,21,18,15,25,7,
25,15,18,21,19,12,8,45,35,38,39,48,11,46,9,44,49,47,10,40,42,13,26,33,29,32,30,28,23,34,16,22,24,41,20,43,14,27,31,17,37,36,
35,38,39,48,46,44,49,47,40,9,42,13,26,10,33,29,32,30,28,23,34,45,16,22,24,41,20,43,14,27,31,17,37,36,11,
42,26,10,33,29,32,30,28,23,34,45,22,24,41,20,43,16,27,31,17,14,37,36,13,
29,32,30,28,23,34,45,22,24,41,20,43,33,16,27,31,17,14,37,36,13,
40,47,49,44,46,48,39,38,42,37,29,45,26,17,14,31,27,16,33,43,41,24,22,36,34,23,28,30,32,20,
20,19,21,18,17,15,46,27,31,29,41,26,39,37,48,44,38,49,47,16,40,35,45,42,43,32,30,28,23,34,36,33,22,24,25,
37,17,14,31,27,16,33,43,41,24,22,36,34,23,28,30,32,20,
27,16,33,43,41,24,31,22,36,34,23,28,30,32,20,
27,31,29,41,26,39,37,48,44,38,49,47,40,46,35,45,42,43,32,30,28,23,34,36,33,22,24,25,
43,41,31,24,22,33,36,34,23,28,30,32,
31,41,43,27,24,22,33,36,34,23,28,30,32,
39,37,38,49,47,29,46,35,26,45,43,42,44,25,41,40,21,31,27,32,34,36,48,19,
36,34,32,27,31,21,40,41,25,44,42,43,45,26,35,46,29,48,47,49,38,37,39,
36,28,33,30,34,
41,25,42,43,45,35,46,29,40,47,49,38,44,48,37,39,
36,34,28,33,30,32,
36,34,28,33,30,32,
36,34,28,33,30,32,
43,42,45,35,46,40,47,49,38,44,48,37,39,
45,41,29,43,37,42,31,
43,41,31,
33,
43,37,

41,


36,
40,47,49,44,46,48,39,


45,
48,46,44,49,47,40,
49,44,46,47,48,

45,







Past links sets, 

0,
1,
1,
1,
4,
5,
6,
3,2,7,
8,
9,
8,
7,
10,
11,13,
3,2,12,
12,14,
11,12,13,
12,
3,18,
12,14,
19,
15,16,17,
15,16,17,
15,16,17,
15,21,
11,15,9,19,
15,17,14,19,
20,22,23,24,
10,21,26,
20,22,23,24,
16,26,27,
22,23,19,24,
28,
19,24,23,22,20,
8,25,
34,
13,25,29,
11,25,
11,35,
39,
21,31,
25,26,
16,25,27,29,
40,
10,38,42,
40,
40,
40,
40,
Future links sets, 
1,
4,3,2,
15,8,
19,15,8,
5,
6,
7,
12,8,
35,11,9,
26,10,
45,29,13,
14,39,17,26,38,
20,15,16,17,18,
37,17,14,
27,20,16,
27,26,22,23,24,25,
43,22,23,24,31,
24,23,27,22,
19,
34,26,27,21,32,
34,30,28,
41,29,25,
34,32,30,28,
34,32,30,28,
34,32,30,28,
43,35,37,42,38,
42,31,29,
43,31,
33,
43,37,

41,


36,
39,


45,
40,
49,44,46,47,48,

45,







Coordinates,
0.11731,1.99474,
0.0989872,1.97431,
0.210056,1.80362,
0.348305,1.81575,
1.15861,1.86594,
1.30814,1.84068,
1.04157,1.81418,
1.00739,1.80694,
0.416248,1.70939,
0.291294,1.49205,
0.233201,1.45884,
0.822509,1.55826,
1.62407,1.69219,
0.268498,1.35866,
0.230372,1.31144,
1.28328,1.54256,
0.346878,1.21859,
0.445041,1.22561,
1.85135,1.59863,
1.66302,1.54754,
0.00753984,0.946173,
1.83354,1.48271,
0.21176,0.780093,
0.321457,0.842905,
0.252443,0.7464,
1.70211,1.38703,
1.00529,1.10265,
0.760901,0.893014,
0.14734,0.408084,
0.937577,0.867704,
0.231265,0.241814,
0.633075,0.554731,
0.360476,0.33625,
0.152961,0.0904873,
0.293081,0.194487,
1.80461,1.09214,
0.288469,0.0023121,
1.04161,0.601585,
1.44046,0.736629,
1.7472,0.90879,
1.74574,0.883317,
0.657006,0.0269144,
1.33803,0.566357,
0.874713,0.025711,
1.67458,0.431746,
1.28488,0.0694792,
1.7712,0.358339,
1.97082,0.328184,
1.81143,0.18145,
1.73219,0.080488,
