Storage option,sets
Size,75
Dimension,2
Shape,cube
Spacetime,BlackHole
Past sets, 

0,
0,1,
0,1,
0,1,
4,0,1,3,
2,4,0,1,3,
2,4,0,1,3,
5,7,0,2,4,1,3,
3,1,0,4,5,
5,4,0,1,3,2,
8,5,7,0,2,4,1,3,6,
6,7,8,10,5,4,0,1,3,2,9,
3,1,0,4,5,
3,1,0,4,5,
13,14,0,3,1,4,5,
9,2,3,1,0,4,5,10,8,7,6,12,
2,9,13,3,1,0,4,5,
5,4,1,3,0,14,
10,14,17,2,13,9,3,1,0,4,15,5,
11,16,9,2,3,1,0,4,5,10,8,7,6,12,13,
13,18,5,4,15,1,3,14,0,
11,14,16,5,4,0,1,3,9,13,2,17,10,8,7,6,12,15,
13,12,6,7,8,10,5,4,0,1,2,9,16,11,3,20,
6,7,8,19,2,10,14,17,0,13,9,3,1,18,4,15,5,
0,14,3,1,15,4,5,18,13,21,
19,22,11,14,16,5,4,0,1,3,9,13,2,17,10,8,7,6,12,15,20,
15,17,14,23,4,13,12,6,7,8,10,5,0,1,20,2,9,16,11,3,22,
12,24,5,6,7,8,19,0,2,10,14,17,13,9,3,1,18,4,15,
20,15,12,6,7,8,10,17,2,13,9,1,0,4,5,16,14,11,22,19,3,26,
18,19,22,11,14,16,5,4,0,1,3,9,13,2,17,10,8,7,6,12,15,20,
6,7,8,9,2,17,10,0,14,3,1,15,4,5,18,13,21,19,
29,0,20,15,12,6,7,8,10,17,2,13,9,1,4,5,16,14,11,22,19,3,26,18,
9,2,25,0,13,14,1,3,15,4,17,5,18,21,
19,26,27,4,15,17,14,23,0,13,12,6,7,8,10,5,1,20,2,9,16,11,3,22,
22,3,11,16,9,2,20,1,5,10,8,7,6,12,13,0,23,14,17,15,4,27,
12,24,31,8,6,7,9,2,25,17,10,0,14,3,1,15,4,5,18,13,21,19,
23,27,32,3,29,0,20,15,12,6,7,8,10,17,2,13,9,1,30,4,5,16,14,11,22,19,26,18,
16,25,24,12,31,8,6,7,9,2,17,10,0,14,3,1,15,4,5,28,18,13,21,19,
23,24,28,32,3,29,0,20,15,12,6,7,8,10,17,2,13,9,1,30,4,5,16,14,11,22,19,26,18,
18,26,19,22,11,14,16,5,4,30,9,13,2,17,10,8,7,12,15,20,0,29,3,1,32,27,23,6,37,
37,6,23,27,32,1,3,29,0,20,15,12,7,8,10,17,2,13,9,30,4,5,16,14,11,22,19,26,18,24,
21,24,30,1,18,19,22,11,14,16,5,4,0,3,9,13,2,17,10,8,7,6,12,15,20,28,
19,21,13,18,5,4,15,1,3,14,0,10,17,25,9,6,8,2,31,24,12,7,36,
20,16,11,22,24,12,31,8,6,7,9,2,17,10,0,14,3,1,15,4,5,28,18,13,21,19,
43,14,19,21,13,18,5,4,15,1,3,0,10,17,25,9,6,8,2,31,24,12,7,36,28,
34,5,19,26,27,4,15,17,14,23,0,29,13,12,6,7,8,10,1,20,2,9,16,11,3,22,
5,21,4,15,3,18,1,31,14,13,17,0,25,2,9,33,6,7,8,10,19,24,
26,29,42,13,21,24,30,1,18,19,22,11,14,16,5,4,0,3,9,2,31,17,10,8,7,6,12,15,20,28,
28,41,4,37,0,6,23,27,32,1,3,40,29,20,15,12,7,8,10,17,2,13,9,30,5,16,14,11,22,19,26,18,24,
21,23,24,28,32,3,29,0,20,15,12,6,7,8,10,17,2,13,9,1,30,4,5,16,14,11,22,19,26,18,
18,26,19,22,11,14,16,5,4,30,9,13,2,17,10,7,6,12,15,20,0,29,3,1,32,28,24,23,8,39,
2,25,0,13,14,1,3,15,4,5,18,21,9,
21,23,24,28,32,3,29,0,20,15,12,6,7,8,10,17,2,13,9,1,30,4,5,16,14,11,22,19,26,18,
17,1,18,2,25,0,13,14,3,52,15,4,21,5,9,33,
9,5,4,15,3,33,52,14,13,0,25,21,2,18,1,17,54,
47,18,5,21,4,33,15,3,1,31,2,14,13,17,0,25,9,6,7,8,10,19,24,12,
28,36,12,43,47,18,5,21,4,33,15,3,1,31,2,14,13,17,0,25,9,6,7,8,10,19,24,45,
16,45,43,14,19,21,13,18,5,4,33,15,1,3,0,10,17,25,9,6,8,2,31,24,12,7,36,28,
11,33,16,45,43,14,19,21,13,18,5,4,15,1,3,0,10,17,25,9,38,6,8,2,31,24,12,7,36,28,
12,47,18,5,21,4,33,15,3,1,31,2,14,13,17,0,25,9,6,7,36,8,10,19,24,
10,19,17,9,5,4,15,3,33,52,55,14,0,25,21,2,18,1,13,54,
19,10,8,7,6,31,17,9,5,4,15,3,33,52,55,14,0,25,21,2,18,1,13,54,
10,17,9,5,4,15,3,33,52,55,14,0,25,21,2,18,1,13,54,
24,19,10,8,7,6,31,54,13,1,18,2,21,25,0,14,55,52,33,3,15,4,5,9,17,47,
47,18,5,21,4,33,15,3,1,31,2,14,13,17,0,25,9,6,7,8,10,19,24,12,
19,63,17,10,33,9,55,4,15,3,5,52,61,14,0,25,2,21,18,1,13,54,
12,24,19,10,8,7,6,9,25,0,17,13,14,2,31,1,3,15,33,4,21,5,18,47,56,
19,63,17,10,33,9,55,4,15,3,5,52,61,14,0,25,2,21,18,1,13,54,
24,4,33,19,10,8,7,6,31,17,9,5,15,62,3,2,61,52,55,14,0,25,54,21,18,1,13,
10,17,9,5,4,15,3,33,52,55,14,0,25,21,2,18,1,13,54,
62,15,54,7,13,1,18,21,2,25,0,14,61,52,5,3,4,55,8,9,33,10,17,63,19,6,31,
6,8,10,19,5,17,33,63,4,68,9,55,15,3,52,14,0,25,54,61,2,21,18,1,13,7,66,
8,6,31,10,19,5,17,33,63,4,68,9,55,15,3,52,14,0,25,54,61,2,21,18,1,13,7,66,
10,19,5,17,33,63,4,68,9,55,15,3,52,14,0,25,54,61,2,21,18,1,13,66,
Future sets, 
4,9,13,15,25,21,14,18,5,2,69,52,33,55,54,24,28,38,58,57,45,36,7,74,60,43,56,67,40,30,49,44,42,53,32,48,29,23,46,50,27,26,51,22,34,41,65,12,35,37,39,16,11,64,47,31,20,73,6,62,71,72,59,8,10,70,3,63,61,68,66,19,17,1,
17,19,66,68,61,63,3,70,10,8,59,72,71,62,6,73,20,31,47,64,11,16,39,37,35,12,65,41,34,22,51,26,27,50,46,23,29,48,32,53,42,44,49,30,40,67,56,43,60,74,7,36,45,57,58,38,28,24,54,55,33,52,69,2,5,18,14,21,25,15,13,9,4,
52,33,55,54,24,28,38,58,57,45,36,7,60,43,56,67,40,30,49,44,42,53,32,48,29,23,46,50,27,26,51,22,34,41,65,12,35,37,39,16,69,11,64,47,31,20,73,62,71,72,59,6,8,10,70,63,61,68,66,74,19,17,
7,5,18,14,21,25,15,13,24,28,38,58,57,45,36,60,43,56,67,40,59,30,49,44,42,53,32,48,29,23,46,50,27,26,51,22,34,41,65,12,35,37,39,16,69,11,64,47,31,20,73,9,62,71,72,8,52,61,68,74,66,19,33,55,63,70,54,17,10,6,
7,5,18,14,21,25,15,13,24,28,38,58,57,45,36,60,43,56,67,40,59,30,49,44,42,53,32,48,29,23,46,50,27,26,51,22,34,41,65,12,35,37,39,16,69,11,64,47,31,20,73,9,62,71,72,8,52,61,68,74,66,19,33,55,63,70,54,17,10,6,
18,14,21,25,15,13,24,28,38,58,57,45,36,60,43,56,67,40,59,30,49,44,42,53,32,48,29,23,46,50,27,26,51,22,34,41,65,12,35,37,39,16,69,11,64,47,31,20,73,9,62,71,72,8,52,61,68,74,66,19,33,55,63,70,54,17,10,
72,71,62,73,31,47,64,69,39,37,35,12,41,34,22,51,26,27,50,46,23,29,48,32,53,42,44,49,20,30,59,40,11,65,67,56,43,60,36,45,57,16,58,38,28,24,
24,28,38,58,57,45,36,60,43,56,67,40,59,30,49,44,42,53,32,48,29,23,46,50,27,26,51,22,34,41,65,12,35,37,39,16,69,11,64,47,31,20,73,62,71,72,8,
72,71,62,73,31,47,64,69,39,37,35,12,41,34,22,51,26,27,50,46,23,29,48,32,53,42,44,49,20,30,59,40,11,65,67,56,43,60,36,45,57,16,58,38,28,24,
52,47,64,69,31,73,62,24,71,61,68,74,72,66,19,33,55,63,70,54,39,37,35,41,34,51,26,27,50,40,46,48,32,42,44,38,22,59,29,58,53,16,20,57,45,36,23,60,43,56,30,67,28,65,49,12,17,
70,63,47,64,69,24,31,73,62,71,61,68,66,74,72,39,37,35,41,34,51,26,27,50,40,46,48,32,42,44,38,22,59,29,58,53,16,20,57,45,36,23,60,43,56,30,67,28,65,49,12,19,
59,20,44,42,30,53,32,48,29,23,46,40,50,27,49,26,51,34,41,35,37,39,22,
65,67,56,43,60,36,45,57,16,58,29,59,30,38,20,49,44,42,53,32,48,23,46,40,50,27,26,51,22,34,41,35,37,39,28,
23,20,15,74,27,35,22,54,70,63,55,33,52,25,19,66,72,68,21,61,71,24,62,73,26,31,30,46,37,40,32,29,34,53,69,67,38,56,64,47,41,43,60,65,36,28,57,45,50,49,58,51,39,59,42,48,44,17,
15,74,27,35,22,54,70,63,55,33,52,25,19,66,72,68,21,61,71,24,62,73,26,31,30,46,37,40,32,29,34,53,69,67,38,56,64,47,41,43,60,65,36,28,57,45,50,49,58,51,39,59,42,48,44,18,
27,35,22,54,70,63,55,33,52,25,19,66,72,74,68,21,61,71,24,62,73,26,31,30,46,37,40,32,29,34,53,69,67,38,56,64,47,41,43,60,65,36,28,57,45,50,49,58,51,39,59,42,48,44,
58,59,38,20,44,42,30,53,32,48,29,23,46,40,50,27,49,26,51,34,41,35,37,39,22,
54,70,63,55,33,27,35,19,66,72,74,68,61,71,24,62,73,26,31,30,46,37,40,32,29,34,53,69,22,67,38,56,64,47,41,43,60,65,36,28,57,45,50,49,58,51,39,59,42,48,44,
32,40,37,30,39,51,49,28,41,24,21,58,53,50,42,44,48,25,62,56,52,38,69,43,74,45,33,70,64,31,68,59,55,72,63,61,71,66,73,36,47,65,67,54,57,60,
72,74,66,68,61,71,62,73,31,30,46,37,40,32,29,34,24,53,69,67,38,56,64,47,41,43,60,65,36,28,57,45,50,49,58,51,39,59,42,48,44,26,
44,42,30,32,48,29,23,40,53,50,27,49,51,34,41,46,35,37,39,26,
53,50,42,44,48,25,56,52,38,69,43,74,45,33,64,62,31,59,58,55,72,63,61,71,68,66,73,70,47,65,36,67,54,57,60,
44,42,30,35,26,34,51,29,46,48,32,49,53,40,50,37,39,41,27,
53,50,27,49,40,51,41,34,46,35,37,39,
69,67,56,64,47,41,43,60,65,28,45,53,36,50,49,57,58,51,39,59,42,48,38,44,
52,38,43,45,33,62,59,58,55,72,63,61,71,69,68,66,74,73,70,47,65,36,54,64,56,67,57,60,
34,29,48,32,53,40,50,37,39,41,49,51,46,
40,49,41,34,46,35,37,
53,50,49,57,58,51,39,59,48,38,42,44,45,
48,32,53,50,39,37,41,49,51,40,46,
53,42,50,39,48,37,41,49,51,40,
73,69,62,71,48,56,64,65,58,47,60,38,45,36,59,57,43,67,44,
53,50,39,37,41,49,51,40,
59,58,55,72,63,61,71,69,68,66,74,73,62,70,47,65,54,64,56,67,57,60,
46,

60,45,59,58,57,43,
41,49,40,
59,
51,
49,
49,
48,
57,58,59,45,

59,58,57,

65,64,56,67,57,60,




55,72,70,64,63,61,69,68,66,74,73,62,71,54,

62,73,74,66,68,69,71,61,63,64,70,72,55,
70,64,63,61,72,71,69,68,66,74,73,62,
67,




71,69,68,66,74,73,72,
71,69,
71,68,66,74,73,72,


74,73,72,

74,73,72,






Past links sets, 

0,
1,
1,
1,
3,4,
2,3,4,
2,3,4,
5,7,
5,
2,5,
6,8,
6,8,9,10,
5,
5,
13,14,
12,
2,9,13,
14,
10,15,17,
13,11,16,
15,18,
15,11,16,17,
20,
6,8,18,19,
21,
19,20,22,
22,23,
12,24,
26,
18,19,20,22,
8,19,6,21,
18,29,
17,25,
26,27,
27,
12,24,25,31,
30,27,32,
25,28,16,31,
23,28,30,32,
37,
24,37,
21,28,30,
36,
20,22,28,31,
28,43,
29,34,
24,31,33,
29,31,42,
28,40,41,
21,32,30,28,23,
39,
2,9,25,
21,32,30,28,23,
33,52,
54,
12,47,
45,47,
16,33,45,
11,33,38,45,
36,47,
19,55,
31,55,
10,55,
47,55,
12,47,
61,63,
56,
61,63,
24,61,62,
10,55,
61,62,63,
6,66,8,68,
31,66,68,
66,68,
Future links sets, 
1,
4,3,2,
52,7,6,17,10,
7,6,5,
7,6,5,
14,8,13,9,10,
72,11,31,12,24,
8,
72,11,31,12,24,
52,17,12,
70,63,19,12,
59,22,20,
65,16,36,56,28,
17,20,15,
18,15,
22,21,19,
58,38,22,20,
33,22,19,
32,30,24,21,
61,24,26,31,30,
44,30,26,23,
25,50,53,31,42,
44,30,27,26,
53,50,39,27,
28,41,69,36,47,
52,36,38,33,
34,29,
37,35,34,
45,49,38,50,39,44,53,42,
48,46,32,
37,53,42,39,50,
73,62,48,38,44,36,47,
53,50,39,37,
58,59,54,47,
46,

60,43,
41,40,
59,
51,
49,
49,
48,
45,

59,58,57,

65,56,57,60,64,




54,

55,
70,61,62,63,64,
67,




69,68,71,66,
71,69,
68,71,66,


74,73,72,

74,73,72,






Coordinates,
1.28328,1.94804,
0.760901,1.898,
0.268498,1.70939,
1.30814,1.81575,
1.35866,1.81785,
1.44046,1.79299,
0.21176,1.59863,
0.231265,1.60052,
0.358339,1.56215,
0.842905,1.60113,
0.633075,1.54754,
0.025711,1.34364,
0.431746,1.44335,
1.74574,1.69219,
1.99474,1.71002,
1.73219,1.65467,
0.288469,1.26724,
1.04161,1.48271,
1.97082,1.6559,
1.00529,1.38703,
0.291294,1.09214,
1.7472,1.54256,
0.346878,1.06633,
0.14734,0.946173,
0.937577,1.26048,
1.67458,1.45884,
0.33625,0.908389,
0.11731,0.7464,
0.657006,1.04088,
0.360476,0.867704,
0.408084,0.874204,
1.15861,1.21859,
0.348305,0.81104,
1.49205,1.26216,
0.152961,0.508318,
0.00753984,0.37142,
0.874713,0.893014,
0.233201,0.464791,
0.780093,0.780207,
0.293081,0.442056,
0.210056,0.328184,
0.252443,0.339054,
0.566357,0.5761,
0.883317,0.772897,
0.601585,0.527551,
0.90879,0.690372,
0.0989872,0.0269144,
1.31144,0.920074,
0.554731,0.423144,
0.230372,0.0904873,
0.416248,0.258002,
0.321457,0.0694792,
1.83354,1.0444,
0.445041,0.080488,
1.81143,0.988612,
1.80362,0.922893,
1.22561,0.556943,
1.04157,0.241814,
1.00739,0.194487,
0.822509,0.0023121,
1.10265,0.258899,
1.7712,0.736629,
1.66302,0.655656,
1.84068,0.665194,
1.55826,0.384726,
1.33803,0.18145,
1.80461,0.504478,
1.28488,0.0558645,
1.85135,0.407029,
1.62407,0.182585,
1.97431,0.449301,
1.70211,0.0736094,
1.81418,0.162843,
1.80694,0.0935441,
1.86594,0.13437,
