Storage option,sets
Size,25
Dimension,2
Shape,cube
Spacetime,BlackHole
Past sets, 

0,
0,
0,2,
0,2,
2,0,3,
0,
0,2,
4,0,2,3,
2,0,4,
3,2,0,4,8,
7,2,0,6,
4,7,2,0,6,
0,1,
1,0,13,
11,4,7,0,2,6,
0,1,
5,9,8,3,10,11,12,4,7,0,2,6,
1,5,9,8,3,10,11,12,4,7,0,2,6,
6,2,0,7,4,12,11,10,3,8,9,5,1,18,
1,5,9,8,3,10,12,4,7,0,2,6,
18,1,5,9,8,3,10,11,12,4,7,0,17,2,6,
13,16,18,11,20,3,1,5,9,8,10,12,4,7,0,2,19,6,
19,20,21,4,18,1,5,9,8,3,10,11,12,7,0,17,2,6,
14,16,13,23,0,19,20,21,4,18,1,5,9,8,3,10,11,12,7,17,2,6,22,
Future sets, 
2,18,16,22,13,24,21,19,23,20,14,1,11,7,9,12,15,4,3,10,5,8,17,6,
20,23,19,21,14,24,13,22,16,18,
11,7,9,12,15,4,3,10,23,5,18,21,8,24,17,19,22,20,
10,5,21,24,23,17,18,19,8,22,20,
15,12,9,8,19,20,22,18,17,23,24,21,10,
21,24,23,17,18,19,22,20,
20,11,22,19,17,15,23,12,24,21,18,
20,11,22,19,17,15,23,12,24,21,18,
20,22,19,18,17,23,24,21,10,
21,24,23,17,18,19,22,20,
21,24,23,17,18,19,22,20,
22,19,17,15,23,24,21,18,
21,24,23,17,18,19,22,20,
22,24,14,
24,

24,22,
23,24,21,
21,19,24,23,22,
23,24,22,
23,24,22,
24,23,
24,
24,

Past links sets, 

0,
0,
2,
2,
3,
0,
2,
3,4,
4,
8,
6,7,
4,6,7,
1,
13,
4,11,
1,
5,12,11,10,9,
5,1,12,11,10,9,
18,
1,12,10,5,9,
17,18,
13,16,19,20,
19,20,21,
14,22,23,
Future links sets, 
2,6,1,
20,16,18,13,
7,4,3,
8,5,
15,12,9,8,
20,18,17,
12,11,
12,11,
10,
20,18,17,
20,18,17,
18,17,15,
20,18,17,
22,14,
24,

22,
21,
21,19,
23,22,
23,22,
23,
24,
24,

Coordinates,
0.0391407,4.88134,
0.0987622,2.46937,
1.64925,3.84121,
1.68022,3.46178,
2.0741,3.77488,
1.71263,3.1253,
2.97162,4.36033,
2.91872,4.13433,
2.57679,3.58725,
2.85315,3.75794,
2.64326,3.35714,
3.512,4.17711,
3.2574,3.88733,
0.154861,0.72427,
0.370503,0.333281,
4.87575,4.42728,
1.43476,0.8898,
3.94247,3.02762,
3.63125,2.26478,
3.64783,2.24776,
3.3078,1.68179,
4.53657,2.30899,
3.89686,0.485028,
4.5767,1.11854,
4.64297,0.0119222,
