Storage option,sets
Size,250
Dimension,3
Shape,cylinder
Spacetime,BlackHole
Past sets, 































1,










0,



















21,


12,



6,
12,33,


33,
5,


39,
5,
32,
50,


12,


24,
15,




37,40,
13,

20,1,31,
24,
39,


13,28,

9,

3,4,53,
9,

68,
13,28,


14,

8,

47,


38,67,

4,
4,

55,
5,
29,
23,38,67,
41,49,

15,
32,1,79,
4,
28,68,
65,12,70,33,73,
76,15,61,87,
51,
5,
100,93,28,13,108,
21,62,
29,36,51,
16,37,40,92,
7,9,
24,32,0,16,42,
7,30,1,31,
100,93,28,13,108,
16,37,40,
3,5,78,
3,4,53,
45,
14,111,
6,28,13,69,108,
11,48,
72,88,
29,66,
15,
21,38,
3,4,53,
23,2,67,38,118,
48,
51,56,
2,12,83,101,
33,
11,
11,30,
5,15,29,60,66,
91,
9,35,
26,58,
0,48,

76,15,61,87,
11,
4,15,
3,5,26,
58,
29,36,

16,32,37,40,82,
14,99,103,
3,5,
45,85,
7,30,1,31,32,
17,24,8,86,99,
11,35,44,
35,110,
53,4,3,156,
24,30,31,16,42,79,1,32,0,130,
39,46,
45,
74,5,78,
74,5,78,117,
0,8,17,116,
13,90,
12,67,
7,30,9,35,44,112,
7,30,84,102,9,105,112,
11,44,
70,33,73,65,39,12,77,
7,30,44,
33,73,39,12,77,
73,33,83,70,12,65,133,
3,4,53,
35,110,
2,34,43,45,91,
35,44,
51,56,60,21,36,62,29,68,
34,91,101,83,12,2,160,
30,11,98,163,
7,30,1,31,9,35,112,
30,31,79,1,42,16,130,0,32,24,142,
72,85,
9,35,84,
33,161,
58,26,167,
3,120,121,4,53,131,
53,4,78,104,5,3,179,
30,48,98,
45,148,
14,75,106,
0,17,119,
2,12,83,101,91,165,
3,146,117,78,5,74,189,
46,89,
13,28,69,90,55,6,123,
12,83,101,91,165,
44,48,11,162,
131,53,121,147,4,120,3,104,156,
65,33,73,12,70,83,
72,85,88,
45,75,72,85,106,
49,6,50,69,108,13,80,28,93,100,144,
71,50,13,100,80,93,28,41,49,127,
14,43,45,75,85,91,
55,134,87,61,15,154,76,170,
33,
26,63,58,174,
107,68,28,132,
11,24,30,31,16,42,98,79,1,32,0,130,
3,58,5,26,78,
2,101,34,73,33,83,70,12,65,133,
58,84,63,102,9,105,117,
211,9,35,84,110,102,44,194,7,204,30,112,166,105,
102,1,105,166,112,31,44,35,9,30,7,194,
74,53,4,121,104,78,5,146,3,179,
0,42,32,79,24,86,8,113,
34,193,67,2,83,12,70,101,133,65,91,33,160,73,
90,108,69,13,28,6,150,
48,11,158,171,
30,102,105,112,166,44,84,204,35,9,211,
17,119,158,48,168,0,169,
Future sets, 
219,191,249,168,142,209,186,244,237,42,
95,186,130,143,208,181,209,237,242,31,
239,220,203,206,245,160,157,
238,104,221,226,215,146,147,173,179,201,156,243,185,214,
131,147,121,201,214,172,185,120,215,226,243,156,104,
179,243,74,190,164,221,189,215,124,238,173,146,78,136,
150,246,223,230,69,
198,241,242,194,181,208,195,143,141,
182,244,191,113,
211,194,166,208,195,240,241,242,105,248,141,102,

237,196,183,247,171,207,163,225,162,151,
193,227,197,200,65,239,70,199,83,245,206,224,133,220,160,
246,108,150,137,144,100,230,192,231,223,93,
232,218,178,149,111,
172,164,154,134,129,233,170,87,
237,186,177,145,209,142,140,
249,219,191,182,


95,
155,138,205,62,

157,126,
237,186,209,142,96,182,244,86,

235,238,173,213,167,

223,236,132,246,108,150,137,144,231,230,100,
175,205,153,139,164,125,
248,143,195,237,208,163,241,207,181,194,186,242,216,198,209,
242,237,209,181,208,143,186,95,
177,181,142,130,237,186,244,209,79,
234,212,199,73,133,245,197,227,161,239,200,70,
239,245,206,203,
211,208,204,194,184,202,241,242,183,248,166,
205,175,139,
177,145,140,92,
155,126,157,118,
187,97,197,199,77,
177,145,140,92,
231,127,
244,237,186,209,142,
232,203,
225,204,198,241,242,194,248,196,183,
229,203,188,232,180,217,148,
222,187,
115,
225,168,247,249,158,216,151,
230,231,127,
230,231,80,
205,159,139,135,

214,201,185,147,215,226,243,156,104,

233,223,123,
205,159,

240,238,235,174,213,167,

205,164,
170,233,134,
205,138,
240,235,

227,197,200,239,245,133,
164,153,
245,193,126,157,118,
205,132,236,107,
230,223,246,150,
227,197,200,239,245,133,
231,
229,228,210,152,
227,199,197,200,239,245,133,
243,190,221,189,
232,229,218,
170,233,134,
199,197,
238,190,215,189,221,243,146,
244,186,209,237,130,
231,230,

177,
227,224,220,239,200,206,245,160,
240,241,248,211,195,
229,228,210,232,180,
244,182,
170,233,134,
228,152,
222,
246,223,192,
245,232,206,203,220,224,165,
140,
231,230,144,137,




237,216,207,
182,178,
231,230,144,137,
239,224,220,206,245,160,
248,242,241,240,195,
178,
243,226,215,
248,242,241,240,195,
229,218,
236,
246,230,144,150,137,

241,202,184,
149,
248,208,195,241,242,194,
244,


191,
240,221,190,
157,
249,219,
226,214,
243,226,214,

223,



231,


237,209,186,
226,214,
236,
245,239,200,
233,







209,

230,

243,221,
226,
217,

246,



233,

226,185,

249,247,

245,206,
212,
225,
207,

224,220,
248,242,241,
213,
249,
249,
233,
247,


235,




243,215,









221,



245,
242,241,









248,241,






248,241,






































Past links sets, 































1,










0,



















21,


12,



6,
12,33,


33,
5,


39,
5,
32,
50,


12,


24,
15,




37,40,
13,

20,31,
24,
39,


13,28,

9,

3,4,53,
9,

68,
13,28,


14,

8,

47,


38,67,

4,
4,

55,
5,
29,
23,38,67,
41,49,

15,
1,79,
4,
28,68,
65,70,73,
76,61,87,
51,
5,
93,100,108,
62,
29,36,51,
16,92,
7,9,
24,32,16,42,
7,30,31,
93,100,108,
16,37,40,
3,78,
3,4,53,
45,
111,
69,108,
11,48,
72,88,
29,66,
15,
21,38,
3,4,53,
2,23,118,
48,
51,56,
2,83,101,
33,
11,
11,30,
5,15,29,60,66,
91,
9,35,
26,58,
0,48,

76,61,87,
11,
4,15,
3,5,26,
58,
29,36,

16,32,37,40,82,
14,99,103,
3,5,
45,85,
7,30,31,32,
17,8,86,99,
11,35,44,
35,110,
156,
24,30,31,16,42,130,
39,46,
45,
74,78,
74,78,117,
0,8,17,116,
13,90,
12,67,
7,30,9,35,44,112,
7,30,84,102,105,112,
11,44,
65,70,73,77,
7,30,44,
73,12,77,
83,133,
3,4,53,
35,110,
2,34,43,45,91,
35,44,
51,56,60,36,62,29,68,
34,91,160,
98,163,
7,30,31,9,35,112,
30,31,130,142,
72,85,
9,35,84,
161,
167,
3,120,121,53,131,
78,104,179,
30,48,98,
148,
14,75,106,
0,17,119,
2,83,101,165,
117,146,189,
46,89,
13,28,69,90,123,
83,101,165,
44,48,162,
120,131,121,147,104,156,
65,73,70,83,
72,85,88,
45,75,72,85,106,
49,69,80,144,
71,80,93,100,127,
14,43,45,75,85,91,
55,134,154,170,
33,
26,63,174,
107,132,
11,24,30,31,16,42,98,130,
3,58,26,78,
2,34,83,101,133,
58,84,63,102,105,117,
102,105,110,166,194,204,211,
31,102,105,166,194,
74,104,121,146,179,
42,79,86,113,
34,91,133,160,193,
90,150,
158,171,
30,102,105,112,166,204,211,
17,119,158,168,169,
Future links sets, 
219,191,168,42,
130,31,
239,220,203,160,157,
214,201,179,238,173,147,146,156,104,
201,131,147,121,172,120,156,104,
179,173,164,136,124,78,74,
69,
198,194,181,208,195,143,141,
182,191,113,
211,208,194,166,105,141,102,

237,196,183,171,163,162,151,
199,193,83,70,65,
192,108,100,223,93,
232,218,178,111,
172,164,154,129,87,
237,186,177,145,142,140,
249,219,191,182,


95,
155,62,

157,126,
237,186,142,96,86,

235,238,173,167,

223,132,108,100,
175,205,153,139,164,125,
216,248,209,237,198,186,194,181,163,208,195,143,
242,237,209,181,208,143,186,95,
177,181,142,79,
234,73,161,70,
239,245,206,203,
211,208,204,202,194,184,183,166,
205,175,139,
177,145,92,
155,126,118,
187,97,77,
177,145,92,
127,
244,237,186,142,
232,203,
225,204,198,194,196,183,
229,203,188,232,180,148,
222,187,
115,
225,168,158,216,151,
230,127,
80,
205,159,139,135,

214,201,147,156,104,

233,123,
205,159,

240,238,174,167,

205,164,
170,134,
205,138,
240,235,

227,197,133,
164,153,
193,126,118,
205,132,107,
230,223,150,
227,197,133,
231,
229,228,210,152,
227,199,197,133,
243,190,189,
232,229,218,
170,134,
199,197,
238,190,215,189,146,
244,130,
231,230,

177,
227,224,220,239,200,160,
240,211,195,
229,228,210,232,180,
244,182,
170,134,
228,152,
222,
246,223,192,
245,232,206,203,165,
140,
231,144,137,




237,216,207,
182,178,
231,144,137,
239,224,220,160,
248,242,241,240,195,
178,
243,226,215,
248,242,241,240,195,
229,218,
236,
144,150,137,

241,202,184,
149,
248,208,195,194,
244,


191,
240,221,190,
157,
249,219,
226,214,
243,226,214,

223,



231,


237,209,186,
226,214,
236,
245,239,200,
233,







209,

230,

243,221,
226,
217,

246,



233,

226,185,

249,247,

245,206,
212,
225,
207,

224,220,
248,242,241,
213,
249,
249,
233,
247,


235,




243,215,









221,



245,
242,241,









248,241,






248,241,






































Coordinates
-3.97957,3.22524,2.92507
-3.97739,2.00933,2.45008
-3.97664,2.13233,4.54465
-3.9471,3.98576,0.907486
-3.93247,3.70352,0.606076
-3.91633,2.55246,0.92557
-3.90821,3.18513,5.87031
-3.87468,2.22791,2.12462
-3.87261,3.06101,3.12649
-3.83425,2.34347,1.94164
-3.82533,0.927514,4.75116
-3.77626,3.93569,2.29116
-3.77377,3.09487,4.66434
-3.71685,3.95121,5.61107
-3.71473,2.57576,3.77556
-3.69046,3.52217,0.146813
-3.67802,1.99427,2.90869
-3.67137,3.59234,3.11325
-3.67011,1.4426,5.78912
-3.63982,0.86358,1.50786
-3.62912,1.45406,2.40836
-3.62618,1.68767,5.70024
-3.61166,0.779661,0.488306
-3.61105,1.63261,4.94015
-3.60422,2.65379,3.23256
-3.59925,0.706651,4.58696
-3.58914,3.7389,1.09511
-3.57639,0.52788,5.01896
-3.57285,3.14212,5.69728
-3.57238,2.69164,0.394931
-3.56622,2.88125,2.35306
-3.55637,1.94527,2.38224
-3.51917,2.34908,2.79513
-3.4872,3.66679,4.53162
-3.43772,2.04015,4.35985
-3.42862,3.11251,1.81052
-3.42209,2.94293,0.0190318
-3.37971,1.37157,2.97972
-3.34784,1.75356,5.00991
-3.33635,3.90643,4.82818
-3.32328,1.37876,3.21137
-3.30616,3.80166,5.25074
-3.28766,2.57341,2.918
-3.26233,2.17512,3.91623
-3.25326,3.28549,1.98765
-3.25149,3.68722,3.82667
-3.22894,3.2885,4.89591
-3.21872,1.20809,1.41646
-3.17064,3.40527,2.4869
-3.1498,3.64602,5.39948
-3.1452,3.95386,5.45697
-3.11048,2.0513,0.0916028
-3.06337,0.645612,4.87671
-3.0498,3.91049,0.677794
-3.0462,0.793776,2.35441
-3.03326,3.74501,5.98914
-3.02059,1.43056,6.19963
-3.01371,1.3999,0.816525
-2.97647,3.50012,1.19038
-2.9671,0.597646,6.21446
-2.96165,1.98495,0.28818
-2.95085,3.17327,6.20248
-2.93899,1.59464,5.66789
-2.92888,3.46443,1.3421
-2.91641,0.736772,3.37144
-2.90823,3.05825,4.49877
-2.90475,2.75708,0.447911
-2.90455,1.89924,4.88531
-2.88598,2.31875,5.71387
-2.82634,3.09108,5.70364
-2.80445,3.05605,4.52173
-2.76825,3.99251,5.16629
-2.6955,3.4078,3.41431
-2.68955,3.29389,4.4648
-2.68437,2.36895,0.857859
-2.68401,3.05568,3.62317
-2.67498,3.93577,6.21446
-2.63712,3.94574,4.71544
-2.63357,2.62481,0.920267
-2.61513,2.18804,2.62121
-2.58398,3.95103,5.36621
-2.58362,0.873192,4.98594
-2.57981,1.21073,2.90877
-2.5672,2.60389,4.5324
-2.56007,2.99866,1.58575
-2.51149,3.89782,3.60093
-2.50519,2.57003,3.19467
-2.50351,3.29658,6.17032
-2.49511,3.6759,3.2979
-2.49434,1.79798,4.94483
-2.48205,3.90748,5.77148
-2.47837,2.67268,4.25142
-2.40812,0.597282,2.78731
-2.40297,3.5543,5.50585
-2.39877,0.621989,3.49729
-2.3751,1.181,2.24866
-2.3579,1.7757,3.21809
-2.34252,3.30543,4.70811
-2.31576,2.79811,2.42522
-2.31412,2.4451,3.34067
-2.31221,3.25722,5.53615
-2.31193,2.39578,4.43254
-2.30098,2.22449,1.66721
-2.30083,2.50289,3.3826
-2.29173,3.25069,0.583506
-2.29073,2.26351,1.73451
-2.28301,3.23083,3.51395
-2.26863,2.2164,5.59618
-2.26195,3.33991,5.55812
-2.24992,0.595541,3.60967
-2.23421,3.71431,1.66275
-2.22714,2.46026,3.5278
-2.2186,2.53728,1.9254
-2.18777,2.67772,2.94531
-2.18721,1.72429,1.36055
-2.16521,0.600802,1.07141
-2.14944,3.93804,2.95643
-2.14219,2.20977,1.19755
-2.13896,1.39664,4.70535
-2.11334,3.97964,2.769
-2.11088,3.49666,0.431693
-2.09714,3.45738,0.466086
-2.06633,3.33519,1.35178
-2.06557,3.72103,5.80886
-2.06135,1.16609,0.900611
-2.03341,2.59045,0.194236
-2.03055,1.10826,4.84589
-2.0303,3.3418,5.21516
-1.99802,3.52812,1.37614
-1.97781,2.78783,0.0654883
-1.96038,1.94083,2.44784
-1.94248,3.30531,0.380643
-1.91988,2.36251,5.63086
-1.91918,2.93679,4.43133
-1.86779,3.34347,6.09328
-1.86134,0.899484,0.0862119
-1.83339,1.18194,0.638256
-1.8152,3.34145,5.50261
-1.812,0.883479,5.27832
-1.80392,2.01581,0.00759375
-1.80159,0.164026,2.58338
-1.79133,1.20578,1.51729
-1.76381,1.59057,2.64054
-1.74505,1.18963,2.08827
-1.74236,3.24414,5.46247
-1.73886,0.40653,2.50152
-1.72051,2.60019,0.855622
-1.69861,3.03243,0.423061
-1.69805,3.64619,3.70236
-1.69774,2.26917,3.44283
-1.68566,3.20477,5.55553
-1.68221,3.10467,2.26774
-1.6421,3.06178,3.20168
-1.60312,2.24502,0.345325
-1.58099,3.8715,6.24398
-1.54618,0.924711,4.96825
-1.54054,3.7135,0.498663
-1.53625,0.894812,4.53731
-1.5256,3.70615,2.39819
-1.52224,0.589369,5.93956
-1.50402,2.13037,4.27959
-1.48821,3.81535,4.25462
-1.48147,3.41973,2.14239
-1.4025,2.75931,2.17809
-1.38723,1.64241,0.13831
-1.36958,2.74947,4.16415
-1.33502,2.48357,1.71513
-1.32938,3.88761,1.04115
-1.30996,3.16494,2.46697
-1.30432,3.61178,2.50539
-1.2949,3.06964,6.12614
-1.29257,3.6783,2.17703
-1.28169,3.14732,0.107314
-1.27889,2.89996,0.847071
-1.27547,3.89765,1.10993
-1.24826,2.18266,6.0654
-1.23942,3.7195,3.84899
-1.23503,0.387293,2.49265
-1.22642,2.39527,3.30176
-1.22025,2.73391,0.717708
-1.18188,3.5024,3.57103
-1.15243,1.80536,2.11422
-1.14257,2.27815,3.06605
-1.11872,3.36432,1.76798
-1.09423,3.35582,1.51143
-1.09014,3.75034,0.456665
-1.07649,1.38203,2.33857
-1.06405,3.21567,4.73036
-1.05331,3.25404,3.80054
-1.05222,1.82205,0.710015
-1.04386,1.35221,0.846556
-1.01599,3.42955,2.91891
-1.00518,3.96835,5.5283
-0.984682,1.7608,4.63677
-0.968662,2.24773,1.75146
-0.936305,1.69918,1.51187
-0.935373,3.91157,1.90212
-0.926762,3.22091,4.34329
-0.911934,1.90684,1.94725
-0.875429,3.56737,4.40293
-0.860922,2.63225,4.33056
-0.842932,3.88687,0.417118
-0.830528,3.42247,1.44831
-0.827399,1.44974,3.7963
-0.806565,2.67632,1.69438
-0.793422,0.670897,5.60952
-0.769778,1.90577,4.16722
-0.764782,2.47291,2.13604
-0.749864,1.53778,1.76581
-0.735204,0.965532,2.15047
-0.707028,3.95546,3.38452
-0.703918,2.46198,1.58021
-0.692477,3.68279,4.18415
-0.673433,3.78421,0.911651
-0.654801,3.1179,0.206183
-0.650591,2.51161,0.564413
-0.619403,2.45115,2.34731
-0.587574,3.78583,3.68424
-0.561573,2.67573,3.42368
-0.561058,3.5696,2.61886
-0.550286,1.99597,4.03725
-0.521528,1.50552,0.706488
-0.52127,1.52738,4.89092
-0.445724,3.1455,5.57565
-0.406544,2.08081,3.93976
-0.388543,3.25948,1.94156
-0.361105,3.12173,0.23746
-0.336558,2.56414,4.43962
-0.316169,3.46889,3.16284
-0.309798,3.1906,3.36105
-0.300702,2.39371,5.36615
-0.285502,3.19822,5.13138
-0.250569,2.0026,3.59579
-0.222334,3.06811,5.98141
-0.192998,3.45225,3.95061
-0.18487,3.73533,1.06268
-0.171742,1.03411,5.09333
-0.141376,1.48712,2.16554
-0.122186,2.90826,0.852498
-0.0990379,1.67374,4.33032
-0.0977941,1.6851,1.17328
-0.0879298,2.11239,1.5641
-0.0566228,1.40151,1.59175
-0.0514802,1.81972,0.457912
-0.0243277,2.26017,2.60917
-0.0188867,1.26639,4.2485
-0.0146661,2.71073,5.55347
-0.012756,3.67002,2.16394
-0.00242474,2.26847,1.47159
-0.00197203,3.26203,2.37386
r_S,2
NLambdas_Sized_2,1
Lambda0,10,
Lambda1,18,
Lambda2,19,
Lambda3,22,
Lambda4,25,
Lambda5,27,
Lambda6,52,
Lambda7,54,
Lambda8,57,
Lambda9,59,
Lambda10,64,
Lambda11,81,
Lambda12,94,
Lambda13,95,
Lambda14,96,
Lambda15,109,
Lambda16,114,
Lambda17,115,
Lambda18,124,
Lambda19,126,
Lambda20,135,
Lambda21,136,
Lambda22,138,
Lambda23,140,
Lambda24,141,
Lambda25,143,
Lambda26,145,
Lambda27,155,
Lambda28,157,
Lambda29,159,
Lambda30,164,
Lambda31,177,
Lambda32,181,
Lambda33,186,
Lambda34,190,
Lambda35,195,
Lambda36,198,
Lambda37,203,
Lambda38,205,
Lambda39,206,
Lambda40,208,
Lambda41,209,
Lambda42,220,
Lambda43,221,
Lambda44,222,
Lambda45,236,132,107
Lambda46,237,
Lambda47,239,
Lambda48,240,
Lambda49,242,
Lambda50,243,
Lambda51,245,