Storage option,sets
Size,200
Dimension,2
Shape,cube
Spacetime,BlackHole
Past sets, 











7,




2,
6,
9,2,16,


4,5,
2,9,
0,
4,
3,7,11,13,
9,2,16,
3,7,11,13,


13,11,7,3,27,
2,9,22,
6,16,2,9,18,
1,
18,16,2,22,9,26,
12,
7,9,2,16,6,17,
3,5,4,21,
19,20,
1,
3,7,11,13,5,4,21,
16,26,22,9,2,18,31,
2,3,7,11,13,6,17,
17,18,9,2,16,6,32,
6,17,13,11,7,3,25,
13,21,4,5,3,37,
6,26,9,22,2,16,18,34,
2,9,22,20,19,38,

13,21,4,5,3,37,
7,36,32,6,16,2,9,18,17,43,
25,21,30,4,5,13,11,7,3,27,40,
5,21,4,24,28,
19,20,33,1,39,
1,39,
27,25,3,7,11,13,4,30,17,6,5,44,
1,29,
5,4,24,28,
6,5,21,25,27,3,7,11,13,17,4,30,
0,23,
6,5,21,25,27,3,7,11,13,17,4,30,
1,29,
21,28,24,4,5,57,
7,40,45,24,11,37,3,5,4,21,13,49,
0,23,
3,21,52,28,24,4,5,57,
27,30,44,6,17,11,3,13,42,16,25,2,7,36,9,
1,31,38,19,20,22,9,2,47,
5,4,24,28,
0,12,
24,45,37,51,25,21,30,4,5,13,7,3,27,11,40,49,
3,49,28,37,24,4,21,5,13,52,
44,55,58,60,21,6,5,25,27,3,7,40,11,13,17,4,30,
27,30,25,51,24,37,7,11,40,45,3,63,5,4,21,13,49,
9,16,2,55,3,27,25,7,11,42,13,4,30,17,6,5,44,
1,2,31,19,20,33,22,67,38,9,18,47,26,16,
16,26,75,1,2,31,19,20,33,22,67,9,38,18,47,
19,20,7,36,6,32,26,9,22,31,2,41,16,18,34,43,46,17,
7,45,3,49,28,37,24,4,21,5,71,13,52,11,40,
0,23,
0,1,29,
0,29,1,56,
5,4,24,28,
22,26,27,25,11,50,7,36,3,32,6,16,2,9,18,44,17,43,42,13,
38,39,33,20,19,1,53,
34,41,47,18,76,16,26,75,1,2,31,19,20,33,22,38,67,9,
1,41,34,31,2,22,20,46,19,6,9,38,26,16,47,18,
0,39,54,56,29,1,61,
18,21,58,66,44,5,6,17,30,9,74,16,55,32,3,2,27,25,36,7,11,42,13,4,
6,34,41,1,2,31,19,20,22,67,38,9,18,47,16,26,
34,41,47,18,76,16,26,75,1,2,31,19,20,33,22,38,67,9,
41,11,13,42,34,22,50,7,36,3,32,6,16,31,2,9,18,46,17,43,26,
28,70,49,13,21,4,73,27,30,25,51,24,37,40,11,5,63,7,45,3,
23,29,1,0,80,
26,43,17,46,18,9,2,31,16,91,41,11,50,13,42,34,22,7,36,3,32,6,
0,1,29,
56,1,0,29,81,
11,40,45,3,49,37,24,62,4,21,5,28,57,71,13,52,7,65,
17,6,60,49,40,11,27,70,63,5,24,37,45,51,25,21,30,4,13,7,3,
62,21,52,65,28,24,4,57,5,3,68,
33,20,19,39,53,1,54,
41,39,53,47,18,76,16,26,75,1,2,31,19,20,33,22,38,67,9,
33,1,29,56,54,39,0,61,87,
25,26,43,17,46,18,9,2,31,16,91,41,11,50,13,42,34,22,7,36,3,32,6,
11,50,17,46,43,34,18,16,77,19,6,32,20,7,36,26,9,22,31,2,41,
18,24,4,42,11,40,36,25,27,2,60,3,55,16,74,45,9,30,17,6,5,44,13,72,58,21,7,66,37,51,49,
41,34,30,66,13,42,43,46,17,44,18,9,31,2,22,26,27,83,25,11,50,7,36,16,3,32,6,
68,3,5,57,4,37,24,28,65,52,62,21,99,
27,30,25,51,65,7,52,13,71,97,45,37,24,11,40,3,78,49,62,4,21,63,5,57,28,
4,5,34,30,66,13,42,43,46,17,44,18,9,31,2,22,26,27,83,25,11,50,7,36,16,3,32,6,
6,32,3,16,36,7,50,11,25,83,27,26,22,2,31,106,41,5,34,30,43,66,13,42,17,46,44,18,9,
39,85,6,9,67,38,22,33,20,90,34,41,89,2,31,47,18,76,16,26,75,1,19,
28,24,5,4,82,
54,47,84,19,39,33,20,1,53,2,31,22,38,67,9,
42,13,91,41,2,31,22,38,9,26,94,36,7,20,11,50,43,104,17,46,34,18,16,77,19,6,3,32,
58,73,5,37,24,70,11,40,98,27,49,60,2,6,17,45,74,16,51,25,21,30,63,4,72,13,42,7,3,9,55,44,
70,73,28,57,5,63,4,62,49,78,3,40,11,24,21,108,30,27,25,51,52,65,7,13,71,68,97,45,37,
27,30,25,51,13,71,37,78,49,45,40,11,99,21,52,7,65,24,62,4,28,57,63,5,3,68,97,
51,40,60,43,16,74,9,30,88,17,6,58,21,50,5,44,18,55,26,32,3,2,27,25,83,36,66,7,11,42,72,13,4,22,
43,32,88,49,51,37,60,2,25,36,3,42,4,70,11,40,24,18,105,27,55,16,74,45,9,30,17,6,5,44,13,72,58,21,7,66,
68,82,4,57,5,24,28,112,
34,46,40,60,43,16,74,9,30,88,17,6,58,21,50,5,44,18,55,26,32,3,2,27,25,83,36,66,7,11,42,72,13,4,22,
17,68,37,45,97,71,13,7,6,65,52,51,25,27,30,21,24,40,78,108,49,3,62,4,63,5,92,57,28,11,70,73,
73,99,28,57,5,63,4,62,49,78,3,40,11,24,21,108,30,27,25,51,52,65,7,13,71,68,97,45,37,
28,24,5,4,82,
44,58,78,73,92,5,37,24,70,11,40,98,27,49,60,17,45,51,25,21,30,63,4,13,71,7,6,65,62,3,97,28,57,52,
29,54,1,53,39,19,20,33,61,100,
86,19,1,46,75,26,16,76,18,47,31,2,89,111,85,33,20,39,6,22,41,9,67,38,32,90,34,
7,36,32,43,33,85,17,75,46,86,26,16,76,47,18,6,19,34,41,1,89,2,31,20,22,67,9,38,
17,60,37,45,97,71,13,7,6,65,52,51,25,27,30,21,24,40,78,108,49,3,62,4,63,5,92,57,28,11,70,73,
31,51,22,4,13,72,42,11,6,88,30,9,74,16,40,46,17,60,2,34,5,43,58,21,50,44,18,55,26,32,121,3,27,25,83,36,7,66,
47,1,86,38,9,22,31,2,41,26,13,42,94,36,7,114,20,11,50,43,104,17,46,34,16,18,77,19,6,3,91,32,
50,66,7,21,58,72,13,44,5,42,3,32,119,60,2,37,25,51,36,49,88,30,43,63,4,70,11,40,24,18,105,27,55,16,74,45,9,17,6,
68,112,82,4,5,24,28,124,
27,25,44,103,38,9,22,31,2,41,26,13,42,94,36,7,114,20,11,50,43,104,17,46,34,16,18,77,19,6,3,91,32,
85,6,34,90,9,67,38,22,33,20,19,101,75,41,39,26,53,1,89,2,31,47,18,76,16,
82,107,117,37,11,78,3,62,4,63,57,28,40,99,73,5,123,65,7,24,21,49,108,30,27,25,51,52,13,71,68,97,45,
60,55,74,58,21,88,94,4,9,26,27,83,25,11,109,50,36,16,3,91,32,6,110,22,2,31,106,41,5,34,30,43,7,66,13,42,17,46,103,44,18,
68,112,82,4,57,5,24,28,124,
36,52,71,78,28,92,44,55,9,3,49,98,40,27,11,70,5,60,2,73,58,24,37,115,6,17,45,74,16,51,25,21,30,63,4,72,13,42,66,7,
30,27,83,25,44,103,38,9,22,31,2,41,26,13,42,94,36,7,114,20,11,50,43,104,17,46,34,16,18,77,19,6,3,91,32,
60,73,70,11,28,51,7,52,13,71,65,6,97,68,45,37,17,25,27,30,21,24,40,78,108,49,3,62,122,4,63,5,92,116,57,
31,37,45,51,118,22,4,13,72,42,11,6,88,30,9,74,16,40,46,17,60,2,34,5,43,58,21,50,44,18,55,26,32,121,3,27,25,83,36,7,66,
26,28,98,115,6,17,9,45,74,16,55,27,105,18,24,3,32,42,5,44,58,21,50,13,72,43,36,7,66,37,73,132,119,60,2,25,51,49,88,30,63,4,70,11,40,
2,42,57,58,55,44,5,92,37,24,70,11,40,98,27,49,78,60,65,6,17,45,51,25,21,30,63,4,71,7,62,3,28,73,52,13,72,
18,57,7,66,42,13,72,4,63,30,25,51,16,98,40,3,55,44,73,92,5,28,115,71,78,49,52,21,139,36,9,27,11,70,60,2,58,24,37,65,6,17,45,74,
55,74,94,20,19,104,4,9,26,27,83,25,11,109,50,36,16,3,91,32,6,110,22,2,31,106,41,5,34,30,43,7,66,13,42,17,46,103,44,77,18,
26,28,92,98,115,6,17,9,45,74,16,55,27,105,18,24,3,32,42,5,44,58,21,50,13,72,43,36,7,66,37,73,132,119,60,2,25,51,49,88,30,63,4,70,11,40,
118,40,130,18,44,103,46,17,42,72,13,66,7,43,30,34,5,83,25,27,26,55,4,88,58,9,74,16,94,36,21,137,60,2,31,11,50,109,22,121,3,91,32,6,51,110,106,41,
74,45,17,6,65,37,24,58,2,60,70,11,9,36,51,25,92,5,30,63,4,42,71,13,72,66,7,57,28,115,18,27,145,16,98,40,62,3,55,44,73,78,49,52,139,21,
40,18,44,103,46,17,42,72,13,66,7,43,30,34,5,83,25,27,26,55,4,88,58,9,74,16,94,36,21,137,60,2,31,11,50,109,22,121,3,91,32,6,110,106,41,
101,19,1,46,75,26,16,76,18,47,31,2,89,53,111,85,33,20,39,6,22,41,9,67,38,90,34,
99,21,52,65,124,37,5,28,57,24,82,62,4,120,68,107,3,112,
22,40,11,70,4,63,30,88,49,51,2,60,119,132,73,37,27,25,143,55,26,16,74,45,9,17,6,115,28,98,105,18,83,24,3,32,42,5,44,58,21,50,13,72,43,36,66,7,
33,86,47,38,3,6,19,75,16,77,18,34,46,76,17,104,43,50,11,20,7,36,26,9,67,22,31,2,89,41,32,91,13,42,1,
67,89,32,91,3,6,42,26,41,2,31,22,9,38,86,47,1,13,131,94,36,7,114,20,11,50,43,104,17,46,34,16,18,77,19,
32,88,105,21,139,52,49,78,73,44,55,3,62,40,98,16,145,27,18,115,28,60,2,70,11,24,37,36,66,7,17,74,45,58,65,6,149,9,51,25,92,5,4,63,30,42,71,13,72,57,
18,97,16,74,115,9,36,72,13,52,73,28,3,62,125,66,7,71,40,98,24,37,58,11,70,5,92,44,57,144,55,42,2,60,27,49,78,65,6,17,45,51,25,139,21,30,63,4,
17,92,45,97,68,71,13,28,116,57,4,63,70,11,37,78,107,136,117,30,62,3,82,24,40,99,73,5,123,6,65,7,21,49,108,27,25,51,52,
124,28,24,5,57,4,82,120,133,68,21,112,138,
36,16,74,115,9,68,97,72,13,52,73,28,3,62,125,7,71,40,98,24,37,58,129,11,70,5,92,44,116,57,144,55,42,2,60,27,108,49,78,65,6,17,45,51,25,21,30,122,63,4,
45,97,68,71,13,28,116,57,4,63,70,11,37,78,107,136,117,30,62,3,82,24,40,99,73,5,123,65,7,21,49,108,27,25,51,52,
92,45,97,68,71,13,28,116,57,4,63,70,11,37,78,107,136,117,30,62,3,82,24,40,99,73,5,123,65,7,21,49,108,27,25,51,52,
117,107,136,57,116,92,123,5,63,4,122,71,13,6,65,7,52,51,28,73,60,70,11,99,40,82,141,25,97,68,45,37,17,27,30,21,24,78,108,49,3,62,
101,19,1,46,75,26,16,76,18,47,31,2,89,53,111,85,33,20,39,6,22,41,9,67,38,90,34,
52,71,92,7,66,36,43,72,13,50,21,58,44,5,42,32,3,24,83,18,105,98,28,2,51,22,30,147,88,4,63,70,11,40,49,153,37,60,119,16,74,45,132,73,27,143,25,55,26,9,17,6,115,
25,33,19,77,18,75,16,34,46,76,17,22,31,89,2,42,3,26,32,91,6,41,67,9,38,155,86,47,1,13,131,94,36,7,114,20,11,50,43,104,
50,39,111,86,16,75,46,43,32,36,7,26,85,33,128,41,17,76,47,77,18,6,19,34,1,89,2,90,31,20,22,67,127,9,38,
13,71,45,40,11,112,3,78,49,107,97,68,99,21,52,7,152,65,124,37,63,5,57,28,24,82,120,4,62,
52,21,3,138,112,68,133,62,120,4,5,82,24,57,28,124,65,
52,71,78,92,7,66,36,43,72,13,50,21,58,44,5,42,32,3,24,83,18,105,98,28,2,51,22,30,147,88,4,63,70,11,40,49,153,37,60,119,16,74,45,132,73,27,143,25,55,26,9,17,6,115,
141,4,63,122,30,21,25,51,45,17,6,65,78,49,108,27,60,2,55,144,57,116,28,115,73,42,160,44,52,71,13,72,97,68,9,74,16,36,66,125,7,3,62,99,40,98,24,37,58,129,11,70,5,92,
41,98,130,49,73,132,66,7,36,25,27,3,121,32,26,55,18,44,42,13,72,43,63,4,22,51,118,31,119,60,2,6,45,74,16,70,11,40,37,24,83,142,88,30,9,105,46,17,34,5,58,21,109,50,
112,120,45,97,68,71,13,28,57,4,63,11,37,78,107,136,117,30,62,3,82,24,40,99,73,5,123,65,7,21,49,108,27,25,51,52,
17,161,52,51,25,27,108,49,21,7,6,65,92,63,4,28,57,116,13,71,68,97,45,162,70,11,158,99,40,37,78,107,136,117,30,62,3,82,24,73,5,123,
3,52,138,159,133,68,124,5,28,57,62,120,4,24,82,21,112,
92,112,52,51,25,27,108,49,21,7,63,4,28,116,57,13,71,68,97,45,161,11,70,40,99,37,78,107,136,117,30,62,3,82,24,73,5,123,65,
1,106,47,32,91,3,6,19,77,18,41,2,31,9,38,134,16,25,83,103,44,86,27,114,30,22,140,26,131,13,42,94,36,66,7,20,11,50,43,104,17,46,34,
116,92,5,58,24,11,70,98,40,37,66,125,7,62,3,97,156,16,74,9,68,36,72,13,71,52,44,73,115,28,57,55,42,129,2,60,27,18,145,49,108,78,65,6,144,17,45,51,25,139,21,157,30,63,4,122,32,88,105,149,
51,25,30,27,117,49,107,78,68,97,62,3,112,11,45,71,13,168,52,40,99,21,7,152,65,124,37,5,57,28,24,82,120,63,4,
50,11,104,86,16,75,46,43,32,36,7,26,85,33,128,41,17,76,47,77,18,6,19,34,1,89,2,90,31,20,22,67,9,38,
65,112,21,169,82,24,175,3,159,133,68,52,138,124,5,57,28,4,120,62,
161,162,62,3,49,108,78,24,21,30,27,17,37,68,97,92,4,63,122,116,57,28,71,13,5,123,6,65,7,136,107,117,45,163,52,51,73,60,129,70,11,158,99,40,82,141,25,
40,88,21,58,1,60,38,18,77,44,103,46,17,42,72,13,66,7,43,30,34,25,83,27,4,26,114,55,104,137,19,47,106,20,9,74,134,16,94,36,146,11,140,22,109,50,3,91,32,6,110,2,31,41,5,
38,104,20,146,130,118,41,106,51,110,6,3,121,22,109,50,11,31,2,60,19,137,21,42,43,13,72,17,46,74,16,103,44,77,18,40,66,7,94,36,32,91,150,34,5,148,30,88,83,25,27,26,114,55,4,58,9,
91,106,110,31,118,51,22,4,63,13,72,42,18,55,121,32,41,73,98,43,3,130,49,7,66,36,44,27,25,119,60,2,6,172,45,74,143,16,70,11,40,37,24,83,142,88,30,9,105,46,17,34,132,5,58,21,109,50,26,153,115,28,
103,104,43,50,11,20,114,7,36,94,131,13,1,22,46,17,76,47,34,75,16,19,18,77,33,25,166,31,89,2,42,3,91,32,26,6,41,67,9,38,155,86,
78,7,5,82,169,24,63,4,120,133,68,97,62,3,112,138,21,52,57,28,37,124,65,152,107,49,11,99,40,45,71,13,
133,138,4,63,82,24,28,57,97,68,107,78,49,117,30,27,25,112,51,3,62,120,179,5,11,45,71,13,168,52,40,99,21,7,152,65,124,37,
50,43,119,99,160,141,149,105,73,171,44,52,71,13,72,74,16,68,9,97,156,3,62,36,7,66,125,60,92,5,70,11,116,57,58,24,37,40,98,115,28,55,42,129,2,27,145,18,49,108,78,65,6,144,17,45,178,51,25,139,21,157,30,63,4,122,32,88,
20,49,45,37,130,118,41,106,51,110,6,3,121,22,109,50,11,31,2,60,19,137,21,42,43,13,72,17,105,46,74,16,103,44,77,18,40,66,7,94,36,32,91,150,34,5,148,30,88,24,142,83,25,27,26,55,4,58,9,
156,139,65,57,125,149,22,51,2,28,98,30,157,105,145,18,24,83,3,62,32,44,58,52,92,66,7,78,42,13,72,71,36,170,43,50,21,147,88,4,63,70,11,40,49,37,60,119,74,45,5,132,73,27,16,143,25,55,153,26,9,144,17,6,115,165,97,
120,60,162,17,174,6,65,123,5,73,24,141,82,3,62,30,136,92,78,107,122,63,4,49,108,21,25,112,51,52,27,7,117,176,28,57,116,13,71,68,97,163,45,161,129,11,70,158,40,99,37,
62,120,4,28,57,5,124,138,181,65,52,112,21,169,82,24,175,3,159,133,68,
4,5,110,34,46,17,104,43,50,11,20,7,66,36,94,42,13,131,18,77,19,47,106,3,177,32,91,6,2,31,41,1,30,9,38,134,16,25,83,103,44,86,27,114,22,140,26,
24,9,58,4,55,26,27,25,83,142,88,30,5,34,150,91,32,36,94,7,66,40,18,77,44,103,16,74,46,17,72,13,43,42,148,21,137,60,2,31,11,50,109,22,121,6,110,51,106,41,118,3,130,19,146,20,104,45,37,49,
32,88,105,123,117,107,82,42,160,73,116,57,115,28,60,27,49,108,78,55,44,171,63,4,122,144,17,21,139,141,25,51,45,6,65,52,71,13,72,97,68,136,9,74,16,36,66,125,7,3,62,99,40,98,30,157,24,37,58,2,129,11,70,5,92,145,18,149,
2,42,55,98,44,62,3,49,108,78,24,21,30,27,17,37,68,97,92,4,63,122,116,57,28,71,72,13,5,123,6,65,125,7,136,107,58,117,45,163,52,51,73,60,129,70,11,158,99,40,82,141,25,
50,117,43,119,123,99,160,141,149,105,73,171,44,52,71,13,72,74,16,68,9,97,156,3,62,36,7,66,125,60,92,5,70,11,116,57,58,24,37,40,98,115,28,55,42,129,2,27,145,18,49,108,78,65,6,144,17,45,178,51,25,139,21,157,30,63,4,122,32,88,
98,55,173,37,99,40,158,70,11,129,161,45,163,97,68,71,13,116,57,28,58,176,117,125,7,27,52,51,25,112,24,141,82,182,123,5,92,174,17,44,162,65,6,73,60,120,63,122,4,192,62,3,30,136,78,107,49,108,21,
Future sets, 
102,87,96,81,95,69,59,64,79,80,93,23,
183,131,177,86,93,80,89,61,164,180,53,111,166,127,186,128,95,154,155,96,102,85,56,151,33,101,75,67,126,39,100,84,90,194,135,76,167,87,113,54,81,
144,197,42,31,113,47,177,50,146,185,43,170,186,127,128,119,178,106,165,94,153,26,166,180,121,137,196,109,167,67,194,76,135,198,139,140,154,36,183,156,88,147,118,155,184,66,134,75,74,171,160,101,115,86,34,114,16,143,172,85,90,22,149,104,110,150,32,91,131,190,103,132,191,151,157,41,145,18,77,195,105,46,164,89,148,130,189,142,83,111,
175,99,181,131,91,94,114,155,169,42,40,78,168,97,107,37,154,27,123,108,179,165,106,191,132,183,115,144,150,121,189,130,160,72,199,63,190,146,71,198,139,156,185,58,149,119,187,60,193,66,125,184,65,192,74,163,162,103,73,83,142,141,152,25,143,161,158,129,188,166,30,157,98,186,122,145,116,174,92,49,176,117,170,137,196,109,105,134,194,110,178,51,182,55,173,44,171,148,177,118,147,88,153,45,172,195,136,70,197,140,
194,109,74,146,138,120,133,82,124,112,24,188,129,70,197,172,45,143,162,171,192,65,158,187,60,190,63,122,179,52,160,141,199,72,170,196,78,189,62,169,51,178,119,149,116,175,145,161,136,68,195,98,157,40,99,92,121,150,183,139,71,198,137,181,159,130,193,88,147,57,184,125,118,21,148,105,163,142,117,132,73,191,176,49,108,165,107,37,153,55,182,123,156,97,152,174,115,173,144,58,185,168,
194,110,109,112,124,82,133,138,120,74,146,188,129,70,197,172,45,143,162,171,192,65,158,187,60,190,63,122,179,52,160,141,199,72,170,196,78,189,62,169,51,178,119,149,116,175,145,161,136,68,195,98,157,40,99,92,121,150,183,139,71,198,137,181,159,130,193,88,147,57,184,125,118,21,148,105,163,142,117,132,73,191,176,49,108,165,107,37,153,55,182,123,156,97,152,174,115,173,144,58,185,168,
111,135,89,86,151,164,46,127,32,83,170,43,130,189,121,180,166,195,77,137,196,50,177,109,167,183,140,198,139,191,132,104,147,194,165,106,146,114,143,172,110,197,17,144,115,174,74,192,142,122,98,157,190,131,42,160,158,129,72,199,141,118,60,119,178,125,66,184,55,182,150,91,153,94,105,128,58,185,156,148,145,103,44,171,149,163,36,154,155,134,186,88,
77,128,140,197,70,136,195,172,153,88,147,118,50,177,148,171,44,173,55,182,51,178,110,194,134,105,109,196,137,170,117,176,92,174,116,145,122,186,98,157,30,166,188,129,158,130,189,144,115,132,191,73,106,165,121,180,150,91,179,108,183,104,36,163,78,131,11,167,40,123,94,42,160,154,27,114,168,155,97,156,72,199,190,63,146,198,139,185,58,149,119,60,187,66,125,184,192,74,162,103,83,142,141,25,143,161,

115,74,139,66,171,160,36,31,113,47,86,85,90,34,104,134,184,155,172,143,114,147,88,118,156,183,154,140,198,67,194,76,135,110,150,32,91,131,190,103,132,191,151,22,149,157,41,145,18,77,195,105,46,164,89,148,101,75,130,189,142,83,111,167,109,196,137,121,180,166,26,153,94,165,106,178,119,128,127,186,170,43,185,146,50,177,

180,104,131,91,94,114,155,42,168,78,97,40,154,27,123,108,179,165,106,191,132,183,115,144,150,121,189,130,160,72,199,63,190,146,198,139,156,185,58,149,119,187,60,66,125,184,192,74,163,162,103,73,83,142,141,25,143,161,158,129,188,166,30,157,98,186,122,145,116,174,92,176,117,170,137,196,109,105,134,194,110,178,51,182,55,173,44,171,148,177,118,147,88,153,172,195,136,70,197,140,
69,35,
131,91,94,114,155,42,168,78,97,40,154,27,123,108,179,165,106,191,132,183,115,144,150,121,189,130,160,72,199,63,190,146,71,198,139,156,185,58,149,119,187,60,66,125,184,192,74,163,162,103,73,83,142,141,25,143,161,158,129,188,166,30,157,98,186,122,145,116,174,92,49,176,117,170,137,196,109,105,134,194,110,178,51,182,55,173,44,171,148,177,118,147,88,153,45,172,195,136,70,197,140,


115,74,139,66,171,160,36,86,85,90,34,104,134,184,155,172,143,114,147,88,118,156,183,154,140,198,194,76,135,110,150,32,91,131,190,103,132,191,151,149,157,41,145,18,77,195,105,46,164,89,148,101,75,130,189,142,83,111,167,109,196,137,121,180,166,26,153,94,165,106,178,119,128,127,186,170,43,185,146,50,177,
174,158,122,98,129,192,141,60,72,199,125,182,55,74,115,144,197,42,142,172,143,114,118,146,106,165,194,110,150,91,190,131,153,94,160,105,128,157,58,185,156,148,119,178,145,44,171,149,163,36,154,103,155,66,184,134,186,88,147,104,132,191,139,198,140,183,167,109,177,50,196,137,77,195,166,180,121,189,130,43,170,83,
157,149,145,105,76,75,101,41,89,135,46,164,151,191,132,190,131,103,91,32,150,110,194,198,140,154,183,156,130,189,142,83,77,195,111,167,109,196,137,121,180,166,153,94,165,106,178,119,148,128,127,186,170,43,185,146,50,177,118,88,147,114,143,172,155,184,134,104,34,90,85,86,
104,146,195,77,100,53,166,101,86,151,180,111,140,85,114,190,131,183,154,126,67,38,128,127,186,47,113,84,155,184,177,90,89,167,76,194,135,164,134,75,
104,146,195,77,100,53,166,101,86,151,180,111,140,85,114,190,131,183,154,126,67,38,128,127,186,47,113,84,155,184,177,90,89,167,76,194,135,164,134,75,
159,88,137,181,99,169,193,175,184,118,148,130,183,150,121,40,136,195,161,145,116,149,51,178,119,157,98,92,125,105,163,142,117,132,73,191,176,49,108,165,107,37,153,182,123,156,97,152,174,115,173,144,58,185,147,168,139,198,71,62,189,78,196,170,72,199,141,160,52,179,122,63,190,60,187,158,65,192,171,162,143,45,172,197,70,129,188,
191,34,134,75,194,135,76,167,151,121,180,104,170,111,140,146,41,46,164,77,195,165,47,106,85,114,183,154,128,186,127,67,185,131,190,103,86,130,101,83,142,172,113,89,148,31,90,118,177,109,91,150,137,166,155,184,110,153,94,
93,79,64,59,
105,112,124,82,119,133,195,68,92,98,147,73,132,185,115,172,125,120,187,160,156,97,173,108,161,196,78,117,176,182,123,107,136,165,179,52,170,139,71,198,171,199,141,152,144,145,175,116,57,174,129,188,149,178,193,169,163,65,192,157,158,99,168,70,197,138,181,122,190,63,162,191,159,189,62,153,143,
166,186,103,60,122,92,176,117,174,98,129,188,116,141,161,73,158,162,163,192,184,125,66,145,157,119,149,83,142,170,137,196,109,105,134,194,110,178,51,182,55,173,44,171,148,177,118,147,88,153,172,143,195,136,70,197,74,140,58,185,156,139,198,146,190,199,72,160,130,189,121,150,144,115,183,132,191,106,165,179,108,123,
147,143,191,101,41,154,148,89,118,177,128,75,134,76,194,135,103,121,180,195,77,137,166,104,186,127,185,153,94,91,150,34,85,172,114,170,111,140,90,131,190,86,183,184,155,165,106,110,109,167,146,83,142,130,151,164,46,
134,83,119,178,51,149,122,125,184,92,165,176,117,147,144,115,174,98,171,123,130,189,160,73,191,132,162,158,74,192,198,139,140,146,157,30,148,88,106,177,118,60,194,110,196,137,109,66,183,121,150,142,163,105,179,173,182,55,170,199,72,190,108,195,136,161,141,143,172,58,185,156,153,116,145,188,129,70,197,
153,185,143,147,92,112,124,125,120,187,160,156,97,173,108,161,196,78,117,176,182,123,107,136,165,179,52,170,139,71,198,171,199,141,82,152,144,145,175,116,57,174,129,188,149,178,193,169,163,65,192,133,157,158,99,168,197,138,181,122,162,191,159,189,62,68,
93,80,81,96,126,61,87,102,95,56,
140,106,177,194,110,109,66,60,88,137,183,150,121,74,146,158,191,73,132,162,130,189,160,123,139,198,196,171,142,148,118,163,192,105,179,173,182,55,170,72,199,190,108,195,136,161,141,143,172,58,185,156,153,116,145,188,129,197,70,98,157,174,115,144,147,117,176,165,92,184,125,122,149,51,178,119,
142,130,109,89,148,86,127,186,131,190,183,154,90,177,128,91,150,137,166,155,184,103,101,110,67,185,94,113,172,114,85,106,195,77,164,41,146,140,111,104,180,151,167,76,135,194,75,134,
156,142,83,170,130,189,121,180,166,195,77,196,137,50,109,167,183,154,140,198,194,110,150,91,103,191,132,190,131,153,94,165,106,178,119,148,128,127,186,43,185,146,177,118,88,147,114,143,172,155,184,134,104,
102,186,128,166,127,85,154,111,53,180,151,135,164,101,75,126,100,113,84,90,76,167,
90,111,85,94,150,91,185,127,186,86,131,190,183,140,184,155,106,110,109,167,146,172,114,142,130,151,164,46,104,166,137,77,195,180,121,103,135,194,134,128,177,89,148,154,

160,128,105,156,119,178,149,157,145,171,94,153,131,190,91,150,110,194,165,106,185,146,148,177,118,114,143,172,103,155,66,184,134,186,88,147,104,132,191,139,198,140,154,183,167,109,50,196,137,77,195,166,180,121,189,130,170,83,142,
152,107,153,182,123,165,174,115,173,144,97,156,191,73,132,117,49,176,142,163,125,105,92,157,98,119,178,149,185,147,168,139,71,198,78,196,170,199,141,160,189,108,179,122,190,63,187,158,192,171,162,143,45,172,197,70,129,188,116,145,161,195,136,
140,67,154,183,85,114,111,180,151,128,131,86,47,113,84,155,184,177,90,89,167,194,76,135,164,134,75,186,127,101,166,
127,167,151,135,164,101,126,100,87,113,84,54,102,53,111,
97,78,121,150,183,168,187,158,191,73,132,162,130,189,160,182,123,139,198,196,171,142,148,118,163,192,105,179,173,170,72,199,108,195,136,161,141,143,172,185,156,153,116,145,188,129,197,70,98,157,174,115,144,147,117,176,165,92,184,125,122,190,63,149,51,178,119,
172,110,106,101,103,94,137,185,150,91,184,155,146,140,111,114,85,166,104,180,151,167,195,77,194,135,164,134,128,177,90,154,183,190,131,186,127,86,148,89,
197,144,154,186,134,155,114,103,166,140,115,160,74,106,165,105,191,132,189,130,83,142,143,172,195,148,110,139,198,146,194,109,149,119,178,145,171,157,184,66,94,153,177,118,88,147,121,91,150,170,183,156,185,131,190,196,137,
128,119,94,153,131,190,91,150,110,194,165,106,185,146,148,177,118,114,143,172,103,155,184,134,186,147,104,132,191,198,140,154,183,167,109,50,137,77,195,166,180,121,189,130,170,83,142,
134,194,110,109,171,177,118,147,88,153,172,143,105,196,137,170,149,148,178,119,83,142,55,157,145,125,66,184,195,197,74,140,199,185,156,139,198,146,190,72,160,130,189,121,150,144,115,183,132,191,106,165,
142,190,105,197,119,178,149,125,92,157,98,176,117,147,73,191,132,97,156,185,144,115,174,173,165,123,182,153,168,139,198,78,196,170,199,141,160,189,108,179,122,63,187,158,192,163,171,162,143,172,70,129,188,116,145,161,195,136,
164,151,130,142,172,109,110,106,184,155,146,140,114,166,137,104,121,180,167,103,194,195,77,134,128,177,148,154,183,190,131,86,186,127,185,91,150,94,
131,194,86,186,128,111,85,180,151,183,154,67,113,155,177,90,89,76,167,135,164,75,127,101,166,

190,105,197,119,178,149,125,92,157,98,176,117,147,73,191,132,97,156,185,144,115,174,173,165,123,182,153,168,139,198,78,196,170,199,141,160,71,189,108,179,122,63,187,158,192,163,171,162,143,172,70,129,188,116,145,161,195,136,
198,167,143,147,104,154,186,134,155,114,103,180,121,184,172,189,130,140,170,142,83,132,191,109,183,137,195,166,118,177,148,146,185,106,165,194,110,150,91,190,131,153,94,
142,148,118,179,108,190,105,195,136,173,199,170,196,198,139,123,182,160,130,189,192,163,171,197,162,158,73,191,132,161,141,143,172,185,156,153,116,145,188,129,70,98,157,174,115,144,147,117,176,165,92,184,125,122,149,178,119,
170,165,117,176,171,199,141,182,123,139,198,78,196,161,108,173,136,97,156,160,71,189,187,179,125,107,152,65,144,145,175,116,174,129,188,149,178,193,169,163,192,157,158,99,168,197,181,122,162,191,
135,151,164,101,126,100,113,84,
102,113,126,100,87,
199,146,74,195,184,145,157,139,198,142,148,185,156,190,72,160,130,189,121,150,144,115,183,197,132,191,165,119,178,149,170,137,196,105,143,172,153,88,147,118,171,
102,87,96,81,
159,145,65,117,176,171,199,141,182,123,198,196,161,108,173,136,97,156,189,160,187,125,107,152,144,129,188,149,62,178,169,193,120,179,163,192,157,158,99,175,116,174,168,138,197,181,122,162,191,
199,195,125,184,145,157,139,198,142,148,185,156,190,72,160,130,189,121,150,144,115,183,197,132,191,165,119,178,149,170,137,196,105,143,172,153,88,147,118,171,

163,141,182,192,129,199,195,125,184,145,98,157,139,198,142,148,185,156,190,72,160,130,189,121,150,144,115,183,197,132,191,165,119,178,149,170,137,196,105,143,172,153,147,118,171,
102,126,87,
193,169,149,144,152,107,125,179,188,129,160,189,163,192,178,157,175,116,174,168,197,181,122,187,99,158,162,191,156,97,136,173,108,161,196,198,123,182,141,199,171,176,117,
187,168,179,108,199,170,196,198,139,182,123,160,189,192,163,171,162,141,153,143,172,188,129,158,116,145,161,136,165,173,174,115,144,185,156,132,191,73,147,117,176,98,157,92,125,122,149,178,197,

193,169,149,145,144,152,107,125,179,188,129,160,189,163,192,178,157,116,174,168,197,181,122,187,99,158,162,191,156,97,136,173,108,161,196,198,123,182,141,199,171,176,117,
171,145,157,149,109,110,194,146,184,139,198,177,118,121,150,170,183,153,147,88,178,119,148,156,185,190,196,137,195,172,143,142,130,189,132,191,105,165,106,
113,155,89,135,164,75,127,101,166,90,76,167,154,151,180,85,111,128,186,
122,181,159,193,169,136,107,188,168,138,197,187,198,171,189,160,158,99,162,120,179,182,123,152,196,117,176,133,192,163,161,174,175,116,173,199,141,178,

161,116,153,185,143,172,141,162,132,191,129,158,156,145,115,174,147,176,165,98,157,144,92,125,122,149,119,178,197,171,163,192,189,160,182,139,198,196,170,199,
165,125,179,188,129,117,176,158,197,171,199,192,163,178,149,145,116,174,168,157,144,173,170,141,187,97,156,136,189,160,122,162,191,108,161,78,196,139,198,123,182,
197,183,144,150,121,156,185,130,189,160,190,148,132,191,165,119,178,149,170,196,105,143,172,153,147,118,115,171,142,198,139,157,145,184,195,
172,173,136,161,116,143,185,153,141,162,191,129,158,156,145,115,174,147,176,165,157,144,92,125,122,149,178,197,171,163,192,189,160,123,182,139,198,196,170,199,
146,145,160,157,149,171,184,139,198,118,121,150,170,183,153,147,88,178,119,148,156,185,190,196,137,195,172,143,142,130,189,165,132,191,105,115,
90,76,167,154,85,111,127,101,166,128,186,180,151,164,135,
85,111,127,101,166,186,128,167,154,180,151,135,164,90,
190,167,195,166,146,104,180,114,140,184,155,194,134,186,177,154,183,131,
187,170,168,144,145,156,149,157,178,116,174,192,163,189,160,122,162,191,136,173,108,161,196,139,198,123,182,141,199,171,197,158,176,117,129,188,179,125,

93,
96,
174,161,136,182,124,158,187,179,163,192,188,159,196,138,176,162,133,120,112,199,173,169,193,152,181,197,168,175,
191,170,153,140,130,142,118,172,109,106,184,121,150,183,190,137,195,177,148,146,185,165,194,110,
113,
135,127,180,128,167,151,164,111,
155,194,186,177,131,154,180,128,167,166,127,
102,
196,178,183,130,150,121,153,198,170,147,118,184,119,148,156,185,132,190,137,195,172,143,142,189,165,191,
186,155,135,166,127,154,180,128,167,151,164,111,
135,127,180,167,151,164,111,
185,150,137,166,195,131,94,146,103,190,114,140,184,155,194,134,186,177,148,154,183,
165,176,147,144,174,145,156,158,129,157,162,191,125,122,149,178,139,197,171,163,192,189,160,182,198,196,170,199,141,

146,190,114,140,184,155,194,134,186,148,177,183,131,195,166,137,150,


187,168,157,178,116,174,192,163,189,160,122,162,191,136,173,108,161,196,198,123,182,141,199,171,197,158,176,117,129,188,179,125,
125,145,172,143,156,185,189,160,144,115,171,147,153,197,139,191,165,178,149,157,196,199,170,198,
189,171,198,117,158,187,197,168,182,188,107,136,162,179,123,152,196,176,192,163,161,174,173,199,
126,
164,151,135,

146,140,148,195,184,150,137,190,177,194,183,186,134,
180,114,140,184,155,194,134,186,177,154,183,131,146,166,195,
196,178,119,190,132,189,165,191,170,198,156,185,143,172,153,147,
137,150,183,184,177,190,195,148,146,185,194,110,
188,179,152,136,162,196,176,161,174,173,199,163,192,182,168,197,187,158,
173,136,123,122,163,192,189,160,174,116,178,162,176,161,196,198,182,141,199,171,197,129,158,
185,172,146,148,195,190,184,183,150,137,
194,185,146,148,195,190,184,183,150,137,
164,151,167,127,
176,138,133,120,199,173,169,193,152,181,168,175,159,188,192,179,187,

184,155,194,134,186,140,166,177,183,131,
171,147,153,139,191,165,178,149,157,196,170,198,160,189,185,156,143,145,
178,162,176,161,196,198,182,141,199,171,197,158,160,189,192,163,174,
198,188,179,136,162,196,176,161,174,173,199,163,192,182,197,158,
184,148,172,185,190,195,142,
189,143,165,191,170,198,185,172,153,147,132,
199,173,169,193,159,181,168,175,188,192,179,187,152,
150,142,148,190,184,172,185,195,130,
178,163,189,197,171,192,160,199,182,198,196,141,
198,136,162,196,176,161,174,173,199,163,192,182,197,158,
179,152,138,168,181,193,175,188,169,187,159,133,
197,171,199,160,178,191,198,189,196,157,

167,
180,167,
192,182,178,197,171,198,196,189,199,160,
185,172,184,190,195,148,
177,166,186,194,155,
147,153,172,185,170,191,165,143,
187,169,188,175,193,181,159,
183,194,177,

196,162,163,176,161,174,173,199,192,182,197,158,
183,150,184,190,195,148,
187,169,188,175,193,181,159,
149,157,196,178,191,198,189,156,145,
183,194,177,
196,198,182,199,192,171,197,189,163,
195,190,185,172,
165,191,170,185,153,
171,160,178,191,198,189,196,157,
156,189,198,191,178,196,149,
195,184,183,
170,191,165,
195,190,184,
196,178,191,198,189,156,
195,190,184,

187,179,188,168,
185,170,191,165,

186,166,
189,198,191,178,
196,189,198,191,178,
197,182,192,199,174,
181,193,175,
189,196,198,171,
182,176,192,199,174,
182,192,199,174,
197,192,199,182,

191,
186,

188,179,
187,193,181,
191,
198,196,189,
185,
199,
199,192,
193,181,
199,192,
194,
198,189,
188,

193,
199,









199,







Past links sets, 











7,




2,
6,
9,16,


4,5,
2,9,
0,
4,
3,11,13,
9,16,
3,11,13,


27,
22,
6,18,
1,
18,22,26,
12,
7,9,16,17,
3,21,
19,20,
1,
3,11,13,21,
26,18,31,
2,3,11,13,17,
17,32,
17,25,
13,37,
6,34,
22,38,

13,37,
36,43,
25,30,40,
21,24,28,
19,20,33,39,
39,
4,30,5,44,
1,29,
5,24,28,
21,25,17,30,
23,
21,25,17,30,
1,29,
21,57,
24,40,45,49,
23,
3,52,57,
30,36,42,44,
1,31,47,
5,24,28,
0,12,
24,45,49,51,
49,52,
40,55,58,60,
51,63,
9,16,42,55,
18,26,33,67,
75,
19,36,41,43,20,46,
40,45,71,
23,
0,1,29,
0,56,
5,24,28,
22,26,27,42,44,50,
38,53,
34,41,76,
1,41,46,47,
0,54,56,61,
32,58,66,74,
6,34,41,67,
34,41,76,
41,42,46,50,
28,70,73,
23,80,
91,
0,1,29,
81,
40,62,65,45,71,
60,63,70,
62,65,68,
53,54,
41,53,76,
33,87,
25,91,
11,50,77,
18,24,45,49,51,66,72,74,
41,46,66,83,
37,99,
51,63,78,97,
4,46,66,5,31,83,
5,106,
39,85,89,90,
82,
54,67,84,
38,94,104,
73,74,72,98,
68,70,73,108,
51,63,78,97,99,
51,72,83,88,
43,70,88,105,
57,68,112,
46,72,83,88,
68,92,17,108,
73,99,108,
82,
44,78,92,58,97,98,
61,100,
32,86,111,
36,43,85,86,89,
60,92,108,
31,51,121,
86,114,
50,63,119,
68,112,124,
27,44,103,114,
85,89,90,101,
82,107,117,123,
60,88,94,103,109,110,
57,68,112,124,
78,66,92,115,
30,83,103,114,
60,116,122,
31,45,118,121,
26,115,28,132,
42,62,65,78,92,72,98,
18,65,139,
74,94,103,104,109,110,
26,92,115,132,
118,130,137,
62,145,
121,137,
101,46,111,
107,120,124,
83,143,
86,76,89,91,104,
89,131,
88,105,149,
18,125,139,144,
17,92,116,136,
120,133,21,138,
36,115,122,125,116,129,144,
116,136,
92,116,136,
136,141,
101,46,111,
71,147,153,
76,25,155,
77,127,50,128,
63,78,97,152,
62,65,120,133,138,
78,147,153,
66,99,141,160,
73,98,109,130,41,132,142,
120,136,
158,161,162,
52,62,3,159,
92,112,161,
106,131,134,140,
122,116,129,156,157,
117,168,
90,104,128,
169,175,
129,158,161,162,163,
1,47,134,72,137,140,146,
114,146,148,150,
91,110,153,172,
103,166,
63,97,152,78,169,
133,138,179,
50,119,171,178,
105,77,142,148,150,
156,165,157,170,
120,129,174,163,176,
181,
4,110,177,
24,49,142,146,148,150,
88,136,149,105,157,171,
42,125,129,158,72,163,
50,117,123,119,171,178,
55,125,173,182,192,
Future links sets, 
87,81,80,95,69,23,
183,86,80,67,61,95,56,39,33,
22,42,16,
175,65,42,37,40,27,25,
194,109,55,24,21,
110,82,109,57,68,55,21,
89,46,32,17,
36,11,

36,26,74,22,18,

104,42,40,27,25,
69,35,
49,45,42,40,27,25,


74,36,26,18,
158,60,58,122,44,43,42,36,
157,105,75,145,41,34,32,
53,77,38,
53,77,38,
159,62,60,58,52,40,37,
47,34,83,31,
93,79,64,59,
105,82,68,63,70,57,195,52,
166,60,58,103,51,44,
147,143,83,75,41,34,
83,134,30,
92,82,68,57,143,52,
80,61,95,56,
140,66,60,58,55,51,
142,130,109,67,41,
127,88,43,
102,75,53,
90,89,85,46,

160,77,66,128,50,
107,49,45,
114,84,47,
111,54,53,
97,78,72,63,51,
172,106,101,91,89,86,85,90,77,
197,91,83,74,144,66,
119,77,128,50,
134,125,83,66,55,
142,105,97,78,70,63,
121,109,106,91,164,151,86,77,
183,86,67,

195,105,71,70,63,
198,189,167,132,104,91,83,
130,117,108,118,105,73,70,
175,71,65,
101,100,84,
113,100,87,
199,74,72,
87,81,
138,120,65,62,
125,88,72,

141,129,137,98,72,
126,87,
169,144,99,175,149,97,
187,168,132,117,108,98,73,

169,145,144,99,97,
139,109,171,106,105,88,
113,89,75,
122,133,120,116,138,99,

119,116,98,92,
165,97,78,
197,121,115,183,144,118,105,
172,123,116,115,92,
146,115,105,88,
76,
154,166,101,90,85,
190,167,104,
187,168,170,144,139,125,117,108,

93,
96,
136,124,112,
153,140,121,118,109,106,
113,
135,128,111,
131,154,128,127,
102,
156,137,121,119,196,118,
155,135,154,128,111,
180,135,111,
154,103,185,94,
176,162,158,147,144,139,129,125,122,

146,137,114,


187,168,125,117,108,
172,144,125,115,
171,123,117,107,
126,
164,151,135,

146,140,137,186,134,
180,154,146,114,
196,190,156,119,
177,110,
152,136,
123,122,129,116,
172,146,137,
194,185,146,137,
164,151,127,
176,138,133,120,

184,140,134,131,
160,147,143,139,
178,162,161,160,158,141,
198,179,136,
148,142,
198,189,132,
192,173,169,159,152,
150,142,130,
178,160,141,
198,136,
152,138,133,
197,199,160,157,

167,
180,167,
197,192,182,178,160,
172,148,
177,155,
172,147,143,
188,169,159,
183,177,

196,173,163,162,161,158,
183,150,148,
188,169,159,
157,145,
183,177,
171,163,
195,190,172,
153,
160,157,
149,
195,184,183,
170,165,
195,190,184,
196,156,
195,190,184,

187,168,
185,170,165,

166,
191,178,
196,191,178,
197,182,174,
175,
171,
182,176,174,
182,174,
197,192,182,

191,
186,

179,
187,181,
191,
198,196,189,
185,
199,
192,
181,
192,
194,
198,189,
188,

193,
199,









199,







Coordinates
-2.46633,0.955962
-2.46592,1.26549
-2.45945,1.72507
-2.45851,2.23333
-2.44775,2.43713
-2.42815,2.41507
-2.42658,1.8814
-2.42592,2.06307
-2.42326,0.466458
-2.41208,1.65621
-2.35746,0.0296164
-2.35699,2.06371
-2.34374,0.616225
-2.34015,2.10158
-2.32762,0.21556
-2.31437,0.170506
-2.29011,1.65058
-2.28214,1.87173
-2.24022,1.61153
-2.22925,1.30268
-2.21243,1.30166
-2.20971,2.28622
-2.20273,1.47339
-2.156,0.71395
-2.14746,2.4448
-2.13532,1.97868
-2.1058,1.47071
-2.07802,1.9983
-2.04078,2.49482
-2.03966,0.823656
-2.03104,1.98452
-2.03024,1.36552
-2.00806,1.57175
-1.98928,1.04592
-1.9765,1.38609
-1.9748,0.307693
-1.96506,1.60513
-1.95321,2.18379
-1.93435,1.16314
-1.93389,0.968809
-1.91585,2.0552
-1.9096,1.30556
-1.88186,1.65723
-1.87811,1.5004
-1.83883,1.74957
-1.8351,2.08086
-1.82093,1.35634
-1.81971,1.10137
-1.80926,0.0602385
-1.79703,2.09225
-1.79553,1.48333
-1.77857,1.97484
-1.77274,2.30213
-1.75642,0.869655
-1.73598,0.782027
-1.71826,1.73031
-1.70093,0.637047
-1.69489,2.33697
-1.66854,1.74513
-1.65723,0.386815
-1.65552,1.77854
-1.65152,0.633598
-1.63719,2.31565
-1.62899,2.03884
-1.61278,0.262338
-1.60519,2.27127
-1.59789,1.55892
-1.58363,0.920506
-1.57982,2.40147
-1.54793,0.0486482
-1.54202,1.91075
-1.52438,2.08978
-1.50928,1.65922
-1.50044,1.93602
-1.49707,1.5534
-1.48283,0.865946
-1.47476,0.861421
-1.44922,1.10382
-1.4452,2.04448
-1.43747,0.00102292
-1.42885,0.282937
-1.4276,0.369586
-1.40467,2.48021
-1.40321,1.3315
-1.40062,0.635056
-1.39201,0.805508
-1.38489,0.944548
-1.38199,0.437535
-1.37857,1.46445
-1.36241,0.833636
-1.36196,0.772579
-1.3592,1.13819
-1.34175,1.86461
-1.32278,0.186106
-1.30311,1.11289
-1.29225,0.199832
-1.28943,0.242185
-1.28591,2.05101
-1.28402,1.71863
-1.27099,2.21965
-1.24538,0.440197
-1.23837,0.635091
-1.221,0.28318
-1.20707,1.085
-1.19578,0.947541
-1.12984,1.45461
-1.12859,1.09445
-1.1244,2.18792
-1.12337,1.92994
-1.11125,1.12325
-1.09731,1.0848
-1.08643,0.590025
-1.07029,2.45336
-1.05955,0.415153
-1.0536,0.869764
-1.04448,1.49009
-1.02505,1.8767
-0.972873,1.96283
-0.967116,1.17386
-0.96668,1.34573
-0.958234,2.38654
-0.956466,1.13835
-0.937355,1.76524
-0.931477,1.90091
-0.925852,2.48611
-0.900761,1.66687
-0.888022,0.0991089
-0.882907,0.470135
-0.875098,0.529342
-0.869599,1.68955
-0.840445,1.04515
-0.835017,0.659803
-0.827948,1.26034
-0.81313,2.45338
-0.806598,0.731006
-0.806193,0.291764
-0.800261,1.89545
-0.799809,0.923925
-0.798074,2.41306
-0.796925,1.4378
-0.786692,0.74165
-0.780114,1.71599
-0.752919,1.02497
-0.737122,1.19915
-0.726526,1.46873
-0.722152,1.3915
-0.669684,0.731486
-0.656414,1.18023
-0.655253,0.864454
-0.653708,1.37552
-0.653195,0.84823
-0.643656,0.19904
-0.615837,2.18283
-0.612257,1.10458
-0.601021,0.402235
-0.60091,0.441488
-0.596143,1.32185
-0.593302,1.37316
-0.553905,1.78826
-0.552759,2.4074
-0.510138,1.40076
-0.508271,1.84131
-0.498089,1.80593
-0.497359,1.69246
-0.49094,0.0423901
-0.48434,1.05744
-0.478811,0.332533
-0.473576,0.163399
-0.464182,2.03836
-0.459229,2.29704
-0.434413,1.04302
-0.429025,1.3804
-0.420084,0.865465
-0.406824,1.88177
-0.397212,1.76231
-0.395854,2.37349
-0.393132,1.8124
-0.380694,0.347944
-0.368523,1.25609
-0.366395,1.95647
-0.341679,0.0946462
-0.30148,2.30692
-0.290615,1.63219
-0.258969,0.426422
-0.248256,0.465173
-0.244031,0.740942
-0.21203,0.115488
-0.201785,2.05519
-0.177596,1.92633
-0.171427,1.133
-0.166611,0.513528
-0.164045,0.946952
-0.155645,1.62093
-0.154862,2.30037
-0.128257,0.135932
-0.110793,0.417598
-0.0939354,1.21369
-0.0844342,1.3761
-0.0467123,1.10929
-0.0418421,1.54953
r_S,2
Lambda0,8,
Lambda1,10,
Lambda2,14,
Lambda3,15,
Lambda4,35,
Lambda5,48,
Lambda6,59,
Lambda7,64,
Lambda8,69,
Lambda9,79,
Lambda10,93,
Lambda11,95,
Lambda12,96,
Lambda13,102,
Lambda14,113,
Lambda15,126,
Lambda16,135,
Lambda17,151,
Lambda18,154,
Lambda19,164,
Lambda20,167,
Lambda21,180,
Lambda22,183,
Lambda23,184,
Lambda24,185,
Lambda25,186,
Lambda26,188,
Lambda27,189,
Lambda28,190,
Lambda29,191,
Lambda30,194,
Lambda31,195,
Lambda32,196,
Lambda33,197,
Lambda34,198,
Lambda35,199,