Storage option,sets
Size,150
Dimension,2
Shape,cube
Spacetime,BlackHole
Past sets, 


1,
1,2,
0,2,1,3,
3,1,2,0,4,
1,
1,6,
3,2,0,7,1,6,4,
0,2,7,1,6,3,

10,
2,7,1,6,3,
5,4,9,0,2,7,1,6,3,8,
4,3,6,1,7,2,12,11,10,9,0,8,
10,11,
10,11,
14,4,3,6,1,7,2,12,11,10,9,0,8,5,


10,11,16,
15,20,10,11,16,
17,0,14,4,3,6,1,7,2,12,11,10,9,8,5,13,
19,
0,9,15,10,11,16,12,1,2,7,6,3,
14,11,10,15,4,3,6,1,7,2,12,9,0,8,5,
13,5,8,9,10,11,12,2,7,1,6,4,14,0,17,3,22,
15,18,20,10,11,16,
0,6,7,2,12,1,18,21,15,3,20,10,11,16,
10,19,18,23,
13,16,17,25,8,14,11,10,15,4,3,6,1,7,2,12,9,0,5,
9,28,11,0,6,7,2,12,1,18,21,15,3,20,10,27,16,
13,25,16,10,20,3,15,21,18,1,12,2,7,6,0,11,28,14,4,9,8,5,24,17,
21,16,11,20,15,29,19,18,23,10,27,
10,19,18,23,
19,18,23,

13,17,19,24,5,8,4,14,25,31,12,9,28,11,0,6,7,2,21,1,20,18,15,3,10,27,16,

27,32,3,13,25,16,10,20,15,21,18,1,30,12,2,7,6,0,11,28,14,4,9,8,5,24,17,
22,26,32,3,13,25,16,10,20,15,21,18,1,30,12,2,7,6,0,11,28,14,4,9,8,5,24,17,
10,35,19,18,34,23,
19,36,38,
8,4,14,24,3,1,12,2,7,6,0,28,9,27,10,23,18,19,15,11,29,16,21,20,33,31,
16,27,10,3,15,18,20,1,21,2,7,6,0,11,28,9,12,31,29,19,23,25,14,4,8,5,24,17,
24,5,8,4,14,25,23,19,29,31,12,9,28,11,0,6,7,2,21,1,20,18,15,3,10,27,16,
19,36,38,
36,
19,36,38,
30,32,13,27,10,3,15,18,20,1,21,7,6,11,28,9,12,2,31,0,29,19,23,25,14,4,8,5,24,16,45,44,17,43,33,37,
13,34,33,43,17,44,45,16,24,5,8,4,14,25,23,19,29,0,31,2,12,9,28,11,6,7,21,1,20,18,15,3,10,27,

10,23,18,42,35,46,36,19,38,
23,29,31,19,37,27,40,9,22,26,32,1,3,13,25,16,10,20,15,21,18,30,12,2,7,6,0,11,28,14,4,8,39,5,24,17,
10,38,36,35,19,42,18,46,23,34,
17,24,5,39,8,4,14,28,11,0,6,7,2,30,18,21,15,20,10,16,25,13,3,1,32,26,22,9,40,27,37,19,31,29,23,12,53,
23,29,31,19,37,27,40,9,22,26,32,1,3,13,25,16,10,20,15,21,18,30,12,2,7,6,0,11,28,14,4,8,39,5,24,17,
36,
49,8,30,32,13,27,10,3,44,15,18,20,1,21,7,6,11,28,9,12,2,43,31,0,29,19,23,25,14,4,45,5,24,16,17,33,37,39,
37,32,30,50,13,34,33,43,6,17,44,7,45,8,16,24,5,4,14,25,23,19,29,0,31,2,12,49,9,28,11,21,1,20,18,15,3,10,27,
11,29,41,54,10,36,38,35,19,42,18,46,34,23,52,
57,47,36,51,

23,42,46,48,38,19,47,36,
48,51,36,47,57,46,19,38,
35,41,59,18,37,32,30,50,9,13,34,33,43,2,6,17,44,3,7,45,4,8,49,16,24,5,14,25,23,19,29,0,31,12,28,11,21,1,20,15,10,27,
17,38,34,35,41,33,43,45,16,24,5,8,4,14,25,23,19,29,0,31,2,12,9,28,11,6,7,21,1,20,18,15,3,10,27,
62,
5,25,36,38,34,35,43,14,8,4,33,24,3,1,12,41,2,31,7,6,0,29,28,9,27,10,23,18,19,15,11,16,21,20,
35,39,59,18,37,32,30,50,9,13,34,33,43,2,6,17,44,3,7,45,4,8,49,16,24,5,14,25,23,19,29,0,31,12,28,11,21,1,20,15,10,27,
51,36,57,47,61,
35,18,10,52,63,19,42,23,46,57,48,38,47,36,
26,22,58,17,49,8,30,32,13,27,10,3,44,15,18,20,1,21,7,6,11,28,9,12,2,43,31,0,29,19,23,25,14,4,45,5,24,16,33,37,39,40,
45,17,68,31,5,25,36,38,1,34,35,43,6,14,8,4,41,33,24,3,12,2,7,0,29,66,28,9,27,10,23,18,19,15,11,16,21,20,
62,67,
65,18,35,41,59,12,37,32,30,50,3,9,13,34,33,43,2,49,6,17,44,7,45,4,8,16,24,5,14,25,23,19,29,0,31,28,11,21,1,20,15,10,27,39,
37,42,44,13,73,45,4,17,68,27,31,5,25,66,36,38,1,34,35,43,2,6,14,8,41,0,33,24,3,12,7,29,28,9,50,10,23,18,19,15,11,16,21,20,
61,51,71,35,18,52,63,46,19,36,42,23,57,48,38,10,47,64,
42,45,17,68,31,5,25,36,38,1,34,35,43,6,14,8,4,41,33,24,3,12,2,7,0,29,66,28,9,27,10,23,18,19,15,11,16,21,20,
61,47,57,36,51,70,
5,34,35,41,38,36,43,14,8,4,33,24,3,1,12,2,31,7,6,0,29,28,9,27,10,23,18,19,15,11,16,21,20,42,
75,28,65,18,35,41,59,12,37,32,30,50,3,9,13,34,33,43,2,49,6,17,44,7,45,4,8,16,24,5,14,25,23,19,29,0,31,11,21,1,20,15,10,27,39,69,
77,61,38,51,71,48,35,18,64,52,63,46,23,19,42,36,34,57,10,47,
62,
42,73,45,4,17,68,27,31,5,25,66,36,38,1,34,35,43,2,6,14,8,41,0,33,24,3,44,12,7,29,28,9,10,23,18,19,15,11,16,21,20,
5,34,35,41,38,36,43,14,8,4,33,24,3,1,12,2,31,7,6,0,29,28,9,27,10,23,18,19,15,11,16,21,20,42,
38,39,27,10,15,20,1,21,11,31,0,29,19,23,25,14,5,24,69,16,8,4,45,7,44,17,49,2,43,33,34,13,9,3,50,30,32,37,6,59,41,35,18,12,65,75,28,81,
26,22,40,39,58,59,18,37,32,30,50,9,13,34,33,43,2,6,17,44,3,7,45,4,8,49,16,24,5,14,25,23,19,29,0,31,12,28,11,21,1,20,15,10,27,
38,75,28,65,18,35,41,59,12,37,32,30,50,3,9,13,34,33,43,2,49,6,17,44,7,45,4,8,16,24,5,14,25,23,19,29,0,31,11,21,1,20,15,10,27,39,69,
51,67,62,74,
62,
8,4,14,24,3,1,12,2,7,6,0,28,9,23,60,34,42,52,15,18,35,38,19,36,10,54,41,46,29,11,48,33,21,16,20,27,31,
42,23,61,47,64,57,36,70,19,51,48,46,63,38,
18,92,42,23,57,61,10,47,64,36,70,19,51,48,46,63,38,35,
48,52,46,54,43,6,5,42,34,35,41,4,38,80,1,36,14,8,33,24,3,12,2,31,7,0,29,28,9,27,10,23,60,18,19,15,11,16,21,20,
30,76,29,37,42,44,13,73,45,4,17,68,21,27,31,5,25,66,19,36,38,1,34,35,43,2,6,14,8,41,0,33,24,3,50,12,7,28,9,10,23,18,15,11,16,20,32,
66,81,88,35,38,75,28,65,12,18,41,59,6,37,32,30,50,3,9,13,34,33,86,43,2,49,17,44,7,45,4,8,16,69,24,5,14,25,23,19,29,0,31,11,21,1,20,15,10,27,39,
36,38,75,28,65,18,35,41,59,12,37,32,30,50,3,9,13,34,33,43,2,49,6,17,44,7,45,4,8,16,24,5,14,25,23,19,66,29,0,31,11,21,1,20,15,10,27,39,
66,81,88,35,38,75,28,65,12,18,41,59,6,37,32,30,50,3,9,13,34,33,86,43,2,49,17,44,7,45,4,8,16,69,24,5,14,25,23,19,29,0,31,11,21,1,20,15,10,27,39,
42,19,23,46,48,64,79,57,38,61,36,62,47,70,51,74,67,
31,27,20,16,21,33,29,46,54,10,36,38,35,18,15,11,52,34,19,60,23,28,41,0,47,6,48,7,2,12,42,1,3,24,14,4,8,9,91,
5,9,91,8,4,14,24,3,1,42,12,2,43,7,48,6,47,0,41,28,23,60,19,34,52,11,15,18,35,38,36,10,54,46,29,33,21,16,20,27,31,
39,49,30,32,59,76,29,37,42,44,13,73,45,4,17,68,21,27,31,5,25,66,19,36,38,1,34,35,43,2,6,14,8,41,0,33,24,3,50,12,7,28,9,10,23,18,65,15,11,16,20,
25,47,85,8,48,94,5,52,9,46,3,54,11,43,0,6,42,34,35,41,4,38,80,1,36,14,33,24,12,91,2,31,7,29,28,27,10,23,60,18,19,15,16,21,20,
46,50,13,37,76,20,21,16,15,19,18,23,84,5,10,27,9,28,29,0,7,31,2,12,3,24,33,8,14,6,85,43,36,1,80,38,4,41,35,34,42,11,73,45,17,68,25,66,44,78,
34,67,62,74,52,71,77,47,18,64,92,70,23,93,46,42,19,61,38,57,10,79,36,51,48,63,35,
43,100,18,31,27,20,16,21,33,29,46,54,10,36,38,35,15,11,52,34,19,60,23,28,41,0,47,6,48,7,2,12,42,1,3,24,14,4,9,8,91,
47,92,63,67,38,62,74,52,82,23,71,42,18,77,19,48,64,34,93,35,70,105,46,61,57,10,79,36,51,
67,90,51,62,83,74,
36,83,74,90,51,62,67,89,
30,32,50,13,37,76,78,84,41,42,73,45,2,4,17,68,25,27,31,5,66,23,36,38,1,44,34,35,43,0,6,14,8,33,24,3,12,7,29,28,9,10,18,19,15,11,16,21,20,
48,52,46,54,60,50,13,37,76,20,21,16,15,19,18,23,84,5,10,27,9,28,29,0,7,31,2,12,3,24,33,8,14,6,85,43,36,1,80,38,4,41,35,34,42,11,73,45,17,68,25,66,44,78,
5,57,63,71,106,20,43,0,14,18,31,27,16,21,33,29,46,3,54,100,11,10,36,38,35,15,52,9,34,19,60,23,28,41,47,4,6,48,7,91,2,12,42,1,24,8,
47,57,109,36,83,74,51,90,67,89,62,108,
47,73,66,25,68,17,45,78,85,8,48,94,5,52,9,46,3,54,11,43,0,6,42,34,35,41,4,38,80,1,36,14,33,24,12,91,2,31,7,29,28,27,10,23,60,18,19,15,16,21,20,
8,4,14,24,3,1,12,2,7,6,0,28,9,64,27,47,10,38,48,11,57,20,23,60,42,36,19,46,63,52,15,18,35,71,34,51,61,29,41,54,33,21,16,31,
63,90,99,83,42,61,19,57,46,89,48,67,23,64,38,79,36,74,62,47,70,51,
61,51,6,5,57,4,63,10,71,18,106,0,20,43,14,31,27,16,21,33,29,46,112,3,54,1,100,47,11,64,36,38,91,35,15,52,9,34,19,60,7,23,28,41,48,2,12,42,24,8,
45,68,9,25,47,94,0,85,38,8,48,1,5,52,46,100,3,54,7,11,43,103,6,42,34,35,41,101,4,80,33,36,14,24,12,91,2,31,29,28,27,10,23,60,18,19,15,16,21,20,
38,70,61,113,62,79,47,57,74,108,109,36,83,51,90,67,89,
73,66,68,17,45,78,9,25,47,94,0,85,38,8,48,1,5,52,46,100,3,54,7,11,43,103,6,42,34,35,41,101,4,80,33,36,14,24,12,91,2,31,29,28,27,10,23,60,18,19,15,16,21,20,
45,68,57,63,71,8,24,1,42,12,101,2,91,7,48,6,4,47,41,28,23,60,19,34,9,52,15,35,38,36,10,11,100,54,3,46,29,33,21,16,27,31,18,14,103,0,43,20,106,25,85,94,5,80,
89,67,90,108,62,83,51,74,
52,71,35,10,92,77,18,93,108,63,90,61,99,70,83,42,19,48,116,57,46,89,67,38,23,64,79,36,74,62,47,51,109,
19,46,64,119,62,57,70,51,48,89,61,113,38,79,47,74,36,109,90,42,83,108,67,
45,68,101,80,94,85,25,11,64,61,117,8,51,6,5,57,4,63,10,71,18,106,0,20,43,14,31,27,16,21,33,29,46,112,3,54,1,100,47,36,38,91,35,15,52,9,34,19,60,7,23,28,41,48,2,12,42,24,103,
52,35,92,18,10,93,64,23,48,46,19,42,99,63,67,108,83,90,109,74,47,79,38,113,61,89,51,70,57,62,36,119,116,
57,63,12,45,68,15,118,9,25,47,100,94,41,0,106,85,38,91,8,48,101,1,54,5,52,46,3,7,60,11,43,103,6,42,34,35,4,80,27,33,36,14,24,2,31,29,28,10,23,18,19,16,21,20,
19,119,62,57,70,51,89,61,113,38,79,47,74,36,109,90,83,108,67,
57,63,73,66,17,78,12,45,68,15,118,9,25,47,100,94,41,0,106,85,38,91,8,48,101,1,54,5,52,46,3,7,60,11,43,103,6,42,34,35,4,80,27,33,36,14,24,2,31,29,28,10,23,18,19,16,21,20,
23,99,63,124,19,48,46,64,119,61,90,62,70,51,109,89,113,38,67,79,108,47,74,36,42,83,57,116,
47,57,36,122,89,67,90,108,62,83,51,74,109,
23,83,42,36,74,47,108,79,67,38,113,89,109,51,70,57,62,90,61,119,64,46,48,19,124,
61,36,109,57,47,122,89,108,62,83,51,74,67,90,113,
61,36,109,57,47,122,89,108,62,83,51,74,67,90,113,
46,48,128,119,57,70,47,51,74,89,108,61,38,19,113,90,67,79,62,109,36,83,122,
121,125,64,3,45,106,68,7,101,80,19,94,33,85,24,25,11,61,0,117,8,51,112,6,5,57,4,63,2,10,71,18,20,43,14,31,27,16,21,29,46,54,1,100,47,36,38,91,35,15,52,9,34,60,23,28,41,48,12,42,103,
47,57,36,122,89,67,90,108,62,83,51,74,109,
70,77,82,101,80,94,85,25,103,11,64,61,117,8,51,5,57,4,63,10,71,18,106,0,20,43,14,31,27,16,21,33,29,46,112,3,54,1,100,47,36,38,91,35,15,52,9,6,115,34,19,60,7,23,28,41,48,2,12,42,24,
70,77,82,101,80,94,85,25,103,11,64,61,117,8,51,5,57,4,63,10,71,18,106,0,20,43,14,31,27,16,21,33,29,46,112,3,54,1,100,47,36,38,91,35,15,52,9,6,115,34,19,60,7,23,28,41,48,2,12,42,24,
137,47,108,74,36,122,89,67,90,62,83,51,109,57,131,
48,79,38,70,119,19,90,67,51,113,62,89,122,47,74,108,57,131,109,36,61,83,134,133,128,
70,77,82,101,80,94,85,25,103,11,64,61,117,8,51,5,57,4,63,10,71,18,106,0,20,43,14,31,27,16,21,33,29,46,112,3,54,1,100,47,36,38,91,35,15,52,9,6,115,34,19,60,7,23,28,41,48,2,12,42,24,
25,70,77,82,85,80,94,101,11,64,61,117,8,51,5,57,4,63,10,71,18,106,0,20,43,14,31,27,16,21,33,29,46,112,3,54,1,100,47,36,38,91,35,15,52,9,6,115,34,19,60,7,23,28,41,48,2,12,42,24,
113,61,133,140,89,137,47,108,74,36,122,67,90,62,83,51,109,57,131,
64,46,135,141,83,48,137,19,79,108,38,67,70,128,119,90,61,51,109,113,62,89,122,47,134,57,131,36,74,133,140,
140,133,74,36,131,57,134,47,89,62,113,109,51,90,119,128,70,38,79,19,137,122,48,67,141,61,135,83,46,64,108,145,
70,144,113,67,133,140,89,90,137,47,61,108,131,74,51,122,36,83,62,109,57,134,
5,67,62,74,79,77,82,70,92,93,91,43,21,8,4,51,14,61,24,71,100,3,1,48,12,2,7,54,6,0,47,28,106,9,64,27,10,57,38,11,20,23,60,42,36,19,46,63,16,52,15,115,18,35,34,29,41,33,31,
62,67,79,80,77,82,70,92,93,101,11,64,61,117,8,51,5,57,4,63,10,71,18,106,0,20,43,14,31,27,16,21,33,29,46,112,3,54,1,100,47,36,38,91,35,15,52,9,6,115,34,19,60,7,23,28,41,48,2,12,42,24,
Future sets, 
28,24,31,4,14,87,115,100,91,106,43,139,66,72,148,75,81,8,117,44,50,112,39,45,118,101,85,94,149,76,80,13,86,125,58,136,69,142,121,127,68,103,30,138,65,5,78,143,17,84,96,102,88,32,111,49,98,25,95,22,97,110,37,59,55,40,53,120,56,129,26,104,73,114,9,
7,6,2,81,114,73,26,56,120,53,40,55,37,97,95,104,25,98,49,111,32,9,88,102,96,17,143,78,84,5,65,59,138,30,68,127,121,142,136,58,125,86,13,80,76,149,94,85,22,101,45,118,39,112,129,50,44,117,75,69,148,72,66,139,43,106,100,115,8,87,14,4,110,31,103,24,91,12,28,3,
114,73,26,56,120,53,40,55,37,97,95,104,25,98,49,111,32,9,88,102,96,17,143,78,84,5,65,59,138,30,68,127,121,142,136,58,125,86,13,80,76,149,94,85,22,101,45,118,39,112,129,50,44,117,81,75,69,148,72,66,139,43,106,100,115,8,87,14,4,110,31,103,24,91,12,28,3,
28,12,24,31,4,14,87,115,100,91,106,43,139,66,72,148,75,81,8,117,44,50,112,39,45,118,101,85,94,149,76,80,13,86,125,58,136,69,142,121,127,68,103,30,138,65,5,78,143,17,84,96,102,88,32,111,49,98,25,95,22,97,110,37,59,55,40,53,120,56,129,26,104,73,114,9,
14,115,100,91,106,43,139,72,148,81,117,50,112,45,101,85,94,149,80,13,125,58,136,69,121,127,118,68,103,138,5,142,75,8,143,76,17,84,96,102,65,88,32,111,44,86,49,98,95,97,30,110,59,22,55,40,53,120,56,26,37,104,25,39,87,129,73,78,114,66,
148,117,112,101,85,94,149,80,45,125,136,121,127,118,68,103,139,138,142,143,17,96,102,65,88,32,111,69,86,49,81,98,58,95,75,97,110,59,22,55,40,53,56,72,26,37,30,104,25,39,76,87,50,129,13,73,78,114,120,66,84,44,
102,117,81,98,95,75,125,55,53,143,72,97,26,58,40,37,142,76,100,69,148,45,80,94,14,85,30,22,101,106,112,65,136,129,50,121,56,127,39,118,111,32,68,139,59,138,115,44,13,84,66,49,120,9,88,149,78,43,114,73,17,96,104,25,87,8,110,31,103,24,91,12,28,86,7,
28,12,24,31,8,25,96,73,114,43,78,149,17,88,120,49,66,84,13,44,115,138,139,68,103,32,118,127,56,121,50,136,65,112,106,101,30,85,14,94,80,9,45,148,91,100,87,76,142,39,110,104,37,111,40,129,58,26,97,72,143,53,55,125,22,59,75,95,98,81,86,69,117,102,
25,73,114,78,17,120,66,84,44,138,139,103,68,118,127,121,136,43,112,106,101,85,94,149,80,45,148,91,100,115,13,50,87,76,142,39,104,30,37,111,129,26,72,56,53,143,40,55,125,22,59,96,110,97,75,95,58,98,81,49,86,69,32,88,117,14,65,102,
31,102,65,14,117,88,32,69,86,49,81,98,58,95,75,97,110,96,59,22,125,55,40,143,53,56,72,26,129,111,37,30,104,39,142,76,87,50,13,115,100,91,148,45,80,149,94,85,101,106,112,43,136,121,127,24,118,68,103,139,138,44,84,66,120,17,78,114,73,25,
93,77,71,123,126,52,41,54,82,107,105,34,29,11,60,139,20,16,95,24,103,33,112,31,110,28,21,100,27,106,14,85,115,44,91,148,69,80,149,78,94,15,101,22,30,117,43,114,45,125,136,65,121,50,129,127,56,118,39,68,32,111,138,59,142,143,72,102,40,86,49,120,98,75,96,17,25,104,55,81,87,53,97,26,76,84,88,58,66,37,73,
60,20,16,24,33,31,28,21,27,14,85,115,44,100,91,148,80,149,78,94,101,30,106,112,117,43,114,45,125,136,65,121,50,127,56,118,68,139,103,32,138,142,143,72,102,111,40,86,15,49,120,98,95,75,39,110,69,59,96,25,55,81,87,53,97,26,22,104,76,84,88,17,129,58,66,37,73,
31,28,14,85,115,44,100,91,148,80,149,78,94,101,30,106,112,117,43,114,45,125,136,65,121,50,127,56,118,68,139,103,32,138,142,143,72,102,111,40,86,49,120,98,95,24,75,39,110,69,59,96,25,55,81,87,53,97,26,22,104,76,84,88,17,129,58,66,37,73,
50,76,104,37,30,26,72,56,53,87,40,55,22,59,96,110,39,97,75,95,58,98,81,49,86,69,111,32,88,65,102,
115,100,91,148,80,149,94,85,101,106,112,117,43,45,125,136,121,127,118,68,103,139,138,142,143,102,65,111,86,49,98,95,75,39,69,110,59,96,55,81,40,87,53,97,56,72,26,30,22,104,76,44,84,50,88,129,66,120,37,78,32,114,73,58,17,25,
27,30,25,21,88,28,95,39,106,40,31,98,115,100,33,91,24,96,43,110,104,37,72,139,87,148,81,58,125,102,65,86,49,69,136,59,120,53,138,149,97,55,56,117,50,76,143,114,111,44,142,75,112,45,101,85,78,103,94,80,118,127,66,121,68,129,73,84,32,
30,20,91,21,88,28,95,24,39,110,106,40,111,31,102,98,27,115,44,100,33,104,96,43,114,37,72,143,139,68,87,148,81,58,129,125,65,136,86,49,120,69,59,53,138,149,78,97,55,56,127,117,50,121,76,142,75,112,45,101,85,103,32,94,80,118,66,73,84,
73,78,114,120,66,129,50,84,44,76,104,37,30,26,72,56,53,87,40,55,22,59,96,110,39,97,75,95,58,98,81,49,86,69,111,32,88,65,102,
52,126,123,71,77,93,35,41,54,82,107,105,34,60,29,32,40,27,94,39,106,31,98,115,100,33,91,96,43,110,104,37,72,139,87,148,81,58,125,102,65,86,49,69,136,59,120,53,138,88,149,97,55,56,117,50,76,143,114,111,44,142,75,95,28,112,45,101,85,78,103,80,118,127,66,121,68,129,73,84,
128,141,48,64,146,145,135,46,124,42,23,106,132,49,99,92,116,33,130,63,52,126,43,123,71,77,93,35,118,41,54,82,107,105,34,117,29,112,60,143,121,56,139,55,138,53,136,114,45,94,115,100,104,102,149,66,88,96,58,59,142,120,37,101,85,84,78,80,86,81,103,44,127,50,111,75,65,148,68,129,125,72,73,76,87,95,110,69,98,97,91,
21,88,28,95,39,106,40,31,98,115,100,33,91,96,43,110,104,37,72,139,87,148,81,58,125,102,65,86,49,69,136,59,120,53,138,149,97,55,56,117,50,76,143,114,111,44,142,75,112,45,101,85,78,103,94,27,80,118,127,66,121,68,129,73,84,32,
28,95,39,106,40,31,98,115,100,33,91,96,43,110,104,37,72,139,87,148,81,58,125,102,65,86,49,69,136,59,120,53,138,88,149,97,55,56,117,50,76,143,114,111,44,142,75,112,45,101,85,78,103,94,80,118,127,66,121,68,129,73,84,32,
40,87,53,55,56,72,26,
132,99,92,116,130,63,52,126,123,71,77,93,35,41,54,82,107,105,34,29,60,121,56,117,55,53,114,45,106,33,94,115,100,43,104,102,149,88,96,58,112,59,120,118,101,85,138,143,84,139,78,80,86,142,81,103,44,50,111,136,75,65,127,66,68,129,125,72,73,76,87,148,95,49,110,69,98,97,91,
115,100,91,45,44,66,148,138,50,129,120,114,84,78,73,68,125,121,127,118,136,80,149,94,103,142,139,143,85,101,106,112,117,53,72,55,102,43,65,96,37,88,59,86,49,87,58,95,75,56,97,39,98,69,40,81,110,32,104,111,76,
143,142,138,139,103,68,66,129,120,114,78,73,118,127,121,136,125,32,53,72,55,102,65,96,37,86,49,87,58,95,75,56,97,39,98,69,40,81,110,88,59,30,104,45,111,76,44,84,50,
72,56,55,53,87,40,
39,31,115,100,91,96,43,104,72,87,148,58,102,65,86,49,110,69,98,37,59,120,138,88,149,97,55,56,117,76,53,114,111,50,81,142,75,136,95,112,106,45,101,85,143,139,78,103,94,33,80,118,127,66,121,125,68,129,73,84,44,
39,40,31,115,100,91,96,43,104,72,87,148,58,102,65,86,49,110,69,98,37,59,120,138,88,149,97,55,56,117,76,53,114,111,50,81,142,75,136,95,112,106,45,101,85,143,139,78,103,94,80,118,127,66,121,125,68,129,73,84,44,32,
60,56,55,53,45,33,115,100,43,102,149,96,117,58,112,59,118,106,101,85,138,143,84,139,80,86,142,103,44,50,94,136,65,127,68,121,125,66,72,73,78,114,120,129,76,87,111,95,148,75,49,69,81,98,88,97,110,104,91,
110,40,39,56,97,75,95,58,98,81,49,86,69,59,96,88,65,102,55,72,53,87,
115,100,91,96,43,72,87,58,102,65,86,49,69,148,98,59,138,88,97,55,56,76,53,111,81,110,75,104,95,37,117,112,106,101,85,143,139,142,103,94,149,80,136,118,127,121,125,68,73,78,84,114,120,129,50,66,44,45,
110,40,39,56,97,75,95,58,98,81,49,86,69,59,96,88,65,102,55,72,53,87,
115,100,43,149,96,117,112,59,106,101,85,138,143,139,86,142,103,50,94,80,136,118,65,127,121,68,125,72,73,78,84,114,120,129,76,87,58,111,95,148,75,102,49,69,81,98,88,97,110,104,66,91,
105,107,82,54,59,69,87,50,88,85,80,127,142,95,101,148,65,112,94,117,136,121,68,115,125,78,66,106,139,41,138,91,129,100,120,73,149,102,103,143,96,84,114,111,118,60,98,81,86,97,75,110,104,76,
93,69,54,77,71,123,105,107,82,126,88,85,80,127,142,95,101,148,65,112,94,117,136,121,68,115,125,78,66,106,139,41,138,91,129,100,120,73,52,149,102,103,143,96,84,114,111,118,60,98,81,86,97,75,110,104,76,
109,97,73,68,57,48,141,119,70,79,147,128,133,144,134,61,140,113,131,137,94,117,136,121,127,125,139,60,101,100,120,91,112,149,103,106,143,114,111,115,118,123,142,54,107,82,126,105,52,77,130,63,116,93,92,129,76,110,102,104,78,80,84,138,85,99,71,124,132,148,95,42,46,135,145,146,64,47,
104,110,111,76,56,55,97,88,98,81,49,86,69,65,102,75,95,58,87,53,72,96,59,
128,119,88,86,68,73,96,97,98,66,141,48,64,146,145,135,46,42,95,148,132,124,71,99,85,138,84,80,78,104,102,110,76,129,92,93,116,63,130,77,52,105,126,82,107,54,142,123,118,115,111,114,143,106,103,149,112,91,120,100,101,60,139,125,127,121,136,117,94,
97,75,98,86,96,88,102,56,55,81,58,69,53,87,72,
87,53,55,56,72,
85,80,142,101,148,65,94,117,136,112,121,127,68,125,66,106,139,138,129,100,120,91,149,103,143,84,114,111,115,118,60,102,98,96,81,88,86,97,75,110,104,78,95,73,76,
132,124,99,85,84,80,78,104,102,110,95,76,92,93,116,130,52,126,82,107,105,63,142,123,118,115,111,148,114,77,143,106,103,149,112,91,54,120,100,129,71,138,101,60,139,125,127,121,136,117,94,
117,112,106,101,85,143,139,142,103,94,149,80,136,118,127,121,125,68,73,78,84,114,120,129,50,87,138,59,96,72,58,95,75,102,65,148,69,86,49,81,98,88,97,111,76,110,104,66,
84,104,110,76,111,97,88,98,81,49,86,69,65,102,75,95,58,72,96,59,87,50,
125,136,121,127,118,73,78,84,114,120,129,50,87,59,96,72,58,95,75,102,65,69,86,49,81,98,88,97,111,76,110,104,66,
135,104,99,145,146,124,132,92,93,116,130,52,126,82,107,105,63,142,123,118,115,111,148,114,77,64,143,106,103,149,112,91,54,120,100,129,71,138,101,60,139,125,127,121,136,117,94,
137,131,114,113,103,101,118,106,120,100,112,71,121,127,129,140,61,135,134,144,107,133,125,117,115,128,99,136,147,64,143,63,142,105,139,93,130,92,138,79,116,70,149,82,119,141,132,124,77,145,146,126,148,123,
135,111,94,118,101,106,120,100,103,114,91,99,145,146,124,132,63,92,121,129,127,71,130,116,93,126,115,117,77,136,107,125,142,149,139,64,123,141,82,105,143,138,112,148,
97,88,65,98,81,96,86,69,102,75,58,87,72,59,
95,111,76,87,102,98,69,96,110,81,65,59,88,104,75,86,97,
108,113,131,137,109,122,89,140,61,135,134,144,107,133,125,117,115,128,99,136,147,64,143,142,105,139,93,130,92,138,79,116,70,149,82,119,141,132,124,77,145,146,126,148,123,
126,82,107,105,123,60,118,115,111,114,143,103,149,91,120,100,129,71,138,139,106,125,127,121,112,77,136,117,94,148,101,142,
55,
142,101,148,94,117,136,112,121,127,125,106,139,138,129,100,120,91,149,103,143,114,111,115,118,60,


137,131,129,127,113,112,121,71,140,61,135,134,144,107,133,125,117,115,128,99,136,147,64,143,142,105,139,93,130,92,138,79,116,70,149,82,119,141,132,124,77,145,146,126,148,123,
87,72,
87,102,69,96,81,65,88,86,97,98,75,
115,111,114,103,149,100,91,138,120,143,139,129,106,125,127,121,112,136,117,94,148,101,142,118,
134,144,133,125,117,115,70,128,99,147,143,142,139,93,92,138,79,149,130,82,141,132,124,135,136,77,116,145,105,146,126,148,119,107,123,
90,141,149,107,144,126,89,135,123,67,146,109,128,145,108,119,133,134,124,99,130,113,131,137,132,140,122,116,147,148,74,105,83,
129,127,130,116,93,126,92,121,115,77,117,136,125,142,149,139,123,82,105,143,138,71,112,107,148,
132,124,125,146,117,115,145,116,130,99,93,126,77,142,123,149,139,105,92,138,136,107,143,148,82,
102,98,96,81,88,86,97,75,
98,97,96,120,114,84,110,111,104,78,129,95,73,102,76,
149,107,126,135,123,146,128,145,141,119,133,134,124,99,130,144,113,131,108,137,132,140,109,122,116,147,89,148,105,74,
125,121,127,118,120,114,84,110,111,104,136,78,129,95,73,102,76,
88,81,96,86,98,
147,143,142,139,138,93,92,79,149,130,141,132,124,135,116,105,146,128,145,126,148,107,99,123,119,
121,115,117,125,77,142,123,149,139,105,138,112,136,107,143,148,82,

120,114,84,111,104,129,95,102,76,110,
148,89,147,122,109,132,137,108,140,131,113,130,124,134,105,144,133,119,141,145,116,128,99,146,123,135,126,107,
88,81,96,97,86,98,
111,95,110,102,104,
123,139,105,138,149,142,107,143,148,82,
129,120,104,114,110,111,
149,148,141,132,124,135,146,128,145,105,126,116,99,130,123,107,119,
149,94,111,103,120,129,142,125,139,138,121,104,136,118,127,143,114,
98,96,86,
148,143,107,142,149,138,139,
116,108,131,123,146,140,137,113,130,147,124,134,144,133,119,141,145,122,128,135,132,109,126,
111,110,104,
143,114,111,103,129,142,139,125,138,136,121,118,127,120,104,
98,96,

98,96,
122,109,132,137,140,131,113,130,147,124,134,144,133,119,141,145,128,146,123,135,126,116,
116,108,131,123,146,140,137,113,130,147,124,134,144,133,119,141,145,122,128,135,132,109,126,
114,103,100,138,120,139,129,148,127,121,112,149,136,117,125,106,101,142,143,118,
123,107,105,149,126,148,93,
149,105,107,123,148,126,
103,129,142,139,125,138,136,121,118,127,143,114,120,




123,130,126,116,
120,129,127,138,121,112,149,136,148,125,142,106,143,139,117,118,
149,143,120,142,127,138,129,118,121,136,125,139,

139,125,136,121,118,129,138,127,142,120,

107,
129,127,112,138,149,136,148,125,142,143,121,139,117,

123,140,131,137,113,130,147,134,144,133,119,141,124,145,128,146,135,132,126,122,
137,140,131,113,130,147,134,144,133,119,141,124,145,128,146,135,132,126,123,


138,149,136,125,142,143,139,117,
134,144,133,119,141,130,145,128,146,135,147,124,132,126,

148,149,138,143,139,142,
130,126,123,
143,142,125,136,149,138,139,
129,127,
145,128,146,135,124,132,141,130,126,

136,
137,135,134,131,140,147,146,145,144,133,141,

132,130,
136,


145,135,146,141,


140,147,146,145,144,141,

147,141,146,145,144,
147,145,146,141,
146,145,

144,145,146,147,140,


146,145,147,144,
146,145,


147,
146,




Past links sets, 


1,
2,
0,3,
4,
1,
6,
4,7,
0,3,7,

10,
3,7,
5,8,9,
8,9,11,12,
11,
11,
5,14,


16,
15,20,
13,17,
19,
9,12,15,16,
14,5,15,
22,
18,15,20,
0,12,18,21,
10,18,23,
13,16,17,25,
9,27,28,
25,13,24,28,17,
21,27,29,
10,18,23,
18,23,

17,31,25,13,24,19,

30,27,32,
26,30,32,
34,35,
19,36,38,
14,24,31,33,
17,31,29,24,25,
25,24,29,31,
19,36,38,
36,
19,36,38,
30,45,44,32,43,37,
13,44,45,34,43,

10,35,42,46,
37,29,39,40,
34,35,42,46,
53,
37,29,39,40,
36,
39,49,
49,50,
11,54,29,52,41,
51,47,57,

23,48,47,42,46,
46,57,47,51,48,
41,59,
17,45,43,38,41,
62,
43,38,41,25,36,
35,39,59,
61,
52,57,63,
40,58,
66,68,
67,
39,65,
37,42,50,73,
64,61,71,
42,66,68,
70,
5,41,42,43,
69,75,
34,77,
62,
42,44,73,
5,41,42,43,
38,81,
40,58,59,
38,69,75,
51,74,
62,
14,24,60,48,33,31,
63,64,70,
10,35,92,
48,60,80,
30,32,76,
66,86,88,
36,66,75,
66,86,88,
23,79,74,64,42,
47,91,
5,43,47,91,
39,65,76,
94,85,25,91,47,
46,76,85,80,84,78,
34,93,79,74,77,
43,100,
82,105,
51,74,83,90,
36,83,89,90,
30,84,78,76,32,
48,60,76,85,80,84,78,
5,71,106,
47,57,108,109,
73,94,47,91,85,78,
14,24,33,61,31,64,71,60,
63,99,89,90,83,
61,64,112,
103,68,101,45,100,
79,38,113,
73,103,101,78,100,
45,106,68,101,71,103,
89,108,
77,116,109,108,93,
42,64,119,
45,117,103,68,101,
52,93,116,119,
57,106,63,118,
19,119,
57,63,118,78,73,106,
116,124,
109,47,57,122,
23,124,
61,113,122,
61,113,122,
46,122,48,128,
121,125,
109,47,57,122,
117,82,115,70,103,101,
117,82,115,70,103,101,
131,137,
48,134,133,128,131,
117,82,115,70,103,101,
25,70,85,117,82,115,101,94,
133,140,
64,135,140,141,
145,
70,134,144,
74,79,106,5,115,93,82,
67,80,117,79,101,82,115,93,
Future links sets, 
28,9,4,
6,2,
3,
12,9,4,
8,5,
148,85,112,101,13,17,25,80,
7,
12,9,8,
14,13,
31,24,14,13,
93,11,29,34,52,
16,60,15,14,
28,24,14,
50,22,32,37,30,
115,17,43,25,91,
27,25,24,21,
24,30,20,
66,44,22,32,37,30,
35,27,28,29,34,
128,23,48,37,42,46,
27,21,
33,28,
26,
132,99,29,34,35,63,
115,91,45,37,32,43,44,
68,45,30,32,103,37,143,44,
40,
39,33,31,
32,31,
60,53,33,44,56,45,
110,39,49,40,95,
115,91,37,43,44,45,
110,39,49,40,95,
115,91,43,
41,105,50,54,82,
93,41,52,54,69,
109,97,42,47,68,57,46,48,
76,56,53,49,
119,86,42,68,46,88,66,48,
75,53,56,102,58,69,
87,72,56,53,
85,80,60,65,66,68,
99,84,124,80,78,85,52,63,54,76,
106,85,80,49,50,66,101,68,
50,84,49,
125,49,50,121,66,118,
135,104,54,64,52,63,
137,131,113,114,103,101,61,63,64,100,
111,63,141,64,94,135,91,
59,58,
76,59,
108,89,64,61,
126,71,60,
55,
60,


131,129,127,61,137,71,64,113,
87,72,
87,69,65,
115,94,111,91,
134,133,70,115,77,117,
90,83,67,
129,71,92,116,127,
145,124,117,92,77,99,115,
102,75,
98,73,78,96,97,
149,74,
125,73,78,118,121,
88,81,
143,142,79,139,147,92,138,
121,115,112,77,

129,84,114,76,120,
148,89,99,105,108,
97,88,81,
111,95,110,102,104,
123,105,82,
129,120,104,114,110,111,
99,119,149,105,148,
111,149,104,94,
86,
148,143,107,142,149,138,139,
116,109,108,
111,110,104,
143,104,103,114,111,
98,96,

98,96,
122,116,109,
116,109,108,
114,103,101,100,
93,
149,105,123,148,126,
114,143,103,




116,
120,118,106,
139,149,138,118,142,120,125,143,121,

139,138,118,142,120,125,121,

107,
148,112,127,121,129,

122,123,113,
137,131,123,113,


117,
133,134,119,

148,149,138,143,139,142,
130,126,123,
143,125,149,138,139,142,
129,127,
128,126,124,

136,
137,131,133,134,135,

132,130,
136,


141,135,


141,140,

144,141,
147,141,
145,

140,


145,144,
145,


147,
146,




Coordinates,
1.3701,1.98173,
1.41408,2.04629,
3.65594,2.01551,
3.1619,1.97717,
0.897955,1.91034,
0.500549,1.87614,
2.19868,2.05423,
3.05048,2.06045,
1.59916,1.85729,
2.28252,1.89648,
0.388022,2.27044,
1.45268,2.1677,
3.71437,1.94252,
0.51581,1.69399,
1.81182,1.82867,
2.50024,2.12418,
2.06143,2.1716,
0.884829,1.68274,
0.626543,2.36979,
0.00953773,2.54014,
2.39092,2.16691,
3.0629,2.12319,
0.123889,1.44414,
0.579416,2.44476,
2.68571,1.84361,
1.43882,1.70454,
0.0313126,1.40232,
2.91826,2.14356,
3.08817,1.86021,
1.86625,2.27183,
0.76126,1.51856,
2.93923,1.82266,
0.897514,1.49482,
3.5511,2.15172,
1.8171,2.36778,
1.36327,2.46658,
0.0156361,2.93495,
1.24287,1.49332,
0.56156,2.72465,
0.815426,1.35908,
0.342594,1.16449,
2.28985,2.33044,
1.18035,2.63354,
2.42209,1.65576,
1.58175,1.46215,
1.84719,1.52202,
1.14781,2.76982,
0.72049,3.01546,
1.2003,2.80801,
1.26737,1.20107,
1.65928,1.32746,
0.407448,3.31023,
2.1867,2.54468,
0.296403,0.593816,
2.71222,2.42438,
0.293608,0.570928,
0.266624,0.546995,
0.894833,3.09872,
1.0091,0.960678,
1.35768,1.12271,
3.32557,2.35075,
1.20022,3.04501,
0.0790097,3.83743,
1.99841,2.75019,
1.76959,2.8443,
1.41574,0.977227,
2.11461,1.27066,
0.540625,3.63302,
2.34137,1.33224,
1.22469,0.829734,
1.46884,3.06044,
2.64624,2.60631,
0.71184,0.403017,
2.16982,1.21992,
0.833061,3.5373,
1.34543,0.804171,
1.9755,1.05078,
2.8698,2.63007,
2.3047,1.13713,
1.79821,3.11535,
2.905,1.35861,
1.3194,0.572652,
3.17781,2.5643,
0.879671,3.79139,
2.18202,1.06031,
2.76942,1.29471,
1.34418,0.496835,
0.833875,0.0459013,
1.38113,0.502099,
1.36177,3.51505,
0.980651,3.8472,
3.34169,1.42974,
2.60592,2.82619,
2.94015,2.73345,
2.95718,1.24784,
1.80873,0.658823,
1.39947,0.166275,
1.47389,0.195033,
1.38573,0.101995,
2.71462,2.97963,
3.48827,1.33436,
3.16718,1.21462,
1.58378,0.217513,
3.0199,1.1109,
2.14975,0.614398,
3.55912,2.69333,
3.50141,1.27004,
3.69259,2.67026,
1.84045,3.73422,
2.0557,3.60674,
1.96804,0.276072,
2.28785,0.475591,
3.36621,1.09954,
2.3773,3.52478,
2.62776,0.639943,
3.90507,1.26898,
3.15397,3.06568,
3.41059,1.05344,
2.8096,0.667288,
2.69904,3.41238,
2.7154,0.462095,
3.00635,0.652213,
2.33498,3.95753,
3.92722,2.91921,
3.3525,3.2429,
3.06918,0.550205,
3.88897,2.98641,
2.8964,0.336437,
3.10986,3.53465,
2.80954,0.199284,
3.69709,3.21314,
2.90397,3.84311,
3.62925,3.31174,
3.04385,3.7758,
3.05757,3.76487,
3.46772,3.48167,
3.11749,0.142552,
3.07297,3.92808,
3.3643,0.331292,
3.30747,0.210569,
3.19211,3.96604,
3.54183,3.66211,
3.2751,0.0746592,
3.52663,0.227423,
3.45374,3.96689,
3.91678,3.64068,
3.95852,3.62663,
3.66136,3.98914,
3.9006,0.173775,
3.81776,0.0667338,
