Storage option,sets
Size,25
Dimension,2
Shape,cube
Spacetime,BlackHole
Past sets, 


0,1,


3,
3,
3,
4,
3,
4,3,8,
1,3,0,5,
6,8,3,4,7,
6,7,10,4,3,8,
6,3,7,
8,3,4,10,7,6,13,
6,3,7,
7,10,4,3,8,
7,10,4,3,8,
13,6,15,17,10,3,7,4,8,
2,11,1,3,0,5,9,
15,4,8,3,10,7,6,13,12,
13,6,15,17,18,4,7,10,3,8,
12,8,4,10,7,3,14,6,16,13,
12,22,13,6,19,15,17,4,18,7,10,3,8,
Future sets, 
11,20,2,
11,20,2,
20,
10,9,17,18,6,23,11,20,5,22,16,14,15,19,21,12,24,7,13,
17,15,22,19,24,13,18,23,10,12,21,8,
20,11,
16,14,15,22,19,21,23,12,24,13,
18,17,16,14,15,22,19,21,23,12,24,13,
12,10,21,18,13,24,23,19,22,15,17,
20,
18,13,24,23,21,19,22,15,17,
20,
24,23,21,
23,21,24,19,22,15,
23,
19,24,21,22,
23,
22,24,19,
24,22,
24,


24,


Past links sets, 


0,1,


3,
3,
3,
4,
3,
3,8,
1,0,5,
6,7,8,
6,7,10,
6,7,
13,
6,7,
7,10,
7,10,
15,17,
2,9,11,
12,15,
15,17,18,
12,13,14,16,
19,12,22,
Future links sets, 
11,2,
11,2,
20,
10,5,6,7,9,
8,
11,
16,14,13,12,
18,17,12,13,14,16,
12,10,
20,
17,18,13,
20,
24,23,21,
23,15,
23,
22,21,19,
23,
22,19,
22,
24,


24,


Coordinates,
-1.13882,1.44854,
1.08992,1.7796,
0.0744458,0.666561,
-4.74121,4.93874,
-9.6844,9.76268,
6.91631,2.23708,
-2.82535,6.25061,
-3.56311,6.92356,
-4.38392,7.68242,
3.25203,3.36358,
-3.40157,7.54976,
6.82366,0.970056,
-1.42776,6.71428,
-2.02091,7.1745,
2.73294,4.52956,
-1.80957,7.51587,
2.80014,4.49552,
-2.43123,8.26867,
-2.77743,8.72067,
-1.25985,7.77466,
9.26209,0.0238443,
1.82969,6.05524,
-1.33021,8.35422,
4.45516,4.61797,
0.896927,8.85457,
