Storage option,sets
Size,100
Dimension,2
Shape,cube
Spacetime,BlackHole
Past sets, 


0,
0,2,
0,
2,0,3,
0,1,
4,5,0,2,3,
4,5,0,2,3,
0,1,6,
1,4,5,0,2,3,
4,5,0,2,3,
6,1,0,9,
2,0,3,
7,10,1,4,5,0,2,3,8,
2,3,12,6,1,0,9,4,
2,3,12,6,1,0,9,4,
0,2,
5,16,2,3,12,1,6,0,9,4,15,
8,5,10,7,15,4,2,3,14,12,1,6,0,9,
6,11,14,3,7,10,1,4,5,0,2,8,
11,13,14,3,7,10,1,4,5,0,2,8,
6,11,13,14,3,7,10,1,4,5,0,2,8,
3,17,0,2,13,
7,8,1,0,11,2,13,3,4,5,10,
1,7,0,11,2,13,3,4,5,8,
9,12,15,22,5,6,11,13,14,3,20,7,10,1,4,0,2,8,
25,1,7,0,13,11,2,3,4,5,8,10,
0,2,
1,7,8,5,4,13,2,0,11,17,3,
8,10,7,14,18,5,16,3,2,15,12,1,6,0,9,4,
25,1,7,0,13,11,2,3,4,5,8,10,
14,27,10,25,8,1,7,24,0,13,11,2,3,4,5,
16,19,2,8,5,10,7,15,4,3,14,12,1,18,6,0,9,
19,26,3,9,12,15,22,5,6,11,13,14,20,7,10,1,4,0,2,8,21,
5,4,11,23,2,3,17,0,13,
2,0,28,
9,20,8,5,4,3,2,24,11,13,0,7,1,25,10,22,6,14,21,
15,12,26,37,14,9,20,8,5,4,27,3,2,25,24,1,11,13,0,7,10,22,6,21,
23,17,29,31,32,14,27,10,25,8,1,7,24,0,13,11,2,3,4,5,
16,18,34,11,19,26,3,9,12,15,22,5,6,13,14,20,7,10,1,4,0,2,8,21,
23,24,27,17,31,25,8,1,7,0,13,11,2,3,4,5,10,29,
19,15,12,37,14,9,20,8,5,4,3,26,2,25,24,1,11,13,0,7,10,22,6,21,
11,20,30,33,14,16,19,0,2,8,5,10,7,15,4,3,12,1,18,6,9,
21,8,2,0,4,1,10,7,20,14,13,6,22,15,12,9,3,26,19,5,34,18,16,11,40,
42,13,19,15,12,37,8,14,9,20,5,34,4,3,26,2,25,24,1,11,0,7,10,22,6,21,
38,9,15,12,26,37,8,14,20,5,4,27,3,2,25,24,1,11,13,0,7,10,22,6,21,19,
11,30,33,14,16,19,0,2,8,5,10,7,15,4,3,12,1,18,6,9,
10,23,25,3,1,7,8,5,4,17,13,29,0,2,11,
8,7,1,29,35,2,13,5,4,11,0,23,3,17,
7,8,35,2,13,28,5,4,11,0,23,3,17,
17,31,38,9,15,12,26,37,8,14,20,5,4,27,3,32,2,25,24,1,11,13,0,7,10,22,6,21,
18,16,33,34,11,19,26,3,9,12,15,22,5,6,13,14,20,7,10,1,4,0,2,8,21,
6,21,14,32,41,23,0,24,1,27,4,17,31,8,25,2,7,13,11,3,5,10,29,39,
40,11,16,18,34,5,19,26,3,9,12,22,6,13,14,20,7,10,1,4,0,2,8,21,15,44,
16,27,45,42,13,19,15,12,37,8,14,9,38,20,5,34,4,3,26,2,25,24,1,11,0,7,10,22,6,21,
44,15,21,8,2,0,4,1,10,7,20,14,13,6,22,12,9,3,26,19,5,34,18,16,11,40,24,
27,31,10,23,25,8,3,1,7,5,4,17,0,13,29,2,48,11,
13,22,26,43,20,11,30,7,33,10,14,16,19,0,2,8,5,15,4,3,12,1,18,6,9,
54,56,44,15,21,8,2,0,4,1,10,7,20,14,13,6,22,12,9,3,26,19,5,34,18,16,11,40,24,
34,42,19,51,20,17,31,0,38,7,9,15,46,12,26,37,6,8,14,5,4,27,3,32,1,2,25,24,11,13,10,22,21,
22,53,24,6,21,14,32,3,41,23,0,29,1,27,4,17,31,2,8,25,7,13,11,5,10,39,48,
1,7,8,35,2,36,50,13,28,11,5,4,0,17,23,3,
12,22,20,9,53,24,6,21,14,32,3,41,23,0,29,1,27,4,17,31,2,8,37,25,7,13,11,5,10,39,
29,45,16,60,34,42,5,19,51,14,20,17,31,0,37,38,1,7,9,46,15,12,26,6,8,4,27,3,32,2,25,24,11,13,10,22,21,55,
24,11,16,18,5,19,26,34,3,40,9,12,22,6,14,20,7,10,1,4,0,2,8,21,15,13,44,56,54,59,55,27,45,42,37,38,25,51,17,31,32,46,
19,26,15,38,63,12,22,20,9,53,24,6,21,14,51,32,3,41,4,23,0,37,29,1,27,17,31,2,39,8,25,7,13,11,5,10,
47,52,33,30,43,58,59,54,56,44,13,15,21,8,2,0,4,1,10,7,20,14,6,22,12,9,40,3,34,26,19,5,18,16,11,24,
9,20,35,49,57,32,3,22,53,24,6,21,14,41,23,0,29,1,27,4,17,31,61,2,8,25,7,13,11,5,10,39,48,
47,24,11,16,18,5,19,26,34,3,40,9,12,22,6,14,20,7,10,1,4,0,2,8,21,15,13,44,56,54,59,58,43,30,33,55,27,45,42,37,38,25,52,
28,35,39,24,41,32,14,21,11,27,4,31,8,57,10,23,0,25,49,2,3,48,1,7,6,53,5,17,13,29,
48,61,55,46,42,34,60,16,45,66,25,19,26,15,38,63,22,12,53,20,9,24,6,21,14,51,10,32,3,41,0,4,23,64,37,29,1,27,17,31,2,39,8,7,13,11,5,
39,23,41,53,40,18,44,56,54,64,29,45,4,16,60,19,34,42,1,5,46,51,10,14,55,20,17,31,0,37,38,7,9,15,12,26,6,8,27,3,32,2,25,24,11,13,22,21,59,
45,16,55,46,42,34,60,48,66,25,19,26,15,38,63,22,12,53,20,61,9,24,6,21,14,51,10,32,3,41,0,4,23,37,29,1,27,17,31,2,39,8,7,13,11,5,
39,23,41,53,40,18,44,64,29,45,4,16,60,19,34,42,1,5,46,51,10,14,55,20,17,31,0,37,38,7,9,15,56,12,26,6,8,27,3,32,2,25,24,11,13,22,21,
40,18,71,48,61,8,55,2,46,42,34,60,7,16,45,66,13,25,19,26,15,38,63,10,22,12,53,0,20,9,24,6,21,14,51,32,3,41,4,23,64,11,37,29,1,27,17,31,39,5,44,
35,57,73,75,22,40,18,71,48,61,8,55,2,46,42,34,60,7,16,45,66,13,25,19,26,15,38,63,10,12,53,0,20,9,24,6,21,14,51,32,3,41,4,23,64,11,37,29,1,27,17,31,39,5,44,
65,59,54,72,73,56,74,75,22,40,18,71,48,61,8,55,2,46,42,34,60,7,16,45,66,13,25,19,26,15,38,63,10,12,53,0,20,9,24,6,21,14,51,32,3,41,4,23,64,11,37,29,1,27,17,31,39,5,44,
57,65,59,54,72,73,56,74,75,22,40,18,71,48,61,8,55,2,46,42,34,60,7,16,45,66,13,25,19,26,15,38,63,10,12,53,0,20,9,24,6,21,14,51,32,3,41,4,23,64,11,37,29,1,27,17,31,39,5,44,
44,39,31,17,27,1,29,37,64,23,41,3,32,51,14,21,24,9,20,0,53,12,10,63,38,15,26,19,25,13,66,45,16,60,34,42,46,2,55,61,48,4,71,18,40,22,8,75,7,74,56,6,73,5,72,54,59,65,57,11,78,
26,15,38,50,36,62,37,12,63,61,22,20,9,70,28,35,39,2,24,41,4,32,14,21,11,48,27,31,68,8,57,10,23,0,25,49,3,1,7,6,53,5,17,13,29,
30,33,52,57,77,16,65,4,59,54,72,11,73,12,56,74,13,75,14,22,40,18,71,10,48,61,0,8,55,2,63,46,42,34,60,7,45,66,5,25,19,26,15,38,53,20,9,24,6,21,51,32,3,64,41,23,37,29,1,27,17,31,39,44,
30,43,33,52,65,59,54,72,56,74,75,22,40,18,71,48,61,8,55,2,46,42,34,60,7,16,45,66,13,25,19,26,15,38,63,10,12,53,0,20,9,24,6,21,14,51,32,3,41,4,23,64,11,37,29,1,27,17,31,39,5,44,
30,33,52,65,59,54,72,56,74,75,22,40,18,71,48,61,8,55,2,46,42,34,60,7,16,45,66,13,25,19,26,15,38,63,10,12,53,0,20,9,24,6,21,14,51,32,3,41,4,23,64,11,37,29,1,27,17,31,39,5,44,
49,65,59,54,72,56,76,17,35,57,73,14,75,16,22,40,18,71,12,48,61,2,8,55,46,42,34,60,1,7,66,45,13,25,19,26,15,74,38,63,4,10,53,0,20,9,24,6,21,51,32,3,41,23,64,5,11,37,29,27,31,39,44,
30,43,33,52,65,59,54,72,56,74,75,22,40,18,71,48,61,8,55,2,46,42,34,60,7,16,45,66,13,25,19,26,15,38,63,10,12,53,0,20,9,24,6,21,14,51,32,3,41,4,23,64,11,37,29,1,27,17,31,39,5,44,
44,39,31,17,27,1,29,37,11,64,23,41,3,32,51,14,21,6,24,9,20,0,53,12,10,63,38,26,19,25,13,66,45,16,60,34,42,46,2,55,61,48,4,71,18,40,22,8,75,7,74,56,5,72,54,59,65,52,33,43,30,15,82,
28,49,68,59,54,72,56,76,17,35,57,73,14,75,16,22,40,18,71,12,48,61,2,8,55,46,42,34,60,1,7,66,45,13,25,19,26,15,74,38,63,4,10,53,0,20,9,24,6,21,51,32,3,41,23,64,5,11,37,29,27,31,39,44,
78,79,77,52,33,30,84,17,49,65,59,54,72,5,56,76,9,35,57,73,6,14,81,75,8,16,22,40,18,71,4,12,48,61,2,55,46,42,34,60,1,7,74,66,45,13,25,19,26,15,38,63,10,53,0,20,24,21,51,32,3,41,23,64,11,37,29,27,31,39,44,
78,79,77,52,33,30,84,17,49,65,59,54,72,5,56,76,9,35,57,73,6,14,81,75,8,16,22,40,18,71,4,12,48,61,2,55,46,42,34,60,1,7,74,66,45,13,25,19,26,15,38,63,10,53,0,20,24,21,51,32,3,41,23,64,11,37,29,27,31,39,44,
36,40,18,44,50,68,49,57,35,28,70,64,73,20,45,16,55,2,46,42,34,60,7,48,66,13,25,19,26,15,38,63,10,22,12,53,0,61,8,9,24,6,21,14,51,32,3,41,4,23,37,29,1,27,17,31,39,11,5,71,
33,50,70,77,78,79,65,87,20,28,49,68,1,59,54,72,5,56,76,9,17,84,35,57,73,6,14,75,8,16,22,40,18,71,4,12,48,61,2,55,46,42,34,60,7,74,66,45,13,25,19,26,15,38,63,10,53,0,24,21,51,32,3,41,23,64,11,37,29,27,31,39,44,
49,67,58,47,69,35,76,78,79,73,77,57,81,83,86,19,44,39,31,17,27,1,29,37,11,64,23,41,3,32,51,14,21,6,24,9,20,0,53,12,10,63,38,26,25,13,66,45,16,60,34,42,46,2,55,61,48,4,71,18,85,40,22,8,75,7,74,56,5,72,54,59,65,52,33,43,30,15,82,
68,88,89,16,78,5,79,6,77,4,52,33,30,84,11,17,49,65,59,54,72,56,76,3,9,35,57,73,0,14,81,8,75,2,22,40,18,71,12,48,61,55,46,42,34,60,1,74,7,66,45,13,25,19,26,15,38,63,10,53,20,24,21,51,32,41,23,64,37,29,27,31,39,44,
47,58,83,85,82,43,86,88,15,78,5,79,6,77,4,52,33,30,84,11,17,49,65,59,54,72,56,76,3,9,35,57,73,0,14,81,8,75,2,16,22,40,18,71,12,48,61,55,46,42,34,60,1,74,7,66,45,13,25,19,26,38,63,10,53,20,24,21,51,32,41,23,64,37,29,27,31,39,44,
44,39,31,27,29,37,11,64,23,41,3,32,51,21,24,53,10,63,38,15,26,19,25,13,45,66,74,7,60,34,42,46,55,2,61,48,4,71,18,40,22,16,75,14,6,73,57,35,17,9,76,56,84,5,72,54,59,1,68,49,28,20,8,87,65,0,79,78,77,70,50,33,12,91,
65,62,80,74,75,76,56,72,54,59,90,23,36,40,18,44,50,68,1,49,57,35,28,70,3,64,73,6,20,87,45,16,55,2,46,42,34,60,7,48,66,13,25,19,26,15,38,63,10,22,12,53,0,61,8,9,24,21,14,51,32,41,4,71,37,29,27,17,31,39,11,5,
68,94,11,47,58,83,0,85,2,82,43,86,3,88,5,15,78,79,6,89,77,4,52,33,30,84,1,17,49,65,59,54,72,56,76,9,35,57,73,14,81,8,75,16,22,40,18,71,12,48,61,55,46,42,34,60,74,7,66,45,13,25,19,26,38,63,10,53,20,24,21,51,32,41,23,64,37,29,27,31,39,44,
43,82,83,81,30,52,89,88,95,16,44,39,31,27,29,37,11,64,23,41,3,32,51,21,24,53,10,63,38,15,26,19,25,13,45,66,74,7,60,34,42,46,55,2,61,48,4,71,18,40,22,75,14,93,6,73,57,35,17,9,76,56,84,5,72,54,59,1,68,49,28,20,8,87,65,0,79,78,77,70,50,33,12,91,
47,58,62,80,85,86,36,98,9,43,82,83,81,30,52,89,0,88,95,6,16,44,39,31,27,29,37,11,64,23,41,3,32,51,21,24,53,10,63,38,15,26,19,25,13,45,66,74,7,60,34,42,46,55,2,91,61,48,4,93,71,18,40,22,75,14,73,57,35,17,76,56,84,5,72,54,59,1,90,68,49,28,20,8,87,65,79,78,77,70,50,33,12,
Future sets, 
12,9,6,2,99,36,28,3,16,15,23,5,94,18,35,11,10,7,96,90,62,50,49,29,31,57,27,48,25,41,14,97,8,85,39,32,30,22,93,53,70,61,91,20,88,89,81,58,83,47,92,21,69,67,33,86,52,82,60,55,73,64,71,40,77,34,87,65,59,43,84,98,45,79,78,56,54,74,75,76,19,26,44,95,24,42,46,66,72,68,63,51,80,38,37,13,17,4,
62,49,29,25,24,21,32,39,14,41,27,57,31,48,6,77,70,53,61,22,93,9,80,76,68,37,12,83,79,73,63,15,86,82,74,38,99,97,26,30,19,90,51,78,91,20,89,18,95,34,52,40,16,87,88,81,10,58,85,69,92,33,94,98,43,67,72,65,59,96,84,56,54,75,47,44,66,46,42,45,71,64,55,60,
36,28,3,16,15,23,5,94,18,35,11,10,99,7,96,90,62,50,49,29,31,57,27,48,25,41,14,97,8,85,39,32,30,22,93,53,70,61,91,20,88,89,81,58,83,47,92,21,69,67,33,86,52,82,60,55,73,64,71,40,77,34,87,65,59,43,84,98,45,79,78,56,54,74,75,76,19,26,44,95,24,42,46,66,72,68,63,51,80,38,37,13,17,
16,15,23,5,94,18,35,11,10,99,7,96,90,62,50,49,29,31,57,27,48,25,41,14,97,8,85,39,32,30,22,93,53,70,61,91,20,88,89,81,58,83,47,92,21,69,67,33,86,52,82,60,55,73,64,71,40,77,34,87,65,59,43,84,98,45,79,78,56,54,74,75,76,19,26,44,95,24,42,46,66,72,68,63,51,80,38,37,13,
16,18,15,35,11,10,7,90,62,50,49,29,31,57,27,48,25,41,14,97,85,39,32,30,22,93,53,70,61,91,8,20,88,89,81,58,83,47,94,92,21,69,67,33,86,52,82,60,55,73,64,71,40,77,34,87,65,59,43,96,84,98,45,79,78,56,54,74,75,76,19,26,44,95,24,42,99,46,66,72,68,63,51,80,38,37,
18,35,11,10,7,90,62,50,49,29,31,57,27,48,25,41,14,97,85,39,32,30,22,93,53,70,61,91,8,20,88,89,81,58,83,47,94,92,21,69,67,33,86,52,82,60,55,73,64,71,40,77,34,87,65,59,43,96,84,98,45,79,78,56,54,74,75,76,19,26,44,95,24,42,99,46,66,72,68,63,51,80,38,37,
70,53,61,22,9,76,68,37,12,79,73,63,15,82,74,38,99,97,30,80,19,86,51,78,91,89,95,34,52,40,83,16,93,26,88,81,58,85,18,87,20,69,92,33,94,98,43,67,72,65,59,96,84,77,56,54,75,47,90,44,66,46,42,45,71,64,55,60,
62,50,49,29,31,57,27,48,25,41,14,85,39,32,30,22,93,53,70,61,91,20,88,89,81,58,83,47,94,92,21,69,67,33,86,52,82,60,55,73,64,71,40,77,34,87,65,59,43,96,84,98,45,79,78,56,54,74,75,76,90,19,97,26,44,95,24,42,99,46,66,72,68,63,51,80,38,37,
62,50,49,29,31,57,27,48,25,41,14,85,39,32,30,22,93,53,70,61,91,20,88,89,81,58,83,47,94,92,21,69,67,33,86,52,82,60,55,73,64,71,40,77,34,87,65,59,43,96,84,98,45,79,78,56,54,74,75,76,90,19,97,26,44,95,24,42,99,46,66,72,68,63,51,80,38,37,
68,37,12,73,63,15,76,74,38,99,97,80,19,51,78,91,30,89,95,34,52,40,83,93,88,81,58,82,85,26,87,69,92,33,94,98,43,86,67,72,65,59,96,84,79,18,77,16,56,54,75,47,90,44,66,46,42,45,71,64,55,60,
48,31,57,27,41,14,85,39,32,30,22,93,53,70,61,91,20,88,89,81,58,83,47,94,92,21,69,67,33,86,52,82,60,55,73,64,71,40,77,34,87,65,59,43,96,84,98,45,79,78,56,54,74,75,76,90,19,97,26,44,95,24,42,99,46,66,72,68,63,51,80,38,37,
47,50,62,35,49,29,31,57,27,48,25,39,32,41,24,22,53,70,61,20,79,68,43,63,26,85,58,42,95,51,46,99,40,66,80,21,38,97,91,34,93,87,77,60,52,55,98,45,73,64,71,83,88,44,72,69,65,94,59,96,37,67,84,86,82,78,92,89,56,54,74,75,76,90,81,
63,15,74,38,97,80,51,19,78,91,30,89,95,52,40,99,83,93,34,88,81,58,82,85,26,69,92,33,98,43,86,67,94,72,65,59,96,84,79,77,18,56,54,75,16,76,47,90,87,44,66,46,42,45,71,64,73,55,60,
29,31,27,25,32,24,39,35,62,50,49,41,48,57,23,58,26,21,80,68,61,70,53,51,42,46,66,38,97,63,37,96,34,93,77,60,52,95,55,98,73,64,71,40,99,83,88,45,87,44,72,69,65,94,59,67,85,84,86,82,79,78,92,89,56,54,91,74,75,76,90,81,22,
39,32,30,22,53,70,61,91,88,89,81,58,83,47,94,92,69,67,33,86,52,85,82,60,55,20,73,64,71,93,40,77,34,87,65,59,43,96,84,98,45,79,78,56,54,74,75,76,90,97,44,95,42,99,46,66,72,19,68,63,26,51,80,38,37,21,
38,80,51,19,91,30,95,52,40,83,93,88,89,81,58,82,85,69,92,98,43,86,67,94,72,65,59,96,84,79,78,77,99,56,97,54,74,75,33,76,47,90,87,44,18,66,46,42,45,71,64,73,55,60,34,26,
71,64,73,18,44,87,90,47,76,33,75,74,54,97,56,99,77,78,79,84,96,59,65,72,94,67,86,43,98,55,92,69,85,82,58,81,89,88,93,83,40,52,95,30,91,
60,65,51,64,23,70,57,48,95,41,88,53,74,72,66,61,71,77,63,81,78,79,82,35,86,39,83,85,75,73,90,49,96,80,50,97,98,84,93,89,94,92,87,91,68,62,99,76,29,
44,90,76,75,74,54,56,77,78,79,84,96,59,65,72,87,33,94,47,67,97,86,98,92,69,85,82,58,81,43,89,88,93,83,99,52,30,95,91,40,
66,46,42,44,90,76,75,74,54,56,78,79,45,84,96,59,65,72,87,77,40,71,64,73,55,60,82,85,52,99,98,86,97,67,69,92,94,47,83,58,81,34,93,43,89,88,91,95,33,
68,43,63,26,79,58,42,95,51,46,99,66,80,38,91,34,87,77,60,52,55,98,45,73,64,71,40,93,83,88,44,97,72,69,65,94,59,96,67,85,84,86,82,78,92,89,56,54,74,75,76,90,37,81,
68,61,70,53,51,42,46,66,80,38,63,37,34,77,60,52,95,55,98,73,64,71,40,83,88,45,87,44,72,69,65,94,59,96,67,85,84,86,82,79,78,92,89,99,56,97,54,93,91,74,75,76,90,81,
68,61,63,26,79,58,42,95,51,46,99,66,80,38,91,34,87,77,60,52,55,98,45,73,64,71,40,93,83,88,44,97,72,69,65,94,59,96,67,85,84,86,82,78,92,89,56,54,74,75,76,90,37,81,
57,48,41,53,74,72,66,61,71,77,63,81,78,79,82,86,83,85,75,73,90,49,96,95,80,50,97,98,84,93,70,89,88,94,92,87,91,68,62,99,76,35,39,
67,59,56,41,42,46,55,69,38,45,32,75,64,60,65,51,94,39,82,76,73,85,83,86,79,78,81,84,89,88,63,77,97,71,87,96,53,68,99,80,37,93,91,95,92,98,61,66,70,72,74,90,
48,42,45,37,27,80,57,41,94,46,99,55,69,32,85,75,64,60,65,51,39,92,82,76,73,83,86,79,78,81,38,91,84,31,89,88,63,77,97,71,87,96,53,68,93,95,98,61,66,70,72,74,90,
58,42,51,46,66,80,38,34,77,60,52,95,55,98,73,64,71,40,83,88,45,87,44,72,69,65,94,59,96,67,85,84,86,82,79,78,92,89,99,56,97,54,93,91,74,75,76,90,81,
57,41,46,55,69,32,75,64,60,65,51,94,39,82,76,73,85,83,86,79,78,81,38,84,89,88,63,77,97,71,87,96,53,68,99,80,93,91,95,92,98,61,66,70,72,74,90,
80,96,90,62,99,36,70,87,50,98,95,91,
64,49,57,48,41,39,76,73,75,85,83,86,82,79,78,81,84,89,88,63,94,77,97,71,87,96,68,99,80,93,91,95,92,98,61,66,70,72,74,90,53,
83,93,88,89,81,47,43,82,85,69,98,86,99,58,97,67,92,94,
57,64,60,65,51,41,39,76,73,75,85,83,86,82,79,78,81,84,89,88,63,94,77,97,71,87,96,68,99,80,93,91,95,92,98,61,66,70,72,74,90,53,
64,60,65,51,39,76,73,75,85,83,86,82,79,78,81,84,89,88,63,94,77,97,71,87,96,68,99,80,93,91,95,92,98,61,66,70,72,74,90,53,
95,91,88,89,93,81,83,94,92,67,97,58,99,86,98,69,85,82,43,47,52,
60,52,55,73,64,71,40,77,88,87,72,69,98,65,94,59,96,67,85,84,86,82,45,79,78,95,92,89,99,97,56,93,83,91,54,74,75,76,90,81,44,
76,62,68,87,92,94,88,89,70,84,97,98,96,99,80,93,50,91,95,49,90,
90,62,96,99,80,
63,45,38,79,80,69,55,96,66,46,87,83,42,65,60,97,91,73,64,95,93,74,71,90,77,94,98,99,88,51,92,89,84,76,81,78,82,86,85,75,72,
80,69,55,66,46,83,65,60,97,91,73,64,95,93,74,71,90,77,94,98,99,88,51,89,84,87,96,92,76,81,78,79,82,86,85,75,72,
73,75,85,83,86,82,79,78,81,76,84,89,88,63,94,77,97,71,87,96,68,99,80,93,91,95,92,98,61,66,70,72,74,90,53,
88,87,72,69,98,65,94,59,96,67,85,84,86,82,79,78,77,95,92,89,99,97,56,93,83,91,54,74,75,76,90,81,44,
73,75,85,83,86,82,79,78,81,76,84,89,88,63,94,77,97,71,87,96,68,99,80,93,91,95,92,98,61,66,70,72,74,90,53,
45,82,72,75,85,83,86,79,78,81,76,96,87,84,95,91,89,88,99,97,60,98,94,77,90,71,74,93,64,65,69,73,92,55,
85,98,86,58,99,97,67,69,92,94,82,
90,76,75,74,54,83,91,93,97,99,89,92,81,95,77,78,79,82,86,84,85,56,67,96,94,65,98,69,72,87,88,59,
72,75,85,83,86,82,79,78,81,76,96,87,84,95,91,89,88,99,97,98,94,77,90,71,74,93,64,65,69,73,92,55,
65,60,91,73,64,95,93,74,71,90,77,94,98,97,99,88,89,84,87,96,92,76,81,78,79,82,86,83,85,75,72,
99,97,67,92,69,94,
73,75,85,83,86,82,77,71,78,94,88,89,84,92,97,87,98,96,76,99,70,93,68,91,95,90,79,81,80,57,61,
92,94,88,89,84,68,97,87,98,96,70,99,80,93,91,95,90,
98,90,95,62,96,99,91,80,
66,65,60,91,73,64,95,93,74,71,90,77,94,98,97,99,88,89,84,87,96,92,76,81,78,79,82,86,83,85,75,72,
85,83,86,81,94,82,92,67,93,89,88,97,69,98,99,
74,72,70,66,61,92,90,95,91,93,80,99,68,96,98,87,71,97,77,94,63,88,89,84,76,81,78,79,82,86,83,85,75,73,
91,93,97,99,89,92,81,95,77,78,79,82,86,83,84,85,67,96,94,65,98,69,72,87,88,59,
73,69,65,64,93,74,71,90,77,94,98,97,99,88,89,91,95,84,87,96,92,76,81,78,79,82,86,83,85,75,72,
59,88,87,72,69,98,65,94,96,67,85,84,83,86,82,79,78,77,95,81,92,89,99,97,93,91,74,
81,79,90,95,91,93,80,99,70,96,98,87,97,68,76,92,84,89,88,94,78,
99,97,67,92,69,94,
87,72,69,65,88,96,85,84,83,86,82,79,78,77,95,81,94,92,89,99,97,93,98,91,67,
73,64,93,74,71,90,77,94,98,97,99,88,89,91,95,84,87,96,92,76,81,78,79,82,86,83,85,75,72,
90,95,91,93,80,99,96,98,87,71,97,68,77,94,88,89,84,92,76,81,78,79,82,86,83,85,75,73,
96,99,80,
66,95,71,90,77,94,98,97,99,88,89,91,84,87,96,92,93,76,81,78,79,82,86,83,85,75,73,80,
74,71,90,77,94,98,97,99,88,89,91,95,84,87,96,92,93,76,81,78,79,82,86,83,85,75,72,
96,85,84,83,86,82,79,78,77,95,81,94,92,89,88,99,97,93,98,91,
71,90,77,94,98,97,99,88,89,91,95,84,87,96,92,93,76,81,78,79,82,86,83,85,75,73,
92,
97,87,98,96,99,80,91,95,90,93,
92,
95,98,91,80,90,99,96,
90,77,94,98,97,99,88,89,91,95,84,87,96,92,93,76,81,78,79,82,86,83,85,75,
96,87,85,84,83,86,82,79,78,77,95,81,94,92,89,88,99,97,93,98,91,
90,79,78,81,76,93,92,96,87,84,95,91,89,88,99,97,98,94,77,
96,87,85,84,83,86,82,79,78,77,95,81,94,92,89,88,99,97,93,98,91,
85,83,86,82,79,78,81,76,93,92,96,87,84,95,91,89,88,99,97,98,94,77,
92,96,87,84,95,91,89,88,99,97,93,98,94,
95,81,92,89,88,99,97,93,98,94,91,
94,99,98,93,97,88,89,91,95,92,79,
92,95,91,89,88,97,93,98,99,94,
99,96,
92,89,88,97,93,98,99,94,
86,99,92,94,97,98,
99,92,97,94,98,
95,91,89,88,97,93,98,99,94,
99,94,97,92,
99,94,97,92,
96,91,98,99,95,
97,93,98,99,94,
97,99,98,93,
99,96,
98,99,95,

99,98,
97,
99,98,


99,

Past links sets, 


0,
2,
0,
3,
0,1,
4,5,
4,5,
6,
1,4,5,
4,5,
9,
3,
7,8,10,
3,4,12,
3,4,12,
2,
5,15,16,
14,15,
6,11,14,
11,13,14,
6,11,13,14,
13,17,
7,13,8,11,10,
1,13,8,11,7,
15,20,22,
10,25,
2,
1,7,17,13,8,11,
14,18,
10,25,
14,24,27,
18,19,
19,21,26,
11,23,
28,
9,20,25,24,22,21,
26,27,37,
23,29,31,32,
18,34,
23,31,29,24,27,
19,26,37,
20,30,33,
40,
34,42,
19,38,
11,30,33,
23,10,25,29,
29,35,
7,8,28,35,
31,17,32,38,
33,34,
39,6,21,41,
44,
16,38,45,
24,44,
27,31,48,
26,43,
54,56,
34,42,46,51,
22,48,53,
1,36,50,
12,37,53,
29,55,60,
46,51,55,59,
19,51,63,
47,52,58,59,
61,57,49,9,20,
59,47,58,55,52,
49,28,53,57,
64,61,66,
53,59,64,
55,60,61,66,
53,56,64,
44,71,
57,73,35,75,
65,75,74,73,72,
57,65,75,74,73,72,
78,
38,70,68,63,62,
30,52,57,77,
75,43,65,52,74,72,
75,65,30,52,74,72,
49,74,72,76,65,
75,43,65,52,74,72,
82,
76,74,28,72,68,
81,79,84,
81,79,84,
36,44,50,73,68,71,70,
50,70,87,33,77,84,79,
49,67,69,76,79,86,81,85,83,
68,88,89,
47,58,88,83,86,85,
91,
87,65,80,90,
68,89,94,
82,83,93,95,
47,58,80,98,90,85,86,
Future links sets, 
6,4,2,
6,10,25,62,29,
17,28,3,
16,13,15,5,
16,15,7,8,10,11,
18,7,8,10,11,
53,22,20,9,
50,24,29,14,25,
50,24,29,14,25,
68,37,12,
48,14,24,27,31,
29,47,25,20,21,22,35,24,
63,16,15,
29,25,21,22,23,24,
30,19,20,32,21,22,
26,19,18,
55,18,
51,29,23,
33,40,30,
66,33,34,42,46,
68,43,37,26,
53,37,34,
37,61,26,
48,41,39,35,
56,41,37,32,
48,31,37,27,
42,58,38,34,
41,38,57,32,
87,70,50,36,
64,39,49,41,48,
81,47,83,43,
57,51,41,39,
51,39,
91,52,47,43,
52,60,45,40,
76,50,49,
90,62,
42,63,38,
80,55,51,46,
53,
44,
53,
60,45,
85,82,58,
90,75,56,54,
55,
65,60,
99,94,69,67,
61,57,
92,84,70,68,
91,90,62,
66,65,60,
85,83,67,82,69,81,
74,63,70,61,72,
59,
73,65,69,64,
74,59,
68,78,81,70,76,
99,94,69,67,
69,72,67,65,
73,64,
71,73,68,
80,
80,66,
74,72,71,
96,85,84,77,82,78,83,
73,71,
92,
97,80,90,87,93,
92,
91,90,80,
90,75,
87,85,84,77,82,78,83,
90,78,77,76,
87,85,84,77,82,78,83,
85,83,76,77,82,78,
92,87,84,
91,81,
79,
92,91,89,88,
99,96,
92,89,88,
98,86,
98,94,92,
91,89,88,
99,94,92,
99,94,92,
96,91,
94,93,
97,93,
99,96,
95,

98,
97,
98,


99,

Coordinates,
-11.0087,8.63434,
-10.557,9.89382,
-9.74392,7.72041,
-9.38216,7.94452,
-9.21601,8.27934,
-8.45672,7.6642,
-8.74076,9.97286,
-8.05656,7.74679,
-7.53882,7.35038,
-7.94622,9.82021,
-7.31465,8.31393,
-6.50066,6.35035,
-7.5731,9.79195,
-5.64401,5.49671,
-6.37444,7.78838,
-6.56541,9.15527,
-6.17377,9.72242,
-2.67509,3.68473,
-5.52062,9.81805,
-5.04036,8.41552,
-4.38133,7.06547,
-3.59899,6.1119,
-3.72636,6.56941,
-0.864303,3.17664,
-2.93149,5.35889,
-2.56616,4.95433,
-3.32299,6.74759,
-2.17489,4.85631,
1.68853,1.56636,
-0.769151,3.5352,
-3.88064,9.59358,
-1.62191,4.52182,
-1.54364,4.60902,
-3.34506,8.81195,
-2.58011,6.78054,
3.7244,2.21207,
0.571317,0.856484,
-1.58716,5.42901,
-1.13398,5.37438,
0.576372,3.57435,
-1.69145,7.02385,
0.969866,3.33589,
-1.0401,5.67611,
-2.22346,8.6693,
-1.46679,6.92455,
-0.905334,5.71962,
-0.710982,5.45504,
-2.06346,8.83664,
1.89665,2.95086,
4.82485,2.24489,
2.97348,1.36749,
0.0950496,4.74119,
-1.34055,7.62619,
1.4417,3.40818,
-0.982128,6.78656,
-0.453446,5.72462,
-0.751691,6.51578,
3.58615,2.52274,
-1.29322,8.18776,
-0.620526,6.57516,
0.902816,4.57167,
2.60502,3.10718,
2.28366,0.526424,
2.51047,3.31864,
1.47407,4.66563,
1.35461,5.31045,
3.08355,3.39652,
0.594963,7.24099,
8.77029,1.90315,
1.21685,6.7885,
5.5086,1.43163,
4.11003,3.45281,
3.36978,4.13939,
4.82039,3.06172,
3.5974,3.95945,
4.59828,3.40442,
7.04118,2.62696,
5.80043,3.17244,
6.17838,3.00054,
6.269,3.00074,
5.47992,0.434438,
6.13522,3.23679,
5.70079,3.61034,
5.87838,3.50581,
8.29912,2.45163,
5.53993,3.80504,
5.84846,3.63171,
8.88439,1.48454,
10.6861,2.24379,
17.0291,2.01043,
7.44307,0.734021,
8.67886,1.24209,
9.00929,2.77726,
10.5007,1.63053,
13.5251,2.08469,
8.67394,1.01862,
7.6828,0.0390902,
11.469,1.66822,
9.2917,1.00754,
9.27883,0.356379,
