Storage option,sets
Size,200
Dimension,2
Shape,cube
Spacetime,BlackHole
Past sets, 


0,1,
0,1,
3,0,1,2,

2,1,0,3,4,
5,6,2,1,0,3,4,
5,6,2,1,0,3,4,
4,3,0,1,2,6,5,8,
8,5,6,2,1,0,3,4,7,




13,

11,
5,6,2,1,0,3,4,
9,10,8,5,6,2,1,0,3,4,7,
13,15,11,17,
14,1,12,11,5,
12,17,11,15,13,20,
12,17,11,15,13,20,
13,16,

8,9,11,18,5,6,2,1,12,0,3,14,4,

7,8,18,5,6,2,1,0,3,4,9,
9,7,8,18,5,6,2,1,0,3,4,10,
14,23,12,17,11,22,15,13,20,
14,23,12,17,11,22,15,13,20,
9,7,8,18,5,6,2,1,0,3,4,10,
27,

12,17,11,15,24,13,16,20,
16,30,31,20,14,23,12,17,11,22,15,13,
16,25,
16,24,30,31,20,14,23,12,17,11,22,15,13,
15,22,11,17,12,23,20,14,31,13,30,24,16,38,
25,27,33,

34,
15,37,16,25,13,24,
16,25,27,33,
7,13,15,17,26,9,8,11,18,1,5,6,2,12,0,3,14,4,21,
5,39,22,15,11,17,12,23,20,14,31,13,30,24,16,1,38,36,
24,13,35,12,17,11,22,15,16,20,
20,16,15,11,17,12,13,24,35,
17,11,15,20,25,24,13,16,
25,44,27,16,33,40,
34,42,
11,17,24,13,25,27,16,37,15,43,
8,9,4,3,0,2,6,18,5,1,36,16,30,13,31,14,20,23,12,17,11,22,15,21,
13,17,21,14,12,11,26,28,32,9,7,8,18,1,5,6,2,0,3,4,10,29,
2,0,3,21,46,23,5,39,16,22,15,38,11,17,12,35,20,14,31,13,36,30,24,1,
41,
14,23,22,48,15,20,16,11,17,13,47,24,12,35,
42,34,51,
46,23,5,39,16,22,15,38,11,17,12,35,20,14,31,13,36,30,24,1,
7,26,38,24,53,8,9,4,3,0,2,31,6,18,5,1,30,36,16,13,14,20,23,12,17,11,22,15,21,39,
55,2,31,0,3,21,46,17,23,5,39,16,22,15,38,11,12,35,20,14,13,36,30,1,24,4,
28,29,20,22,23,30,10,45,7,13,15,17,26,3,9,32,8,11,18,1,5,6,2,12,0,14,4,21,
34,40,16,27,33,44,25,50,
8,9,4,6,55,2,31,0,3,21,46,17,23,5,39,16,22,15,38,11,12,35,20,14,13,36,30,1,24,18,
18,6,4,9,8,55,2,31,0,3,21,46,17,23,5,39,16,22,15,38,11,12,35,20,14,13,36,30,1,24,53,
27,41,58,42,34,51,
33,27,25,42,34,40,
34,63,40,16,33,44,25,27,50,37,
42,34,41,51,

15,13,25,44,33,50,27,16,40,37,34,24,
11,24,13,37,15,25,44,33,50,27,16,40,43,

34,63,40,16,33,44,25,27,50,37,
51,42,41,34,69,

28,45,60,23,7,26,38,1,24,53,16,8,9,46,4,3,0,2,39,31,6,18,5,30,36,13,14,20,12,17,11,22,15,21,
21,37,25,49,47,13,36,46,23,5,39,16,22,15,38,11,57,17,59,12,35,20,14,31,30,24,48,1,
73,
34,41,56,
34,42,40,16,27,33,44,25,50,
1,5,52,15,35,12,49,24,47,13,17,11,48,16,20,57,22,14,23,25,27,37,43,39,31,30,38,36,
33,22,47,35,12,48,23,52,13,11,24,37,17,14,43,25,27,16,15,20,49,
27,69,58,41,42,34,51,66,
51,58,41,67,34,33,66,27,25,42,40,
16,51,44,67,34,33,50,27,25,58,42,40,
10,32,64,35,55,77,3,28,65,45,8,60,23,7,26,38,1,24,53,16,9,46,4,0,2,39,31,6,18,5,30,36,13,14,20,12,17,11,22,15,21,
42,80,41,34,56,
29,10,32,35,55,77,3,28,65,45,8,60,23,7,26,38,1,24,53,16,9,46,4,0,2,39,31,6,18,5,30,36,13,14,20,12,17,11,22,15,21,
6,43,4,3,0,2,55,47,16,21,37,25,49,13,36,5,46,15,23,39,22,38,78,11,57,17,48,59,12,35,20,14,31,30,61,24,1,
27,1,24,30,31,61,20,35,12,59,48,17,11,38,22,39,23,15,46,5,36,13,25,78,37,21,57,16,14,55,0,3,4,2,43,47,6,49,90,
56,27,66,42,58,75,41,51,34,69,
25,47,48,57,59,26,7,60,61,65,18,55,6,4,9,46,8,2,39,31,0,3,21,17,23,5,16,53,22,15,38,1,11,12,35,20,14,13,36,30,24,64,
56,41,34,80,69,58,75,42,51,
54,62,64,3,46,29,10,53,32,35,55,12,77,28,65,22,45,2,8,60,17,23,7,26,38,1,24,16,9,4,89,0,39,31,6,18,5,30,36,13,14,20,11,15,21,
40,25,33,67,84,51,27,69,58,41,42,75,34,66,
20,12,49,17,63,68,72,11,24,37,34,71,52,15,25,44,27,33,13,50,16,40,43,
17,68,43,15,13,71,24,11,50,44,33,40,16,63,42,34,81,27,74,37,25,72,
43,51,58,67,68,13,15,50,25,24,71,44,33,40,16,63,42,34,81,27,74,37,
40,50,44,83,37,14,33,22,47,24,35,12,48,72,25,23,52,13,11,17,43,20,27,16,15,49,
31,30,38,57,40,50,44,83,37,14,33,22,47,24,35,12,48,72,25,23,52,13,11,17,43,20,27,16,15,49,
41,56,79,73,76,70,
68,63,37,74,66,41,86,16,67,33,13,50,51,34,85,81,44,27,25,42,58,40,
70,76,73,79,80,41,34,56,
49,37,93,46,25,47,0,48,1,57,59,12,26,7,60,13,61,14,65,18,55,8,6,53,4,9,2,39,31,78,3,21,17,64,23,5,16,22,15,38,11,35,20,36,30,24,
22,47,35,48,97,68,20,49,17,63,34,43,11,40,24,37,12,71,72,13,52,44,25,27,33,50,16,15,74,
70,76,73,79,56,41,102,
69,84,66,41,86,16,67,33,50,51,34,85,44,27,25,42,58,40,
41,56,79,73,76,70,
104,70,76,73,41,80,34,79,56,42,
26,52,64,53,9,18,65,8,91,27,1,24,30,31,61,20,35,12,59,48,17,11,38,22,39,23,15,46,5,36,13,25,78,37,21,57,16,14,55,0,3,4,2,43,47,6,49,7,90,
58,42,25,34,51,27,50,33,44,67,40,86,41,66,84,69,85,16,108,
43,105,49,37,93,46,25,78,47,0,53,48,1,57,4,59,6,12,65,26,7,60,13,61,8,14,18,55,2,9,39,31,3,21,17,64,11,23,5,16,22,15,38,35,20,36,30,24,45,
41,11,17,43,51,58,67,68,72,13,71,42,44,50,25,24,33,99,40,98,16,15,74,63,34,81,86,27,37,
104,70,76,73,41,80,34,79,56,42,
92,80,56,96,40,25,42,33,67,84,51,34,27,69,58,41,75,66,94,
47,48,59,61,62,64,87,3,46,29,10,53,32,35,55,12,77,28,65,22,45,2,8,60,17,23,7,26,38,1,24,16,9,4,89,0,39,31,6,18,5,30,36,13,14,20,11,15,21,
24,15,74,16,68,63,34,37,66,41,67,33,13,42,71,50,51,85,86,27,81,103,44,25,58,40,
70,69,88,76,42,73,56,80,75,41,51,34,
109,76,41,73,70,56,79,102,
16,44,92,116,69,34,56,80,33,96,27,40,25,94,42,67,84,51,58,41,75,66,85,
20,52,85,66,103,114,41,72,11,42,17,43,74,51,58,27,67,98,68,99,37,13,44,71,40,50,81,25,24,86,33,16,15,63,34,
66,75,41,84,42,94,25,67,96,33,51,80,85,27,56,40,69,58,116,44,16,34,92,121,
26,64,53,9,18,65,82,52,33,8,91,27,1,24,30,31,61,20,35,12,59,48,17,11,38,22,39,23,15,46,5,36,13,25,78,37,21,57,16,14,55,83,0,3,4,2,43,47,6,49,7,90,
31,42,57,23,14,106,13,44,22,47,83,16,35,30,97,48,17,68,37,20,49,63,34,43,12,74,11,40,71,24,72,52,25,27,100,33,50,15,
56,92,75,108,16,85,69,84,66,41,86,40,67,44,33,50,27,96,51,34,25,42,58,
40,25,67,70,76,51,42,75,58,69,92,33,80,34,88,41,56,94,27,66,84,
22,35,48,66,52,49,12,20,97,47,114,41,72,11,42,17,43,74,51,58,27,67,98,68,99,37,13,44,71,40,50,81,25,24,86,33,16,15,63,34,
11,43,108,69,118,24,15,74,75,16,44,103,68,63,34,37,66,41,67,33,72,13,42,71,50,51,85,27,86,81,84,25,112,58,99,40,
73,96,58,40,25,94,67,70,76,51,42,75,116,69,92,56,127,33,80,34,88,41,27,66,84,
33,45,82,60,93,5,26,52,105,64,11,53,0,9,18,65,12,8,61,91,38,27,1,24,30,31,20,35,59,6,48,17,22,39,23,15,46,36,13,25,78,37,90,21,57,4,16,14,55,111,2,3,43,47,49,7,
52,62,87,28,77,32,10,29,89,90,27,7,60,43,105,49,37,93,46,25,78,47,0,53,48,1,57,113,4,59,6,12,65,26,13,61,8,14,18,55,2,9,39,31,3,21,17,64,11,23,5,16,22,15,38,91,35,20,36,30,24,45,
128,42,22,35,48,66,52,49,12,98,20,63,97,11,47,71,41,72,106,17,43,86,74,51,58,15,27,67,24,68,114,25,99,13,37,44,40,50,81,33,16,34,
22,48,49,12,97,118,85,11,52,15,66,35,114,40,41,72,42,17,122,43,74,37,51,58,27,67,98,103,24,68,20,99,25,13,50,44,81,71,34,86,33,16,63,
58,102,104,119,34,107,70,69,51,88,76,79,42,110,73,56,80,75,41,115,
33,82,87,28,77,32,10,29,89,90,27,91,52,7,60,43,105,49,37,93,46,25,78,47,0,53,48,1,57,113,4,59,6,12,65,26,13,61,8,14,18,55,9,39,31,3,21,17,64,11,23,5,2,111,16,22,15,38,35,20,36,30,24,45,
33,82,28,77,32,10,87,90,27,91,52,7,60,43,105,49,37,93,46,25,78,47,0,53,48,1,57,113,4,59,6,12,65,26,13,61,8,14,18,55,9,39,31,3,21,17,64,11,23,5,2,111,16,22,15,38,35,20,36,30,24,45,
69,51,75,107,115,102,79,56,70,88,41,110,76,109,73,120,104,80,34,42,
63,70,81,88,112,121,116,80,94,56,85,34,108,50,75,16,69,40,66,41,27,86,126,67,37,96,44,92,33,51,84,25,42,58,123,
50,119,121,44,85,130,73,96,67,58,116,40,69,127,94,123,70,41,76,51,80,42,16,75,34,56,86,27,92,33,88,66,25,84,
27,66,94,58,104,102,79,56,119,73,34,80,107,70,69,115,51,42,76,110,135,88,41,75,109,
5,36,39,51,67,81,38,43,31,72,125,42,83,57,16,23,106,24,13,44,22,63,47,35,30,71,14,97,98,15,48,68,27,37,20,49,34,12,74,33,11,52,40,25,17,100,50,101,
1,36,5,58,39,51,67,14,81,38,43,31,72,42,83,30,57,125,16,23,106,24,13,44,97,22,63,47,100,35,71,98,15,68,48,101,27,37,20,49,34,12,74,142,33,11,52,40,25,17,50,
27,66,94,119,58,138,69,115,51,75,107,102,79,56,70,42,110,76,109,120,73,104,80,34,88,41,135,
11,76,43,99,71,68,74,103,24,118,139,63,70,81,88,51,33,112,75,84,121,42,80,15,94,56,85,34,108,50,16,69,40,66,41,27,86,44,123,126,67,116,37,96,13,92,25,58,
49,12,97,17,114,52,122,92,56,129,11,84,67,69,35,118,24,98,15,74,33,75,34,44,85,43,126,20,103,68,27,63,37,66,108,25,41,72,96,13,42,71,112,50,51,86,81,40,58,16,99,
52,70,88,17,114,121,80,92,56,129,94,11,84,67,69,118,24,98,15,74,116,33,75,34,44,85,43,126,103,68,27,63,37,66,108,25,41,72,96,13,42,71,112,50,51,86,81,123,40,58,16,99,
40,44,50,54,117,83,124,131,62,132,89,29,3,33,82,15,28,77,10,32,87,20,90,23,27,91,24,52,7,60,43,105,38,49,37,93,26,46,113,25,78,11,47,137,0,53,48,1,57,4,59,6,12,65,13,61,8,14,18,55,9,39,31,21,17,64,5,2,136,111,16,22,35,36,30,45,
23,56,92,96,84,75,69,129,106,47,128,40,22,48,49,12,97,50,118,24,71,85,108,11,58,52,99,112,15,66,35,67,20,41,72,42,114,17,25,122,43,74,27,134,37,51,98,103,68,13,44,81,34,86,133,33,16,63,
10,32,34,71,28,77,100,72,44,50,40,101,113,83,13,33,45,82,23,60,1,93,5,64,26,52,111,105,46,11,53,0,59,9,18,65,6,124,12,8,61,2,91,38,27,24,30,31,90,20,35,48,17,22,39,15,36,25,78,37,21,57,131,4,16,14,55,3,43,47,49,7,
29,34,100,72,44,50,40,101,83,124,3,33,82,15,28,77,10,32,87,20,90,23,27,91,24,52,7,60,43,105,38,49,37,93,26,46,113,25,78,11,47,137,0,53,48,1,57,4,59,6,12,65,13,61,8,14,18,55,9,39,31,21,17,64,131,5,2,111,16,22,35,36,30,45,
29,63,87,150,71,10,32,111,34,113,28,77,100,21,72,44,50,40,101,22,83,4,13,33,45,124,82,3,23,60,1,93,14,5,64,26,105,52,131,46,11,90,53,0,59,9,18,65,6,12,91,8,61,2,38,27,24,30,31,20,35,48,17,39,15,36,25,78,37,57,16,55,43,47,49,7,137,
84,33,92,141,144,27,115,56,66,94,119,58,109,80,69,75,104,107,102,73,138,79,70,41,42,51,110,120,34,88,76,135,
79,72,129,127,73,130,119,145,92,11,76,43,96,99,71,68,121,15,74,103,50,24,118,139,33,86,63,116,70,123,81,88,51,112,75,84,42,80,27,94,41,56,85,34,140,108,16,69,40,66,13,44,126,67,37,25,58,
128,86,99,103,58,41,66,85,118,36,114,5,39,51,67,14,81,38,43,31,72,42,83,30,57,125,16,23,106,133,24,122,13,44,97,22,63,47,100,35,71,98,15,68,48,101,27,37,20,49,34,12,74,142,33,11,52,40,134,25,17,50,
49,122,20,147,88,52,70,129,11,17,114,121,80,139,92,33,56,94,84,25,67,126,69,118,24,98,15,74,116,75,16,34,44,103,85,43,68,27,86,63,37,96,66,108,41,72,13,42,71,112,50,51,81,123,40,99,58,
122,98,114,17,52,20,147,79,72,129,11,70,127,68,73,130,71,119,145,86,154,27,92,33,76,43,96,37,99,40,121,15,74,103,44,50,24,118,139,80,63,116,123,81,13,140,88,51,112,75,16,84,25,42,94,41,56,85,34,108,69,66,126,67,58,
141,144,27,115,56,66,94,119,58,109,80,69,75,104,107,102,73,138,79,70,41,42,51,110,120,34,88,76,135,
44,127,33,92,116,67,84,25,40,96,130,141,85,144,27,115,56,66,94,119,58,109,80,69,16,75,104,107,102,73,138,79,70,41,42,51,110,120,34,88,76,135,
112,108,140,73,88,135,110,76,42,109,115,69,41,70,107,40,51,80,34,119,79,102,75,104,58,94,27,66,56,123,141,50,121,44,85,130,96,67,116,127,16,86,92,25,33,84,138,120,126,
153,79,42,84,33,144,107,70,92,141,25,104,67,27,138,115,66,94,40,119,58,109,80,69,75,102,73,110,51,88,41,120,34,76,56,135,
100,30,83,14,57,31,125,126,27,23,84,56,92,96,35,75,69,129,68,106,47,108,128,67,40,149,22,48,49,12,134,97,50,118,24,85,146,71,11,72,133,58,52,99,112,51,15,66,20,81,41,42,103,114,17,25,86,122,43,74,13,37,98,44,34,33,16,63,
14,88,121,116,80,94,123,126,27,23,84,56,92,96,35,75,69,129,68,106,47,108,128,67,40,149,22,48,49,12,134,97,50,118,24,85,146,71,11,72,133,58,52,99,112,51,15,66,20,81,41,42,103,114,17,25,86,122,43,74,13,37,98,44,34,33,16,63,
49,110,104,115,122,98,114,84,52,119,157,20,17,154,147,80,13,79,72,139,129,11,145,70,127,68,73,140,130,63,71,86,27,94,92,25,33,76,43,96,37,99,40,121,15,74,103,44,50,24,118,51,116,123,56,81,88,112,75,16,42,41,108,85,34,69,66,126,67,58,
72,102,107,110,79,104,115,127,73,130,119,145,92,11,76,43,96,99,71,68,121,15,74,103,50,24,118,139,33,86,63,116,70,123,81,88,51,112,75,84,42,80,27,94,41,56,85,34,140,108,16,69,40,66,13,44,126,67,37,25,58,
76,145,146,133,134,35,97,48,128,47,106,23,22,149,156,49,108,122,63,20,147,88,52,70,129,11,17,114,121,80,12,139,92,33,56,94,84,25,67,126,69,118,24,98,15,74,116,75,16,34,44,103,85,43,68,27,86,37,96,66,41,72,13,42,71,112,50,51,81,123,40,99,58,
49,102,107,110,104,115,122,98,114,84,52,119,157,20,17,154,147,80,13,79,72,139,129,11,145,70,127,68,73,140,130,63,71,86,27,94,92,25,33,76,43,96,37,99,40,121,15,74,103,44,50,24,118,51,116,123,56,81,88,112,75,16,42,41,108,85,34,69,66,126,67,58,
121,16,85,130,96,127,44,161,79,120,42,84,116,33,115,144,107,25,66,153,70,92,51,104,67,109,138,56,94,135,40,119,141,58,80,69,27,110,75,34,102,73,88,41,76,159,
127,76,145,146,133,134,35,97,48,128,47,106,23,22,149,156,49,108,122,63,20,147,88,52,70,129,11,17,114,121,80,12,139,92,33,56,94,84,25,67,126,69,118,24,98,15,74,116,75,16,34,44,103,85,43,68,27,86,37,96,66,41,72,13,42,71,112,50,51,81,123,40,99,58,
13,37,15,81,63,139,118,24,103,74,68,71,99,43,107,112,108,140,34,73,126,88,141,135,110,76,42,109,56,115,69,16,41,94,70,123,40,160,51,104,80,27,119,66,79,102,75,58,50,121,44,85,138,130,96,67,11,120,116,127,86,33,92,145,25,84,
72,170,99,13,84,37,108,15,86,81,63,139,68,118,24,103,74,145,71,43,107,112,41,140,69,34,73,126,88,141,70,135,110,76,42,109,56,127,115,44,94,16,165,123,40,51,104,33,80,27,119,66,79,102,75,58,50,121,85,138,67,130,96,25,160,11,120,116,92,
24,13,74,68,103,37,81,63,139,144,107,112,108,140,34,73,126,88,141,135,110,76,42,109,56,115,69,16,41,94,70,123,40,160,51,104,80,27,119,66,79,102,75,58,121,153,44,85,138,130,96,67,120,116,127,86,33,92,25,84,50,159,
140,119,130,73,79,154,169,11,127,48,76,145,66,146,67,133,134,35,114,97,128,49,47,126,106,27,23,22,149,70,156,108,122,43,63,20,99,147,68,88,52,129,50,17,96,121,42,80,12,139,92,13,33,112,56,94,15,84,25,69,118,24,103,98,74,116,37,75,16,34,44,123,85,86,41,72,71,51,81,40,58,166,
164,167,88,49,102,107,110,104,25,115,122,43,98,114,84,52,119,40,157,20,99,17,96,154,75,147,68,80,13,92,79,72,139,129,50,11,145,66,70,127,73,140,130,51,63,71,86,165,27,94,15,33,112,76,37,116,121,42,74,103,24,44,123,118,56,81,16,41,108,85,34,69,126,67,58,
109,135,141,167,88,49,102,107,110,104,25,115,122,43,98,114,84,52,119,40,157,20,99,17,96,154,75,147,68,80,13,92,79,72,139,129,50,11,145,66,70,127,73,140,130,51,63,71,86,165,27,94,15,33,112,76,37,116,121,42,74,103,24,44,123,118,56,81,16,41,108,85,34,69,126,67,58,
67,25,92,33,84,153,158,34,141,79,110,144,51,58,120,115,56,66,27,94,119,88,80,69,75,104,73,109,42,135,40,107,138,76,102,70,41,
127,96,130,161,79,120,42,84,116,33,115,144,107,25,66,153,70,92,51,104,67,109,138,56,94,135,40,119,141,58,80,69,27,110,34,102,73,88,41,76,75,158,
126,86,123,140,108,112,168,115,121,16,69,85,138,130,96,127,161,79,120,67,42,84,116,33,144,107,25,66,119,44,153,70,92,160,51,104,109,56,94,41,135,40,141,88,58,80,27,110,75,34,102,73,76,50,159,
16,127,130,33,177,80,96,161,67,79,120,73,42,84,116,69,115,144,107,25,119,66,70,92,51,104,109,153,56,94,44,141,135,88,138,41,40,58,27,110,34,102,76,75,158,85,
108,86,123,140,168,115,121,16,69,85,138,130,96,127,161,79,120,67,42,84,116,33,144,107,25,66,119,44,153,70,92,51,104,109,56,94,41,135,40,141,88,58,80,27,110,75,34,102,73,76,50,159,158,
85,127,130,33,177,80,96,161,67,120,73,42,84,116,69,115,144,107,25,119,66,70,92,51,104,109,153,56,94,141,135,88,138,41,40,58,27,110,34,102,76,75,158,79,176,
15,71,139,63,81,37,103,68,74,24,119,126,67,86,27,123,13,140,108,112,109,50,115,56,121,16,75,69,85,144,138,79,130,96,127,102,120,42,84,25,116,160,33,92,107,66,44,153,94,70,178,51,110,104,168,41,159,135,76,40,141,88,58,80,161,34,73,172,
14,163,164,157,115,104,110,107,102,173,84,140,51,119,130,41,73,79,154,169,80,11,127,48,76,145,56,66,146,67,156,133,44,134,35,114,25,97,128,49,47,126,37,106,17,27,116,23,112,22,149,70,108,122,33,43,63,20,99,147,58,68,88,52,129,40,50,139,96,121,42,12,92,13,94,15,69,118,24,103,98,74,75,16,34,123,85,86,72,71,81,166,167,
20,122,98,114,52,147,129,17,154,11,165,43,71,145,118,15,99,72,172,161,24,13,80,74,141,68,135,103,37,104,81,63,130,139,144,107,40,112,108,41,140,73,171,34,126,88,110,76,42,109,56,123,115,69,94,27,70,160,51,119,66,79,102,75,58,121,16,153,86,44,85,138,96,67,120,116,127,170,33,92,25,159,84,50,
164,170,171,159,120,138,153,160,144,172,175,17,96,109,135,56,141,167,88,49,102,107,110,104,25,115,122,43,98,114,84,52,119,40,157,20,99,154,75,147,68,80,13,92,79,72,139,129,50,11,145,66,70,127,73,140,130,51,63,71,86,165,27,94,15,33,112,76,37,116,121,42,74,103,24,44,123,118,81,16,41,108,85,34,69,126,67,58,
16,179,40,85,127,33,130,80,177,96,161,67,120,73,42,181,84,116,69,115,144,107,25,119,66,70,92,51,104,109,153,56,94,44,141,135,88,41,138,58,27,110,34,102,76,75,158,79,176,
23,106,47,128,133,48,22,134,144,35,97,12,146,156,120,160,138,170,171,164,174,175,17,96,109,135,56,141,167,88,49,102,107,110,104,25,115,122,43,98,114,84,52,119,40,157,20,99,154,75,147,68,80,13,92,79,72,139,129,50,11,145,66,70,127,73,140,130,51,63,71,86,165,27,94,15,33,112,76,37,116,121,42,74,103,24,44,123,118,81,16,41,108,85,34,69,126,67,58,
58,69,34,85,108,81,103,74,121,76,112,33,118,15,94,165,86,63,27,130,37,140,73,24,127,70,66,42,145,50,129,139,79,92,116,13,80,44,147,75,51,154,99,123,20,157,40,16,119,52,11,114,98,122,104,110,107,102,49,88,167,141,56,135,109,96,72,175,71,174,164,68,171,67,170,160,17,120,156,43,146,115,12,97,138,35,41,144,134,22,48,133,25,128,47,106,126,23,84,187,
72,145,43,99,118,170,158,40,15,86,71,139,68,63,81,37,108,103,74,24,119,126,67,138,27,123,13,84,140,69,112,41,109,180,50,121,115,44,56,127,16,75,85,144,73,79,130,96,25,102,120,42,116,11,160,182,33,104,92,107,178,66,153,94,70,141,51,110,168,159,88,135,76,58,80,161,34,172,
179,159,50,44,16,121,168,140,123,86,108,176,79,158,75,76,102,34,110,27,58,138,41,88,135,141,94,56,153,109,104,51,92,70,66,119,25,107,144,115,69,116,84,181,42,73,120,67,161,96,177,80,130,33,127,85,40,180,
20,122,98,114,17,52,147,129,154,43,145,118,99,170,72,171,158,40,15,86,71,139,68,63,81,37,108,103,74,24,119,126,67,138,27,123,13,84,140,69,112,41,109,180,50,121,115,44,56,127,165,16,75,85,144,73,79,130,96,25,102,120,42,116,11,160,182,33,104,92,107,178,66,153,94,70,141,51,110,168,159,88,135,76,58,80,161,34,172,
79,158,76,102,34,110,58,135,88,141,44,41,94,153,56,109,104,51,92,176,70,66,119,25,107,144,115,116,84,75,181,42,120,67,161,96,177,130,33,127,138,85,40,73,179,69,16,27,80,186,
112,126,190,179,159,44,16,138,121,107,140,79,123,86,25,108,176,115,158,75,76,102,168,41,110,27,88,58,119,180,135,141,80,94,33,56,153,92,109,104,51,70,66,127,144,69,130,116,50,177,84,181,120,42,73,67,34,161,96,85,40,186,
157,49,167,176,177,179,184,191,94,20,122,25,98,114,17,52,147,50,129,154,43,140,145,118,99,170,73,72,171,74,158,40,15,112,86,71,168,139,42,68,165,63,160,81,178,37,108,11,103,24,121,119,126,67,138,41,27,123,13,110,84,69,109,180,115,44,141,56,153,127,16,75,172,85,182,144,79,130,33,96,102,120,116,104,92,189,107,66,70,51,159,88,135,76,58,80,161,34,
86,123,140,50,159,121,192,33,79,158,76,102,34,110,58,135,88,141,41,94,44,153,56,109,104,51,92,66,119,25,107,144,115,168,116,84,75,181,42,120,176,67,161,96,177,130,127,138,85,40,73,70,179,69,16,27,80,186,
139,63,81,37,103,68,74,13,172,160,126,112,190,123,193,56,159,25,92,138,121,107,140,73,79,86,16,153,108,178,41,176,109,179,42,115,158,75,76,102,168,34,110,40,177,27,94,24,161,88,58,119,186,180,135,141,80,33,104,51,70,66,127,144,69,130,116,50,84,44,181,120,67,96,85,
74,37,81,139,180,108,63,190,126,112,195,73,86,25,123,140,79,159,121,192,70,160,33,94,158,76,102,110,58,119,135,88,27,141,80,44,153,92,56,109,104,178,51,127,107,41,168,144,115,176,116,50,177,84,75,181,120,42,67,34,161,96,130,69,138,16,85,40,179,186,66,193,
13,74,68,103,37,81,63,139,160,126,112,190,123,193,56,159,25,92,138,121,107,140,73,79,86,16,153,108,178,41,176,109,179,42,115,158,75,76,102,168,34,110,40,177,27,94,161,88,58,192,119,186,180,135,141,80,33,104,51,70,66,127,144,69,130,116,50,84,44,181,120,67,96,85,
180,108,190,126,112,195,73,86,25,123,140,79,159,121,192,70,160,33,94,158,76,102,110,58,119,135,88,27,141,80,44,153,92,56,109,104,51,127,107,41,168,144,115,176,116,50,177,84,75,181,120,42,67,34,161,96,130,69,138,16,85,40,179,186,66,193,
Future sets, 
3,45,131,55,9,132,89,2,91,8,137,18,26,64,61,150,105,148,19,62,151,65,90,87,53,10,136,7,4,93,113,77,95,6,32,117,28,111,29,152,60,54,124,
82,46,78,21,3,45,131,55,9,132,89,2,91,8,137,18,26,64,61,150,105,59,148,19,62,151,65,90,87,53,10,136,7,4,93,113,77,95,6,32,117,28,111,29,152,60,143,54,124,
55,45,9,132,131,91,8,18,26,64,105,151,4,87,53,136,95,113,77,65,148,6,89,90,7,32,150,62,117,28,111,29,152,60,19,54,137,10,93,124,61,
55,45,9,132,131,91,8,18,26,64,105,151,4,87,53,136,95,113,77,65,148,6,89,90,7,32,150,62,117,28,111,29,152,60,19,54,137,10,93,124,61,
9,132,131,91,8,18,26,64,105,151,87,53,136,95,113,77,65,148,6,89,90,7,32,150,62,117,28,111,29,152,60,19,54,137,45,10,93,124,61,
143,142,82,59,46,55,61,90,91,78,18,65,53,26,64,155,28,87,54,113,9,136,77,21,148,89,32,150,62,117,111,60,29,19,137,10,132,45,131,105,151,93,152,95,124,7,8,
91,90,18,65,53,26,64,28,87,54,113,9,136,77,148,89,32,150,62,117,111,60,29,19,137,10,132,45,131,105,151,93,152,95,124,7,8,
124,93,105,113,131,45,77,10,137,150,87,60,19,111,29,152,117,132,62,32,89,148,95,136,54,151,28,
9,64,29,137,151,77,26,105,60,113,150,54,53,132,95,131,148,117,62,136,93,19,152,65,28,45,124,87,111,32,89,10,
64,53,29,26,151,105,60,113,54,45,132,131,111,89,148,117,62,77,136,93,152,95,65,124,32,150,19,137,87,28,
137,150,87,29,19,136,152,151,62,95,117,32,148,54,132,89,
170,145,129,154,165,171,189,72,26,17,106,114,98,187,54,143,147,52,122,97,185,156,77,166,164,167,78,194,105,36,125,49,128,39,175,48,137,146,57,83,162,134,45,55,183,184,95,136,47,100,169,90,174,61,150,188,30,65,133,157,152,91,35,124,101,22,111,87,82,64,46,191,163,155,149,60,20,113,148,59,38,117,89,151,62,132,53,142,173,93,131,31,23,21,
97,48,146,35,26,22,45,142,131,117,77,151,54,62,136,39,113,150,53,124,87,137,89,60,105,93,148,111,65,162,55,152,61,90,187,91,188,64,78,132,95,21,134,83,183,57,100,106,169,173,163,133,36,30,101,128,31,82,125,155,149,38,46,143,59,47,166,23,
198,103,54,172,196,24,15,118,182,71,45,142,52,149,72,169,147,171,165,154,57,98,114,129,99,170,145,48,122,43,97,194,185,106,156,59,77,174,164,167,36,133,49,146,128,31,175,78,83,162,65,134,55,152,183,184,87,105,136,39,100,90,187,95,47,61,188,91,30,157,60,35,132,101,189,22,166,82,143,46,64,125,191,163,155,20,117,113,148,124,38,89,151,111,53,150,173,137,62,93,131,23,
183,163,100,83,57,45,124,131,117,38,77,151,62,136,113,150,87,26,105,137,89,60,93,148,111,65,55,61,53,132,90,54,91,64,143,152,78,95,21,30,162,101,39,36,155,142,82,59,125,46,31,
118,182,71,45,52,72,147,171,165,154,98,114,129,99,170,145,122,43,97,185,106,156,77,164,167,194,36,49,128,175,48,146,83,162,134,55,183,184,105,57,136,100,169,90,174,95,47,61,188,30,65,133,157,78,152,91,35,101,189,22,39,166,87,82,143,64,125,46,191,163,155,149,20,187,60,113,148,124,38,117,89,151,111,132,53,173,137,59,142,62,93,131,31,150,23,
121,195,63,190,199,86,140,126,81,160,178,193,112,180,108,50,123,168,159,179,186,192,44,68,198,103,74,197,139,37,53,24,196,99,172,118,182,71,49,146,52,149,122,72,169,174,77,164,167,157,60,185,156,59,97,194,191,184,87,175,78,147,189,171,165,154,57,98,114,129,170,145,48,150,137,131,187,90,124,65,162,111,152,55,43,83,136,39,173,64,166,113,151,183,101,155,46,143,38,91,188,132,35,163,125,106,82,105,128,133,36,100,47,134,142,89,61,148,95,117,93,
114,98,54,147,52,122,97,185,106,156,77,164,167,194,36,49,128,175,48,146,83,162,134,55,183,184,105,57,136,100,169,90,174,95,47,61,188,30,65,133,157,78,152,91,35,101,22,39,166,87,82,143,64,125,46,191,163,155,149,20,187,60,113,148,124,45,38,117,89,151,111,132,53,173,137,59,142,62,93,131,31,150,23,
64,53,29,26,151,105,60,113,54,45,132,131,111,89,148,117,62,77,136,93,152,95,65,124,32,150,137,87,28,

122,97,185,156,164,167,194,49,175,48,146,83,134,183,184,57,100,106,169,174,47,61,188,65,133,157,30,152,91,35,162,101,105,39,166,128,82,143,125,191,64,163,36,155,22,149,187,60,55,113,87,148,124,38,89,90,151,111,132,173,46,78,137,59,95,142,53,62,136,93,77,131,117,31,150,23,
78,64,91,90,61,55,54,65,111,93,105,60,89,137,87,150,113,95,152,136,62,151,77,117,148,131,124,45,132,53,
134,83,183,57,100,106,169,173,163,188,187,133,30,162,105,101,128,39,82,125,36,155,149,60,55,113,64,87,124,38,150,61,90,111,89,132,46,78,152,137,148,59,95,142,53,65,62,151,47,136,93,166,77,143,131,91,117,31,
188,187,183,163,173,169,100,83,57,30,162,105,101,39,82,125,36,155,149,60,55,113,64,87,124,38,150,61,90,111,89,132,46,78,152,137,148,59,95,142,53,65,62,151,136,93,166,77,143,131,91,117,31,
196,172,118,182,71,49,52,122,72,174,164,167,157,185,156,97,194,191,184,175,147,189,171,165,154,98,114,129,99,170,145,150,137,131,78,187,124,65,149,111,152,43,83,136,173,64,166,57,113,151,59,183,48,101,155,46,90,143,162,38,91,132,163,125,106,82,188,105,169,60,128,133,100,47,134,55,142,89,87,61,148,39,95,117,93,146,35,77,
93,49,111,133,187,188,189,163,173,134,152,52,131,72,151,149,82,183,136,101,148,125,155,83,162,143,142,174,169,90,106,185,156,164,97,194,124,191,137,128,175,132,167,100,68,147,146,171,154,165,98,114,129,166,99,91,170,145,113,122,43,172,196,40,198,182,103,150,71,74,118,197,157,78,184,105,139,37,121,123,168,159,179,186,192,181,85,96,116,177,130,127,161,176,50,108,180,112,193,178,160,81,126,140,86,199,190,63,195,67,44,
93,105,60,54,45,131,111,148,117,77,151,62,136,152,95,132,113,150,124,87,137,89,
91,84,92,141,158,144,66,111,82,132,33,136,153,50,137,131,124,83,186,40,143,121,123,168,71,174,159,179,192,181,85,188,182,96,199,193,116,177,74,130,127,161,176,147,44,129,148,108,187,180,101,198,112,191,114,178,81,184,99,196,160,63,166,126,140,86,189,183,165,68,171,100,197,151,72,175,169,150,190,142,122,152,139,118,195,98,172,103,145,162,156,97,194,154,170,67,106,185,157,133,125,128,155,52,134,149,163,173,146,164,167,
89,136,137,152,151,87,150,62,95,117,148,132,54,77,
152,151,136,62,95,117,148,54,132,89,
162,62,101,39,36,155,142,105,82,60,55,113,150,87,124,61,90,148,111,89,78,152,137,59,95,53,132,65,136,77,151,93,143,64,131,91,125,46,117,38,
162,101,39,36,155,142,105,82,60,55,113,150,87,124,61,90,148,111,89,78,152,137,59,95,53,132,65,136,77,151,93,143,64,131,91,125,46,117,38,
150,89,136,137,152,151,62,95,117,148,54,87,132,
153,137,136,131,124,83,40,121,123,168,71,159,179,186,192,181,85,182,96,193,116,177,130,127,161,176,50,147,129,148,108,187,180,101,198,112,191,114,178,81,99,196,160,63,126,140,86,183,165,68,100,197,151,72,169,199,150,190,142,122,152,139,118,195,98,174,171,74,172,143,103,188,145,162,156,97,194,154,189,170,106,185,157,133,125,184,128,155,134,149,163,173,146,67,164,166,175,167,44,
151,104,80,150,71,74,97,106,68,152,63,42,139,125,115,110,88,185,98,195,81,178,67,164,51,140,142,119,138,75,172,69,166,158,58,155,147,141,143,135,99,196,188,182,85,94,191,183,86,177,114,197,108,66,163,149,145,144,133,128,92,189,181,84,175,171,103,192,186,118,134,122,173,167,161,176,153,127,194,129,112,179,96,193,146,162,116,199,187,169,159,126,198,121,180,174,168,123,190,160,156,154,130,157,184,165,170,
146,64,95,61,87,89,55,134,47,117,133,128,169,187,105,188,106,125,163,132,91,57,162,143,155,101,100,183,59,142,151,113,173,90,136,93,152,111,149,65,148,124,166,83,82,78,137,150,131,48,
143,155,142,82,60,55,113,87,61,90,148,89,78,137,117,59,95,124,65,136,77,151,152,93,64,131,132,150,91,111,53,46,105,
139,105,78,197,74,71,103,198,182,196,172,118,43,113,145,170,99,166,129,114,98,165,154,171,122,146,147,100,167,132,175,128,184,137,191,124,194,97,164,156,185,157,90,174,142,143,162,155,125,148,101,136,183,82,149,151,150,83,131,152,134,72,169,173,106,163,189,52,91,188,187,133,111,68,
39,113,150,155,142,105,82,55,87,124,61,90,148,111,89,60,78,152,137,117,59,95,132,65,136,77,151,93,143,64,101,131,91,46,
143,155,142,82,55,113,87,61,90,148,89,60,78,137,117,59,95,124,65,136,77,151,152,93,64,131,132,150,91,111,46,105,
121,123,168,159,179,186,192,181,85,96,116,177,130,127,161,176,50,129,148,108,187,180,101,112,191,193,114,178,99,160,81,126,140,86,165,100,151,72,199,150,71,190,63,142,122,152,139,197,118,195,68,147,174,171,172,196,143,182,103,188,145,162,156,97,154,189,198,170,106,185,98,157,133,74,125,184,128,155,134,149,163,173,146,67,169,166,175,164,167,194,183,
114,75,69,85,108,96,112,129,84,122,134,118,155,103,128,133,56,135,109,188,107,186,120,199,102,181,126,162,146,149,80,159,147,115,194,182,110,189,177,104,183,171,92,123,190,121,116,195,88,167,163,156,166,145,66,139,198,119,138,197,130,169,127,178,164,157,173,94,174,154,165,140,187,172,141,175,170,160,196,153,161,176,185,184,144,191,192,179,168,158,193,180,
125,115,110,88,98,81,67,51,140,142,119,138,75,164,69,158,58,147,141,143,135,99,188,182,94,183,177,114,197,108,66,155,149,145,144,133,128,92,181,175,86,171,103,192,186,118,134,122,84,173,167,163,161,176,153,127,194,129,196,112,195,191,179,96,185,146,162,116,199,187,169,159,126,193,139,198,121,180,174,85,168,123,190,166,160,156,178,154,130,157,189,184,165,170,172,
113,145,170,99,129,114,98,154,165,171,189,146,147,100,132,175,128,184,137,191,194,97,156,185,157,167,164,174,142,143,162,155,125,148,101,136,183,124,82,151,150,131,152,83,134,72,169,122,173,163,52,149,166,91,188,90,187,106,133,111,
192,186,179,159,168,123,50,129,148,108,187,180,101,112,191,193,114,178,99,160,81,126,140,86,165,100,151,72,199,150,71,190,63,142,122,152,139,197,118,195,68,147,174,171,172,196,143,182,103,188,145,162,156,97,154,189,198,170,106,185,98,157,133,74,125,184,128,155,134,149,163,173,146,169,166,175,164,167,194,183,121,
131,77,148,117,136,95,152,132,151,113,62,150,87,137,89,
55,113,87,61,90,89,148,78,137,117,59,95,65,124,77,136,151,152,93,64,131,132,150,91,111,105,
117,133,128,187,188,166,163,173,169,106,100,57,162,125,143,155,101,151,113,105,131,136,93,152,149,90,148,183,124,82,111,78,137,132,150,91,142,83,
134,117,133,128,187,188,166,163,173,169,106,100,57,162,125,143,155,101,151,113,105,131,136,93,152,149,90,148,183,124,82,111,78,137,132,150,91,142,83,
175,194,167,174,164,156,133,128,185,106,187,188,166,183,146,149,163,173,134,91,132,111,148,137,100,82,150,113,124,169,90,152,78,151,136,131,105,142,155,83,162,125,143,101,97,
148,108,180,112,193,178,160,126,140,86,81,101,100,151,199,72,150,190,63,122,152,139,197,195,68,174,118,171,172,196,143,182,129,188,145,103,162,156,97,154,189,198,71,170,165,106,98,157,133,74,125,184,128,187,155,134,142,149,163,173,114,146,169,166,147,191,175,164,167,194,185,99,183,
142,119,138,75,69,58,141,143,135,99,182,94,177,114,197,66,149,145,144,158,133,128,92,175,171,103,186,155,118,134,122,84,167,163,161,176,153,127,194,129,196,112,195,191,108,179,96,146,162,116,199,183,187,169,86,159,126,193,185,192,139,198,181,121,188,180,174,164,85,168,123,190,166,147,160,140,156,178,154,130,157,173,189,184,165,170,172,
147,132,175,184,191,156,185,157,167,164,174,142,194,97,143,162,155,100,137,125,148,101,136,183,124,82,151,150,131,152,83,134,169,122,173,163,149,146,166,188,187,106,128,133,111,
124,60,117,105,113,151,132,131,150,93,77,137,136,95,111,152,87,148,89,65,
148,95,
89,65,87,61,137,117,95,136,124,113,151,93,150,131,90,148,132,91,152,111,105,64,
109,107,120,102,126,162,146,149,80,147,115,182,110,177,104,171,123,190,121,188,116,183,88,163,156,166,145,139,198,138,197,130,169,189,127,194,186,119,178,164,157,173,167,174,154,165,140,199,187,135,172,141,175,170,160,159,92,196,153,94,161,176,185,184,181,144,191,192,179,168,195,158,193,180,
162,125,143,155,101,93,142,105,131,136,151,78,152,90,124,113,150,82,137,148,111,132,91,
143,135,99,94,114,66,145,144,158,141,133,128,92,171,103,182,155,118,197,134,122,84,163,161,176,153,127,194,129,196,112,191,179,96,175,149,146,162,116,195,183,108,187,169,159,177,126,193,185,192,139,198,181,186,121,188,180,174,164,85,123,190,166,147,160,199,140,156,178,154,130,157,173,189,184,165,86,170,172,167,168,
117,105,131,136,151,78,152,90,124,113,150,137,148,111,132,91,93,
105,113,131,77,150,137,95,87,152,93,151,117,132,148,136,89,
117,105,113,131,136,93,151,152,90,148,124,150,137,111,132,91,
95,117,132,148,
152,139,197,68,174,118,171,172,196,143,182,129,198,145,103,156,154,189,170,165,98,133,125,162,128,155,106,187,134,142,188,149,163,173,146,169,166,97,147,191,122,175,164,167,114,194,157,185,184,99,183,74,
124,111,95,150,131,87,105,151,152,117,132,137,148,93,113,136,
124,89,136,113,148,137,132,117,151,152,105,87,95,93,131,150,111,
144,158,141,133,128,92,103,155,118,134,122,84,161,176,153,127,194,129,196,112,179,96,163,149,146,162,116,183,175,108,169,159,177,126,193,185,192,139,198,181,186,121,188,180,174,164,123,190,182,166,147,145,160,199,140,156,178,195,154,197,130,187,157,173,189,184,165,171,170,191,172,167,168,85,
176,161,143,142,127,99,130,177,116,96,114,133,128,85,146,181,192,186,179,118,159,168,140,195,134,123,184,108,169,191,149,164,103,194,167,156,174,173,112,162,122,183,163,154,147,86,188,166,187,126,145,189,129,190,170,175,171,165,172,155,196,182,121,157,198,185,180,193,178,199,160,197,139,
118,172,196,182,198,103,129,154,145,189,170,171,165,98,133,125,162,128,155,106,187,134,142,188,183,149,163,173,146,169,143,166,97,147,191,122,175,174,164,167,114,194,157,185,156,184,99,
108,112,75,146,138,129,135,119,190,96,167,141,158,144,94,165,92,163,161,176,153,149,127,198,186,162,116,187,175,169,159,177,179,126,197,185,192,121,139,181,180,174,164,123,194,182,166,147,188,145,160,199,140,156,178,193,195,154,157,173,130,189,183,184,171,170,191,172,196,168,84,
147,156,166,145,139,169,130,127,140,154,173,157,119,109,115,164,110,196,120,167,193,183,174,165,138,185,181,135,182,178,172,141,188,184,175,171,187,144,191,170,160,197,159,107,153,190,176,161,198,104,186,192,179,168,195,158,102,199,189,180,194,177,
182,152,150,118,129,154,145,189,170,171,165,98,133,125,162,128,155,106,187,134,142,188,183,149,163,173,146,169,143,166,97,147,191,122,175,174,164,167,114,194,157,185,156,184,99,
189,171,165,154,98,151,133,125,162,128,155,106,187,134,142,188,183,149,163,173,146,169,143,166,97,150,147,191,122,175,174,164,167,114,194,157,185,156,184,100,152,101,129,
130,140,79,138,197,157,173,154,109,168,115,174,164,110,196,120,179,167,193,183,165,185,181,135,194,182,178,119,172,141,188,184,175,171,187,144,191,170,160,159,107,153,190,176,161,102,198,104,186,192,195,158,199,189,180,177,
197,125,106,118,172,196,182,198,146,175,169,134,183,166,99,155,149,128,142,173,114,187,156,185,188,157,163,194,167,184,122,189,162,164,133,147,174,143,191,98,165,171,170,103,145,154,129,
138,129,135,119,96,141,158,144,94,92,161,176,153,149,127,186,146,162,116,175,169,159,177,179,126,185,192,139,198,181,121,180,174,164,123,182,166,163,147,190,188,145,160,199,140,156,178,193,195,154,197,187,157,173,130,189,183,184,165,194,171,170,191,172,167,196,168,
166,145,169,130,127,140,154,173,157,119,109,115,164,110,196,120,167,193,183,174,165,138,185,181,135,182,178,172,141,188,184,175,171,187,144,191,170,160,197,159,107,153,190,176,161,198,104,186,192,179,168,195,158,102,199,189,180,194,177,
150,95,87,151,152,117,132,137,148,136,89,
113,105,131,136,151,152,90,148,124,150,137,111,132,91,
157,173,154,109,115,164,110,196,120,167,193,183,174,165,138,185,181,135,182,178,172,141,188,184,175,171,187,144,191,170,160,197,159,107,153,190,176,161,198,104,186,192,179,168,195,158,102,199,189,180,194,177,
115,110,104,123,121,116,88,147,163,156,166,145,139,198,138,197,169,130,189,127,186,119,178,164,183,157,173,167,174,154,165,140,199,187,135,194,182,172,141,188,175,171,170,160,159,196,153,94,190,176,185,161,184,181,144,191,192,179,168,195,158,193,180,177,
197,139,118,172,196,182,198,146,175,169,134,183,166,99,155,149,128,142,173,114,187,156,185,188,157,163,194,167,184,122,189,162,164,133,147,174,143,191,98,165,171,170,103,145,154,129,
137,136,124,152,151,150,131,148,
100,155,151,162,152,143,150,148,125,142,124,101,
161,176,153,127,129,112,96,149,146,162,116,175,169,159,177,179,126,185,192,139,198,181,186,121,180,174,164,123,182,166,163,147,190,188,145,160,199,140,156,178,193,195,154,197,187,157,173,130,189,183,184,165,194,171,170,191,172,167,108,196,168,
181,192,186,179,159,168,140,195,123,108,191,149,164,194,167,156,174,169,184,173,162,122,163,154,183,147,188,166,146,187,145,189,129,170,175,134,171,165,118,172,155,196,182,157,198,185,103,190,180,112,193,178,199,160,197,126,139,121,
140,128,133,139,126,114,197,160,199,178,193,195,112,180,190,103,185,198,157,182,196,155,172,118,165,171,134,175,170,129,189,145,187,146,166,188,147,183,154,163,122,162,173,184,169,174,156,167,194,164,149,191,108,
151,152,117,132,137,148,136,
163,147,156,166,145,139,138,169,130,127,119,164,183,157,173,167,174,154,165,140,187,135,182,172,141,188,178,175,171,170,160,197,159,196,153,190,176,185,161,198,184,186,181,144,191,192,179,168,195,158,199,193,189,180,194,177,
136,95,117,132,148,
131,136,151,152,148,124,150,137,111,132,91,
132,111,137,148,152,151,150,136,131,124,
161,176,153,149,127,146,162,116,169,159,177,179,126,192,139,181,186,121,174,164,123,166,163,147,190,188,145,198,160,199,156,178,180,182,193,140,195,154,197,187,185,157,175,173,130,183,184,165,194,171,170,189,191,172,167,196,168,
131,136,113,148,137,132,152,151,150,105,
144,158,161,176,153,141,116,169,159,177,179,192,139,181,186,121,174,164,123,166,163,147,190,188,145,198,160,199,156,178,180,127,182,193,140,195,154,197,187,185,157,175,173,130,183,184,165,194,171,170,189,191,172,167,196,168,

149,146,162,116,169,159,177,179,126,192,139,181,186,121,174,164,123,166,163,147,190,188,145,198,160,199,156,178,180,182,193,140,195,154,197,187,185,157,175,173,130,183,184,165,194,171,170,189,191,172,167,196,168,
134,169,173,163,149,146,183,166,188,187,106,143,155,128,162,125,142,133,
143,147,133,191,162,122,174,164,167,194,157,185,156,114,173,128,187,188,149,184,155,166,183,134,163,169,175,146,142,
165,171,170,189,145,154,147,133,191,162,122,174,164,167,194,157,185,156,114,173,128,187,129,188,149,184,155,166,183,134,163,169,175,146,
151,152,143,150,155,162,125,142,
151,152,142,155,150,143,
120,193,183,167,174,165,138,181,135,178,172,141,184,175,171,188,187,144,170,160,197,159,107,196,153,190,182,176,185,161,198,186,192,179,168,191,195,158,199,189,180,194,177,
198,182,196,172,118,155,165,171,134,170,189,145,187,166,129,188,183,146,154,191,163,162,173,147,184,169,175,174,185,156,167,194,157,164,149,122,
110,167,165,183,174,164,138,185,135,182,172,141,188,178,175,171,187,170,160,197,159,196,153,190,176,161,198,184,186,181,144,191,192,179,168,195,158,199,193,189,180,194,177,115,
150,151,152,132,137,148,113,136,131,
169,173,163,149,183,166,188,187,143,155,162,125,142,133,
183,167,174,165,138,135,172,141,178,175,171,188,187,170,160,197,159,196,153,190,182,176,185,161,198,184,186,181,144,192,179,168,191,195,158,199,193,189,180,194,177,
190,180,112,194,193,178,199,160,165,171,170,129,189,145,172,196,182,197,156,187,146,166,188,147,183,154,163,162,191,173,169,175,184,174,185,167,126,164,157,198,149,139,
175,194,177,180,189,193,178,141,172,158,195,191,120,199,168,179,186,192,198,161,185,176,182,184,153,190,196,159,187,188,181,144,197,160,170,171,138,
167,165,183,174,164,138,135,172,141,178,175,171,188,187,170,160,197,159,196,153,190,182,176,185,161,198,184,186,181,144,192,179,168,191,195,158,199,193,189,180,194,177,
137,152,151,150,136,131,148,
193,178,199,160,165,171,170,189,145,172,196,182,197,187,166,129,188,183,154,163,162,191,173,147,169,146,175,184,174,185,156,167,194,164,157,149,198,139,
150,151,152,132,137,148,136,
147,133,122,174,164,167,194,157,185,156,173,128,187,188,191,162,149,184,155,166,183,134,163,169,175,146,
167,165,183,174,164,138,135,172,141,178,175,171,188,187,170,160,197,159,196,153,190,182,176,185,161,198,184,186,181,144,192,179,168,191,195,158,199,193,189,180,194,177,
159,177,179,192,181,186,121,164,123,166,163,147,190,188,145,160,199,156,178,180,139,182,193,195,154,197,187,185,157,198,175,173,130,184,183,140,165,194,171,170,189,191,174,172,167,196,169,168,
148,
165,171,170,189,145,155,187,166,129,188,183,154,163,134,162,191,173,147,169,146,175,184,174,185,156,167,194,164,157,149,
164,183,157,173,167,174,154,165,140,135,172,141,178,175,171,188,187,170,160,197,159,196,153,190,182,176,185,161,198,184,186,181,144,192,179,168,191,195,158,199,193,189,180,194,177,
177,194,180,189,193,178,172,158,195,191,199,168,179,186,192,198,161,185,176,182,184,153,190,196,159,187,188,181,144,197,160,170,171,138,
123,164,163,147,188,160,199,178,180,139,193,190,195,154,187,156,197,185,157,198,175,173,184,183,165,194,171,170,166,189,191,174,145,172,167,196,182,169,140,168,
174,164,167,194,157,185,156,173,187,188,191,162,149,184,155,166,183,134,163,169,175,146,
163,147,160,199,178,180,193,190,195,187,164,156,185,157,175,173,184,183,154,188,165,194,171,170,166,189,191,174,145,172,167,196,182,169,198,139,197,140,
151,152,150,148,
143,155,162,142,
193,178,199,160,147,163,162,146,197,139,198,169,182,196,167,172,145,174,191,189,166,170,171,194,165,188,154,183,184,173,175,157,185,156,164,187,
130,171,186,181,140,192,179,177,168,195,154,190,193,180,165,172,189,170,196,159,182,178,198,157,199,188,191,174,184,167,173,175,194,197,160,183,185,164,187,169,
169,173,163,183,166,155,149,162,188,187,133,
166,188,183,154,163,162,191,173,147,169,187,146,175,184,174,185,156,167,194,164,157,149,
186,181,192,179,177,168,140,195,190,193,180,165,171,172,189,170,196,159,182,178,198,199,188,154,191,174,184,167,173,175,157,194,197,160,183,185,164,187,
151,152,150,148,
148,
187,188,155,166,183,163,162,173,169,149,
187,188,155,166,183,163,162,173,169,149,
141,178,175,171,188,187,170,160,197,159,196,153,190,182,176,185,161,198,184,186,181,144,192,179,168,191,195,158,172,199,193,189,180,194,177,
148,
152,151,148,
171,170,160,144,188,187,159,190,153,184,182,176,185,161,192,186,181,179,168,199,197,191,195,172,178,193,189,158,198,180,196,194,177,
198,197,182,196,172,145,191,189,166,170,169,171,194,188,165,154,174,184,167,173,175,157,183,185,164,187,156,
195,190,193,180,165,171,172,189,170,196,182,178,198,199,188,154,191,174,184,167,173,175,157,194,197,160,183,185,164,187,
175,171,188,187,170,160,159,153,182,176,185,161,190,184,186,181,192,179,168,197,191,195,172,178,199,193,189,198,180,196,194,177,158,
155,143,

188,187,159,153,182,176,185,161,190,184,186,181,192,179,168,197,191,195,172,178,199,193,189,198,180,196,194,177,158,
189,170,169,166,171,188,154,191,174,184,167,173,175,157,194,183,185,164,187,165,
187,169,173,162,163,183,188,166,
191,184,174,185,167,194,175,156,164,187,188,166,183,173,169,157,

169,173,162,163,183,166,
152,


176,185,161,184,186,181,192,179,168,191,195,172,178,190,199,182,193,189,198,197,180,196,194,177,
191,184,173,157,175,194,183,167,185,174,188,164,187,

187,188,166,183,173,169,
175,194,167,164,185,174,188,183,187,
189,191,180,179,177,176,194,181,192,186,199,197,196,198,195,193,190,
184,185,168,195,178,190,199,182,193,189,172,198,197,180,196,191,194,
199,197,198,178,182,196,170,189,187,185,172,184,188,191,194,171,
184,186,181,192,179,168,195,178,190,199,182,193,189,198,197,180,196,191,194,177,

183,
185,174,188,183,187,
191,188,184,171,194,185,174,187,175,
183,173,
194,183,185,174,188,187,175,
195,190,199,193,178,189,198,197,196,182,191,180,194,
183,173,
189,187,185,194,184,188,191,171,
191,188,184,194,185,187,
196,185,184,182,191,194,189,
183,
188,187,
188,187,185,
194,181,192,186,197,196,199,198,195,193,190,
179,192,194,181,186,199,197,196,198,195,193,190,
198,197,196,182,191,194,189,
194,186,197,196,192,199,198,195,193,190,
191,193,199,198,197,196,189,194,190,
186,197,196,192,199,198,195,193,190,
191,194,189,

194,

196,192,199,198,197,195,193,
188,

194,
196,197,198,199,193,
194,
198,197,199,195,
199,198,197,196,

199,197,




Past links sets, 


0,1,
0,1,
2,3,

4,
5,6,
5,6,
8,
7,8,




13,

11,
5,6,
9,10,
15,17,
14,1,12,11,5,
12,20,
12,20,
13,16,

9,18,14,12,11,

7,9,18,
9,10,18,
14,22,23,
14,22,23,
9,10,18,
27,

12,20,24,
30,16,31,
16,25,
24,30,31,
38,
25,33,

34,
15,24,37,
16,25,33,
7,21,17,26,15,
5,1,36,39,
22,35,
35,
24,20,25,
40,44,
42,
17,27,43,
9,18,21,36,
13,21,32,29,17,28,26,
21,2,46,35,3,
41,
14,47,23,48,
51,
35,46,
7,26,39,53,
4,55,
28,45,30,32,29,
34,50,
9,18,55,
53,55,
27,41,58,
40,42,
37,63,
41,51,

50,15,37,34,24,
11,43,50,

37,63,
69,

28,46,45,60,
21,49,57,59,37,
73,
34,56,
42,50,
1,36,57,52,5,49,39,
23,33,52,14,47,49,48,
66,69,
66,67,
50,58,67,
64,65,32,77,
42,80,
29,65,32,77,
6,61,43,78,
27,90,
56,66,75,
25,57,59,65,60,64,61,
58,75,80,
62,54,64,89,
67,75,84,
12,72,52,49,71,68,
68,81,71,74,17,72,
43,58,67,81,71,74,68,
72,83,
57,72,38,83,
70,56,76,79,
13,68,86,81,85,74,
76,79,70,80,
78,93,
48,74,47,97,
102,
84,85,86,
70,56,76,79,
42,104,
7,26,91,65,64,52,
108,
43,45,105,
41,86,98,99,
42,104,
92,94,96,
47,48,59,89,87,62,61,
71,103,
70,88,73,76,75,
102,109,
44,85,116,
20,52,103,114,
121,
7,26,64,91,83,82,65,
30,106,100,57,31,42,
92,96,108,
67,76,94,84,70,92,88,
47,97,66,114,48,
72,118,112,99,75,
73,116,127,
33,105,111,45,82,
52,62,113,91,89,87,
106,128,
22,122,97,118,48,
58,119,115,110,107,
33,82,113,111,89,87,
33,113,111,87,82,
75,120,115,88,110,107,
63,37,70,81,126,88,123,112,
86,119,123,130,
66,94,109,135,
5,36,39,51,125,101,98,67,
1,58,142,
66,94,135,138,
139,11,99,118,76,
35,129,126,122,97,
88,52,129,70,114,126,123,
50,117,124,137,132,136,54,131,
92,134,23,133,129,96,
71,77,100,32,131,101,124,113,
29,34,100,137,131,101,124,
29,63,137,150,
33,144,84,141,92,
79,129,140,145,
133,134,142,
49,139,122,147,
122,147,154,
141,144,
44,144,141,130,85,
112,141,126,140,138,
67,153,
125,146,149,
149,14,146,123,88,
49,110,115,157,
72,145,107,140,115,110,
145,149,146,156,
157,107,49,115,110,
159,121,161,
146,127,149,156,145,
145,160,
165,170,
24,103,160,159,139,153,
166,154,169,
164,165,167,
141,165,167,
67,153,158,
130,158,161,
160,168,
44,85,177,
140,108,158,168,
85,176,177,
71,172,178,
164,167,163,173,
122,147,171,172,161,154,
164,171,172,175,
179,181,
23,133,144,146,175,174,171,134,156,
187,
170,180,72,182,
179,180,181,
122,147,180,182,171,154,
186,
112,126,186,190,
176,191,167,189,184,179,
140,168,192,
172,178,193,
74,195,193,178,139,
103,193,178,192,139,
193,160,195,
Future links sets, 
3,2,
143,82,3,21,2,46,
55,4,
55,4,
61,6,
82,46,8,7,18,142,21,
90,18,8,7,
124,10,111,45,60,28,
10,9,
64,53,32,19,29,26,28,
32,29,19,
145,17,72,21,26,
97,35,21,26,22,23,
103,54,24,15,
83,57,21,26,163,31,30,
71,43,45,20,
37,36,44,24,
20,45,52,98,54,
64,53,26,28,29,32,

22,122,23,35,49,
78,45,55,53,54,
134,47,31,30,
187,30,31,57,149,83,
172,35,43,71,38,49,
37,40,44,93,49,
124,60,54,45,111,
91,66,52,33,
77,62,54,
152,54,89,62,151,
125,62,38,36,
125,38,36,
89,150,62,54,87,
137,136,40,44,83,153,131,
42,151,63,71,80,
146,47,55,48,59,
142,82,53,46,
139,78,43,68,71,74,
101,39,
142,82,60,46,
67,50,
114,69,66,56,
115,51,125,81,67,110,88,
113,52,72,90,99,
179,159,121,50,
131,113,77,62,
77,59,55,
57,83,128,117,106,
134,57,83,128,117,106,
164,167,156,78,83,82,97,
86,63,148,71,81,72,
142,69,58,
147,132,82,97,83,122,111,
65,60,
148,95,
65,64,61,
109,102,92,80,
125,78,93,82,101,
135,86,94,143,66,99,
117,93,78,
93,77,
117,93,90,
132,117,95,
152,139,74,68,
124,87,93,95,111,
124,87,93,89,111,
144,141,85,92,84,128,
161,142,127,86,85,96,176,99,
99,103,98,97,
84,75,
147,139,127,102,104,109,119,
182,150,97,98,118,99,
165,129,97,98,100,189,101,
130,119,79,
197,98,103,99,106,
92,138,94,119,129,96,
145,127,102,104,109,119,
150,89,87,
105,90,
154,109,104,102,
104,94,88,
139,99,103,98,
137,136,131,124,
124,101,100,
127,153,108,96,
179,103,108,121,181,159,
140,114,108,103,
136,137,132,117,
147,163,119,139,127,138,
136,132,117,95,
91,
132,124,111,
153,126,116,127,149,
105,
144,127,141,116,

149,126,116,
134,128,146,106,
142,114,
145,129,114,
151,150,125,
151,150,142,
120,107,
172,122,198,118,
115,110,
131,113,
133,125,
167,138,165,135,
180,126,112,
141,120,
167,135,165,138,164,
137,136,131,
193,160,139,129,
150,136,137,132,
128,147,122,
167,135,165,138,164,
130,121,
148,
145,134,129,
140,135,
138,
168,123,
191,184,134,156,146,157,
163,147,140,139,
151,150,148,
162,142,
139,146,147,193,160,
169,130,
133,
154,149,147,146,
177,159,140,
151,150,148,
148,
187,155,149,
187,155,149,
144,141,
148,
152,151,148,
160,144,
198,145,156,172,197,
195,160,154,165,180,
175,153,158,159,160,
155,143,

187,159,158,153,
170,169,154,165,166,
187,162,163,166,169,
184,157,191,156,

169,166,163,162,
152,


172,176,161,
191,184,173,157,

187,169,166,
167,164,
180,177,176,
172,168,
199,178,172,170,
184,177,168,

183,
185,183,174,
175,174,171,
173,
183,175,194,174,
195,180,178,
173,
189,171,
191,187,185,184,
196,185,184,182,
183,
187,
187,185,
194,181,
181,179,
198,196,197,182,
194,190,186,
191,190,189,
190,186,
191,189,

194,

193,192,
188,

194,
193,
194,
198,195,
199,198,197,196,

199,197,




Coordinates,
3.5352,1.98763,
3.10718,2.05763,
1.43163,1.82246,
3.45281,1.9339,
1.36749,1.7568,
3.40818,2.09243,
1.01862,1.68706,
0.356379,1.31038,
1.25137,1.53599,
1.24209,1.49104,
0.0782814,0.568558,
0.856484,3.04952,
2.08265,2.65076,
0.666561,3.3977,
3.16842,2.40169,
0.970056,3.33059,
0.0390902,4.14575,
1.56636,3.03819,
3.53935,1.59986,
0.434438,0.0570059,
1.90315,3.0464,
7.39295,2.07433,
2.95086,2.74139,
3.36358,2.63361,
1.44854,3.65537,
0.526424,4.95656,
3.61034,1.36699,
0.309722,5.3793,
2.45163,0.805746,
2.03856,0.487583,
4.49552,2.44307,
4.52182,2.45814,
2.21207,0.545137,
0.741007,5.30797,
0.0238443,6.81162,
3.42526,3.00268,
5.72462,2.34302,
2.08469,4.17829,
5.31045,2.45033,
5.71962,2.38187,
1.35156,5.41926,
0.197524,8.10725,
0.734021,7.00079,
2.62696,3.96303,
1.80123,5.11572,
3.80504,0.843413,
7.24099,2.21428,
4.13939,3.0134,
3.95945,3.11364,
3.39652,3.52395,
2.24489,4.92174,
1.28952,7.02002,
3.49867,3.73704,
5.76174,1.42732,
3.39419,0.114753,
7.74679,1.76922,
1.00754,8.71784,
5.46674,2.74885,
1.7796,6.73333,
8.31393,2.18599,
5.42455,1.15524,
7.72041,1.73142,
3.99789,0.186648,
3.17244,4.81313,
6.57516,1.47637,
6.25061,1.37551,
2.24379,6.66351,
2.52274,6.069,
3.33589,4.79344,
2.01043,7.50141,
1.48454,9.27462,
3.57435,4.56005,
3.95438,4.20685,
1.4039,9.91723,
3.50581,4.93279,
2.23708,7.53865,
1.66822,9.46423,
5.15358,0.69018,
9.81805,2.12799,
1.63053,9.81377,
2.19918,8.27556,
3.67211,5.15114,
7.6642,2.43186,
5.94324,3.03656,
3.00054,6.83727,
3.31864,6.1423,
3.59704,5.67958,
5.45504,0.516428,
2.77726,8.17745,
5.35889,0.294364,
8.52648,1.64706,
8.41552,1.60907,
3.2985,7.11075,
6.7885,1.06937,
3.23679,7.51696,
5.37438,0.0857456,
3.63171,6.59544,
5.42901,3.87286,
4.93874,4.55665,
4.61797,5.03878,
6.61561,3.1196,
7.26249,2.84281,
2.86952,9.60777,
4.52956,5.41727,
3.17664,8.82328,
6.74759,0.853567,
5.97731,3.73331,
3.06172,9.46605,
4.42397,5.87687,
3.00074,9.96582,
3.40442,8.72594,
7.64392,1.18898,
4.54274,5.8261,
6.92356,0.828231,
5.28652,4.69034,
3.46433,8.78762,
4.1482,6.87547,
6.1119,0.164341,
4.95433,5.27811,
3.68473,8.19378,
3.36045,9.9151,
4.66563,6.56588,
5.67611,4.75537,
4.74119,6.57183,
8.41075,1.25525,
7.51587,3.17509,
4.99603,6.16644,
4.60112,7.33737,
6.56941,4.03953,
5.85342,5.13557,
4.85631,7.30029,
7.90475,0.841092,
7.024,0.166835,
6.92455,3.95894,
6.71428,4.26136,
4.57167,8.72016,
7.29566,0.254988,
7.60963,0.49821,
4.60902,8.97434,
5.7063,6.36171,
5.49671,6.87184,
4.9201,8.53095,
8.87774,2.91123,
9.28593,2.80678,
5.13926,8.70417,
6.5148,5.91946,
7.25993,4.77585,
6.78054,5.55442,
8.18776,0.105081,
7.88493,4.23497,
8.75353,0.543783,
8.63434,0.357631,
8.72067,0.415687,
5.83744,8.84326,
7.02385,5.87105,
9.75149,3.04979,
7.62619,5.1232,
7.35038,5.7593,
6.05524,9.41217,
6.51578,7.99809,
6.78656,7.33865,
6.35035,8.65294,
9.13984,3.79641,
8.6693,4.34027,
7.78838,5.72385,
7.65725,6.41075,
8.81195,4.5441,
7.91795,6.06095,
7.06547,8.29222,
8.81657,4.65053,
7.77466,6.67564,
7.98028,6.58384,
7.67294,7.46602,
9.15339,4.64322,
8.38125,5.92447,
8.27934,6.1713,
7.1745,9.43951,
7.34808,9.10171,
7.79372,8.03286,
7.54976,9.06656,
7.94452,8.38439,
7.68242,9.33555,
8.35422,7.65109,
9.76268,4.94294,
8.8978,6.83364,
9.15527,6.49539,
8.26867,9.47846,
9.82021,5.5662,
9.97286,5.49375,
9.24272,7.61252,
8.85457,9.01685,
9.54439,7.29802,
8.83664,9.87337,
9.07313,9.08256,
9.89629,7.44906,
9.23147,9.61799,
9.59358,8.86222,
9.72242,9.29909,
9.79195,9.14504,
9.89382,9.67189,
