Storage option,sets
Size,100
Dimension,2
Shape,cube
Spacetime,BlackHole
Past sets, 

















10,12,
6,
2,

2,

11,

7,

7,

24,
22,
2,21,

5,7,27,

3,12,10,17,6,18,
2,19,
5,9,7,27,
34,
7,25,
2,32,

6,12,10,17,
18,6,17,10,12,3,35,

8,16,
3,6,
7,25,
19,21,2,31,
2,32,
19,21,2,31,
10,12,26,
31,2,21,19,48,
12,10,17,26,
3,6,18,
41,
44,
26,
26,10,12,51,
34,38,
34,44,56,
34,44,56,
21,31,32,19,2,36,
35,42,3,12,10,6,18,17,43,

35,3,12,10,6,18,17,43,
26,18,35,17,10,12,6,3,42,
17,26,10,12,51,
17,51,12,10,26,58,
44,41,55,
64,
26,18,35,17,10,12,6,3,42,
21,34,40,19,32,2,36,49,
55,41,44,69,


18,6,42,26,17,10,51,12,53,

41,56,44,60,34,61,
64,70,
18,6,42,26,17,10,51,12,53,
69,44,41,55,73,
69,44,41,55,73,
10,12,26,57,
41,56,44,60,34,61,
26,70,64,79,
73,41,44,69,55,81,
26,70,64,79,


75,
26,64,57,70,
55,41,44,69,
75,90,
10,26,57,12,64,
85,79,64,57,70,26,87,
77,
77,

44,41,55,
Future sets, 


40,31,21,49,36,62,72,48,52,50,19,
54,46,43,65,63,66,71,35,

37,33,
46,42,35,71,66,63,76,65,43,54,80,18,
33,37,27,39,47,25,
45,
37,
83,58,17,43,67,51,80,68,94,65,76,63,53,66,42,71,35,
23,
83,58,17,43,67,51,80,68,94,65,76,63,53,66,42,71,35,



45,
67,80,68,42,43,65,76,63,53,66,71,35,
80,54,43,65,76,63,66,71,35,
50,52,48,72,62,36,

72,48,52,50,62,31,
30,

29,
47,39,
85,71,76,51,80,67,68,94,87,58,53,57,83,66,95,91,
37,33,



62,50,52,48,
62,49,72,40,

61,78,84,60,72,59,38,
71,66,63,65,43,
72,62,

59,

72,
84,78,69,82,92,86,73,99,81,55,
80,71,66,76,63,
65,63,
81,92,99,73,86,60,84,78,61,82,69,56,



52,
72,

76,80,67,68,58,

80,76,

99,73,86,81,92,82,69,
61,78,84,60,
95,94,91,83,
68,

84,78,
84,78,


94,79,87,95,85,91,70,




92,81,82,86,73,
91,85,95,87,79,


82,86,81,

93,90,

97,96,

87,95,85,

86,



95,

95,


93,









Past links sets, 

















10,12,
6,
2,

2,

11,

7,

7,

24,
22,
21,

5,27,

3,17,18,
19,
5,9,27,
34,
25,
2,32,

6,17,
35,

8,16,
3,6,
25,
19,31,
2,32,
19,31,
10,12,26,
48,
17,26,
3,18,
41,
44,
26,
51,
38,
34,56,
34,56,
31,32,36,
42,43,

43,
26,35,42,
17,51,
17,58,
44,55,
64,
26,35,42,
21,34,40,36,49,
69,


18,42,51,53,

41,60,61,
70,
18,42,51,53,
73,
73,
10,12,57,
41,60,61,
26,79,
81,
26,79,


75,
57,70,
69,
90,
10,57,12,64,
57,85,87,
77,
77,

44,55,
Future links sets, 


49,40,21,19,
54,46,35,

37,33,
46,42,18,
27,25,
45,
37,
94,83,51,17,
23,
94,83,51,17,



45,
67,53,68,42,35,
76,80,54,35,
50,48,36,

72,31,
30,

29,
47,39,
87,85,71,57,66,53,51,
37,33,



62,50,48,
62,49,40,

72,61,60,38,
71,66,43,
72,62,

59,

72,
84,78,55,
80,71,66,76,63,
65,63,
99,69,56,



52,
72,

76,80,67,58,

80,76,

99,69,
61,60,
95,94,91,83,
68,

84,78,
84,78,


94,70,




92,73,
91,79,


82,81,

90,

97,96,

87,85,

86,



95,

95,


93,









0.0152457,0.57537,
0.0398183,-0.430142,
0.0833857,2.03248,
0.12019,-2.09566,
0.146361,0.401626,
0.186113,-1.18161,
0.191155,-2.15524,
0.198768,-1.33766,
0.253183,1.15667,
0.26945,-1.084,
0.331491,-2.42237,
0.383019,-0.897682,
0.400183,-2.40673,
0.446287,0.791931,
0.532457,0.491106,
0.590942,-0.654502,
0.64679,1.04078,
0.654568,-2.15324,
0.684493,-1.93465,
0.702806,1.76384,
0.727062,0.396193,
0.730636,1.6249,
0.756904,-1.18274,
0.791849,-0.534905,
0.830227,-1.21934,
0.970056,-0.888188,
0.985978,-2.42039,
1.01912,-0.663175,
1.03413,1.02004,
1.06729,-1.08106,
1.09068,-0.957399,
1.11571,1.30144,
1.2072,1.68171,
1.29629,-0.397088,
1.31297,1.84421,
1.39156,-1.54685,
1.49336,1.28281,
1.56462,-0.121751,
1.56838,1.66665,
1.57206,-0.355006,
1.58914,1.39694,
1.65047,2.30522,
1.68157,-1.58022,
1.68296,-1.30557,
1.72184,2.13797,
1.7501,0.0683714,
1.76645,-0.735229,
1.80811,-0.0758764,
1.85476,0.714459,
1.86048,1.27364,
2.14362,0.504516,
2.1518,-1.76813,
2.19138,0.381771,
2.26348,-1.36256,
2.30665,-0.342766,
2.39813,2.05226,
2.43129,1.47144,
2.51855,-1.87927,
2.65547,-1.53732,
2.69854,1.07197,
2.71311,1.21278,
2.73932,1.16436,
2.74625,0.193863,
2.77602,-0.511589,
2.79737,-2.19333,
2.92354,-0.239732,
2.98951,-0.570175,
3.04719,-1.0891,
3.07684,-1.17307,
3.10265,1.52603,
3.11308,-2.05288,
3.12534,-0.485689,
3.20731,0.0127533,
3.38028,1.27124,
3.43355,-2.20891,
3.46498,-2.33944,
3.50622,-0.42149,
3.51868,2.11693,
3.69741,0.459982,
3.89095,-1.4926,
3.96748,-0.057823,
4.0055,0.901724,
4.09095,0.655445,
4.10728,-0.868143,
4.11967,0.108583,
4.19308,-1.24495,
4.21309,0.735429,
4.27639,-1.16051,
4.35882,-2.42346,
4.39205,-2.28229,
4.5091,-2.01074,
4.5384,-0.843441,
4.59567,0.0422848,
4.65722,-1.93387,
4.69368,-0.461412,
4.71847,-0.743584,
4.76919,1.10315,
4.76968,1.25838,
4.83168,2.41769,
4.9964,0.583,
r_S4
NLambdas_Sized_0,46
Lambda0
1,
Lambda1
4,
Lambda2
13,
Lambda3
14,
Lambda4
15,
Lambda5
20,
Lambda6
23,
Lambda7
28,
Lambda8
29,
Lambda9
30,
Lambda10
33,
Lambda11
37,
Lambda12
39,
Lambda13
45,
Lambda14
46,
Lambda15
47,
Lambda16
50,
Lambda17
52,
Lambda18
54,
Lambda19
59,
Lambda20
62,
Lambda21
63,
Lambda22
65,
Lambda23
66,
Lambda24
67,
Lambda25
68,
Lambda26
71,
Lambda27
72,
Lambda28
74,
Lambda29
76,
Lambda30
78,
Lambda31
80,
Lambda32
82,
Lambda33
83,
Lambda34
84,
Lambda35
86,
Lambda36
88,
Lambda37
89,
Lambda38
91,
Lambda39
92,
Lambda40
93,
Lambda41
94,
Lambda42
95,
Lambda43
96,
Lambda44
97,
Lambda45
99,
