Storage option,sets
Size,100
Dimension,3
Shape,cylinder
Spacetime,BlackHole
Past sets, 






















1,

6,










16,






11,


16,35,

4,

11,
5,


1,
0,14,
5,

19,21,


6,24,


17,


32,
44,


2,
30,
1,22,


17,
7,
0,4,
16,35,56,
4,13,
0,4,
12,
3,5,46,
12,61,74,
0,40,

27,
0,40,
0,40,
2,3,8,
34,37,
1,

10,30,
11,
20,30,5,31,
2,8,
32,51,

0,4,14,
Future sets, 
99,88,87,84,77,80,54,
91,53,72,22,
89,96,70,
89,82,
80,79,77,99,47,
95,82,55,50,
60,24,
76,
96,89,

93,
49,94,42,
83,81,
79,
99,54,

45,78,35,
75,63,

57,
95,
57,
72,

60,


86,


95,93,71,
95,
97,66,

90,
78,45,

90,


88,87,84,



67,

82,




97,




78,




83,












83,

























Past links sets, 






















1,

6,










16,






11,


35,

4,

11,
5,


1,
0,14,
5,

19,21,


24,


17,


32,
44,


2,
30,
22,


17,
7,
0,4,
35,56,
4,13,
0,4,
12,
3,5,46,
12,61,74,
0,40,

27,
0,40,
0,40,
2,3,8,
34,37,
1,

10,30,
11,
20,30,5,31,
2,8,
32,51,

0,4,14,
Future links sets, 
99,88,87,84,77,80,54,
91,53,22,
89,96,70,
89,82,
80,79,77,99,47,
95,82,55,50,
24,
76,
96,89,

93,
49,94,42,
83,81,
79,
99,54,

35,
75,63,

57,
95,
57,
72,

60,


86,


95,93,71,
95,
97,66,

90,
78,45,

90,


88,87,84,



67,

82,




97,




78,




83,












83,

























Coordinates
-3.95381,2.82729,4.95081
-3.84754,3.73615,5.84871
-3.70918,3.92814,2.24914
-3.68378,3.13721,2.1196
-3.68121,2.08921,4.72537
-3.54377,2.41289,3.21873
-3.53393,2.41714,5.72088
-3.50683,2.85799,1.32896
-3.37292,3.28523,2.1932
-3.33616,1.39797,0.834392
-3.32884,3.83764,3.61861
-3.3146,3.79851,3.06288
-3.30267,1.81405,0.0942088
-3.29632,1.48223,4.23852
-3.27249,2.17914,5.00749
-3.22166,0.846824,6.11149
-3.20242,3.88762,1.70962
-3.20027,3.9941,5.53338
-3.19672,1.3177,3.92724
-3.15043,3.15812,1.81978
-3.1378,3.30705,3.49394
-3.09799,3.33002,1.82257
-3.06828,3.23116,5.76139
-3.04847,1.0071,3.71258
-3.04423,2.41932,5.69006
-3.00164,3.7965,4.94023
-2.91911,3.09814,4.26956
-2.84986,2.71667,3.08023
-2.84469,2.00404,1.86182
-2.83484,1.97512,1.43492
-2.78446,3.61024,3.39988
-2.75874,3.35532,3.4999
-2.75562,3.28808,0.318954
-2.7528,3.0877,4.28069
-2.69248,3.87308,4.34747
-2.68995,3.66937,1.60203
-2.63069,1.27495,5.55249
-2.62558,3.95558,4.29085
-2.61462,2.04918,1.77236
-2.51455,3.27027,4.41965
-2.50128,3.22419,4.72689
-2.31233,2.45615,3.92377
-2.26947,3.66092,2.94276
-2.17705,1.13559,2.13285
-2.15549,2.49562,0.617941
-2.0977,3.75927,1.55785
-1.99039,1.71257,2.62779
-1.98415,0.663548,4.64799
-1.8119,3.45302,6.01381
-1.74799,3.93963,3.01717
-1.65083,1.76027,2.65013
-1.58883,3.97774,0.556225
-1.58667,3.25251,1.12017
-1.53781,2.1975,5.77804
-1.52986,1.32616,4.79338
-1.52743,1.65044,3.08108
-1.52048,3.81655,1.32499
-1.48764,2.15045,1.80966
-1.44228,3.95466,3.99212
-1.32733,2.25194,3.94515
-1.327,1.7174,5.46128
-1.32612,1.11494,0.202476
-1.26566,3.33259,4.43158
-1.25682,3.5794,5.23831
-1.25087,0.830554,2.22403
-1.2477,3.53335,0.513723
-1.24604,3.41625,0.134141
-1.22252,1.66425,0.447256
-1.20738,3.15744,0.903058
-1.20017,2.33325,3.95099
-1.19298,3.86629,1.97917
-1.18901,3.65879,3.15516
-1.16039,3.16574,5.68333
-1.13664,1.99962,3.23829
-1.10825,0.956733,0.207259
-1.06514,3.64924,5.10187
-1.05444,1.98281,1.0715
-1.00236,1.70938,4.07954
-0.80327,3.52141,1.22622
-0.796794,0.510317,3.33495
-0.765673,1.24865,4.05747
-0.739428,0.784185,6.0467
-0.694501,1.02505,2.09391
-0.686879,0.673213,6.23226
-0.582629,2.79906,4.60632
-0.550513,2.07721,0.0560407
-0.543258,2.59859,2.61232
-0.512641,2.91447,4.54265
-0.457003,2.93814,4.493
-0.437224,3.64859,1.9899
-0.360188,3.93384,4.08464
-0.346847,2.7195,5.7753
-0.305448,2.11562,6.12382
-0.295034,3.96133,3.16998
-0.220247,3.96002,2.64339
-0.218406,2.61608,3.21196
-0.146216,3.95447,2.15313
-0.13071,3.38195,0.270219
-0.12434,1.87267,5.98536
-0.02374,1.24429,4.49714
r_S,2
NLambdas_Sized_1,3
Lambda0,9,
Lambda1,15,
Lambda2,18,
Lambda3,23,
Lambda4,29,
Lambda5,36,
Lambda6,43,
Lambda7,47,
Lambda8,50,
Lambda9,54,
Lambda10,55,
Lambda11,60,24
Lambda12,64,
Lambda13,67,44
Lambda14,73,
Lambda15,76,7
Lambda16,77,
Lambda17,79,
Lambda18,80,
Lambda19,81,
Lambda20,82,
Lambda21,83,
Lambda22,98,
Lambda23,99,