Storage option,sets
Size,50
Dimension,2
Shape,cube
Spacetime,BlackHole
Past sets, 









4,
1,2,3,5,
6,
1,2,3,8,
1,3,8,
7,
2,5,1,6,
7,6,11,
5,2,1,3,10,

5,2,13,3,8,12,1,
3,6,5,2,1,15,
0,7,4,9,
6,8,17,3,10,5,2,1,
6,11,7,14,
8,3,12,1,18,2,13,
5,2,13,3,8,12,1,
18,1,12,3,8,13,2,24,
8,10,20,3,6,17,5,2,1,15,
5,18,12,26,3,8,13,25,2,1,24,
7,20,3,6,5,2,1,15,11,10,
8,3,1,18,13,

5,18,12,26,3,8,13,25,2,1,24,
6,10,19,8,5,2,13,3,12,1,17,
8,16,29,3,7,20,6,5,2,15,1,11,10,17,
1,3,8,18,

12,13,15,22,6,17,8,3,10,5,2,1,20,
31,
31,
0,4,9,1,5,2,15,16,23,6,11,7,14,
14,29,3,16,7,20,6,5,2,15,1,11,10,
7,11,12,13,27,1,8,10,20,3,6,17,5,2,15,22,
16,7,11,12,13,27,8,42,1,20,10,29,3,22,6,17,5,2,15,
22,25,24,18,26,33,6,19,10,8,5,2,13,3,12,1,17,
4,9,16,14,0,29,3,7,20,6,5,2,15,1,11,10,23,
11,27,19,37,3,20,12,13,15,22,5,6,17,8,10,2,1,33,
19,34,43,20,16,7,11,12,13,27,8,42,1,10,29,6,3,22,17,5,2,15,37,
22,17,1,12,3,32,13,2,5,8,10,19,6,33,18,26,25,24,28,
2,38,13,36,3,39,12,35,24,1,31,8,30,18,
Future sets, 
45,40,21,
35,20,40,15,30,42,37,48,22,33,47,10,17,34,43,46,29,45,41,27,44,12,49,25,26,28,32,24,19,13,
20,40,42,37,48,22,33,47,10,17,34,43,46,29,45,41,27,44,12,49,25,26,28,32,24,19,15,
35,20,30,42,37,48,22,33,47,10,17,34,43,46,29,45,41,27,44,12,49,25,26,28,32,24,19,13,
21,40,45,9,
28,32,25,19,20,40,15,44,27,41,45,29,46,43,34,17,10,47,33,22,48,37,42,
33,48,22,20,37,27,44,15,42,29,43,16,45,34,47,46,23,11,40,41,
42,29,21,47,34,43,14,41,45,40,23,16,
35,34,27,22,30,13,46,37,42,25,43,26,28,32,12,49,24,19,47,33,48,44,
45,40,21,
41,45,29,43,34,47,33,17,46,22,48,44,37,42,27,
42,16,43,45,34,46,23,47,40,29,41,
37,42,25,43,26,28,32,49,24,19,47,33,48,46,44,
43,44,46,48,33,47,30,19,24,49,32,28,26,25,42,37,
41,40,45,23,
42,29,43,40,27,45,47,34,41,37,46,20,
43,45,34,47,40,41,
34,33,22,44,43,48,37,47,42,46,27,
30,44,32,26,48,28,49,35,24,
47,48,46,33,44,
37,41,34,45,27,43,46,29,47,42,

44,43,48,37,47,42,46,
45,40,
49,28,48,32,44,26,
44,32,48,28,
44,32,48,28,
46,43,47,42,
48,
45,34,47,41,43,
49,
39,49,38,
48,
48,46,44,
47,
49,
49,
47,46,
49,
49,


47,43,
47,






Past links sets, 









4,
1,2,3,5,
6,
1,2,3,8,
1,3,8,
7,
2,5,1,6,
7,11,
10,

5,12,13,
3,15,
0,7,9,
6,8,17,
11,14,
12,13,18,
5,12,13,
24,
8,17,20,
25,26,
7,11,10,20,
13,18,

25,26,
6,17,19,
8,16,17,29,
1,3,8,18,

13,20,12,22,
31,
31,
0,23,16,15,9,
16,14,29,
7,27,11,22,12,13,
16,29,42,
22,25,26,33,
0,29,9,23,16,
11,33,27,37,
19,34,37,43,
22,32,28,33,
30,39,38,36,24,35,
Future links sets, 
45,40,21,
10,15,12,35,13,
12,15,10,
10,20,12,35,13,
9,
19,25,15,10,
33,22,15,11,
42,14,29,16,21,
34,12,22,27,35,13,
45,40,21,
29,17,
46,16,23,29,42,
42,19,24,25,37,
42,37,24,25,19,30,
41,23,
40,20,
45,34,40,41,43,
34,33,27,22,
35,30,24,
47,33,
29,37,27,

48,44,42,37,
45,40,
49,26,
44,32,28,
44,32,28,
46,42,
48,
45,43,41,34,
49,
39,38,
48,
48,46,44,
47,
49,
49,
47,46,
49,
49,


43,
47,






Coordinates,
0.00476886,0.28078,
0.0156563,1.76331,
0.0395049,1.67625,
0.0619443,1.77555,
0.133312,0.407713,
0.148201,1.53145,
0.194011,1.17068,
0.289708,0.790877,
0.35592,1.77956,
0.447416,0.360245,
0.573905,1.45199,
0.6597,0.884794,
0.67209,1.59606,
0.672716,1.7053,
0.685052,0.633685,
0.829639,0.999205,
0.899104,0.70787,
0.905911,1.19546,
0.923594,1.82797,
0.987748,1.46962,
1.03072,0.98402,
1.0573,0.250275,
1.14126,1.09335,
1.16749,0.41653,
1.18865,1.58359,
1.21105,1.52878,
1.25012,1.53459,
1.30296,0.908548,
1.32312,1.47859,
1.34286,0.719408,
1.38471,1.68215,
1.4048,1.90888,
1.4349,1.52193,
1.4525,1.15235,
1.45913,0.692867,
1.50317,1.75071,
1.50995,1.97926,
1.53648,0.920225,
1.55493,1.84629,
1.55874,1.84854,
1.57699,0.257905,
1.65373,0.439835,
1.67084,0.734422,
1.74413,0.699734,
1.77091,1.02785,
1.81463,0.270313,
1.83068,0.799578,
1.85719,0.678838,
1.9503,1.08491,
1.95254,1.58095,
