Storage option,sets
Size,100
Dimension,2
Shape,cube
Spacetime,BlackHole
Past sets, 


0,1,
1,
0,3,1,2,
0,1,3,
2,4,5,0,1,3,
2,5,0,1,3,
4,6,7,0,2,5,1,3,
4,6,7,0,2,5,1,3,
3,1,5,2,0,7,
3,1,5,2,0,7,
8,6,4,9,11,0,3,1,5,2,7,10,
11,0,3,1,5,2,7,10,
4,11,0,3,1,5,2,7,10,
8,6,4,9,11,0,3,1,5,2,7,10,
10,7,2,5,1,3,0,11,9,4,6,8,12,
10,7,2,5,1,3,0,11,9,4,6,8,15,
13,2,11,0,3,1,5,7,10,4,
13,2,11,0,3,1,5,7,10,4,
13,14,12,17,0,10,7,2,5,1,3,11,9,4,6,8,15,16,
4,10,7,5,1,3,11,2,0,13,19,
18,21,4,10,7,5,1,3,11,2,0,13,19,
14,9,6,8,18,5,13,0,2,15,11,3,1,7,10,4,
14,9,6,8,18,5,13,0,2,15,11,3,1,7,10,4,
20,13,14,12,17,0,10,7,2,5,1,3,11,9,4,6,8,15,16,18,
10,7,5,1,3,0,11,2,13,
14,12,17,4,10,7,1,3,11,2,0,13,5,18,9,6,8,15,16,
18,16,15,8,6,4,9,11,3,1,5,7,10,0,17,12,14,13,20,2,25,
23,27,4,14,12,17,10,7,1,24,3,11,2,0,13,5,18,9,6,8,15,16,
25,2,20,13,14,12,17,0,10,7,1,3,11,9,4,6,8,15,16,18,5,28,
19,21,22,24,5,14,9,6,8,18,13,0,2,15,11,3,1,7,10,4,23,
19,21,24,5,14,9,6,8,18,13,0,2,15,11,3,22,1,7,10,4,
28,5,18,16,15,8,6,4,9,11,3,7,10,0,17,12,14,13,20,2,25,1,30,
32,9,19,21,24,1,5,14,6,8,18,13,0,23,2,15,11,3,22,7,10,4,
6,14,19,4,21,18,13,2,11,0,3,26,1,5,7,10,22,
27,28,5,18,16,15,8,6,4,9,11,3,1,7,10,0,17,12,14,13,20,2,25,
28,5,18,16,15,8,6,4,9,11,3,7,10,0,17,12,14,13,20,2,25,1,30,
23,24,20,27,4,14,12,17,10,7,1,3,11,2,25,0,13,5,18,9,6,8,15,16,
23,24,27,28,5,18,16,15,8,6,4,9,11,3,1,7,10,0,17,12,14,13,20,2,25,
31,15,23,8,24,9,32,10,5,1,7,26,22,3,11,13,18,2,21,4,0,19,14,6,35,34,
19,21,22,20,29,0,23,27,4,14,12,17,10,7,1,24,3,11,2,13,5,18,9,6,8,15,16,25,
20,4,10,7,3,11,15,2,23,0,13,18,6,9,14,5,1,24,22,21,19,8,31,29,27,12,17,16,25,
20,16,17,12,27,29,34,5,32,3,9,19,21,24,1,14,6,8,18,13,0,23,2,31,15,11,22,7,10,4,
19,29,33,36,30,37,39,10,23,24,27,28,5,18,16,15,8,6,4,9,38,11,3,1,7,0,17,12,14,13,20,2,25,
26,38,28,39,41,25,43,6,20,16,17,12,27,29,34,5,42,32,3,9,19,21,24,1,14,8,18,13,0,23,2,31,15,11,22,7,10,4,
35,6,14,19,0,4,21,18,13,22,26,7,1,34,5,10,3,32,9,24,8,23,15,2,31,11,40,
9,8,15,35,6,14,19,0,4,21,2,18,13,11,3,22,26,7,1,5,10,
23,15,8,9,24,32,35,6,14,19,0,4,21,2,18,13,11,3,22,26,7,1,5,10,
32,34,36,30,37,38,28,39,41,42,11,20,4,10,7,3,15,2,23,0,31,13,18,6,9,14,5,1,24,22,21,19,8,29,27,12,17,16,25,
21,44,7,19,29,33,36,30,37,0,39,2,10,23,24,27,28,5,18,16,15,8,6,4,9,38,1,11,3,17,12,14,13,20,25,22,
45,4,26,38,28,39,41,0,25,43,2,6,20,16,17,12,27,29,34,5,42,1,32,3,9,19,21,24,14,8,18,13,23,31,15,11,22,7,10,36,
16,17,12,27,46,35,6,14,19,0,4,21,18,13,22,26,7,1,34,5,10,3,32,9,24,8,23,15,2,31,11,40,
33,36,30,37,38,28,39,41,42,11,20,4,10,7,3,15,2,23,0,31,13,18,6,9,14,5,1,24,22,21,19,8,29,27,12,17,16,25,
31,33,36,30,37,38,28,41,10,19,21,22,20,29,0,23,27,4,14,12,17,7,1,24,3,11,2,13,5,18,9,6,8,39,15,16,25,
9,35,6,14,19,0,4,21,2,18,13,11,3,22,26,7,1,5,10,
33,43,49,8,32,34,36,30,37,38,28,39,41,0,42,1,11,20,4,10,7,3,15,2,23,31,13,18,6,9,14,5,24,22,21,19,29,27,12,17,16,25,
14,19,4,21,18,13,2,11,0,3,26,1,5,7,10,22,
20,16,17,12,27,40,11,31,2,15,23,8,24,9,32,3,10,5,34,1,7,26,22,13,18,21,4,0,29,19,14,6,35,
51,8,45,2,4,26,38,28,39,41,0,43,25,6,20,16,17,12,27,29,34,5,42,1,32,3,9,19,21,24,14,18,13,23,31,15,11,22,7,10,36,30,
9,35,6,14,19,0,4,21,2,18,13,11,3,26,22,7,1,5,10,55,8,
20,52,15,16,17,12,27,46,9,35,6,14,19,0,4,21,18,13,22,26,7,1,34,5,10,3,40,32,24,8,23,2,31,11,29,
15,8,55,9,35,6,14,19,4,21,2,18,13,11,3,26,22,7,1,0,47,5,10,
33,36,30,37,38,28,41,10,19,21,22,20,29,0,23,27,4,14,12,17,7,1,24,3,11,2,13,5,18,9,6,8,39,15,16,25,
37,59,12,51,4,8,45,2,49,26,38,28,39,41,0,43,25,6,20,16,17,27,29,34,5,42,1,32,3,9,19,21,24,14,18,13,23,31,15,11,22,7,10,36,30,
8,6,35,9,57,19,0,4,21,2,18,13,11,3,22,26,7,1,5,10,14,55,
26,45,56,9,33,43,49,2,8,32,34,36,30,37,38,28,39,41,0,42,1,11,20,4,51,10,7,3,15,23,31,13,18,6,14,5,24,22,21,19,29,27,12,17,16,25,
20,29,47,52,15,16,17,12,27,46,9,35,6,14,19,0,4,21,18,13,22,26,7,1,34,5,10,3,40,32,24,8,23,2,31,11,48,
35,6,14,19,29,0,4,18,13,22,26,7,1,34,5,10,32,9,24,8,23,15,2,31,11,3,40,27,12,17,16,20,21,58,
37,59,12,51,4,8,45,2,49,26,38,28,39,41,0,43,25,6,20,16,17,27,29,34,5,42,1,32,3,9,19,21,24,14,18,13,23,31,15,11,22,7,10,36,30,
30,51,8,45,2,4,26,38,28,39,41,0,43,25,6,20,16,17,12,27,29,34,5,42,1,32,3,9,19,21,24,14,18,13,23,31,15,11,22,7,10,36,35,
35,59,12,51,4,8,45,2,26,38,28,39,41,0,43,25,6,20,16,17,27,29,34,5,42,1,32,3,9,19,21,24,14,18,13,23,31,15,11,22,7,10,36,30,37,
31,34,32,24,23,48,57,4,15,8,55,26,9,35,6,14,19,21,2,18,47,13,11,62,3,22,7,60,1,0,5,10,
40,46,72,35,31,34,32,24,23,60,48,11,57,4,15,8,55,18,26,9,6,14,19,21,2,47,10,13,62,3,22,7,1,0,5,65,
10,5,1,7,26,22,3,11,13,18,2,21,4,14,0,19,57,
20,29,47,52,15,16,17,12,27,46,9,35,6,14,19,0,4,21,18,13,22,26,7,1,34,5,10,3,40,32,24,8,23,2,31,11,48,
47,48,58,61,24,20,52,15,16,17,12,27,46,9,35,6,14,19,0,4,21,18,13,22,26,7,1,34,5,10,3,40,32,8,23,2,31,11,29,
67,26,20,61,29,47,6,52,11,15,16,17,12,27,46,5,9,35,14,19,0,4,21,18,13,22,7,48,1,34,10,3,40,32,24,8,23,2,31,
32,24,23,48,47,15,7,8,65,6,35,9,57,19,0,4,21,2,18,13,11,62,3,22,26,55,60,1,5,10,14,
67,26,20,61,29,47,6,52,11,15,16,17,12,27,46,5,9,35,14,19,0,4,21,18,13,22,7,48,1,34,10,3,40,32,24,8,23,2,31,
7,8,65,6,35,9,57,19,0,4,21,2,18,13,11,3,22,26,55,60,1,5,10,14,
47,15,7,8,65,6,35,9,57,19,0,4,21,2,18,13,11,62,3,22,26,55,60,1,5,10,14,
9,6,35,74,10,5,1,7,26,22,3,11,13,18,2,21,4,14,0,19,57,
29,48,40,31,23,24,32,34,46,27,12,17,16,10,5,0,1,60,7,22,3,62,11,13,47,18,2,21,19,14,6,35,9,26,55,8,15,4,57,52,
8,6,35,9,74,10,5,1,7,26,22,3,11,13,18,2,21,4,55,14,0,19,57,
19,0,14,4,21,2,18,57,11,22,3,26,7,1,10,5,74,35,6,9,13,82,
65,83,40,29,72,48,5,31,23,24,32,34,46,3,27,12,55,17,60,16,10,0,1,7,22,62,19,11,13,47,4,18,2,21,14,57,6,35,9,52,26,8,15,
60,61,55,62,75,34,20,29,47,6,52,11,15,16,17,12,27,46,5,9,35,14,19,0,4,21,18,13,22,26,67,7,48,1,10,3,40,32,24,8,23,2,31,
16,17,12,73,32,40,46,5,72,31,35,34,24,65,23,60,19,48,7,11,57,4,15,8,55,14,18,26,9,6,47,21,62,2,10,13,3,22,1,0,27,
84,26,55,8,65,6,35,9,74,10,5,60,1,7,22,3,11,13,18,2,21,4,14,0,19,57,82,
22,7,8,65,6,35,9,57,19,0,4,80,21,2,18,13,11,3,26,55,60,1,5,10,14,74,
82,57,19,0,14,4,21,18,13,11,3,22,1,5,10,74,9,35,6,7,65,8,55,26,84,2,60,89,
22,7,8,65,6,35,9,57,19,0,4,80,21,2,18,13,11,3,26,55,60,1,5,10,14,15,74,
74,15,14,10,1,55,26,3,11,13,18,60,2,21,4,0,19,57,9,35,6,8,65,7,80,22,5,92,
89,2,84,85,26,55,8,7,65,6,35,9,74,10,5,60,1,22,3,11,13,18,21,4,14,0,19,57,82,
84,90,92,5,22,7,8,65,6,35,9,57,19,0,4,80,21,2,18,13,11,3,26,55,60,1,10,14,15,74,
17,34,31,72,46,40,73,48,23,24,32,14,10,5,1,60,55,26,22,81,3,62,11,13,2,21,4,0,19,78,57,9,35,6,65,8,7,15,18,47,
95,21,10,18,55,84,5,22,7,8,65,6,35,9,57,19,0,74,4,2,92,13,90,11,82,3,26,60,80,1,14,15,
91,60,15,82,57,26,19,0,14,4,35,21,85,18,80,13,11,3,65,84,1,5,10,9,6,74,7,8,55,2,22,89,90,
90,91,94,1,2,84,89,22,26,57,55,8,65,3,6,35,4,9,7,74,10,5,60,11,80,13,85,18,21,14,0,19,15,82,
Future sets, 
5,2,99,10,13,26,11,4,21,19,22,18,57,74,14,6,89,35,55,82,85,8,91,87,84,65,80,90,12,95,94,15,98,60,24,34,46,73,40,72,31,48,78,17,96,23,32,47,62,81,92,9,97,16,93,20,59,43,56,44,37,66,49,69,64,53,45,51,50,33,70,71,54,25,58,68,61,42,79,77,30,38,28,75,67,27,41,88,52,76,29,36,83,39,86,63,7,
5,3,2,99,10,13,26,11,4,21,19,22,18,57,74,14,6,89,35,55,82,85,8,91,87,84,65,80,90,12,95,94,15,98,60,24,34,46,73,40,72,31,48,78,17,96,23,32,47,62,81,92,9,97,16,93,20,59,43,56,44,37,66,49,69,64,53,45,51,50,33,70,71,54,25,58,68,61,42,79,77,30,38,28,75,67,27,41,88,52,76,29,36,83,39,86,63,7,
10,13,26,11,4,21,19,22,18,57,74,14,6,89,35,55,82,85,8,91,87,84,65,80,90,12,95,94,15,98,60,24,34,46,73,40,72,31,48,78,17,96,23,32,47,62,81,92,9,97,16,99,93,20,59,43,56,44,37,66,49,69,64,53,45,51,50,33,70,71,54,25,58,68,61,42,79,77,30,38,28,75,67,27,41,88,52,76,29,36,83,39,86,63,7,
7,11,26,13,10,4,21,19,22,18,57,74,14,6,89,35,55,82,85,8,91,87,84,65,80,90,12,95,94,15,98,60,24,34,46,73,40,72,31,48,78,17,96,23,32,47,62,81,92,9,97,16,99,93,20,59,43,56,44,37,66,49,69,64,53,45,51,50,33,70,71,54,25,58,68,61,42,79,77,30,38,28,75,67,27,41,88,52,76,29,36,83,39,86,63,5,
21,19,22,18,57,74,14,6,89,35,55,82,85,8,91,87,84,65,80,90,12,95,94,15,98,60,24,34,46,73,40,72,31,48,78,17,96,23,32,47,62,81,92,9,97,16,99,93,20,59,43,56,44,37,66,49,69,64,53,45,51,50,33,70,71,54,25,58,68,61,42,79,77,30,38,28,75,67,27,41,88,52,76,29,36,83,39,86,63,
10,13,26,21,19,18,22,74,57,14,11,63,86,39,83,36,29,76,52,88,41,27,67,75,28,38,30,77,79,42,61,68,58,25,54,71,70,33,50,51,45,53,64,69,49,66,37,44,56,43,59,20,93,99,16,97,9,92,81,62,47,32,23,96,17,78,48,31,72,40,73,46,34,24,60,98,15,94,95,12,90,80,65,84,87,91,8,85,82,55,35,89,6,7,
35,55,82,85,8,87,84,65,80,90,89,91,12,94,15,60,24,34,46,73,40,72,31,48,78,17,96,23,32,47,62,81,92,97,95,16,93,98,99,20,59,43,56,44,37,66,49,69,64,53,45,51,50,33,70,71,54,25,58,68,61,42,79,77,30,38,28,75,67,27,41,88,9,52,76,29,36,83,39,86,63,
11,14,35,57,74,22,18,19,21,26,13,63,86,39,83,36,29,76,52,9,88,41,27,67,75,28,38,30,77,79,42,61,68,58,25,54,71,70,33,50,51,45,53,64,69,49,66,37,44,56,43,59,20,99,98,93,16,95,97,92,81,62,47,32,23,96,17,78,48,31,72,40,73,46,34,24,60,15,94,12,91,89,90,80,65,84,87,8,85,82,55,10,
84,65,80,90,89,91,94,60,24,34,46,73,40,72,31,48,78,17,96,23,32,47,62,81,92,97,95,93,98,99,12,59,43,56,44,37,66,49,69,64,53,45,51,50,87,33,70,71,54,25,58,68,61,42,79,77,30,38,28,75,67,20,27,41,88,52,76,29,36,83,39,86,63,16,15,
85,82,80,90,89,91,94,60,65,84,55,24,34,46,73,40,72,31,48,78,17,96,23,32,47,62,81,92,97,95,93,98,99,12,59,43,56,44,37,66,49,69,64,53,45,51,50,87,33,70,71,54,25,58,68,61,42,79,77,30,38,28,75,67,20,27,41,88,52,76,29,36,83,39,86,63,16,15,
17,15,13,16,63,86,39,83,36,29,76,52,88,41,27,20,67,75,28,38,30,77,79,42,61,68,58,25,54,71,70,33,87,50,51,45,53,64,69,49,66,37,44,56,43,59,12,26,21,19,18,97,24,22,89,74,57,62,81,55,47,84,65,60,94,91,95,90,23,80,93,99,32,92,98,31,82,85,46,73,40,96,72,78,48,34,35,14,
17,15,13,16,63,86,39,83,36,29,76,52,88,41,27,20,67,75,28,38,30,77,79,42,61,68,58,25,54,71,70,33,87,50,51,45,53,64,69,49,66,37,44,56,43,59,12,26,21,19,18,97,24,22,89,74,57,62,81,55,47,84,65,60,94,91,95,90,23,80,93,99,32,92,98,31,82,85,46,73,40,96,72,78,48,34,35,14,
43,56,44,37,66,49,69,64,53,59,45,51,50,87,33,70,71,54,25,58,68,61,42,79,77,30,38,28,75,67,20,27,41,88,52,76,29,36,83,39,86,63,16,
26,20,21,19,18,97,27,33,37,30,36,28,25,24,29,44,38,39,22,89,74,57,50,63,41,62,81,55,47,84,65,60,94,91,95,90,23,80,93,99,32,92,98,31,82,85,76,61,83,46,87,75,52,67,45,73,42,79,58,77,40,53,56,71,86,49,64,69,96,59,70,66,88,51,43,54,72,68,78,48,34,35,
74,57,62,81,55,47,84,65,60,94,91,89,95,90,80,97,93,99,92,98,82,85,35,27,32,24,34,46,52,73,88,40,72,31,96,29,83,86,48,78,43,56,63,44,37,66,49,69,64,53,59,36,45,51,28,50,87,33,70,41,71,54,25,58,39,76,68,61,42,79,77,30,67,38,75,20,23,
99,98,93,95,97,92,81,62,47,32,43,56,63,44,37,66,69,53,59,45,51,50,87,33,23,70,71,54,25,58,68,61,42,79,77,30,38,28,75,67,20,27,41,88,52,76,29,36,83,39,86,49,96,64,17,78,48,31,72,40,73,46,34,24,
86,83,29,52,88,27,20,75,38,67,30,77,79,42,61,68,76,39,58,25,54,71,41,70,33,87,50,28,51,45,36,59,53,64,69,49,66,37,44,63,56,43,
96,86,83,29,52,88,27,20,75,38,67,30,77,79,42,61,68,76,39,58,25,54,71,41,70,33,87,50,28,51,45,36,59,53,64,69,49,66,37,44,63,56,43,
27,33,37,30,36,28,25,24,29,44,38,39,22,89,74,57,50,63,41,62,81,55,47,84,65,60,94,91,95,90,23,80,97,93,99,32,92,98,31,82,85,76,61,83,46,87,75,52,67,45,73,42,79,58,77,40,53,56,71,86,49,64,69,96,59,70,66,88,51,43,54,72,68,78,48,34,35,
21,88,35,34,48,78,68,72,54,43,51,66,70,59,96,69,64,49,86,71,56,53,40,77,58,79,42,73,45,67,52,75,87,46,83,61,76,85,82,31,98,92,32,99,93,97,80,90,95,91,94,60,65,84,47,55,81,62,41,63,50,57,74,89,22,44,
75,67,77,79,61,68,76,58,25,54,42,71,41,70,87,28,51,45,39,36,59,30,53,64,69,49,66,37,44,63,33,56,50,38,43,
35,34,48,78,68,72,54,43,51,88,66,70,59,96,69,64,49,86,71,56,53,40,77,58,79,42,73,45,67,52,75,87,46,83,61,76,85,82,31,98,92,32,99,93,97,80,90,95,91,94,60,65,84,47,55,81,62,41,63,50,57,74,89,22,
74,57,50,63,41,62,81,55,47,84,65,60,94,91,89,95,90,80,97,93,99,92,98,82,85,76,61,83,46,87,75,52,67,45,73,42,79,58,77,40,53,56,71,86,49,64,32,69,96,59,70,66,88,51,43,54,72,68,31,78,48,34,35,
78,48,39,38,51,42,79,59,69,64,66,49,86,70,53,71,54,63,41,43,50,56,87,58,45,76,68,61,77,67,44,75,83,29,96,31,72,40,88,73,52,46,34,
39,38,34,48,78,51,42,79,59,69,64,66,49,86,70,53,71,54,63,41,43,50,56,87,58,45,76,68,61,77,67,44,75,83,29,96,31,72,40,88,73,52,46,32,
42,41,28,51,45,39,36,59,30,53,64,69,49,66,71,54,37,44,63,70,33,56,50,38,
74,57,51,66,59,69,64,35,82,85,71,70,98,92,45,99,52,93,46,97,80,90,95,48,89,91,94,47,60,65,84,88,76,61,83,87,40,75,67,86,73,79,77,58,96,55,68,81,62,72,78,
88,52,39,38,36,29,83,75,44,67,77,61,68,76,45,58,87,56,50,43,41,63,54,71,53,70,86,49,66,64,69,59,79,42,51,
45,39,51,36,30,64,53,59,69,49,66,71,54,37,44,63,70,33,50,56,
83,75,67,77,61,68,76,58,87,50,44,43,41,63,54,71,53,70,56,45,86,49,66,64,69,59,79,42,51,
70,59,64,69,49,71,66,44,63,33,56,54,50,53,37,
72,54,43,51,66,70,59,69,64,49,71,56,53,40,68,88,96,58,77,79,73,45,86,67,52,75,87,46,61,83,42,76,
78,48,34,96,72,49,56,87,71,40,64,69,59,70,66,51,68,88,58,77,46,79,73,45,76,86,67,52,83,75,61,43,
63,56,66,44,54,50,53,
72,49,56,71,64,69,59,70,66,51,40,68,88,96,58,77,79,73,45,86,67,52,75,87,46,83,61,76,43,
85,82,71,70,98,92,99,93,97,80,90,95,89,91,94,60,65,84,47,88,76,61,83,46,87,75,52,67,86,73,79,77,58,96,55,68,40,81,62,72,78,48,
63,54,53,71,59,70,50,49,44,66,69,64,56,51,
71,50,49,44,66,69,64,53,56,54,63,
63,54,53,56,49,45,50,44,66,71,64,69,59,70,51,
63,54,53,56,49,45,50,44,66,71,64,69,59,70,51,
68,88,96,79,73,86,52,75,58,46,83,61,87,76,77,67,
63,54,53,56,45,71,49,64,69,59,70,66,51,
53,56,45,71,49,64,69,59,70,66,51,
51,66,70,59,69,64,71,56,45,
50,
71,64,69,59,70,66,51,
88,96,73,86,52,75,83,61,79,87,76,77,67,
76,75,77,79,67,62,87,83,72,81,86,73,96,88,78,
83,78,76,79,77,88,87,67,72,86,75,96,73,
69,64,66,56,

66,70,59,69,64,71,
86,83,75,61,79,87,77,76,67,


84,65,60,83,94,91,89,87,78,95,72,73,96,90,88,86,80,97,93,99,92,98,81,62,
66,
83,84,85,82,74,72,65,94,91,89,86,81,95,98,92,73,99,80,97,78,90,93,88,96,
76,68,
71,69,64,
94,91,89,87,78,95,73,90,88,96,86,72,80,97,93,99,92,98,81,83,
79,87,77,76,
87,83,81,72,86,96,88,73,78,


94,91,89,86,81,95,98,92,99,97,90,93,78,88,96,73,80,

79,87,77,




86,96,88,73,
96,88,
93,92,90,95,82,97,91,89,85,98,99,94,84,
87,


96,

93,90,97,99,92,98,95,
96,
97,91,89,85,98,99,94,
86,
97,89,91,98,99,94,95,
98,99,94,



91,99,94,98,
99,98,97,95,
99,98,
97,95,93,

99,
97,




Past links sets, 


0,1,
1,
2,3,
0,3,
4,5,
2,5,
6,7,
6,7,
7,
7,
8,9,10,11,
10,11,
4,10,11,
8,9,10,11,
12,
15,
4,13,
4,13,
13,14,16,17,
19,
18,21,
14,15,18,
14,15,18,
18,20,
13,
14,16,17,18,
25,
23,24,27,
28,
22,23,24,
22,24,
30,
23,32,
14,22,6,26,
27,28,
30,
23,24,25,27,
24,27,23,28,
31,34,35,
22,25,29,
25,29,31,
20,31,29,34,
19,29,33,39,38,37,36,
26,38,43,42,41,39,
40,
15,35,
23,32,35,
34,36,37,42,41,39,38,
22,44,
36,45,
27,46,
33,36,37,42,41,39,38,
31,33,36,41,39,38,37,
9,35,
33,43,49,
14,22,26,
29,20,40,
30,51,
8,55,
20,29,52,
47,55,
33,36,41,39,38,37,
49,59,
8,55,57,
51,56,
20,52,47,48,29,
58,
49,59,
30,35,51,
35,37,59,
31,34,62,57,60,48,
46,65,72,
57,
20,52,47,48,29,
47,48,58,61,
61,67,
48,62,60,65,
61,67,
60,65,
62,60,65,
35,9,74,
48,29,62,57,52,60,
8,55,74,
82,
65,72,83,
60,75,67,62,61,
27,73,
60,65,82,84,
74,80,
89,
74,15,80,
92,
85,89,
84,90,92,
17,73,78,81,
82,95,
15,85,90,91,
15,90,91,94,
Future links sets, 
5,2,
3,2,
7,4,
5,4,
18,19,14,6,
7,6,
35,9,8,
11,10,9,8,
84,12,15,60,65,
55,15,82,12,
15,14,13,12,
15,14,13,12,
16,
26,20,19,18,
20,23,57,35,24,27,
99,98,92,17,47,23,24,
27,20,
96,27,20,
27,22,23,24,25,
44,21,
75,67,43,25,58,61,
22,
50,31,41,32,57,35,
48,39,29,34,31,38,
39,29,31,32,38,
42,41,38,28,
57,45,35,
88,52,29,39,36,38,
39,36,30,
67,83,61,58,41,75,42,43,44,
70,59,37,33,
72,40,42,43,54,
48,34,
63,44,54,53,56,
72,49,43,40,
82,71,40,55,47,70,48,
63,54,44,49,51,53,
63,44,71,49,54,53,
63,54,44,49,45,53,
63,54,44,49,45,53,
58,46,
63,45,49,54,53,
53,49,45,
56,45,
50,
51,
73,52,
76,75,67,62,
78,67,83,72,75,76,
69,64,56,

70,66,59,
83,75,67,61,


84,62,65,60,
66,
83,74,72,65,
76,68,
71,69,64,
87,83,72,89,78,80,81,
79,87,77,76,
87,78,72,83,81,


86,73,89,78,80,81,

79,87,77,




86,73,
96,88,
90,84,92,82,
87,


96,

92,90,
96,
97,89,85,
86,
95,89,
98,94,



94,91,
99,98,95,
99,98,
95,93,

99,
97,




Coordinates,
0.0904873,1.96314,
1.7472,1.94804,
0.874713,1.898,
1.80694,1.93575,
0.416248,1.81785,
1.81418,1.88237,
0.252443,1.71002,
1.54754,1.8405,
0.210056,1.6559,
0.445041,1.65467,
1.70939,1.78669,
1.7712,1.79299,
0.233201,1.44335,
1.80362,1.72853,
1.04157,1.60052,
0.601585,1.48311,
0.328184,1.39335,
0.408084,1.40915,
1.28488,1.60113,
1.49205,1.58692,
0.360476,1.26048,
1.44046,1.56215,
1.35866,1.53356,
0.7464,1.34545,
0.760901,1.34364,
0.18145,1.1166,
1.86594,1.61911,
0.554731,1.25947,
0.0989872,1.04088,
0.566357,1.20804,
0.0269144,0.940241,
0.822509,1.26724,
0.883317,1.27672,
0.00753984,0.874204,
0.867704,1.26028,
1.31144,1.39577,
0.152961,0.920074,
0.0694792,0.856398,
0.241814,0.942337,
0.194487,0.904157,
0.946173,1.16404,
0.33625,0.859236,
0.358339,0.85515,
0.431746,0.87825,
0.0023121,0.445003,
0.348305,0.665194,
1.04161,1.0444,
1.21859,1.09909,
1.15861,1.06633,
0.230372,0.508318,
0.025711,0.326471,
0.291294,0.504478,
0.937577,0.908389,
0.14734,0.37142,
0.11731,0.339054,
1.59863,1.20624,
0.21176,0.407029,
1.80461,1.26216,
0.633075,0.655656,
0.288469,0.384726,
1.48271,1.10585,
0.842905,0.716264,
1.33803,0.988612,
0.080488,0.0982019,
0.268498,0.258002,
1.55826,1.08483,
0.231265,0.162843,
0.90879,0.684204,
0.657006,0.449301,
0.293081,0.0935441,
0.346878,0.13437,
0.321457,0.0558645,
1.30814,0.81104,
1.28328,0.690372,
1.97431,1.07257,
1.00739,0.442056,
0.736629,0.203838,
0.893014,0.264514,
1.45884,0.683129,
0.780093,0.132438,
1.62407,0.772897,
1.54256,0.715605,
1.97082,0.922893,
1.10265,0.313846,
1.85135,0.780207,
1.99474,0.86327,
1.09214,0.195155,
1.00529,0.0736094,
1.22561,0.260519,
1.84068,0.646316,
1.73219,0.556943,
1.81143,0.5761,
1.67458,0.464791,
1.66302,0.423144,
1.83354,0.527551,
1.69219,0.384775,
1.38703,0.083482,
1.70211,0.258899,
1.74574,0.182585,
1.81575,0.117396,
