Storage option,sets
Size,250
Dimension,2
Shape,cube
Spacetime,BlackHole
Past sets, 









0,
6,




8,

13,
1,
7,6,5,10,
1,

11,12,

8,
8,15,
2,3,
11,12,

1,2,3,
1,4,
0,9,
10,6,7,5,19,

21,
10,6,7,5,19,
13,17,
33,
0,9,
11,13,17,
33,37,
32,35,7,10,6,5,19,
13,27,12,17,11,
8,30,1,15,4,18,
18,30,20,1,4,
4,20,18,29,1,2,3,
0,9,
0,23,28,
1,25,8,15,4,
9,0,31,
9,0,31,
40,0,33,37,9,
5,17,6,7,13,35,10,32,19,41,
3,14,16,32,10,6,7,5,2,19,
15,25,8,43,44,30,4,20,18,1,
3,13,41,19,32,10,35,7,6,5,16,14,
14,16,41,19,32,10,35,13,7,6,17,5,
10,16,5,6,7,26,2,14,3,19,
8,15,2,29,44,30,4,3,20,18,1,
24,30,43,48,18,1,15,8,25,4,
10,16,5,6,7,26,2,14,3,19,
38,49,0,9,31,
23,0,31,9,28,
0,23,28,
15,8,34,24,21,33,
46,33,0,31,9,38,
15,8,34,24,21,33,
45,1,4,20,18,29,2,3,30,
14,16,5,6,35,10,32,19,7,41,13,3,55,
24,4,15,8,34,21,25,
25,33,21,24,34,8,15,64,
38,46,37,9,40,33,51,0,
38,46,37,9,40,33,51,0,
8,24,21,40,0,33,37,34,
53,14,16,3,32,35,6,19,10,7,5,2,41,
25,43,8,2,58,29,3,15,44,18,4,20,30,1,
50,23,9,0,62,28,31,
20,24,43,4,48,18,59,30,1,15,8,21,25,
10,5,6,7,17,39,11,13,36,27,12,19,
8,24,21,40,33,15,37,34,
1,29,10,16,3,5,57,6,19,7,26,60,2,14,
46,38,49,33,0,9,31,
23,0,31,9,28,
8,21,37,9,40,33,34,51,0,
9,47,0,23,28,
26,53,14,16,3,32,19,10,7,5,2,6,35,
30,4,1,18,44,15,20,3,29,2,43,8,25,58,75,
53,10,16,32,3,5,57,6,19,7,26,60,2,14,
24,73,8,21,83,37,9,40,51,33,0,34,
23,50,61,38,31,49,0,9,
8,24,21,40,33,15,37,34,
9,73,40,8,24,21,0,33,37,15,34,
24,30,34,48,18,1,15,8,25,21,4,
85,26,19,2,14,53,16,3,32,10,7,5,6,57,35,
1,29,18,20,4,10,45,16,3,5,57,6,19,7,26,60,2,14,
11,36,52,3,5,14,16,41,7,56,19,32,10,35,13,6,17,55,
47,63,23,28,0,
35,32,41,78,10,27,39,6,7,17,11,13,36,19,12,5,42,
18,35,29,1,87,19,2,10,53,16,32,3,5,20,57,7,26,60,14,6,80,
46,51,83,88,90,0,38,9,21,34,40,24,8,37,91,33,73,15,
14,16,10,5,19,45,1,4,20,18,6,29,2,26,3,7,30,
12,39,95,3,11,36,13,6,52,5,14,16,41,7,56,10,19,32,55,35,17,68,
32,94,2,1,29,6,18,20,4,45,16,3,26,5,10,57,80,19,7,60,14,
41,74,29,1,60,87,85,26,93,19,2,14,53,16,3,32,10,7,5,80,6,20,57,35,
28,62,76,33,89,50,61,38,49,31,9,46,23,0,81,
54,48,24,59,86,18,67,30,4,44,15,20,3,29,2,43,45,8,25,21,58,1,75,
80,94,5,14,57,16,10,29,60,19,26,7,1,20,45,4,100,18,6,2,3,30,
52,17,55,13,68,41,74,85,26,56,93,19,2,14,53,16,3,32,10,7,5,6,57,35,
34,54,44,29,2,3,77,43,20,24,4,58,21,48,18,75,1,59,8,25,30,15,
8,30,59,1,75,18,4,24,20,43,48,77,3,2,58,29,15,44,25,54,34,21,108,
5,14,16,10,29,19,67,26,7,1,20,45,4,100,18,6,2,44,3,30,
54,59,48,24,86,18,30,4,44,15,20,77,3,29,2,43,45,8,25,21,58,1,75,
66,69,64,25,70,99,46,0,4,51,83,37,88,90,21,38,15,9,34,40,24,8,91,33,79,73,
63,84,0,28,9,23,47,
2,27,42,101,14,12,41,39,10,68,97,3,32,11,95,36,7,13,6,35,52,5,16,56,78,19,55,17,
37,40,44,25,54,15,48,18,77,21,8,66,34,4,92,33,30,1,59,24,20,43,70,64,69,
47,62,76,28,89,50,61,38,49,82,31,9,46,23,0,
29,1,60,107,52,17,55,13,68,10,41,74,16,26,85,56,93,6,35,19,2,14,53,3,32,7,5,57,87,
9,47,63,96,28,0,23,
65,71,51,40,37,81,0,23,46,9,31,49,72,38,61,50,89,33,76,62,28,
15,8,58,80,60,18,5,14,110,16,57,10,29,19,44,26,3,7,30,1,67,20,45,4,6,100,2,94,
44,53,67,32,106,19,80,94,7,5,14,57,16,45,10,29,2,26,60,1,30,20,4,100,18,6,3,102,
87,35,30,102,32,94,2,1,29,53,100,6,18,20,98,4,45,16,3,26,5,10,57,80,19,7,60,14,
2,37,40,44,25,54,15,48,18,77,21,8,66,34,4,92,33,30,1,59,24,20,43,70,64,69,
50,62,31,113,47,63,84,28,9,0,23,82,
98,30,45,4,18,103,74,16,100,41,29,87,1,60,2,85,26,93,6,94,35,19,14,53,3,32,10,7,5,80,20,57,102,
9,47,63,96,28,0,23,
62,50,76,31,113,47,63,84,28,9,0,23,82,
38,49,63,76,31,82,50,84,0,62,28,9,23,47,
31,84,118,63,96,9,47,113,28,0,23,
81,33,104,116,82,31,84,47,62,65,28,76,89,38,50,61,49,9,46,23,0,
40,51,81,33,104,116,82,31,84,47,62,65,28,76,89,38,50,61,49,9,46,23,37,0,
52,17,56,55,13,68,45,4,18,103,74,16,41,29,87,1,60,2,85,26,93,6,94,35,19,14,53,3,32,10,7,5,80,20,57,98,
28,65,71,72,46,81,51,15,73,33,91,37,8,83,24,40,34,21,50,9,38,0,89,31,23,61,49,88,
23,0,28,63,47,96,
44,67,41,122,29,60,4,30,35,102,32,94,1,2,53,100,74,7,6,85,18,80,87,20,98,5,45,14,16,3,93,26,57,10,19,106,
38,46,44,54,66,69,64,70,43,20,79,51,25,15,73,77,18,48,21,8,37,34,4,91,92,33,30,1,88,83,24,9,40,59,0,90,
73,90,2,37,8,66,40,69,44,15,25,54,48,77,18,21,34,4,92,33,30,1,0,59,24,79,20,43,70,123,64,115,
5,7,6,10,14,26,111,24,54,25,59,30,1,48,86,77,18,105,4,44,15,20,3,29,58,2,43,45,67,8,21,16,75,
5,7,14,26,34,111,24,54,25,59,30,1,48,86,77,18,105,4,44,15,20,3,29,58,2,43,45,67,8,21,16,75,
96,127,62,76,113,28,31,82,84,47,63,9,0,23,50,124,
119,72,131,40,51,81,33,62,104,46,116,0,23,82,31,89,84,47,76,65,28,38,9,50,61,49,37,71,130,
16,8,45,2,21,58,29,20,15,4,105,18,3,77,86,48,75,1,67,30,59,25,54,24,111,26,14,10,43,6,44,7,5,138,
21,119,72,131,40,51,81,33,62,104,46,116,0,23,82,31,89,84,47,76,65,28,38,9,50,61,49,37,71,130,
16,8,45,2,21,58,29,20,15,4,105,18,3,77,86,48,75,1,67,30,59,25,54,24,111,26,14,10,43,6,44,7,5,138,
64,79,99,62,66,133,71,40,76,9,28,65,34,72,46,15,81,50,51,73,33,37,8,83,91,24,38,0,31,89,90,23,61,49,21,88,119,
24,48,25,43,110,58,75,8,15,54,121,44,106,67,5,32,94,1,86,19,80,18,7,100,14,45,57,26,16,10,29,60,2,30,20,4,6,3,102,53,120,
56,8,58,55,13,68,110,121,52,135,94,53,44,3,67,26,41,122,29,60,45,30,35,19,102,103,20,32,1,85,2,125,17,100,18,74,7,6,80,4,87,5,15,98,16,57,14,93,10,106,
81,33,104,61,89,128,46,9,38,49,63,76,31,82,116,50,0,62,65,28,23,84,47,
113,61,81,33,62,104,46,148,89,31,128,38,49,63,76,47,23,82,116,0,50,124,65,28,84,9,127,
25,43,147,94,41,56,3,8,58,5,55,2,68,121,15,4,57,52,29,53,106,44,67,14,120,135,26,13,122,60,7,45,98,30,35,19,16,125,102,103,20,32,85,110,1,17,100,18,74,6,80,87,93,10,
47,82,64,23,79,38,99,145,62,104,21,66,51,71,40,81,76,9,133,50,28,65,24,34,72,31,46,15,73,33,37,119,91,8,90,49,83,0,89,61,88,
47,4,69,25,70,82,64,23,79,38,99,145,62,104,21,66,51,71,40,81,76,9,133,50,28,65,24,34,72,31,46,15,73,33,37,119,91,8,90,49,83,0,89,61,88,
48,54,55,13,68,75,25,43,110,58,8,120,121,135,94,53,44,86,3,67,26,41,122,29,60,45,30,35,19,102,103,20,32,1,85,2,125,17,100,18,74,7,6,80,4,87,5,15,98,16,57,14,93,10,106,
4,69,25,70,82,64,23,79,38,99,145,62,104,21,66,51,71,40,81,76,9,133,50,28,65,24,34,72,31,46,15,73,33,37,119,91,8,90,49,83,0,89,61,88,
84,113,118,9,134,23,0,28,63,96,47,126,
34,110,120,102,60,57,19,106,53,121,144,16,8,45,2,100,21,58,29,20,94,15,4,142,18,3,77,48,75,80,1,67,30,25,54,24,32,111,105,26,14,10,43,6,44,86,7,5,59,138,
28,65,71,72,43,81,49,61,50,23,1,77,18,48,89,30,112,25,66,37,8,69,64,70,40,99,46,59,0,4,91,51,88,31,90,21,20,79,38,9,15,73,34,33,92,83,24,
151,47,154,4,145,51,69,25,72,119,70,23,82,64,79,38,99,62,112,15,104,21,66,71,24,40,81,34,76,9,133,50,28,65,31,46,73,33,37,91,8,90,49,83,0,89,61,88,152,
63,83,34,15,24,8,73,91,143,21,82,72,131,119,40,81,33,104,62,141,46,88,9,0,116,37,23,31,89,84,47,76,65,28,38,50,61,49,71,51,130,
31,45,71,72,86,108,29,3,75,9,88,91,51,46,38,58,137,73,90,2,37,8,66,40,77,69,15,25,136,54,48,18,92,21,34,83,4,115,112,33,70,109,30,1,59,24,0,79,99,20,43,44,123,64,
2,23,50,61,65,71,72,31,49,81,99,112,136,54,38,79,46,44,66,25,69,64,70,43,20,51,15,73,77,18,59,48,21,90,37,34,4,8,91,92,9,33,115,30,1,88,24,40,83,0,
38,49,126,118,140,96,127,62,76,28,113,31,9,50,0,82,63,84,23,124,47,129,
22,78,36,39,95,12,27,114,107,117,30,132,52,100,17,56,55,97,14,13,68,45,101,18,74,16,57,98,41,29,4,87,5,1,60,102,19,42,125,2,85,3,26,6,11,94,53,35,32,93,10,7,80,103,20,
47,96,63,28,0,23,134,
77,59,125,98,87,85,74,35,122,41,135,60,24,21,110,67,48,25,43,86,58,15,75,8,5,94,54,32,121,44,1,106,20,19,80,18,7,100,103,14,146,57,45,2,26,105,16,102,10,53,29,30,93,4,6,3,120,
52,56,59,24,94,35,48,54,55,13,68,75,16,25,43,102,110,58,67,120,2,121,3,8,135,17,53,44,103,86,153,26,85,41,100,122,4,29,60,1,45,30,20,32,125,7,18,74,15,6,80,87,19,146,5,98,57,14,93,10,106,
31,90,45,71,72,86,108,29,88,3,75,91,51,46,38,58,137,73,2,37,8,66,40,99,77,9,136,18,69,15,25,54,48,92,160,33,21,34,83,24,4,115,112,70,109,30,1,59,0,79,20,43,44,123,64,65,
13,55,138,111,165,106,77,18,59,125,7,98,87,85,26,74,142,15,35,94,122,4,41,100,60,1,24,21,80,110,67,135,8,48,25,43,102,86,58,75,16,5,54,32,121,3,44,103,20,146,19,14,57,45,2,120,105,10,53,29,30,93,6,
40,129,130,37,96,33,62,113,84,61,140,81,104,46,148,89,149,31,128,38,49,63,76,47,23,82,116,118,0,50,124,65,28,9,127,
49,31,90,45,71,72,86,108,29,88,3,75,91,51,46,38,58,137,73,2,37,8,66,40,99,77,9,136,18,69,15,25,54,48,92,160,33,21,34,83,24,4,115,112,70,109,30,1,59,0,79,20,43,44,123,64,65,
62,82,31,155,118,113,28,96,9,134,23,0,63,84,47,126,129,
39,54,75,86,36,11,95,107,117,150,32,25,43,102,29,94,35,41,100,56,3,121,67,58,55,2,120,68,15,74,4,122,57,52,53,106,44,103,14,5,132,8,135,17,26,85,13,60,1,7,125,45,98,30,19,16,147,20,110,18,6,80,87,93,10,
104,119,76,62,51,28,81,65,71,18,72,43,49,61,8,50,23,1,77,133,24,157,48,89,30,83,112,59,25,66,37,90,69,64,70,40,99,46,0,4,91,38,88,31,21,20,73,79,9,15,34,33,92,145,
59,43,20,77,1,18,48,30,4,70,25,69,64,23,79,38,99,145,62,104,21,66,51,71,112,40,81,76,92,9,133,50,28,65,24,34,72,31,46,15,73,33,37,119,91,8,90,49,83,0,89,61,88,
34,168,13,80,55,122,4,111,44,165,98,106,77,10,18,85,59,125,58,144,7,74,87,20,26,93,8,75,15,35,102,94,41,100,60,138,1,135,24,21,110,43,67,48,25,86,19,16,142,5,54,121,32,3,103,146,14,57,45,2,120,53,105,29,30,6,
31,155,118,113,28,96,9,134,23,0,63,84,47,126,129,
9,164,47,96,63,28,0,23,134,126,
62,82,31,155,118,113,28,96,9,134,23,0,63,84,47,126,129,
9,134,23,0,28,63,96,47,164,
36,11,95,107,117,24,52,56,94,35,48,54,55,13,68,75,16,25,43,102,110,58,67,120,2,121,3,8,135,17,53,44,103,86,153,26,85,41,100,122,4,29,60,1,45,30,146,19,147,20,32,150,125,7,18,74,15,6,80,87,132,5,98,57,14,93,10,106,
34,118,129,96,140,141,130,71,37,51,40,131,72,119,9,28,65,124,50,127,0,116,82,23,47,76,63,49,38,128,31,149,89,21,148,46,104,81,61,84,143,113,62,33,
116,128,89,148,46,104,33,61,162,38,96,49,126,81,140,9,127,62,31,149,76,47,28,113,84,50,118,0,63,82,23,65,124,129,
4,69,25,128,90,133,66,145,99,79,64,70,159,73,116,63,83,40,34,24,8,51,91,143,21,82,72,131,88,119,33,76,81,38,15,104,61,151,62,141,46,9,89,0,37,23,31,84,47,65,28,71,50,49,130,
2,115,54,44,174,59,0,43,20,79,77,1,119,48,157,30,89,4,70,25,69,64,23,38,99,40,18,145,62,104,21,66,51,71,112,81,76,92,33,136,9,133,15,50,28,65,24,83,34,72,31,90,73,37,91,8,49,61,88,46,173,
80,9,91,60,57,94,108,138,59,5,7,86,44,123,6,43,10,14,26,105,111,24,54,25,30,109,67,1,75,48,77,3,18,142,4,15,20,29,58,137,21,100,2,45,8,16,144,139,34,73,90,37,66,40,69,92,33,0,79,70,64,115,110,19,
28,89,111,81,61,50,23,49,108,31,90,45,71,72,86,29,88,3,75,91,51,46,38,58,137,73,2,37,8,66,167,40,99,77,18,136,9,69,15,25,54,48,92,33,160,21,161,34,83,24,4,115,112,70,109,30,1,59,0,79,20,170,43,44,123,64,65,
76,124,171,62,0,82,63,126,155,118,23,31,113,28,50,9,96,134,84,47,129,
76,124,171,62,0,82,63,126,155,118,23,31,113,28,50,9,96,134,84,47,129,
164,96,63,28,0,23,134,9,47,179,
129,23,82,63,124,50,65,28,84,47,113,76,31,62,127,140,118,81,49,96,149,38,162,61,33,104,9,46,0,148,126,89,128,116,182,
59,20,77,84,1,18,48,30,92,151,47,154,4,145,51,104,69,25,72,119,66,70,23,76,82,64,79,38,91,99,46,43,152,62,9,112,15,21,71,40,81,28,34,24,133,50,65,31,73,33,37,90,8,61,158,49,83,0,89,88,116,
23,26,50,61,81,67,105,111,49,108,31,90,45,71,72,86,29,88,3,75,91,51,46,38,58,137,73,2,37,8,66,167,40,99,77,18,136,9,69,15,25,54,48,92,33,160,21,34,83,24,4,115,112,70,109,30,1,59,0,79,20,170,43,44,123,64,65,
134,23,0,28,63,96,47,164,
14,26,50,61,81,67,105,111,49,108,31,90,45,71,72,86,29,88,3,75,91,51,46,38,58,137,73,2,37,8,66,167,40,99,77,18,136,9,69,15,25,54,48,92,33,160,21,34,83,24,4,115,112,70,109,30,1,59,0,79,20,170,43,44,123,64,65,
46,61,89,128,162,38,96,49,126,31,140,9,127,62,76,47,134,28,113,84,50,118,0,63,82,23,124,129,
71,72,131,169,40,51,130,148,0,96,33,62,113,76,84,126,47,61,140,81,118,104,46,9,89,149,38,31,128,49,63,23,82,37,116,129,50,124,65,28,127,
32,51,106,80,9,91,24,60,57,94,108,4,59,86,19,44,111,123,6,73,43,110,10,77,7,144,14,26,105,54,25,92,30,109,67,138,1,75,5,142,8,185,48,115,3,0,137,70,18,15,20,29,58,21,100,33,139,2,69,45,16,34,90,37,66,40,79,64,120,
1,128,152,90,133,66,112,99,79,64,70,25,69,145,4,154,151,130,49,50,71,28,65,47,84,31,23,37,0,89,9,46,141,62,61,104,15,38,81,76,33,119,88,131,72,82,21,143,91,51,8,24,34,40,83,63,116,73,159,158,
9,134,179,23,0,28,63,96,47,164,189,
65,6,138,16,67,105,111,26,14,7,5,31,90,45,71,72,86,108,29,88,3,75,91,51,46,38,58,10,137,73,2,37,8,66,40,99,77,9,136,18,69,15,25,54,48,92,160,33,21,139,34,83,24,4,115,112,70,109,30,1,59,0,79,20,43,44,123,64,
43,1,18,48,30,92,152,90,133,66,112,99,79,64,70,25,69,145,4,154,151,130,49,50,71,28,65,47,84,31,23,37,0,89,9,46,141,62,61,104,15,38,81,76,33,119,88,131,72,82,21,143,91,51,8,24,34,40,83,63,116,73,159,158,
47,63,23,28,0,
113,127,148,64,131,1,128,198,61,90,23,133,66,112,99,79,70,25,159,69,71,154,151,84,130,63,49,116,50,28,65,47,31,37,104,0,89,9,76,143,183,46,4,141,62,152,15,82,38,81,33,119,88,72,91,24,21,158,51,145,8,34,40,83,73,
127,177,140,187,50,96,76,9,124,171,62,164,23,63,155,126,118,31,113,28,134,178,84,188,0,47,176,82,129,
64,131,1,128,198,61,90,23,133,66,112,99,79,70,25,159,69,71,154,151,84,130,63,49,116,50,28,65,47,31,37,104,0,89,9,76,143,183,46,4,141,62,152,15,82,38,81,33,119,88,72,91,24,21,158,51,145,8,34,40,83,73,
87,35,98,146,121,53,102,32,51,106,80,9,91,20,24,60,57,94,108,37,4,75,59,86,15,19,90,44,115,111,40,123,6,77,73,144,2,43,185,110,10,156,7,14,26,105,34,54,25,92,21,30,109,67,138,1,5,142,0,8,79,197,48,3,137,66,70,18,29,100,58,33,139,69,45,16,64,120,
30,48,64,131,1,128,198,61,90,23,133,66,112,99,79,70,25,159,69,71,154,151,84,130,63,49,116,50,28,65,47,31,37,104,0,89,9,76,143,183,46,4,141,62,152,15,82,38,81,33,119,88,72,91,24,21,158,51,145,8,34,40,83,73,
5,7,16,28,89,161,23,123,14,26,50,61,81,67,105,34,111,40,49,108,37,31,90,194,45,71,0,72,1,86,15,29,88,3,75,4,91,20,51,46,38,109,58,137,66,73,2,8,79,25,99,77,167,18,160,136,65,9,69,54,48,92,170,21,33,83,24,115,44,112,70,30,59,192,43,64,
87,35,98,99,83,88,46,38,136,146,121,53,102,32,51,106,80,9,91,20,24,60,57,94,108,37,4,75,59,86,15,19,90,44,115,111,40,123,6,77,73,144,2,43,185,110,10,156,7,14,26,105,34,54,25,92,21,30,109,67,138,1,5,142,0,8,79,197,48,3,137,66,70,18,29,100,58,33,139,69,45,16,64,120,
8,83,73,162,143,21,119,141,34,181,196,71,28,72,131,169,130,148,62,40,129,96,33,76,24,113,84,47,61,104,51,140,81,127,38,124,118,46,0,89,9,149,63,31,128,49,23,82,126,37,116,50,65,
60,81,100,19,110,142,144,49,58,65,136,6,77,138,67,16,105,34,111,40,26,14,7,5,31,90,45,71,0,72,1,86,15,108,37,29,88,3,75,4,91,20,200,51,46,38,109,10,137,66,73,2,8,79,99,9,167,18,160,69,25,54,48,92,170,21,33,139,83,24,115,44,112,70,30,59,43,123,64,
176,129,126,84,113,31,62,189,164,47,134,155,96,9,63,179,28,177,118,0,82,23,199,178,
88,134,182,33,8,126,210,83,24,73,162,143,84,119,141,23,82,34,181,196,71,130,28,72,131,63,190,169,51,21,148,89,62,40,129,96,37,76,113,47,61,104,140,81,9,38,124,65,118,127,0,46,149,31,128,49,116,50,
116,82,154,47,133,76,104,62,145,119,115,44,28,99,89,160,111,40,81,61,50,23,49,108,186,37,31,90,161,45,71,0,72,1,86,15,29,88,152,3,75,4,91,20,51,46,38,109,58,137,66,73,151,2,157,8,79,18,167,174,25,77,136,65,158,9,69,54,48,92,170,21,33,34,83,173,24,112,70,30,59,43,123,64,184,
5,16,62,76,133,161,89,28,23,123,14,26,50,61,81,67,105,34,111,40,49,108,186,37,31,90,194,45,71,0,72,1,86,15,29,88,3,75,4,91,20,51,46,38,109,58,137,66,73,2,157,8,79,25,99,77,167,18,160,136,65,9,69,54,48,92,170,21,33,83,24,115,44,112,70,30,59,192,43,64,
59,96,124,149,92,18,43,148,127,113,73,30,48,201,64,131,1,128,198,61,90,23,133,203,66,112,99,79,207,70,25,159,69,71,205,154,151,84,130,63,49,116,50,28,65,47,31,37,104,0,89,9,76,143,183,46,4,141,62,152,15,82,38,81,33,119,88,72,91,24,21,158,51,145,8,34,40,83,
31,71,72,85,93,112,122,120,87,35,98,9,99,10,83,88,46,38,136,146,57,121,32,53,142,102,51,106,80,91,2,20,109,24,60,94,5,108,19,37,4,75,59,86,15,90,1,44,115,26,111,40,123,34,77,73,144,43,6,185,7,110,21,156,67,14,105,16,54,25,92,3,209,30,138,0,8,79,48,137,66,70,197,18,29,100,58,33,139,69,45,64,206,
71,72,103,112,93,85,74,122,41,135,120,87,35,98,9,99,10,83,88,46,38,136,146,57,121,32,53,142,102,51,106,80,91,2,20,109,24,60,94,5,108,19,37,4,75,59,86,15,90,1,44,115,26,111,40,123,34,77,73,144,43,6,185,7,110,21,156,67,14,105,16,54,25,92,3,209,30,138,0,8,79,48,137,66,70,197,18,29,100,58,33,139,69,45,64,206,
28,
176,129,126,84,113,31,62,189,164,47,193,134,155,96,9,63,179,28,177,118,0,82,23,199,178,
64,43,59,30,70,44,115,24,33,21,48,69,92,9,65,136,18,160,77,79,157,2,73,66,54,137,58,38,46,51,8,91,170,4,75,112,29,15,3,86,167,1,72,83,0,71,45,7,90,31,37,20,186,25,108,34,105,67,81,61,192,109,26,14,40,123,23,194,111,28,89,161,50,133,76,62,99,16,88,5,49,215,
126,169,113,149,124,140,96,129,118,183,65,63,181,69,128,152,25,143,84,90,31,133,15,66,145,99,40,79,64,70,159,73,116,83,34,8,51,91,148,21,82,141,23,72,4,131,88,119,33,24,151,76,81,38,104,61,62,46,9,89,127,0,37,47,28,71,130,50,49,
131,37,130,40,129,62,23,63,118,84,82,149,113,46,28,162,134,0,76,9,47,140,124,31,126,49,116,127,96,38,190,128,61,195,89,65,81,148,33,104,171,182,51,188,155,50,187,178,176,169,
213,88,149,134,73,195,182,33,8,130,126,65,210,83,24,162,40,143,82,84,23,119,141,34,181,196,71,155,28,89,72,131,9,124,63,190,129,169,47,51,21,148,62,96,37,76,113,61,104,140,81,38,118,0,127,46,31,128,49,116,50,
169,149,124,140,96,129,118,181,69,113,127,148,81,64,131,1,128,198,61,90,23,133,203,66,112,99,79,70,25,159,71,154,151,84,130,63,49,116,46,183,50,28,65,47,31,37,104,0,89,9,76,143,4,141,62,152,15,82,38,33,119,88,72,91,24,21,158,51,145,8,34,40,83,73,
9,193,0,28,96,164,63,47,202,23,134,179,
173,104,145,119,174,221,43,64,59,30,70,44,133,115,26,24,33,21,48,137,69,92,3,9,65,136,18,160,71,77,79,157,2,91,73,66,54,58,38,46,51,8,170,81,4,75,112,23,29,86,167,1,90,72,161,83,0,89,45,186,7,31,37,215,20,109,25,108,34,123,105,15,194,16,67,61,192,14,40,111,28,50,76,62,99,88,49,5,184,
37,66,69,64,33,70,27,78,92,12,101,108,109,139,39,172,105,142,21,138,144,59,77,111,34,180,36,107,11,95,24,117,52,56,94,35,106,48,54,125,55,13,68,75,153,4,146,165,16,87,25,43,102,110,58,67,120,2,121,3,74,8,135,166,17,53,44,103,32,86,15,85,14,41,100,29,122,60,150,1,45,30,168,19,147,5,20,156,7,18,6,80,132,98,57,93,10,26,175,
119,141,176,155,188,182,190,134,162,195,196,71,28,72,131,169,130,148,62,40,129,96,33,76,113,84,47,61,104,51,140,81,127,38,124,118,46,178,0,89,187,9,149,63,31,128,49,23,171,82,126,37,116,50,65,
36,107,117,132,147,150,156,153,17,68,56,52,64,79,40,66,37,90,34,16,45,69,2,139,33,100,21,58,29,166,20,15,18,70,137,0,3,115,48,185,8,142,5,75,1,138,67,109,30,92,25,54,105,26,14,144,7,77,10,110,43,73,6,123,111,44,19,86,59,4,175,108,94,57,60,24,91,9,146,80,168,13,55,122,165,98,106,85,125,74,87,93,35,102,41,135,121,32,103,120,53,
141,119,21,143,155,188,182,190,134,162,195,196,71,28,72,131,169,130,148,62,40,129,96,33,76,113,84,47,61,104,51,140,81,127,38,124,118,46,178,0,89,187,9,149,63,31,128,49,23,171,82,126,37,116,50,65,
40,125,37,66,69,172,64,33,70,27,78,92,12,101,108,5,109,6,139,36,39,142,105,2,21,138,35,144,41,59,77,180,111,8,34,107,4,11,95,24,117,14,52,56,94,106,3,48,54,55,13,68,75,153,146,43,165,16,87,25,102,110,7,58,67,120,228,17,121,18,74,135,32,166,53,156,44,147,103,86,15,85,100,29,132,122,19,60,150,1,45,30,168,20,80,98,57,93,10,26,175,42,
119,141,72,71,223,131,37,196,130,129,23,76,182,63,116,169,9,118,65,62,171,84,82,188,40,149,96,113,28,134,190,81,187,162,0,47,31,140,124,126,49,46,155,127,38,128,61,195,89,148,33,104,51,50,178,176,
154,112,1,203,151,158,9,126,169,113,124,140,69,96,25,129,118,47,65,63,181,128,152,81,143,72,84,90,31,133,62,15,66,145,99,28,40,79,8,64,70,141,159,88,222,73,116,83,183,34,51,91,148,21,82,23,4,131,119,33,104,24,76,38,61,46,89,127,149,0,71,37,130,50,198,49,
38,46,83,88,197,51,206,24,36,139,107,4,117,14,132,29,147,44,150,156,53,153,17,120,68,56,52,64,79,40,66,37,90,34,137,16,45,69,2,105,33,100,21,58,166,20,123,15,18,121,70,0,103,3,106,115,48,185,8,111,142,5,108,75,1,138,35,67,109,6,30,92,25,54,26,144,41,7,110,77,10,43,146,73,230,19,122,86,59,175,94,57,60,91,9,80,168,13,55,165,98,85,125,74,87,93,102,135,32,
28,89,87,35,98,146,121,53,102,156,161,23,61,50,194,120,94,57,80,106,32,45,60,81,100,19,110,142,59,144,49,58,65,136,6,77,160,138,67,16,99,105,34,111,40,123,26,109,14,7,90,5,88,31,71,83,72,1,0,167,86,15,108,192,25,37,29,112,75,4,3,170,91,8,20,51,46,38,10,137,54,66,73,2,79,9,92,185,18,69,48,21,200,33,139,24,115,211,44,70,197,30,43,64,
53,102,133,157,120,94,57,80,106,32,194,61,50,23,161,89,28,45,60,81,100,186,19,110,142,59,144,49,58,65,136,6,77,160,138,67,16,99,105,34,111,40,123,26,109,14,7,90,5,88,31,71,83,72,1,0,167,86,15,108,192,25,37,29,112,75,4,3,170,91,8,20,51,46,38,10,137,54,66,73,2,79,9,92,185,18,69,48,21,200,33,139,24,115,211,44,70,197,30,43,64,208,
112,154,190,162,134,151,158,9,126,169,113,124,140,69,96,25,129,118,196,47,65,63,181,128,152,81,143,72,84,90,31,133,62,15,66,145,99,28,40,79,8,213,64,70,141,159,88,222,73,116,83,183,34,51,91,148,21,82,23,4,131,119,182,33,104,24,76,38,210,61,46,89,127,149,0,71,37,130,50,49,
6,116,139,152,82,154,47,151,158,33,173,76,104,7,145,48,119,174,77,221,43,64,161,59,30,70,167,44,133,115,18,26,123,24,21,137,40,69,92,3,65,136,160,71,79,157,2,99,91,73,170,66,54,58,38,46,51,8,105,81,4,75,112,15,23,29,86,1,90,72,83,0,194,89,186,45,31,37,20,109,25,108,34,215,16,67,61,192,14,111,9,208,227,28,50,62,88,49,5,184,
145,119,104,173,139,10,138,6,144,142,110,19,100,60,221,43,64,59,30,70,44,133,115,26,24,33,211,200,21,48,137,69,92,3,9,65,136,18,160,71,77,79,157,2,91,73,66,54,58,38,46,51,8,170,81,4,75,112,23,208,29,86,167,1,90,72,161,83,0,89,45,186,7,31,37,215,20,109,25,108,34,123,105,15,194,16,67,61,192,14,40,111,28,50,76,62,99,88,5,49,
49,147,153,17,68,56,52,166,167,125,165,55,13,168,175,160,65,200,31,115,71,72,103,0,206,112,9,93,85,74,122,19,41,144,135,32,120,87,35,138,98,99,10,83,88,46,38,136,33,146,43,57,121,18,53,156,142,102,51,106,3,209,80,91,2,105,20,123,109,24,60,94,197,5,108,37,4,75,59,86,15,90,1,44,26,111,8,40,34,137,77,73,185,218,7,110,21,67,14,16,54,25,92,30,79,48,66,70,29,100,58,139,69,45,64,6,217,
36,107,117,132,147,150,153,17,68,56,52,166,125,165,55,13,168,175,31,115,71,72,103,0,206,112,9,93,85,74,122,19,41,144,135,32,120,87,35,138,98,99,10,83,88,46,38,136,33,146,43,57,121,18,53,156,142,102,51,106,3,209,80,91,2,105,20,123,109,24,60,94,197,5,108,37,4,75,59,86,15,90,1,44,26,111,8,40,34,137,77,73,185,218,7,110,21,67,14,16,54,25,92,30,79,48,66,70,29,100,58,139,69,45,64,6,217,
86,108,29,58,3,75,109,123,137,124,149,161,173,136,157,174,44,54,115,2,83,40,34,8,145,51,158,21,24,91,72,88,119,33,81,38,82,15,152,62,141,4,46,183,143,76,9,89,0,104,37,31,47,184,65,28,50,116,49,63,130,84,151,154,205,71,69,159,25,70,207,79,99,112,66,203,133,23,90,61,198,128,1,131,64,201,48,30,73,113,127,148,43,18,92,191,59,20,77,
164,96,134,179,202,28,9,193,219,47,63,23,0,
6,131,139,84,191,158,151,152,47,154,82,116,33,173,76,104,7,145,48,119,174,77,221,43,64,161,59,30,70,167,44,133,115,18,26,123,24,21,137,40,69,92,3,208,9,65,136,160,71,79,157,2,99,91,73,170,66,54,58,38,46,51,8,105,81,4,75,112,23,29,86,1,90,72,83,0,194,89,186,45,31,37,20,15,214,109,25,108,34,215,16,67,61,192,14,111,227,28,50,62,88,49,5,184,
65,149,81,33,104,148,116,182,38,162,128,89,46,204,199,140,23,82,118,179,63,134,47,164,178,189,62,113,84,28,155,96,126,129,61,188,31,49,176,9,0,127,212,187,177,50,76,124,171,195,
65,149,81,33,104,148,116,129,176,134,0,28,162,82,113,46,118,188,126,178,23,31,155,124,164,9,76,63,50,187,47,171,140,84,177,96,127,204,62,199,179,189,195,61,128,89,38,49,182,
157,174,77,20,48,30,43,18,92,59,126,225,169,90,149,70,124,203,140,61,96,129,50,118,181,23,69,148,113,201,34,127,81,64,143,222,131,1,159,128,216,49,119,207,40,133,66,145,112,33,99,79,0,158,25,183,104,71,154,151,72,84,130,51,63,116,37,46,28,65,47,198,31,89,9,88,76,4,83,141,62,152,73,15,82,205,38,91,191,24,21,8,
141,130,136,6,115,131,139,30,84,191,82,158,49,151,152,43,47,154,45,116,7,33,173,64,76,104,145,48,157,119,174,65,77,186,221,3,112,161,59,70,167,58,44,133,24,245,18,26,123,14,21,137,28,40,69,92,208,99,9,160,51,71,79,2,111,91,73,170,61,66,54,38,46,8,105,214,81,4,75,184,23,29,86,1,90,72,83,192,227,0,109,194,89,31,37,20,15,25,108,34,143,215,16,67,50,62,88,5,
Future sets, 
137,73,63,96,164,193,134,202,47,9,136,199,72,189,62,226,99,244,179,177,50,126,118,245,185,91,218,155,113,240,84,211,88,215,83,210,197,206,51,178,71,198,209,82,112,239,235,230,31,158,128,225,242,145,160,176,49,129,167,200,65,192,162,171,81,208,220,212,140,38,237,127,224,204,187,188,61,124,221,207,170,152,241,195,116,243,213,194,89,216,186,247,223,236,157,169,151,217,249,141,238,119,246,148,46,173,227,130,154,233,133,131,143,222,174,184,161,76,203,248,190,149,201,104,231,159,183,182,196,181,205,234,229,191,214,
225,234,203,205,198,48,207,30,80,117,103,115,98,106,102,132,125,163,122,110,58,147,120,18,217,121,218,135,232,185,201,150,221,157,29,228,75,172,146,248,54,173,174,77,245,191,94,67,216,153,166,237,180,109,206,239,45,142,168,136,123,194,92,241,144,170,161,137,59,156,208,111,184,167,108,86,235,138,227,215,209,139,236,230,197,100,186,243,44,43,242,165,240,211,200,175,249,160,192,105,214,20,
161,137,123,114,74,243,105,108,111,186,160,167,170,184,45,214,75,86,109,227,194,60,215,208,221,87,53,192,125,172,142,209,249,110,85,211,144,240,245,106,57,94,228,138,235,107,117,200,239,100,58,197,150,217,156,120,185,146,103,242,175,166,153,67,206,139,26,165,93,232,237,98,147,80,241,102,236,135,121,218,163,230,168,29,122,132,180,
95,114,68,74,243,105,108,111,186,160,167,170,45,214,75,86,109,227,55,194,60,215,208,221,87,53,192,125,172,142,209,249,110,85,211,144,101,240,245,106,57,94,228,138,235,107,117,200,239,100,58,197,150,217,156,120,185,146,103,242,175,166,153,67,206,139,26,165,93,232,237,98,147,80,241,102,236,135,121,218,163,230,168,29,122,132,180,
225,234,205,203,112,158,154,198,152,183,102,94,132,208,106,122,211,125,214,163,110,207,147,236,120,30,209,121,135,185,201,150,239,221,222,43,157,228,139,75,146,235,217,69,248,173,174,245,67,156,191,77,166,216,54,232,172,243,153,242,58,237,238,59,180,109,168,136,123,194,105,92,241,170,161,137,184,167,108,197,86,175,48,227,138,215,144,206,218,230,115,186,44,165,240,200,111,100,249,160,192,142,45,
221,227,208,245,249,139,144,142,200,153,110,215,78,106,147,185,120,53,94,228,32,166,85,60,197,239,102,236,68,135,209,240,103,100,237,19,156,80,217,150,146,165,122,55,175,41,242,206,97,125,218,107,241,232,95,121,93,230,163,87,57,168,101,98,235,35,172,56,117,180,211,74,114,52,132,138,
245,10,144,142,200,153,110,78,106,35,147,218,185,114,120,53,94,165,228,32,103,166,237,95,85,156,197,55,102,135,60,209,138,240,98,249,100,232,80,68,217,146,150,122,175,41,97,19,168,239,125,107,241,121,242,93,235,230,163,236,87,206,57,101,172,56,117,180,211,74,52,132,
227,221,208,245,249,139,144,142,200,153,110,78,106,147,185,120,53,94,228,32,166,85,60,197,239,102,236,68,135,209,240,103,100,237,19,156,80,217,150,146,165,122,55,175,41,242,206,97,125,218,107,241,232,95,121,93,230,163,87,57,168,101,98,235,35,172,56,117,180,211,74,114,52,132,138,
83,73,210,224,213,88,15,221,133,159,91,194,99,90,79,145,248,151,48,120,147,236,25,203,150,239,136,86,175,75,105,208,242,139,153,230,215,112,206,158,228,200,111,214,186,58,161,237,92,77,180,166,218,115,157,54,170,185,137,240,156,66,245,142,217,192,209,167,64,24,235,146,249,43,168,108,211,197,109,198,243,154,69,172,184,123,173,70,232,165,241,138,152,174,191,225,227,144,160,216,201,207,183,222,205,59,238,234,
199,189,226,244,179,177,126,118,185,91,155,113,84,88,83,197,206,51,72,218,71,99,209,112,136,235,230,31,128,225,242,145,160,176,129,167,200,65,162,171,178,81,220,212,140,38,237,127,224,204,187,188,124,221,207,170,82,152,241,211,239,195,116,213,194,192,89,186,247,223,236,157,169,151,208,217,249,50,141,238,119,216,198,215,148,46,245,227,130,154,233,158,61,133,210,131,143,240,222,174,184,161,173,76,243,248,49,190,149,246,203,201,104,159,62,183,182,196,181,205,231,234,229,191,214,
144,142,200,153,110,78,106,147,185,120,53,94,228,32,166,85,60,197,102,236,68,135,209,240,103,100,237,19,156,80,217,150,146,165,122,55,175,41,242,206,97,125,218,107,241,232,95,121,93,230,163,87,57,168,101,98,235,35,172,56,117,180,211,74,114,52,132,138,
95,172,180,42,97,27,228,163,232,101,78,22,114,39,
42,97,27,228,163,232,22,114,78,101,
68,168,175,17,39,97,242,150,228,230,172,56,52,78,153,132,180,117,235,163,95,36,147,101,42,107,166,241,114,232,55,
215,208,221,194,239,245,249,139,144,142,200,138,110,100,211,240,227,60,80,102,185,106,197,120,94,55,121,242,153,236,117,85,168,107,230,147,172,166,125,206,165,209,150,232,218,135,132,103,175,93,87,228,146,180,98,163,122,241,74,156,237,217,53,235,68,114,101,95,56,57,
133,159,91,99,90,79,145,151,120,147,25,203,150,239,86,175,75,105,194,242,153,230,215,206,158,139,228,200,111,208,186,58,237,92,214,77,166,218,157,236,170,185,137,156,66,245,217,192,221,209,142,161,167,235,146,168,108,197,109,198,64,243,154,69,248,184,123,240,173,232,54,165,241,152,174,191,136,225,138,48,227,211,144,160,70,249,216,201,112,180,207,115,172,183,43,222,205,59,238,234,
221,215,208,239,245,249,139,144,142,200,138,110,100,211,240,227,60,80,102,185,106,197,120,94,55,121,242,153,236,117,85,168,107,230,147,172,166,125,206,165,209,150,232,218,135,132,103,175,93,87,228,146,180,98,163,122,241,74,156,237,217,53,235,68,114,101,95,56,57,
39,150,228,117,114,97,52,78,95,132,153,232,180,101,230,235,163,242,172,36,147,42,166,107,241,56,
98,106,102,132,125,163,122,110,58,147,120,121,135,185,201,150,221,157,228,75,146,217,248,173,174,245,191,77,67,216,54,172,94,243,153,166,237,180,109,239,168,136,123,45,194,92,241,170,161,232,137,59,208,184,167,108,86,235,156,227,215,144,206,209,138,218,139,230,197,115,186,44,242,236,165,240,211,200,175,100,249,111,160,43,192,142,105,214,
110,78,240,60,80,185,106,120,94,32,85,197,211,102,68,100,209,103,156,153,217,146,93,98,236,122,175,228,237,147,206,97,41,150,125,218,107,95,121,230,55,87,57,166,168,135,172,165,56,117,101,180,74,114,242,163,52,235,232,241,132,53,35,
157,173,174,94,132,67,125,163,122,45,44,248,111,135,121,191,54,120,86,153,75,209,142,150,217,147,77,214,172,102,239,166,180,146,136,123,241,161,228,137,184,106,243,109,167,245,108,105,242,175,98,235,168,156,215,206,139,218,144,211,58,192,185,230,197,138,115,249,227,160,236,103,240,110,100,237,170,200,165,232,221,186,208,194,
231,143,105,111,138,142,168,144,165,123,181,92,175,156,139,228,109,198,83,133,222,159,34,213,224,210,73,151,240,218,192,232,91,161,167,234,145,183,108,197,184,185,230,137,136,225,209,235,174,241,152,248,69,158,206,237,170,157,115,242,217,194,200,203,245,66,154,64,243,221,215,211,208,186,88,173,201,112,90,227,160,70,249,79,216,214,205,99,236,238,191,239,207,77,
163,
192,161,133,237,157,186,208,236,89,63,104,173,240,184,227,174,119,145,215,154,221,126,205,202,152,231,158,151,47,214,239,134,213,177,179,244,193,226,189,199,164,76,243,84,143,222,191,131,210,82,249,190,201,159,238,183,124,203,198,195,116,178,171,220,141,118,245,127,162,207,128,148,247,129,188,176,248,169,130,181,233,187,246,113,149,204,196,225,212,234,155,224,182,140,62,229,223,96,216,
180,146,92,90,79,88,133,99,91,159,213,224,210,73,69,232,105,206,209,239,112,108,235,230,215,115,242,237,139,200,208,64,191,186,59,214,218,157,249,109,236,170,111,238,185,211,156,217,192,240,161,160,221,142,194,228,167,168,175,144,243,137,241,245,184,123,248,173,165,174,197,70,136,138,77,227,166,216,151,183,222,145,198,152,154,158,234,201,203,205,207,225,66,
150,86,75,105,242,239,230,215,206,69,139,200,208,186,59,92,214,77,218,157,236,237,170,185,48,156,217,192,221,209,142,194,161,228,167,235,168,108,245,175,109,243,137,111,248,184,123,240,173,232,165,241,174,191,54,197,136,138,211,144,160,227,166,216,201,146,180,153,207,70,115,249,112,172,183,222,152,198,154,158,203,205,238,234,225,
194,215,208,227,221,192,245,249,239,142,110,85,211,240,57,94,138,235,107,60,93,117,168,200,103,100,197,150,156,120,217,185,228,87,146,209,242,166,125,172,106,153,206,165,144,241,147,102,232,135,121,218,175,80,163,122,132,180,98,139,236,237,230,
228,42,232,163,78,114,97,
236,219,208,186,157,237,133,63,104,173,240,184,227,174,119,145,215,154,221,126,205,202,152,231,158,151,47,214,239,134,213,177,179,244,193,226,189,199,164,76,243,84,143,222,191,131,210,82,249,190,201,159,238,183,124,203,198,195,116,178,171,220,141,118,245,127,162,207,128,148,247,129,188,176,248,169,130,181,233,187,246,113,149,204,196,225,212,234,155,224,182,140,62,229,223,96,216,
117,109,86,75,45,170,167,237,100,160,227,186,111,108,245,122,163,230,125,192,58,67,120,135,132,241,147,214,200,94,228,146,150,80,217,180,172,239,102,236,211,144,194,208,166,139,206,142,209,221,168,98,235,110,165,232,218,249,175,105,242,103,240,243,106,138,197,215,121,185,153,156,
106,122,125,163,110,207,58,147,120,121,135,185,201,150,221,157,228,75,146,217,248,173,174,245,191,77,67,216,54,172,243,153,166,237,180,109,239,168,136,123,194,92,241,170,161,232,137,59,208,184,167,108,86,235,156,227,215,144,206,209,138,218,139,230,197,115,186,44,242,236,165,240,211,200,175,100,249,111,160,43,192,142,105,214,
242,160,176,129,167,200,65,171,178,220,212,140,127,204,187,188,124,128,207,170,82,249,162,241,211,239,195,116,194,192,89,247,223,236,157,169,81,248,208,217,50,141,186,119,198,224,145,215,148,227,221,154,233,237,158,133,210,131,143,222,174,184,61,240,161,173,76,243,190,49,216,149,203,201,238,159,104,183,182,196,181,205,152,231,234,151,213,62,229,225,245,246,191,130,214,
197,102,121,209,85,206,217,146,98,236,122,237,41,97,103,125,218,107,95,230,55,87,166,175,168,241,93,172,56,135,228,117,101,180,114,242,163,52,150,156,235,165,147,68,232,74,153,132,53,
104,81,130,148,190,246,182,149,247,65,215,228,37,216,203,184,207,238,242,159,248,181,183,213,227,239,224,174,191,173,214,66,245,73,231,112,201,233,64,243,154,221,192,198,186,145,234,88,167,119,208,211,158,237,71,160,70,249,170,222,133,200,194,157,236,99,72,161,196,217,240,151,229,205,152,241,83,235,225,136,210,131,223,197,206,209,137,185,141,51,230,91,79,90,115,123,169,143,232,218,40,
181,175,156,139,109,92,83,133,159,213,224,210,73,198,151,218,192,232,91,228,161,167,234,183,222,123,108,245,184,185,230,137,197,136,209,235,174,241,69,206,145,237,170,152,157,115,242,217,194,200,203,66,154,221,215,243,211,208,186,158,88,225,173,240,64,201,90,227,160,79,216,214,248,205,99,236,238,191,249,112,239,70,207,
122,206,209,236,98,217,41,97,103,125,218,107,132,95,230,55,166,175,168,241,93,172,56,135,228,117,101,180,114,242,163,52,150,235,165,147,68,232,74,153,85,
242,235,230,172,101,232,180,95,78,163,97,114,228,
228,216,203,184,207,238,242,159,248,181,183,213,227,239,224,174,191,173,214,245,73,231,112,201,233,243,154,221,192,198,186,145,234,88,167,119,208,211,158,237,71,160,249,170,222,133,200,194,157,236,99,72,161,196,217,240,151,229,51,205,152,241,83,235,215,225,136,210,131,223,197,206,209,137,185,141,230,91,79,90,115,123,169,143,232,218,40,
235,162,136,128,112,209,99,81,161,214,239,130,191,246,245,159,158,225,247,231,229,213,151,233,234,152,205,222,116,183,181,248,196,182,249,104,241,238,201,203,149,216,190,243,207,173,240,198,61,131,184,227,174,143,210,145,133,237,154,221,148,215,224,157,119,186,141,208,71,169,236,223,89,192,194,195,65,200,170,211,167,218,217,242,160,72,
172,101,232,78,163,97,114,228,
232,169,123,115,90,79,91,230,185,137,209,206,197,223,131,210,136,215,235,83,241,205,51,218,151,217,196,161,99,236,157,194,200,133,170,249,237,158,211,229,208,141,167,88,234,186,119,198,192,221,154,233,201,152,231,240,73,245,214,173,191,112,174,225,224,145,72,239,160,227,213,183,143,222,181,248,242,159,71,238,207,184,203,216,243,
97,103,125,218,132,230,95,55,101,242,147,241,172,228,107,180,114,117,135,232,163,150,235,166,52,175,168,74,165,68,56,153,
114,163,232,97,
201,150,86,75,157,248,173,174,191,77,216,54,172,153,166,180,239,146,136,123,241,161,137,184,243,167,108,235,156,215,206,228,209,218,139,144,185,230,197,138,115,242,168,227,236,109,217,240,211,237,200,175,249,170,111,160,165,192,221,142,245,59,186,208,194,232,105,214,
135,121,120,86,75,150,147,54,172,153,166,180,239,146,136,123,241,161,137,184,243,167,108,235,156,215,206,228,209,218,139,144,58,185,230,197,138,115,242,168,227,236,109,217,240,211,110,237,200,175,249,170,111,160,165,192,221,142,245,186,208,194,232,105,214,
170,167,160,186,111,122,163,125,67,120,135,132,241,147,200,94,146,150,180,172,214,105,102,211,194,208,166,245,192,139,142,221,168,110,165,218,239,249,175,228,227,237,240,138,217,242,197,144,106,215,121,230,185,236,153,206,232,100,209,156,235,
235,195,136,116,112,209,104,81,160,242,217,218,207,200,170,241,194,192,211,167,238,186,208,236,161,247,149,182,246,190,119,215,72,221,169,240,223,152,196,201,130,245,174,131,65,214,143,173,191,158,229,157,239,198,227,145,216,249,148,231,237,154,225,141,224,183,234,151,222,233,210,181,159,205,99,248,184,203,133,243,213,71,
202,152,158,151,214,239,126,134,177,179,244,193,226,189,199,164,84,143,191,131,249,190,201,159,183,124,205,198,195,178,171,220,203,118,245,127,162,207,148,247,129,188,176,116,243,248,130,181,222,233,169,128,187,246,231,113,149,204,196,225,212,234,141,224,213,182,140,229,155,223,96,238,216,210,
207,153,180,146,201,216,166,227,77,138,136,197,191,174,165,173,248,123,184,245,241,137,243,144,175,168,167,228,194,142,221,160,161,240,192,217,156,211,185,111,170,236,109,249,157,218,214,92,59,186,208,200,139,237,242,115,215,230,235,108,239,209,206,105,232,
170,162,128,211,81,195,194,192,89,223,236,169,208,141,186,119,157,224,215,148,221,154,237,133,145,210,143,174,227,184,131,61,198,240,173,207,243,190,216,149,203,201,238,241,104,249,182,196,248,181,183,116,222,205,152,234,233,151,213,229,231,247,225,158,159,245,246,191,130,239,214,161,
194,192,161,124,133,237,157,186,208,236,210,143,221,154,215,148,188,187,128,195,162,229,204,127,145,119,174,227,184,131,198,240,173,207,140,243,190,216,149,203,201,238,104,249,182,196,248,181,183,116,222,169,205,152,234,233,151,224,76,213,231,141,247,223,89,225,158,159,245,246,191,130,239,214,
206,197,223,131,136,235,83,205,218,151,217,196,161,99,236,194,200,133,170,237,211,71,208,141,167,234,186,119,192,215,221,154,201,152,245,214,173,240,191,241,174,158,88,225,157,224,239,198,227,160,145,112,249,231,229,213,183,233,210,143,181,248,222,242,159,207,184,238,203,216,243,209,72,
166,150,163,232,117,114,180,107,228,241,147,172,95,235,230,101,242,132,
237,156,122,236,98,146,87,93,217,74,103,132,135,175,218,163,232,168,165,241,125,206,147,172,230,85,107,166,117,235,242,209,150,121,180,153,228,
172,153,166,180,146,136,123,161,137,184,115,108,235,156,206,241,228,209,232,218,139,144,236,185,230,215,197,242,168,227,217,138,240,211,237,200,175,249,170,239,160,165,192,221,142,245,208,194,105,167,214,186,243,109,111,
175,168,68,114,166,235,153,107,150,172,241,147,242,101,163,232,117,180,230,228,132,95,
166,150,163,232,117,114,180,107,228,241,147,172,95,235,230,101,242,132,
94,107,93,117,121,103,120,197,156,217,232,150,228,146,235,209,168,242,166,125,106,206,165,241,185,102,135,218,175,172,80,163,122,132,180,98,153,236,237,147,230,87,
147,150,75,86,245,192,139,243,172,167,180,146,186,239,214,105,211,194,208,166,142,221,168,165,218,109,215,160,170,249,175,228,200,237,240,138,108,217,111,227,242,197,144,230,185,236,153,206,232,209,156,241,235,120,
216,166,77,136,191,174,165,173,248,123,241,137,184,243,144,175,168,227,167,194,142,221,161,240,192,138,197,217,211,185,111,170,249,157,109,236,214,186,245,208,200,237,215,156,230,239,160,209,115,242,108,235,139,218,228,206,232,105,
240,211,94,117,121,103,120,197,156,217,232,150,228,146,235,209,168,242,166,125,106,206,165,241,185,102,135,218,175,172,80,163,122,132,180,98,153,236,237,147,230,87,
194,192,89,223,236,169,208,141,195,186,119,157,224,215,148,221,154,237,133,145,210,143,174,227,184,131,198,240,173,207,243,190,216,149,203,201,238,104,249,182,196,248,181,183,116,222,205,152,234,233,151,213,229,231,247,225,158,159,245,246,191,130,239,214,161,
212,220,178,171,210,143,221,154,215,148,188,187,128,195,162,229,204,127,145,119,174,227,184,131,198,240,173,207,140,243,190,216,149,203,201,238,104,249,182,196,248,181,183,116,222,169,205,152,234,233,151,224,76,213,231,141,247,223,225,158,159,245,246,191,124,130,239,214,
202,201,159,183,148,207,205,198,243,124,203,190,216,169,140,187,234,164,199,149,246,189,179,96,193,244,177,127,224,118,212,229,182,222,176,226,129,231,134,181,213,162,195,233,196,238,171,247,155,128,225,178,188,248,204,220,223,126,210,113,
151,192,232,228,167,183,222,161,123,245,184,185,230,70,197,136,209,235,174,206,145,137,198,237,152,241,218,157,115,242,217,194,200,154,215,243,211,208,186,158,173,234,201,170,227,240,203,249,160,221,216,214,248,205,236,238,191,112,239,207,225,
200,170,194,192,211,167,186,208,236,161,247,149,182,246,190,215,221,169,223,196,119,201,152,245,131,214,173,191,241,158,157,240,239,198,227,145,249,148,231,229,237,154,141,224,183,234,151,233,210,181,222,174,159,205,248,207,143,225,184,238,203,133,216,243,213,130,
232,228,183,222,123,185,230,197,209,235,206,137,115,152,241,198,218,242,217,174,194,237,200,154,243,157,211,208,167,186,192,158,112,201,245,215,170,227,184,161,151,240,203,249,160,221,173,216,214,248,205,236,238,145,234,191,239,207,136,225,
135,147,146,150,180,172,120,105,194,208,166,245,142,221,110,192,165,239,249,175,121,200,237,211,240,138,217,227,168,242,197,215,230,185,236,144,139,218,153,232,209,228,241,206,156,235,
166,153,150,241,147,107,114,163,180,232,101,235,230,242,172,228,117,132,
232,228,183,222,123,185,230,197,209,235,206,137,115,152,241,198,218,242,217,174,194,237,200,154,243,157,211,208,167,186,192,158,112,201,245,215,170,227,184,161,240,203,249,160,221,173,216,214,248,205,236,238,234,191,239,207,136,225,
232,228,183,222,123,185,230,197,209,235,206,137,115,152,241,198,218,242,217,174,194,237,200,154,243,157,211,208,167,186,192,158,112,201,245,215,170,227,184,161,240,203,249,160,221,173,216,214,248,205,236,238,234,191,239,207,136,225,
218,217,196,161,236,194,200,170,211,208,167,186,192,215,221,119,201,152,245,214,173,191,241,158,157,240,239,198,227,145,249,231,229,237,154,213,141,224,183,234,151,233,210,181,222,174,242,159,205,248,207,143,225,184,238,203,133,216,160,243,
218,217,196,161,236,194,200,170,211,208,167,186,192,215,221,119,201,152,245,214,173,191,241,158,157,240,239,198,227,145,249,231,229,237,154,213,141,224,183,234,151,233,210,181,222,174,242,159,205,248,207,143,225,184,238,203,133,216,160,243,
210,137,185,230,197,206,235,224,213,154,159,152,211,205,209,218,91,183,242,236,222,241,198,145,217,158,99,174,227,194,237,184,243,200,207,157,216,208,167,186,245,133,192,136,201,88,215,170,161,214,151,240,203,249,160,239,112,221,173,248,238,234,191,225,
135,117,218,163,232,168,175,165,241,147,172,125,166,235,242,103,150,180,153,107,228,230,132,
86,245,192,139,243,172,167,180,146,186,239,214,105,211,194,208,166,142,221,168,165,109,218,160,170,249,175,228,200,237,240,138,108,217,111,227,242,197,144,215,230,185,236,153,206,232,209,156,241,235,
221,215,188,187,128,195,162,204,127,145,119,210,174,227,184,131,240,173,154,207,243,190,216,203,148,201,238,143,140,249,196,248,183,222,169,205,152,234,181,233,151,224,104,213,229,231,141,247,198,223,116,225,159,245,246,182,149,158,191,130,239,214,
191,174,165,173,248,123,137,184,144,175,168,108,115,194,142,221,161,240,192,138,217,211,185,111,232,170,249,157,236,241,167,214,227,186,208,245,200,237,136,215,230,239,160,197,209,242,156,235,139,218,228,206,243,109,
232,97,163,228,114,
183,222,185,230,197,206,235,137,209,152,241,198,218,242,217,174,194,237,200,154,243,157,211,208,167,186,192,158,112,201,245,215,170,227,184,161,151,240,203,249,160,221,173,216,214,248,205,236,238,145,234,191,239,207,136,225,
185,120,197,217,135,232,228,153,150,209,242,166,147,206,125,241,102,218,165,106,175,172,168,163,132,235,180,121,122,236,98,237,156,146,230,103,
211,194,192,186,208,236,161,157,215,221,237,133,145,210,174,227,184,131,240,173,154,207,243,190,216,203,148,201,238,143,249,196,248,183,222,169,205,152,234,181,233,151,224,104,213,229,231,141,247,198,223,225,119,159,245,246,182,149,158,191,130,239,214,
212,220,178,171,154,152,158,128,195,187,188,204,116,239,198,191,247,149,190,182,140,223,246,205,162,245,159,196,225,143,169,127,210,214,131,249,229,141,224,183,181,222,233,151,234,213,130,248,124,207,201,238,231,148,203,216,243,
235,224,213,154,159,218,152,211,205,209,183,242,236,222,241,198,145,217,158,99,174,227,194,237,184,243,200,207,157,216,208,167,186,245,133,192,136,201,88,215,170,161,214,151,210,240,203,249,160,239,112,221,173,248,238,234,191,225,
191,131,143,201,159,249,183,205,198,195,178,171,220,203,245,162,207,124,247,176,243,248,181,222,233,169,128,148,231,190,149,204,113,196,225,212,129,234,141,224,130,213,182,140,223,188,229,187,246,155,238,216,210,127,
228,153,150,132,103,242,235,166,230,172,147,125,241,107,165,168,232,163,218,175,117,135,217,180,93,
243,172,167,180,146,186,214,105,194,208,166,245,142,221,192,165,160,239,170,249,175,200,237,211,240,138,217,227,168,242,197,215,230,185,111,236,144,139,218,153,232,209,228,241,206,156,235,
98,236,122,180,117,235,132,103,163,168,230,172,175,165,218,241,125,206,147,166,242,209,150,153,228,232,135,217,
235,224,213,159,152,205,209,183,236,222,241,198,145,218,217,174,227,194,237,184,200,154,207,243,157,211,158,99,208,167,186,239,242,133,192,136,245,201,215,170,161,214,151,240,203,249,160,112,221,173,216,248,238,234,191,225,
236,208,195,186,157,215,221,237,133,145,119,210,174,227,184,131,240,173,154,207,243,190,216,203,148,201,238,143,249,196,248,183,222,169,205,152,234,181,233,151,224,104,213,229,231,141,247,198,223,116,225,159,245,246,182,149,158,191,130,239,214,
185,230,197,206,235,137,152,205,209,183,236,222,241,198,145,218,242,217,174,227,194,237,184,200,154,207,243,157,211,158,99,208,167,186,239,192,136,245,201,215,170,161,214,151,240,203,249,160,112,221,173,216,248,238,234,191,225,
235,206,197,230,185,159,152,205,209,183,236,222,241,198,145,218,217,174,227,194,237,184,200,154,207,243,157,211,158,99,208,167,186,239,242,133,192,136,245,201,215,170,161,214,151,240,203,249,160,112,221,173,216,248,238,234,191,225,
232,228,201,191,174,173,248,184,221,216,137,211,243,206,218,235,242,209,197,123,230,136,215,237,200,245,208,186,227,214,167,241,157,236,185,217,249,170,192,160,239,161,240,115,194,
217,135,117,218,163,232,168,175,165,241,147,172,125,166,235,242,103,150,180,153,107,228,230,132,
185,132,120,197,237,206,125,156,218,135,166,228,172,163,230,106,241,102,236,168,235,121,180,175,242,217,150,209,147,122,153,146,165,232,
101,232,228,172,180,163,114,
216,140,164,199,189,226,193,244,179,177,118,229,222,212,223,231,176,134,213,190,224,187,162,195,246,233,196,238,171,129,182,210,247,155,234,225,188,181,169,248,204,220,178,126,
163,114,
236,209,206,132,163,122,168,230,175,165,218,241,147,166,235,242,150,180,153,228,232,135,217,172,125,
209,183,222,152,241,198,218,242,217,174,194,237,200,154,243,157,211,208,167,186,192,158,112,201,245,215,170,227,184,161,151,240,203,249,160,221,173,216,214,248,205,236,238,145,234,191,239,207,225,
163,125,120,185,211,122,240,135,237,197,168,156,172,230,241,236,217,106,165,235,121,180,150,209,218,242,166,206,147,175,146,232,110,228,153,
232,228,163,114,
237,163,125,135,156,172,230,241,236,217,165,235,121,180,150,209,122,218,242,166,206,147,175,146,232,228,168,153,
218,163,168,175,165,241,172,147,125,166,242,180,153,235,228,230,232,150,132,
174,184,227,240,173,154,243,216,203,207,148,238,143,201,248,130,222,205,234,183,233,181,210,151,224,213,229,231,249,131,190,141,198,169,223,225,196,159,245,246,182,149,247,158,191,239,214,152,
194,208,221,192,165,239,245,249,200,142,211,240,217,237,227,168,138,197,139,175,215,156,185,236,144,230,232,209,228,241,218,206,235,242,
237,197,156,172,230,241,236,217,165,235,121,180,150,209,218,242,166,206,147,175,146,232,228,168,153,135,
232,228,163,180,235,230,242,172,117,
194,221,240,239,192,170,217,211,185,232,249,236,241,167,214,227,186,208,245,200,237,215,230,160,197,209,242,235,218,228,206,243,109,
243,228,218,235,206,242,209,197,230,160,215,237,245,186,227,214,167,236,249,208,232,185,211,217,170,192,239,240,221,200,194,241,
240,211,185,120,236,237,197,168,156,172,230,241,217,165,235,180,150,209,218,242,166,175,146,228,153,232,206,147,
194,208,192,214,221,239,186,245,249,200,142,211,240,217,237,227,168,138,197,139,175,215,156,185,236,144,230,232,209,228,241,218,206,235,242,
218,242,217,174,194,241,200,211,208,167,186,192,243,158,237,245,215,170,249,227,161,240,203,184,221,173,214,248,236,157,238,201,234,239,160,216,205,207,225,191,198,
178,212,220,203,124,176,243,248,181,247,140,233,169,231,204,210,155,222,190,225,129,196,234,224,213,182,188,187,246,195,162,229,171,238,223,216,149,127,
163,
184,137,211,243,206,218,235,242,209,197,230,215,237,200,245,208,186,227,214,167,241,236,185,217,249,170,192,160,239,161,240,221,194,
239,214,191,247,149,182,246,245,159,196,225,223,169,198,141,190,131,249,231,229,213,224,210,181,233,183,234,205,222,130,248,201,143,238,148,207,203,216,243,
242,230,235,180,163,228,172,232,
155,222,212,223,231,169,176,190,224,187,162,229,195,246,233,238,171,129,196,182,213,210,247,234,225,188,181,248,204,220,178,
152,245,214,191,158,239,173,227,145,141,249,231,229,154,213,224,151,210,240,181,174,233,159,183,234,205,222,248,201,143,238,225,207,203,216,184,243,198,
237,197,156,172,241,236,217,165,206,180,218,242,166,175,230,146,228,168,209,153,235,232,150,
156,172,241,236,217,165,206,180,218,242,166,147,175,150,232,230,146,228,168,209,153,235,
230,168,175,165,241,172,147,166,242,180,218,153,235,228,232,150,135,217,
194,221,240,239,192,170,217,185,249,236,241,167,214,227,186,208,245,200,237,215,230,160,197,209,242,235,218,206,243,211,137,
243,216,140,169,204,233,181,210,222,248,190,225,196,234,162,213,188,247,182,187,246,195,224,229,238,231,223,149,
168,175,165,153,147,180,166,235,228,163,232,230,241,172,242,150,
234,248,222,177,190,238,195,182,162,223,188,171,246,178,155,229,212,210,247,196,233,224,187,204,231,213,176,220,
203,243,216,140,169,204,233,181,210,222,248,190,225,196,234,162,213,247,182,246,195,224,229,238,231,223,149,
198,195,205,207,148,203,190,248,213,246,223,216,169,238,234,225,196,231,182,229,222,149,243,233,210,181,247,224,183,
181,223,231,238,190,224,187,229,195,246,233,196,182,210,247,213,176,162,234,225,188,169,248,222,171,204,220,212,178,
196,223,169,141,249,231,229,213,224,210,181,233,159,183,234,205,222,248,201,143,238,225,207,203,216,243,198,
245,223,196,141,249,231,229,213,224,210,181,233,159,183,234,205,222,248,201,143,238,225,207,203,216,243,198,
242,230,235,180,163,228,172,232,
237,221,215,145,174,203,227,198,240,173,184,243,214,222,234,205,216,158,245,239,152,249,191,225,154,183,201,248,238,151,207,
195,179,177,244,193,226,189,199,238,164,223,188,171,246,178,155,229,212,247,233,224,187,204,231,213,176,220,
168,175,165,153,147,180,166,235,228,232,230,218,241,172,242,150,
218,242,209,184,243,160,215,237,245,186,227,214,167,236,249,211,217,170,192,239,240,221,200,194,241,208,161,
243,218,235,206,242,209,197,230,160,215,237,245,186,227,214,167,236,249,208,185,211,217,170,192,239,240,221,200,194,241,
200,211,240,217,237,168,175,197,156,142,236,144,230,185,232,209,228,241,218,206,235,242,
249,245,239,232,228,240,211,200,185,237,230,217,197,236,209,242,235,206,241,218,
204,181,222,248,225,234,162,213,247,210,182,196,233,246,195,229,224,190,238,231,223,169,
249,231,229,213,224,210,233,159,183,234,222,205,248,201,238,225,207,203,216,243,198,181,
240,211,237,175,197,168,185,156,236,230,217,232,228,241,209,206,235,242,218,
249,231,213,224,210,159,183,234,222,205,248,201,238,225,207,203,216,243,198,181,
240,211,237,197,175,185,156,236,230,217,232,228,241,209,206,235,242,218,
174,184,227,240,173,243,222,234,216,239,203,249,158,205,225,154,201,248,238,191,214,207,151,245,198,152,183,
236,217,206,180,165,242,175,218,241,230,228,209,232,166,235,168,
180,235,228,232,241,230,242,172,150,
203,190,213,246,223,216,169,238,234,225,248,231,182,229,222,149,243,196,233,210,247,224,181,
216,190,246,182,243,169,223,234,225,248,231,213,229,222,196,233,247,210,238,224,181,
242,230,172,232,228,235,180,
222,158,234,238,201,216,203,205,243,245,225,191,207,248,239,198,249,214,183,
158,234,238,201,216,203,222,205,243,245,225,191,207,248,239,198,249,214,
180,235,230,241,228,242,232,166,
214,249,198,248,191,225,245,207,243,205,203,216,239,201,238,234,158,
224,188,246,247,178,233,187,229,231,204,171,223,176,220,212,
236,230,232,228,209,206,241,242,217,235,218,
248,221,173,239,184,240,227,249,245,237,214,243,215,
238,201,234,216,203,239,205,207,225,191,198,249,245,214,248,243,
201,183,222,248,238,225,207,203,216,243,205,234,198,
192,215,237,214,245,186,227,167,249,208,211,170,239,240,221,200,241,194,236,
243,236,208,186,221,240,239,227,249,245,214,237,215,
210,182,247,246,233,195,224,213,238,229,190,231,223,

199,189,226,193,244,177,179,247,220,204,212,246,
175,241,230,242,228,232,235,168,
242,228,232,241,230,235,
211,215,237,214,245,249,227,192,239,240,241,194,221,186,236,208,
235,232,228,242,230,241,175,
223,234,225,248,196,229,222,231,233,210,238,224,213,
211,215,237,214,245,249,227,192,239,240,194,221,186,236,208,
231,229,187,233,204,247,246,223,188,
232,228,
240,227,249,245,214,243,239,184,
248,227,249,245,214,243,239,184,
242,228,232,241,230,235,
229,233,220,204,247,223,212,246,
220,204,247,212,246,
229,233,231,220,204,247,223,212,246,
244,226,189,247,212,246,220,199,
232,228,
225,234,248,222,210,238,224,213,
247,246,224,213,238,233,229,231,223,190,
238,207,222,205,203,243,216,248,234,225,
243,239,214,245,249,227,
230,197,237,236,209,242,206,217,235,241,218,
221,240,239,214,227,249,245,237,215,
231,229,233,204,247,246,223,
231,229,233,204,247,246,223,
212,247,246,220,199,
231,229,233,238,223,213,224,
249,245,248,243,
236,221,227,208,215,249,237,239,240,245,
244,226,220,
236,221,227,208,215,249,237,239,240,245,
247,231,223,233,246,224,229,
233,231,229,210,238,224,213,
237,236,209,206,241,242,217,235,218,
207,205,203,243,216,248,234,225,
220,246,247,212,
241,211,236,240,237,
243,248,216,
244,226,
243,216,248,225,234,
247,246,
243,248,216,
235,217,242,241,218,
243,248,216,
249,237,239,240,245,
217,242,241,218,
224,238,213,
240,237,236,
246,
238,224,
249,245,
239,227,245,240,249,221,
248,
242,241,
242,241,
244,

240,245,227,249,239,
248,238,234,
233,

248,

245,249,239,
232,

235,














249,




Past links sets, 









0,
6,




8,

13,
1,
7,5,10,
1,

11,12,

8,
15,
2,3,
11,12,

1,2,3,
1,4,
9,
19,

21,
19,
17,
33,
9,
11,17,
37,
32,35,
17,27,
18,15,30,
18,20,30,
18,20,4,29,
9,
0,23,28,
1,4,25,
31,
31,
9,40,
17,41,
2,32,16,14,3,
25,43,44,
41,16,3,14,13,
14,17,16,41,
14,19,16,26,
15,29,44,
24,43,48,
14,19,16,26,
38,49,
23,28,31,
0,23,28,
15,33,24,34,
33,38,31,46,
15,33,24,34,
30,45,
55,
25,4,24,34,
25,64,
38,46,51,
38,46,51,
24,34,0,40,
41,53,
25,43,58,
50,62,
20,21,59,
27,36,19,39,
24,34,15,40,
29,57,60,
33,38,46,49,
23,28,31,
8,34,51,
9,47,
26,35,53,
75,
53,57,60,
73,83,
23,50,61,
24,34,15,40,
9,15,73,
18,48,34,24,30,
57,85,
57,45,60,
56,36,11,55,52,
47,63,
41,42,78,
18,87,80,35,20,
38,91,46,90,88,
14,16,45,26,30,19,
12,39,68,95,
32,80,94,
20,93,87,80,74,
76,81,89,
86,67,59,21,54,
94,80,100,
93,68,52,74,56,
34,54,75,77,
108,
44,67,100,
45,54,77,86,
66,99,79,69,70,
63,84,
2,97,101,
40,54,66,77,92,70,69,
46,89,82,47,76,
29,87,107,
9,96,
71,89,81,65,76,72,
58,94,80,110,
44,106,102,67,53,
98,100,102,
2,40,54,66,77,92,70,69,
50,62,82,113,
100,102,98,103,
9,96,
76,82,113,
84,38,49,82,76,63,
31,113,118,
65,84,104,116,
116,104,51,84,65,
52,56,103,98,68,94,
65,71,28,72,91,81,89,88,
96,
44,67,122,106,93,74,
38,88,66,90,79,91,46,69,92,70,77,54,
73,115,123,90,79,
7,10,14,111,26,5,16,105,
7,14,5,16,26,105,111,34,
96,124,127,
119,130,131,
138,
119,130,21,131,
138,
133,64,119,66,99,79,
24,48,121,86,120,54,
52,56,68,58,135,125,110,121,
65,104,116,128,
124,127,148,
43,25,120,147,
47,82,104,145,
47,69,145,70,104,82,
17,68,86,135,48,125,54,120,121,
69,145,70,104,82,
113,118,126,134,
34,144,121,142,120,
65,71,28,72,77,112,89,92,81,
151,112,152,154,
63,143,88,141,91,
45,72,31,86,71,137,112,136,109,
112,2,71,81,136,72,61,50,65,115,23,
140,129,38,49,126,
22,132,117,125,114,
134,
77,146,135,125,105,
52,153,146,56,59,
65,160,
142,55,165,
40,149,129,140,130,
49,65,160,
62,82,129,155,
39,54,86,132,150,95,117,
104,145,157,
77,145,112,92,104,
34,144,168,
129,155,
126,164,
62,82,129,155,
9,164,
153,95,117,150,146,132,
34,149,143,141,129,140,
149,162,
69,159,151,128,70,
2,174,173,136,115,
80,91,94,110,144,139,109,142,137,
28,170,167,161,89,111,
124,76,171,
124,76,171,
179,
182,
77,116,158,92,84,
26,81,170,50,61,105,167,23,111,
164,
14,26,81,170,50,61,105,167,111,
162,46,134,89,128,
169,131,71,126,72,
185,32,120,106,51,
1,128,158,159,
189,
138,139,65,160,
92,43,158,159,
47,63,
127,148,183,198,
140,178,176,187,188,177,
183,198,
98,146,156,197,
30,48,183,198,
28,89,5,16,192,7,194,161,
99,98,197,156,146,136,
73,196,181,162,83,
81,110,142,60,170,200,167,144,
176,177,178,199,
88,134,190,210,
158,184,116,186,
133,194,5,16,192,157,76,186,
59,96,149,207,205,203,201,
31,72,71,93,209,206,122,112,
71,72,103,209,206,135,112,
28,
176,193,178,199,177,
7,215,
183,126,181,169,152,
131,169,178,195,190,188,176,187,
155,195,213,
169,181,203,
179,193,202,
184,221,
66,166,172,70,139,37,175,109,180,69,92,156,78,101,
178,176,187,141,196,195,190,188,
36,132,117,150,185,175,166,156,
178,143,187,141,196,195,190,188,
40,42,228,
141,196,223,
203,222,
38,230,206,46,88,
28,89,146,156,211,98,197,192,161,194,
53,133,102,157,211,186,208,197,
158,213,222,
6,116,208,158,227,139,
173,208,211,221,
49,147,166,218,217,167,200,175,
36,132,117,150,218,217,175,166,
203,137,205,191,161,207,184,149,86,201,109,
193,202,179,219,
6,139,227,214,131,208,191,
195,204,182,212,
182,195,199,204,
157,174,225,222,216,191,
141,143,245,
Future links sets, 
73,63,47,9,
198,48,20,30,18,29,
184,123,161,29,26,114,53,
55,53,29,26,
69,48,45,30,
19,139,215,138,208,
239,245,10,
221,19,139,138,208,
83,24,15,
118,179,91,31,46,84,51,126,38,
138,19,
95,39,27,22,
101,27,22,
55,17,
194,139,138,60,53,55,100,56,57,
90,79,66,43,91,25,58,64,
208,139,215,138,60,53,55,100,56,57,
153,56,36,39,42,52,
98,43,44,45,92,
100,78,32,57,35,60,
103,45,44,77,98,
143,105,77,34,
163,
89,47,161,62,192,82,63,
90,79,73,92,59,64,146,69,66,
150,75,54,69,48,70,
194,139,138,57,192,60,85,100,
78,42,
219,208,186,133,157,47,62,236,82,63,
117,58,80,45,
207,43,44,100,67,92,
217,129,82,49,160,50,65,62,
197,102,53,41,
81,37,64,65,66,
73,139,181,66,156,64,108,79,90,175,83,69,92,
98,85,41,
242,230,95,78,
228,40,
162,128,99,235,136,81,71,65,61,72,
172,101,78,
232,169,115,51,73,123,79,90,
97,55,56,52,74,
232,97,
201,54,59,75,150,
54,135,58,110,121,
160,94,67,100,111,
195,99,65,71,235,136,81,116,72,
202,152,84,116,96,151,
207,59,92,146,153,
241,170,61,81,128,162,
192,76,194,161,89,124,
71,197,131,72,83,
166,95,107,132,147,
237,74,85,87,121,
172,153,146,136,123,105,115,108,111,
95,168,68,
166,95,107,132,147,
94,93,87,80,
147,120,75,
216,166,105,77,
211,94,87,80,
192,161,194,89,
178,124,171,76,
202,96,113,128,159,
145,70,
200,167,161,157,170,148,119,130,131,133,
228,115,145,112,123,136,
121,135,110,105,
153,101,107,132,147,
228,183,154,152,115,112,123,136,
228,183,154,152,115,112,123,136,
217,161,218,196,119,133,157,160,
217,161,218,196,119,133,157,160,
210,137,91,88,
135,107,103,
108,86,
188,187,128,104,119,215,116,127,
165,157,191,136,174,108,123,111,115,
228,97,
145,136,137,112,
185,120,98,103,102,106,
211,194,161,192,104,119,133,157,
178,154,152,151,124,171,116,127,128,
210,88,
191,113,128,130,131,
93,
172,160,105,243,111,146,153,
117,103,98,
99,159,133,235,213,136,
195,208,186,157,236,104,119,116,133,
137,136,99,
185,99,159,133,136,
228,174,115,123,191,136,201,157,
135,217,107,103,
185,102,132,106,120,
180,172,101,
216,126,134,118,140,
114,
236,122,209,132,125,206,
209,145,112,
122,125,110,106,
228,114,
125,237,122,121,
218,132,125,
154,174,152,130,131,173,151,148,
138,194,139,165,192,
197,135,121,
117,
109,
243,228,185,160,
211,147,185,120,
138,194,139,186,192,
217,218,174,157,158,160,161,
155,127,129,124,
163,
184,161,137,
239,130,131,191,214,148,
242,163,172,180,230,
155,129,
145,143,141,
146,156,150,197,153,
153,147,156,146,
217,135,
137,
188,187,149,140,
165,163,153,147,
222,162,155,177,196,
203,149,140,
195,198,183,148,
181,178,162,169,171,176,
169,143,141,
141,196,143,245,223,
242,163,172,180,230,
237,215,145,
213,164,195,155,
165,218,153,147,
209,184,161,160,
243,185,160,
200,144,142,
245,185,200,228,239,
181,204,169,162,
249,233,229,159,181,231,
185,168,211,156,
231,181,249,159,
185,175,211,156,
174,152,154,151,173,
236,209,165,180,166,206,
241,150,
203,149,
243,169,181,216,182,
230,180,242,172,
183,158,
222,158,
180,166,
158,
224,178,176,171,
236,209,206,228,230,
237,215,248,173,
239,238,191,201,198,214,
201,198,183,
200,170,167,
243,208,236,186,
210,195,182,

193,179,177,
168,
242,241,230,228,
241,186,211,192,194,
175,
225,223,222,196,
194,192,211,186,
188,187,
228,
240,184,
248,184,
242,241,230,228,
229,204,220,212,223,
220,212,204,
229,204,231,220,212,223,
226,244,189,
228,
222,225,210,
247,246,190,
222,207,205,203,
243,227,214,
230,197,
237,215,214,
231,223,229,204,
231,223,229,204,
199,
231,229,223,213,
245,248,243,
236,215,208,
244,226,220,
236,215,208,
247,223,246,224,229,231,
233,231,229,210,
237,209,236,206,
207,205,203,
220,247,212,
241,211,
243,216,
244,226,
243,234,225,216,
247,246,
243,216,
235,218,217,
243,216,
245,240,239,237,
218,217,
213,
240,237,236,
246,
238,224,
245,
221,
248,
242,241,
242,241,
244,

240,227,
248,238,234,
233,

248,

245,239,
232,

235,














249,




Coordinates,
0.00476886,1.98345,
0.00781804,1.11324,
0.0156563,0.930106,
0.0333669,0.849259,
0.0395049,1.18489,
0.0509977,0.660108,
0.0619443,0.582245,
0.0712758,0.613751,
0.0831374,1.34682,
0.0868876,1.9102,
0.105285,0.555762,
0.113712,0.129754,
0.133312,0.0975166,
0.138036,0.303384,
0.146804,0.704791,
0.148201,1.28215,
0.165646,0.662581,
0.171297,0.273397,
0.194011,1.02711,
0.201509,0.519436,
0.203724,0.991312,
0.248417,1.38748,
0.250275,0.0171491,
0.257905,1.99316,
0.270313,1.31909,
0.273498,1.20084,
0.275103,0.744713,
0.28078,0.0715262,
0.286326,1.9952,
0.289708,0.841369,
0.296908,1.04615,
0.313272,1.77244,
0.326107,0.44318,
0.333644,1.51101,
0.35592,1.36673,
0.360245,0.397527,
0.38063,0.168683,
0.402085,1.46114,
0.407713,1.63876,
0.41653,0.103286,
0.416937,1.46006,
0.439835,0.337412,
0.442415,0.0328682,
0.447416,1.02314,
0.448757,0.958689,
0.448977,0.791787,
0.488614,1.54779,
0.490325,1.97467,
0.504548,1.05562,
0.525391,1.65219,
0.526722,1.708,
0.555451,1.4596,
0.561356,0.25965,
0.568563,0.426609,
0.573905,0.955169,
0.590173,0.298207,
0.600109,0.262076,
0.600148,0.486373,
0.600535,0.840559,
0.607312,1.00543,
0.609958,0.496612,
0.612345,1.59962,
0.621437,1.74403,
0.62392,1.97984,
0.633685,1.2138,
0.634488,1.49877,
0.635018,1.22614,
0.635328,0.746823,
0.647357,0.281208,
0.6597,1.17537,
0.663728,1.18561,
0.666118,1.40628,
0.667179,1.40922,
0.67209,1.31677,
0.672716,0.329411,
0.678838,0.835659,
0.679304,1.69176,
0.67954,0.99102,
0.680884,0.0588727,
0.681637,1.22846,
0.685052,0.480339,
0.690563,1.50339,
0.692867,1.74519,
0.699734,1.3327,
0.701162,1.80034,
0.707041,0.353843,
0.70787,0.807906,
0.71487,0.401301,
0.719408,1.31318,
0.722069,1.5523,
0.726342,1.23426,
0.731075,1.26698,
0.734422,1.02464,
0.736947,0.351361,
0.761008,0.486057,
0.790877,0.109027,
0.79189,1.96275,
0.799578,0.0210163,
0.827878,0.394506,
0.829639,1.23329,
0.846993,0.51204,
0.852272,0.0841208,
0.884794,0.437199,
0.899104,0.319971,
0.904364,1.50028,
0.905911,0.746662,
0.908548,0.468605,
0.91133,0.186956,
0.914335,0.834607,
0.920225,0.82915,
0.921804,0.496615,
0.923594,0.759282,
0.928643,1.14347,
0.933126,1.79487,
0.938069,0.0193615,
0.948239,0.950256,
0.971262,1.51902,
0.98402,0.170713,
0.987748,1.82034,
0.988587,1.40053,
0.990866,0.470401,
0.999205,0.418487,
1.00776,0.363073,
1.02785,0.868055,
1.03072,1.70619,
1.0573,0.307199,
1.06159,1.83831,
1.06209,1.67389,
1.07178,1.61324,
1.07488,1.76466,
1.07586,1.46454,
1.08345,1.44888,
1.08491,0.213874,
1.0858,1.23811,
1.09101,1.93438,
1.09335,0.321813,
1.09934,0.951074,
1.13522,0.857872,
1.14126,0.54977,
1.14392,0.602681,
1.14492,1.65844,
1.15235,1.40016,
1.16749,0.530153,
1.17068,1.37437,
1.18389,0.536551,
1.18865,1.21219,
1.19546,0.411525,
1.21105,0.237795,
1.22238,1.49719,
1.25012,1.4932,
1.27007,0.218355,
1.27234,1.20598,
1.30296,1.16522,
1.30316,0.269418,
1.31388,1.14477,
1.31503,1.77481,
1.32312,0.414867,
1.33513,0.968918,
1.34286,1.13592,
1.34667,1.26147,
1.34952,0.774572,
1.35611,0.90882,
1.35731,1.63549,
1.3577,0.0114012,
1.36232,1.93278,
1.37509,0.305054,
1.38471,0.251049,
1.38491,0.772637,
1.40477,0.295273,
1.4048,1.4596,
1.41309,0.773751,
1.42215,1.71736,
1.4349,0.0996419,
1.4482,0.962627,
1.45199,0.984348,
1.4525,0.285464,
1.45913,1.75752,
1.46962,1.82901,
1.47008,1.74357,
1.47859,1.89321,
1.50317,0.108757,
1.50773,1.35496,
1.50995,1.48981,
1.52193,1.17421,
1.52524,0.912009,
1.52878,0.476373,
1.53022,0.756095,
1.53145,1.67688,
1.53284,1.6796,
1.53459,1.85982,
1.53648,1.46747,
1.54408,0.986558,
1.54936,0.715242,
1.55493,1.9236,
1.55768,0.684337,
1.55874,1.5225,
1.57699,1.404,
1.58095,0.442857,
1.58359,1.11088,
1.5889,1.85492,
1.59606,0.548278,
1.60657,1.01596,
1.62145,1.97422,
1.63755,1.09875,
1.65373,1.65511,
1.65587,1.05678,
1.66279,0.364491,
1.67084,1.03023,
1.67625,0.607638,
1.68215,0.386781,
1.6831,1.31437,
1.7053,0.491628,
1.72687,1.73059,
1.73386,1.29908,
1.74413,0.747409,
1.75071,0.622728,
1.76239,1.0042,
1.76331,0.346283,
1.76733,0.312299,
1.76865,1.99491,
1.77091,1.74083,
1.77555,0.609904,
1.77956,1.15186,
1.80337,1.41895,
1.81331,1.28774,
1.81463,1.08385,
1.81651,1.87471,
1.82797,0.60928,
1.83068,0.0373296,
1.83105,1.38985,
1.84629,0.161149,
1.84854,1.36745,
1.85719,0.0229506,
1.86711,1.39592,
1.88243,1.09312,
1.8879,0.160181,
1.89569,0.387716,
1.90888,0.425598,
1.91872,1.12694,
1.92155,0.56897,
1.94448,0.490066,
1.9503,0.231047,
1.95254,0.168218,
1.95839,0.792606,
1.96361,1.89285,
1.96404,0.573926,
1.97876,1.48611,
1.97926,1.46773,
1.98302,0.967097,
1.99457,0.570169,
