Storage option,sets
Size,150
Dimension,3
Shape,cylinder
Spacetime,BlackHole
Past sets, 
































7,





2,




2,

5,



6,




19,

22,



20,


48,
7,32,
12,



4,


6,49,


39,

16,21,
62,


41,
12,27,
55,
26,
20,
25,
39,
11,19,54,
31,7,32,
6,38,2,43,

25,
12,
39,
14,5,45,68,
25,
30,

4,
39,
10,58,
10,58,
26,33,

24,35,
12,
4,
33,26,84,
39,
17,
11,29,53,19,54,
11,75,39,87,
13,21,44,5,45,
11,36,19,54,
2,30,6,97,
7,10,18,31,34,47,
11,19,29,36,53,
11,39,75,
12,55,83,
4,19,
7,10,47,
12,65,
10,59,91,

10,20,
25,61,
16,
25,
4,79,
11,19,54,
2,17,
26,28,
20,60,
5,24,35,68,
7,13,45,44,5,70,21,16,77,
10,20,60,
26,28,33,40,
86,25,92,
46,
26,84,25,61,126,
7,10,47,
13,16,21,5,44,70,
17,52,49,6,72,
60,76,62,78,20,85,
10,20,60,
25,28,40,61,
27,55,57,73,98,
67,4,69,
20,60,
Future sets, 


131,115,43,90,38,

129,120,107,99,148,69,
142,134,95,113,135,45,
115,90,72,143,49,
135,121,116,64,141,89,32,


145,125,136,123,121,116,141,102,101,
118,130,117,112,111,114,88,
119,106,93,82,122,65,
142,135,113,
95,

127,135,142,77,
143,131,110,
116,
120,88,114,111,117,130,54,
85,133,136,149,144,145,125,60,
113,135,142,77,
56,

134,105,
146,128,140,126,96,92,138,86,
137,132,103,108,140,84,
147,82,
146,137,132,
117,111,
115,97,
116,89,
89,64,
137,108,103,
116,
134,105,
117,114,

90,
109,94,100,87,112,118,75,
146,137,
81,

90,
142,135,113,
135,113,95,
139,
141,121,116,
63,
143,72,


143,
117,111,
130,111,114,88,
147,119,83,

147,
102,101,
123,
145,144,149,136,133,
146,140,126,
144,78,


122,

148,
134,95,
148,
142,135,

143,
147,

118,112,
144,
135,
144,
129,



119,
140,108,
144,
138,
112,



123,
138,




115,
147,



























140,























Past links sets, 
































7,





2,




2,

5,



6,




19,

22,



20,


48,
32,
12,



4,


49,


39,

16,21,
62,


41,
12,27,
55,
26,
20,
25,
39,
11,54,
31,32,
6,38,43,

25,
12,
39,
14,45,68,
25,
30,

4,
39,
10,58,
10,58,
26,33,

24,35,
12,
4,
33,84,
39,
17,
11,29,53,54,
11,75,87,
13,21,44,45,
11,36,54,
2,6,97,
7,10,18,31,34,47,
11,19,29,36,53,
11,75,
12,83,
4,19,
7,10,47,
65,
10,59,91,

10,20,
25,61,
16,
25,
4,79,
11,54,
2,17,
26,28,
60,
5,24,35,68,
7,13,45,44,70,77,
10,60,
26,28,33,40,
86,92,
46,
84,126,
7,10,47,
13,16,21,5,44,70,
17,52,72,
60,76,78,85,
10,60,
25,28,40,61,
27,55,57,73,98,
67,69,
60,
Future links sets, 


131,115,43,38,

129,120,107,99,69,
142,134,45,
115,90,49,
141,135,121,116,32,


145,125,136,123,121,116,141,102,101,
118,130,117,112,111,114,88,
119,106,93,82,65,
142,135,113,
95,

127,142,77,
143,131,110,
116,
120,117,54,
85,125,60,
113,142,77,
56,

134,105,
146,128,126,96,92,86,
137,132,103,84,
147,82,
146,137,132,
117,111,
97,
116,89,
89,64,
137,108,103,
116,
134,105,
117,114,

90,
109,94,100,87,75,
146,137,
81,

90,
142,135,113,
135,113,95,
139,
141,121,116,
63,
72,


143,
117,111,
130,111,114,88,
147,83,

147,
102,101,
123,
145,144,149,136,133,
146,126,
78,


122,

148,
134,95,
148,
142,135,

143,
147,

118,112,
144,
135,
144,
129,



119,
140,108,
144,
138,
112,



123,
138,




115,
147,



























140,























Coordinates
-3.98934,1.46545,2.9062
-3.98273,1.17251,5.37391
-3.96526,3.96979,3.33995
-3.95331,0.733677,1.11975
-3.94924,3.98455,3.85925
-3.91733,2.80729,5.39618
-3.8717,3.07583,3.36578
-3.8576,2.34847,0.196907
-3.83855,1.35663,0.474644
-3.77153,1.49864,3.12825
-3.72781,3.07965,0.21924
-3.67609,2.60121,4.31249
-3.67466,2.88417,1.6576
-3.63032,2.19111,5.59257
-3.62951,2.24001,5.06982
-3.59649,1.74575,2.46943
-3.55405,3.69268,5.68976
-3.54566,3.86959,2.96554
-3.49518,2.13617,0.896221
-3.47405,2.66561,4.01924
-3.45593,3.94323,0.565812
-3.42483,2.55551,5.85963
-3.41308,3.97039,5.24771
-3.38758,0.682233,2.18739
-3.31218,3.98325,5.11699
-3.30798,3.63135,1.856
-3.30446,2.76516,2.3993
-3.21728,3.28916,1.3947
-3.21132,3.60257,2.29152
-3.21061,1.77194,4.56593
-3.20483,3.40607,3.4075
-3.18536,2.20441,0.218606
-3.1586,1.99005,0.003785
-3.1274,2.40476,2.35822
-3.11821,2.05296,0.215464
-3.01349,3.65091,4.99538
-3.00589,1.88121,3.59473
-3.00298,3.03872,5.85624
-2.99481,3.27548,3.20266
-2.98721,3.75769,4.3294
-2.96505,3.78041,2.21077
-2.93031,2.1263,1.90001
-2.90276,0.470734,1.78209
-2.86115,3.56849,3.28208
-2.82596,2.40917,5.6102
-2.77911,2.77398,5.32836
-2.75825,2.65343,4.69998
-2.70421,2.63127,0.311838
-2.69719,3.07519,2.69276
-2.69484,2.9583,3.27696
-2.67767,1.83741,4.62603
-2.67689,1.56447,3.12185
-2.65446,2.40592,3.20582
-2.64411,1.75044,4.40626
-2.6074,2.43504,4.00688
-2.56251,3.18139,1.22079
-2.54106,3.78482,5.13243
-2.41707,3.70959,0.922242
-2.40777,2.75212,6.24005
-2.39755,3.81944,6.04812
-2.37759,3.44626,0.470838
-2.3648,3.22169,1.86384
-2.32999,2.56568,0.889926
-2.25897,3.10788,2.64962
-2.25545,1.65208,6.05627
-2.22524,2.33638,1.2526
-2.22177,3.86789,1.42048
-2.22054,3.46902,3.45459
-2.21498,2.81988,4.98527
-2.17802,3.32278,3.5298
-2.13863,2.81619,5.43378
-1.9594,1.68033,0.976171
-1.94768,2.492,3.10685
-1.94157,3.22153,0.843459
-1.9355,3.29854,5.78491
-1.8729,3.24479,4.21112
-1.86988,2.16547,0.750108
-1.86594,2.17821,5.68049
-1.83641,2.53577,0.804044
-1.72728,3.96914,3.98485
-1.72498,0.452825,1.10946
-1.72411,1.56838,1.66422
-1.72342,2.11349,1.38658
-1.71174,2.83876,1.18763
-1.68698,2.76757,2.11987
-1.52665,2.99478,0.541724
-1.51635,3.76011,1.68893
-1.50515,3.1481,4.23928
-1.48975,1.92905,3.68654
-1.48778,1.6479,5.98872
-1.46026,3.4079,3.07477
-1.45549,3.23163,6.05003
-1.34537,3.55473,1.7005
-1.33422,2.39466,1.52314
-1.3042,3.6082,4.2739
-1.28656,2.04684,4.87827
-1.26003,3.6481,1.76001
-1.24864,2.79162,3.38648
-1.21326,3.92595,0.962562
-1.14579,2.8183,3.62488
-1.13707,3.8197,4.01471
-1.1218,2.76419,6.0939
-1.10292,2.75332,6.19279
-1.08355,1.89721,2.32101
-1.07493,3.99801,4.48712
-1.04438,3.47812,4.74551
-1.03556,2.2867,1.62326
-1.01094,3.9912,3.42337
-1.00416,2.11922,2.04865
-1.00335,3.29624,4.22016
-1.00145,3.59703,2.67624
-0.99575,1.21155,3.90428
-0.91176,2.99042,4.14051
-0.88056,1.32967,5.17798
-0.866042,0.852357,3.5711
-0.832502,2.66486,3.33617
-0.820719,1.558,0.177594
-0.794814,0.556609,3.57747
-0.781248,2.75446,4.16939
-0.777508,2.44005,1.05022
-0.776501,2.96298,3.78347
-0.764327,2.56231,0.129484
-0.757472,1.41943,1.02726
-0.75219,3.08995,5.99532
-0.733122,2.61407,0.608215
-0.729431,3.74097,0.0728938
-0.728478,2.77202,1.78376
-0.716066,3.15891,5.35052
-0.626039,3.74447,1.46066
-0.494594,3.28912,3.77265
-0.490549,2.1305,3.96058
-0.415926,3.54807,2.80411
-0.300856,2.90741,2.2425
-0.297998,3.27724,0.40797
-0.27231,2.75697,4.76885
-0.259828,1.27494,5.31201
-0.212559,3.65475,0.178606
-0.210878,2.47586,2.15835
-0.155359,3.69968,1.52928
-0.153541,2.90071,4.56636
-0.144259,2.35936,1.72884
-0.144158,2.69105,0.0308486
-0.136926,2.36841,5.36892
-0.102487,1.62448,2.92595
-0.101111,2.07127,0.454737
-0.0672811,3.03252,0.0812351
-0.0411844,3.51046,1.79468
-0.0213464,3.15377,0.774155
-0.0147415,3.53271,3.44597
-0.00703798,3.57856,0.382682
r_S,2
NLambdas_Sized_1,3
NLambdas_Sized_2,2
Lambda0,1,
Lambda1,3,
Lambda2,8,
Lambda3,9,
Lambda4,15,
Lambda5,23,
Lambda6,42,
Lambda7,50,
Lambda8,51,
Lambda9,64,
Lambda10,71,
Lambda11,80,
Lambda12,81,41
Lambda13,88,
Lambda14,89,
Lambda15,103,
Lambda16,111,
Lambda17,113,
Lambda18,114,
Lambda19,116,34,18
Lambda20,117,
Lambda21,122,65
Lambda22,135,77
Lambda23,143,72,52