Storage option,sets
Size,25
Dimension,2
Shape,cube
Spacetime,BlackHole
Past sets, 

0,
0,
0,2,
0,2,
2,0,3,
0,
0,2,
4,0,2,3,
4,0,2,3,
8,4,0,2,3,5,
4,7,2,0,6,
6,9,2,4,0,7,3,
0,1,
1,0,13,
8,12,6,9,2,4,0,11,7,3,
0,1,
1,5,8,10,12,6,9,2,4,0,11,7,3,
1,5,8,10,12,6,9,2,4,0,11,7,3,
3,7,11,0,4,2,9,6,12,10,8,5,1,18,
1,5,8,12,6,9,2,4,0,7,3,10,
19,2,3,7,11,0,17,4,9,6,12,10,8,5,1,18,
13,16,18,11,20,3,1,5,8,12,6,9,2,19,4,0,7,10,
21,2,19,0,3,7,11,17,4,9,6,12,10,8,5,1,20,18,
14,16,13,23,0,21,2,19,3,7,11,17,4,9,6,12,10,8,5,1,20,18,22,
Future sets, 
6,9,15,8,5,4,10,12,3,11,7,18,21,23,17,16,22,13,24,19,20,14,1,2,
20,19,14,24,13,22,16,17,23,21,18,
7,11,3,20,12,10,21,4,24,23,17,18,22,5,19,8,15,9,
12,10,21,24,23,17,18,22,19,20,5,8,15,9,
11,12,8,21,15,20,19,22,9,18,17,23,10,24,
20,19,22,18,17,23,24,21,10,
20,11,22,19,17,15,23,12,24,21,18,
20,11,22,19,17,15,23,12,24,21,18,
15,20,19,22,18,17,23,24,21,10,
18,21,24,15,17,22,19,20,23,12,
21,24,23,17,18,22,19,20,
19,22,17,15,23,24,21,18,
20,19,22,17,15,23,24,21,18,
22,24,14,
24,

24,22,
23,24,21,
22,23,24,21,19,
21,24,23,22,
23,24,22,
24,23,
24,
24,

Past links sets, 

0,
0,
2,
2,
3,
0,
2,
3,4,
3,4,
5,8,
4,6,7,
6,7,9,
1,
13,
8,11,12,
1,
10,1,11,12,
10,1,11,12,
18,
1,10,12,
17,19,
13,16,19,20,
20,21,
14,22,23,
Future links sets, 
2,6,1,
20,13,18,16,17,
7,4,3,
9,8,5,
11,9,8,
10,
12,11,
12,11,
15,10,
12,
20,18,17,
18,17,15,
18,17,20,15,
22,14,
24,

22,
21,
19,
22,21,
23,22,
23,
24,
24,

Coordinates,
-12.3968,9.76268,
-5.51088,4.93874,
-6.47237,7.68242,
-5.36488,6.92356,
-5.44278,7.54976,
-4.33318,6.25061,
-5.20151,8.72067,
-4.71606,8.26867,
-3.9221,7.1745,
-3.83854,7.51587,
-3.14266,6.71428,
-3.64215,8.35422,
-3.38052,7.77466,
1.43785,1.44854,
0.885218,0.666561,
-1.56661,8.85457,
5.50085,1.7796,
0.41597,6.05524,
2.26314,4.52956,
2.35744,4.49552,
4.0181,3.36358,
3.91665,4.61797,
8.15095,0.970056,
11.1813,2.23708,
9.28608,0.0238443,
