Storage option,sets
Size,75
Dimension,2
Shape,cube
Spacetime,BlackHole
Past sets, 


0,




3,4,
3,4,
1,0,2,
0,1,5,8,3,4,7,
0,2,
1,0,2,
3,4,6,
2,7,4,3,8,5,1,0,10,
3,4,6,
3,6,
6,7,4,3,8,5,1,0,10,
10,0,1,5,8,3,4,7,6,2,

2,0,1,11,
7,13,16,6,3,4,15,
2,6,7,4,3,8,1,0,10,5,18,
6,
6,23,
3,4,5,9,2,12,1,0,
1,19,11,0,2,
15,4,3,6,16,13,7,21,
16,15,27,4,3,6,13,7,21,8,
12,20,9,26,1,11,0,19,2,
9,20,2,0,1,11,12,
10,0,1,5,8,21,7,13,16,6,17,3,4,15,
3,24,6,16,23,
5,1,0,28,15,16,3,27,4,6,13,7,21,8,10,
8,3,4,5,9,25,2,12,1,0,11,
17,15,16,13,21,22,2,6,7,4,3,8,1,0,10,5,18,
11,10,8,7,3,14,4,5,9,25,2,12,1,0,
2,19,0,11,26,9,20,1,12,29,
6,11,10,8,7,3,14,4,5,9,25,2,12,1,0,
19,26,30,9,20,2,0,11,1,12,29,
6,0,1,12,9,5,4,14,3,7,25,8,10,11,2,36,
14,31,35,16,17,15,13,21,2,22,3,6,7,4,8,1,0,10,5,18,
9,14,17,15,16,13,21,22,2,6,7,4,3,8,1,0,10,5,18,
13,14,22,0,1,12,2,25,9,5,4,3,6,7,8,10,18,17,
2,23,24,17,31,33,16,5,1,0,28,15,3,27,10,4,21,6,13,7,8,
17,18,22,4,6,11,10,8,25,7,3,14,5,9,2,12,38,1,0,
23,24,32,33,16,5,1,0,28,15,3,27,10,4,21,6,13,7,8,
18,2,22,23,24,17,31,33,16,5,1,0,28,15,3,27,10,4,21,6,13,7,8,
27,41,18,14,31,8,35,16,17,15,13,21,2,22,3,6,7,4,1,0,10,5,28,
0,1,5,8,21,7,13,4,27,15,23,6,16,24,3,32,28,
27,41,18,14,31,8,35,16,17,15,13,21,2,22,3,6,7,4,1,0,10,5,28,
18,44,21,2,23,0,24,1,17,31,8,33,10,16,5,28,15,3,27,4,6,13,7,
20,40,2,6,25,0,1,12,9,5,4,14,3,7,8,10,11,36,34,
15,36,13,45,22,17,18,4,6,11,10,8,25,2,7,3,14,5,9,12,38,1,0,43,
15,36,40,13,45,22,17,18,4,6,11,10,8,25,2,7,3,14,5,9,12,38,1,0,43,
9,33,50,21,27,41,18,14,31,2,8,35,6,16,17,15,13,22,3,7,4,1,0,10,5,28,48,
12,25,35,31,42,9,14,17,15,16,13,21,22,2,6,7,4,3,8,1,0,10,5,18,41,
34,54,25,15,36,7,40,11,13,45,22,17,18,4,6,10,8,2,3,14,43,5,9,38,12,1,0,53,
11,21,16,15,43,13,14,22,0,1,12,2,25,9,5,4,3,6,7,8,10,18,17,42,
18,19,26,29,30,6,20,40,2,25,0,1,12,9,52,5,4,14,3,7,8,10,11,34,36,38,
30,34,20,54,25,15,36,7,40,11,13,45,22,17,18,4,6,10,8,2,3,14,43,5,9,38,12,1,0,52,
57,34,3,54,25,15,36,5,7,38,40,9,11,13,45,14,22,53,17,18,4,6,10,8,2,43,12,1,0,20,
9,32,47,48,22,35,14,41,51,18,44,15,21,50,2,31,23,0,24,1,17,8,33,4,10,16,5,28,3,27,6,13,7,
35,31,41,38,58,0,11,21,16,45,15,43,14,13,42,22,1,12,2,25,9,5,4,3,6,7,8,10,18,17,
34,37,29,20,30,26,19,40,2,6,25,0,1,39,12,9,5,4,14,3,7,8,10,11,36,
11,27,56,12,41,25,35,6,31,2,42,13,9,14,43,17,15,16,21,22,7,4,3,8,1,0,10,5,18,
20,21,16,57,34,3,54,25,15,36,5,7,38,40,9,11,42,13,45,14,22,53,17,18,4,6,10,8,2,43,12,1,0,
27,36,53,63,35,31,41,4,38,1,58,21,0,11,16,45,8,15,43,6,14,13,42,5,22,12,2,25,9,3,7,10,18,17,56,
6,29,0,12,1,30,11,2,20,9,19,26,39,10,37,8,36,7,3,14,4,5,34,25,
33,48,28,50,36,53,45,58,38,63,65,3,11,42,27,56,25,12,43,41,10,35,4,6,31,0,2,13,9,14,17,15,16,21,22,7,8,1,5,18,
42,46,62,9,32,47,10,48,22,35,14,51,41,4,18,55,44,7,15,21,50,13,2,31,23,0,24,1,17,8,33,16,5,28,3,27,6,
30,33,48,28,50,52,61,65,40,54,34,57,20,66,67,27,36,53,16,63,35,31,41,4,38,1,58,21,0,11,45,8,15,43,6,14,13,42,5,22,12,2,25,9,3,7,10,18,17,56,
47,24,23,44,51,55,71,18,30,33,48,28,50,52,61,8,65,12,40,54,1,34,57,4,20,66,13,67,14,27,36,53,0,16,69,63,10,35,31,41,38,58,5,21,11,45,15,43,6,42,22,2,25,9,3,56,7,17,
19,26,29,32,72,11,47,24,23,44,51,55,71,10,18,30,33,48,28,50,52,61,0,8,69,65,4,12,40,54,1,34,57,20,66,5,13,67,6,14,27,36,53,16,63,2,35,31,41,38,58,21,45,15,43,42,22,25,9,3,56,7,17,60,
59,73,6,19,26,29,32,72,5,11,47,24,23,44,51,55,71,4,10,18,30,33,48,28,50,52,61,0,67,8,69,2,65,12,40,54,1,34,57,20,66,13,14,27,36,53,16,63,35,31,41,38,58,21,45,15,43,42,22,25,9,3,56,7,17,60,62,
Future sets, 
49,17,31,33,46,2,55,44,35,47,22,51,18,71,50,48,41,14,67,12,65,26,20,73,11,64,9,62,25,70,42,30,39,37,74,54,56,58,29,66,36,60,34,63,10,59,72,43,57,45,52,61,68,38,69,40,53,
49,26,20,12,50,48,41,17,14,31,47,51,44,35,18,22,33,46,53,40,69,38,68,64,61,52,45,57,43,72,59,63,34,71,60,73,36,65,66,29,58,56,54,74,37,39,67,30,42,70,55,25,62,9,10,
44,35,47,22,51,18,50,48,41,14,12,26,20,11,9,62,25,55,70,42,30,67,39,37,74,54,56,58,29,66,65,36,73,60,71,34,63,59,72,43,57,45,52,61,64,68,38,69,40,53,
25,32,16,15,13,34,7,60,49,27,28,10,63,57,46,33,22,69,18,71,65,35,44,51,47,31,14,67,61,8,43,58,54,17,70,64,73,36,53,72,52,66,59,40,68,21,74,38,45,41,56,48,62,55,50,42,
25,15,13,34,7,60,49,27,28,10,63,57,46,33,22,69,18,71,65,35,44,51,47,31,14,67,61,8,43,58,54,17,70,64,73,36,53,72,52,66,59,40,68,21,74,38,45,41,56,48,62,55,50,42,
49,34,10,57,46,33,22,69,18,65,35,44,51,47,31,14,61,43,58,60,54,17,64,73,36,53,72,25,71,52,66,59,40,67,68,74,38,63,45,41,56,70,48,62,55,50,42,
68,52,64,40,38,24,23,22,59,18,45,17,32,16,15,13,50,61,57,53,54,60,21,58,27,66,35,72,42,73,56,63,41,67,44,47,70,33,28,65,74,43,51,69,46,49,71,48,55,62,31,
49,27,28,10,57,46,33,22,69,18,65,35,44,51,47,31,14,61,43,58,60,54,17,64,73,36,53,72,71,52,66,59,40,67,68,21,74,38,63,45,41,56,70,48,62,55,50,42,
34,49,10,57,46,33,22,69,18,65,35,44,51,47,31,14,61,43,58,60,54,17,64,73,36,53,72,71,52,66,59,40,67,68,74,38,63,45,41,56,70,48,62,55,50,42,28,
62,55,70,42,30,39,37,25,54,56,58,29,65,36,73,60,71,34,63,59,72,43,57,74,45,52,61,66,64,68,67,38,69,40,53,
46,33,22,18,35,44,51,47,31,14,43,58,60,54,17,73,36,53,72,71,52,66,61,64,57,59,40,69,67,68,74,38,63,45,41,65,56,70,48,62,55,50,42,
65,58,45,63,38,53,54,40,69,67,68,60,59,64,30,74,37,39,73,36,29,66,52,72,61,71,34,20,57,26,
30,39,37,25,54,56,58,29,65,36,73,60,71,34,63,59,72,43,57,74,45,52,61,66,64,68,67,38,69,40,53,
61,57,53,54,60,21,58,27,66,35,42,73,56,63,41,72,50,67,44,47,70,28,74,43,51,69,46,49,71,48,55,33,62,31,65,
43,58,60,54,73,53,72,71,52,66,61,64,57,59,40,69,67,68,74,36,38,63,45,41,65,56,70,48,62,55,50,42,
60,54,61,57,21,58,27,66,35,42,73,56,63,41,72,50,67,44,47,70,28,74,51,69,46,49,71,48,55,33,62,31,65,53,
21,58,27,66,35,42,73,56,63,32,41,72,50,67,44,47,70,28,74,51,69,46,49,71,48,55,33,62,31,65,
45,61,57,53,54,60,43,58,66,42,31,47,70,51,74,41,63,65,48,71,67,44,50,73,56,69,62,55,72,35,
59,51,22,47,41,70,63,65,48,67,50,56,73,71,42,62,74,45,55,72,43,35,69,66,58,60,54,53,57,61,
29,73,74,68,64,39,59,37,26,
66,61,71,72,52,29,73,74,30,59,60,37,68,64,39,
58,66,42,35,56,63,41,50,73,67,44,47,70,28,27,74,51,69,46,49,72,71,48,55,33,62,65,31,
47,41,63,65,48,67,50,56,73,70,71,62,74,55,72,35,69,42,66,58,43,60,54,53,57,61,45,
62,49,44,70,73,47,72,46,74,51,32,24,
32,51,74,46,47,70,72,49,73,62,44,
56,58,65,36,73,60,71,34,59,72,57,74,52,61,66,64,68,67,69,40,54,53,38,63,45,43,
39,64,68,37,59,74,73,29,
67,47,50,28,69,49,71,55,33,74,72,44,62,73,51,70,46,65,48,
50,49,71,55,72,44,62,73,74,51,69,46,33,70,47,48,
73,74,59,37,68,64,39,
72,68,59,64,39,74,60,71,73,
47,51,41,63,65,48,67,50,56,73,70,71,69,62,74,55,72,44,
74,46,70,49,73,62,
71,55,44,62,73,74,51,72,69,46,70,47,
68,64,66,61,52,74,72,73,59,71,60,57,
72,55,74,62,69,71,70,73,56,50,67,48,65,63,41,
68,67,69,40,57,74,64,61,66,52,72,73,59,71,54,60,53,
68,64,
59,67,66,73,72,61,74,57,69,53,71,54,60,63,45,
68,64,
64,57,61,66,52,74,72,73,59,71,60,54,
63,65,67,56,70,48,71,69,62,74,55,72,73,50,
70,66,63,56,67,65,72,71,69,58,74,73,
65,63,58,60,54,53,69,57,61,72,74,73,66,71,67,
70,74,62,73,72,51,
63,60,54,53,69,57,61,72,74,73,66,71,67,
70,
73,62,72,74,70,
71,69,62,73,74,55,72,70,

71,69,62,73,74,55,72,70,
73,62,72,74,70,
72,73,59,74,71,60,
69,57,61,72,74,73,66,71,67,
60,71,66,73,74,72,61,57,
73,74,72,70,
67,65,72,71,69,74,73,
61,72,74,73,66,71,
69,71,73,72,67,74,63,
74,
74,73,
72,74,73,71,
74,70,
67,74,72,73,71,69,

71,69,74,73,72,
72,74,73,71,
72,74,73,71,

73,74,72,

73,74,72,
74,73,
74,

Past links sets, 


0,




3,4,
3,4,
1,2,
0,8,7,5,1,
2,
1,2,
3,4,6,
2,10,
3,4,6,
3,6,
6,10,
2,6,10,

1,11,
7,13,15,16,
18,
6,
23,
3,12,9,4,5,
1,11,19,
21,
8,27,
9,12,20,26,
9,12,20,
17,21,
16,24,
10,28,
8,11,25,
21,17,22,
11,14,25,
29,
6,11,14,25,
29,30,
6,36,
14,31,35,
9,22,17,21,14,
13,22,17,25,14,
2,24,31,33,
17,22,38,
32,33,
22,24,31,33,
28,41,
0,32,28,5,1,
28,41,
18,44,
34,20,40,
36,43,15,45,
43,15,40,45,
9,33,48,50,
25,41,42,
53,34,54,
11,42,43,
38,52,30,18,29,
30,52,54,
20,57,
9,32,51,50,48,47,
41,45,58,
37,34,39,40,
27,43,11,56,
20,42,57,
27,56,53,63,
6,39,34,37,36,
33,48,65,50,63,53,
46,55,42,62,
48,30,52,67,33,66,50,61,65,
71,51,47,69,55,
29,60,32,72,
59,62,73,
Future links sets, 
49,10,2,
49,26,10,9,20,12,
18,9,14,44,11,12,
25,16,7,8,13,15,
25,7,8,13,15,
49,25,10,
23,40,18,68,13,15,38,16,17,
21,10,
34,28,10,
55,25,30,62,29,42,
33,18,17,14,
65,38,20,26,58,36,34,
29,30,25,
43,21,
43,36,41,38,42,
54,53,21,
32,21,
45,35,31,42,43,
59,51,22,
26,
66,29,30,52,61,
35,31,42,27,
47,35,45,42,43,
24,
44,47,32,
56,34,36,38,43,
29,
67,65,28,
50,49,48,33,
73,59,39,37,
71,60,59,39,
47,44,41,
73,62,49,46,
71,46,69,47,44,55,
68,64,57,52,
41,
68,53,40,
68,64,
59,45,
68,64,
64,54,52,
56,50,63,48,
70,58,66,56,
65,54,58,53,
51,
54,63,53,
70,
72,62,
71,69,62,55,

71,69,62,55,
72,62,
71,60,59,
69,67,57,
60,57,
72,70,
67,65,
66,61,
63,
74,
73,
71,
74,70,
69,67,

71,69,
71,
71,

72,

72,
73,
74,

Coordinates,
0.0156563,1.58095,
0.133312,1.5889,
0.0395049,1.46962,
0.633685,1.94448,
0.573905,1.77956,
0.447416,1.63755,
0.829639,1.97926,
0.678838,1.72687,
0.67209,1.68215,
0.257905,1.14392,
0.685052,1.53459,
0.0619443,0.790877,
0.250275,0.933126,
1.08491,1.73386,
0.692867,1.31388,
1.14126,1.75071,
1.30296,1.84629,
1.03072,1.52193,
0.98402,1.40477,
0.00476886,0.416937,
0.194011,0.600109,
1.32312,1.7053,
0.999205,1.35731,
1.67084,1.96361,
1.67625,1.95839,
0.6597,0.920225,
0.148201,0.407713,
1.50317,1.6831,
1.53648,1.66279,
0.270313,0.38063,
0.35592,0.448977,
1.45199,1.47008,
1.81463,1.82797,
1.57699,1.52878,
0.672716,0.612345,
1.4349,1.34952,
0.799578,0.707041,
0.289708,0.171297,
0.923594,0.726342,
0.41653,0.203724,
0.899104,0.680884,
1.4525,1.19546,
1.34286,1.07488,
1.09335,0.79189,
1.76331,1.4482,
1.0573,0.719408,
1.90888,1.52524,
1.74413,1.35611,
1.55874,1.17068,
1.95254,1.54408,
1.55493,1.14492,
1.77091,1.3577,
0.908548,0.490325,
1.18865,0.699734,
1.15235,0.621437,
1.65373,1.09101,
1.47859,0.904364,
1.21105,0.600148,
1.4048,0.734422,
0.987748,0.313272,
1.16749,0.439835,
1.25012,0.504548,
1.84854,1.09934,
1.45913,0.70787,
0.905911,0.146804,
1.53145,0.736947,
1.38471,0.590173,
1.50995,0.681637,
0.884794,0.00781804,
1.59606,0.690563,
1.9503,1.02785,
1.58359,0.448757,
1.77555,0.442415,
1.83068,0.360245,
1.85719,0.28078,
