Storage option,sets
Size,500
Dimension,2
Shape,cube
Spacetime,BlackHole
Past sets, 
















1,









13,







3,

25,

2,
0,
32,
7,



11,30,

22,24,
23,
43,

0,39,
24,22,47,
13,26,
25,36,
5,1,16,
21,28,


35,
23,
17,
14,
0,46,

3,12,
20,27,
47,22,24,52,
22,24,30,
8,15,
9,7,41,
58,
3,
44,

18,22,

13,0,39,32,40,43,49,

58,
13,26,31,
42,

44,73,
33,
6,
18,47,22,24,52,


33,84,
20,27,66,
20,
9,7,41,
5,19,

17,61,
12,3,34,

18,22,24,


9,7,41,
44,73,
34,3,12,96,
32,26,13,40,53,
66,27,20,90,
37,2,38,
2,17,61,
9,11,14,62,
73,44,83,
33,
1,5,16,55,
42,81,
19,17,61,64,
78,74,87,
27,35,20,59,
33,82,
18,
84,33,89,
6,85,
18,20,
33,97,
12,3,72,44,34,73,

14,30,24,11,45,
6,
82,
3,73,83,44,102,
78,74,87,
21,70,41,7,9,92,
27,2,38,37,50,35,59,
102,44,83,73,3,127,
36,25,54,
55,16,5,1,111,
30,11,45,14,62,
21,70,28,41,7,9,92,
5,17,19,64,
74,78,
87,102,73,83,44,109,
2,64,95,17,19,61,113,
2,64,95,17,19,61,113,
45,67,30,68,52,11,24,22,18,47,86,
102,73,34,72,3,12,83,44,122,
88,
19,55,16,5,1,111,
2,38,37,50,35,59,
82,33,116,
74,78,
70,14,92,41,7,9,101,
6,42,
21,28,104,26,13,0,39,32,40,53,80,31,77,43,49,
91,20,18,120,
21,70,28,41,7,9,92,
7,13,26,31,28,21,56,
45,67,30,68,75,52,47,86,11,24,22,18,98,
78,74,137,

27,91,20,18,120,
28,104,26,13,0,39,32,40,53,51,80,31,77,43,49,

45,67,30,68,75,52,47,86,11,24,22,18,98,
127,131,109,122,44,83,3,72,34,73,102,12,142,
1,64,19,5,93,
25,55,16,5,1,111,
66,27,90,20,91,
74,78,
34,32,40,43,49,46,63,51,12,3,39,0,65,
34,43,46,63,51,12,3,39,0,65,
9,13,26,31,7,41,28,21,56,
56,49,43,77,150,21,28,80,104,26,13,0,39,32,40,53,31,
90,59,20,35,66,27,37,50,115,
127,96,122,44,83,3,72,34,73,102,103,12,142,

35,91,90,59,20,27,66,105,
98,11,24,45,154,67,30,68,75,52,86,22,47,18,
78,74,165,
22,75,117,20,18,120,
120,18,20,91,66,27,157,
78,74,165,
49,43,77,28,104,26,158,13,0,39,32,40,53,80,51,31,
165,74,78,175,
84,33,89,
56,101,129,92,7,41,28,31,135,70,21,9,152,
21,129,62,101,9,7,41,92,14,70,148,
62,124,14,30,24,11,45,86,47,18,22,52,68,67,
52,47,67,22,68,124,62,14,45,24,11,30,134,
27,130,59,35,50,37,38,2,145,
12,77,51,13,0,39,26,32,40,53,43,49,63,46,
44,114,128,147,137,87,74,78,155,
1,16,55,19,5,93,
25,36,54,132,
1,16,55,19,5,93,
67,68,184,62,124,14,30,24,11,45,86,47,18,22,52,

17,35,61,38,50,37,2,106,
17,27,130,59,35,50,37,38,106,2,145,
73,83,44,109,114,128,137,78,87,74,147,

30,67,75,47,86,24,22,20,98,18,52,117,
45,70,41,7,101,62,14,11,9,30,108,
172,175,78,178,74,165,180,

25,36,54,132,
66,27,130,20,59,35,115,50,37,38,2,145,
172,
96,49,40,63,34,43,46,167,51,12,39,0,65,166,3,32,
114,74,78,127,142,128,12,34,72,3,83,131,102,73,44,122,138,109,87,
20,59,35,115,50,37,90,38,2,66,27,130,
78,114,87,138,109,142,171,127,96,122,83,3,72,34,131,44,73,102,74,161,103,12,
201,
26,53,13,77,65,166,49,40,43,46,34,63,51,12,32,3,39,0,
155,78,165,74,87,137,147,128,114,44,188,
52,22,62,67,184,68,124,14,30,24,185,11,45,86,134,18,192,47,
35,120,18,91,20,90,105,157,27,66,164,
52,47,134,30,108,11,24,45,14,62,124,22,68,9,67,
70,41,7,101,62,92,14,11,9,30,108,
32,53,80,92,168,9,13,26,31,135,7,70,41,28,21,56,153,
114,34,72,122,87,74,12,128,83,138,109,73,102,44,131,3,127,78,
38,50,37,61,17,106,2,107,
172,204,
31,40,32,39,53,169,104,26,13,0,56,43,49,77,150,21,28,51,80,
83,211,155,78,165,74,87,137,147,128,114,73,44,109,188,
135,168,9,13,26,31,152,7,70,41,28,21,56,92,
63,0,65,46,72,44,96,3,34,12,103,
37,2,107,38,64,95,17,19,61,113,
27,24,47,151,120,18,91,117,75,22,98,20,176,
78,114,87,138,109,142,171,127,96,122,83,3,72,34,131,44,73,102,74,161,103,12,
11,92,129,62,14,101,183,9,7,41,70,148,21,108,
26,53,13,77,49,40,63,34,43,46,167,51,12,39,0,65,166,3,32,
59,17,35,61,38,50,37,2,106,
14,124,141,160,30,45,67,68,75,52,86,98,11,24,22,47,18,
93,111,5,16,55,19,1,144,
26,168,182,56,14,101,13,129,92,152,7,28,31,135,41,70,21,9,
67,9,68,45,52,18,47,134,30,108,185,214,11,24,14,62,124,22,
26,53,13,77,96,49,40,63,34,43,46,167,51,12,39,0,65,166,3,32,
31,28,65,166,104,46,34,63,12,77,80,51,158,187,13,0,39,26,3,32,40,53,43,49,
108,21,227,11,92,129,62,14,101,183,9,7,41,70,148,
26,168,182,56,101,13,129,92,152,7,28,31,135,41,70,21,9,
41,7,153,31,40,32,39,53,169,104,26,13,0,56,43,49,77,150,21,28,51,80,
26,53,13,77,103,32,3,166,65,205,49,96,40,63,34,43,46,167,51,12,39,0,
14,124,141,160,18,47,174,98,11,24,45,154,67,30,68,75,52,86,22,
68,45,174,154,67,75,86,198,24,22,20,11,98,47,18,52,30,117,
62,148,182,56,14,101,129,92,152,7,28,31,135,41,70,21,9,
3,178,175,180,188,138,196,109,221,83,211,155,78,165,74,87,137,147,128,114,102,44,73,
193,197,201,209,
26,44,13,77,103,32,3,166,65,205,49,96,40,63,34,72,43,46,167,51,12,39,0,
45,148,129,7,215,70,41,62,92,101,14,11,183,9,30,21,108,
108,141,47,192,18,134,86,45,30,52,22,62,9,212,67,184,68,124,14,24,185,11,
65,128,12,103,161,74,102,73,44,131,208,34,72,226,96,122,83,78,114,127,87,109,138,142,171,206,3,
103,228,32,3,166,210,65,0,39,12,205,234,26,187,13,53,40,77,96,49,51,167,63,34,43,46,
31,0,39,3,32,12,167,51,26,187,13,210,65,53,40,77,166,49,43,104,46,34,63,
105,170,27,90,38,59,20,35,66,37,50,115,130,2,
65,128,12,103,161,74,102,73,44,131,208,34,72,226,96,122,83,78,114,127,87,109,138,142,171,3,
26,9,21,70,41,135,242,62,148,31,182,56,101,14,92,13,129,152,7,28,
14,141,160,18,47,174,98,11,24,45,154,67,117,30,68,75,52,86,22,
0,39,43,49,40,104,153,56,21,28,32,53,92,80,168,9,216,13,26,31,135,41,70,7,
131,73,44,102,114,128,147,137,87,74,165,78,127,243,178,3,211,175,188,180,138,196,109,83,221,155,
147,137,155,128,180,87,165,74,178,78,175,172,200,
9,41,7,153,31,40,32,39,53,169,104,26,13,0,56,43,49,77,150,21,28,51,80,
28,63,34,46,104,43,49,166,77,40,53,250,31,0,39,26,158,187,13,3,32,12,80,51,167,65,210,
147,137,155,78,175,200,165,74,178,204,172,180,219,
7,86,22,124,62,14,24,67,9,184,68,45,11,185,214,52,18,47,134,233,30,108,
43,34,63,167,51,49,96,77,40,53,13,187,26,46,249,103,12,228,32,3,166,210,65,0,39,205,234,
46,65,12,103,161,74,102,73,44,131,72,63,34,208,78,114,127,0,87,138,109,96,122,83,142,171,3,
80,51,28,21,179,150,77,49,43,56,0,238,41,7,153,31,40,32,39,53,169,46,220,104,26,158,13,
96,155,147,137,142,78,127,206,3,87,161,74,114,34,131,44,102,73,217,72,122,83,196,138,109,12,128,
80,51,28,21,63,179,150,77,49,31,40,32,39,53,169,46,220,104,26,158,13,0,56,43,
197,201,209,204,172,193,219,
17,106,186,27,130,20,59,35,115,50,66,37,38,2,203,145,
107,106,2,37,50,61,35,17,38,194,
197,
17,106,186,27,130,20,59,35,115,50,66,37,38,2,203,145,
180,178,175,200,188,109,221,83,211,155,78,165,74,87,137,147,128,172,114,44,73,
17,106,186,27,130,20,59,35,115,50,66,37,38,2,203,145,
13,77,122,166,39,51,167,40,49,223,0,65,46,43,72,102,73,44,96,32,3,63,34,12,103,205,
83,122,166,39,51,167,40,49,223,0,65,46,43,72,102,73,44,96,32,3,63,34,12,103,205,
151,68,45,91,120,176,154,67,75,86,198,24,22,20,11,98,47,18,52,30,117,
62,230,22,86,52,75,184,68,30,45,14,240,124,141,98,11,24,67,154,160,174,18,47,
260,147,137,155,200,78,165,219,74,178,175,204,201,172,209,180,
59,173,213,151,35,120,91,20,18,105,157,27,66,164,90,177,
127,155,142,83,109,138,122,188,217,131,72,175,180,3,178,243,165,74,87,196,78,137,147,128,12,114,102,221,44,73,211,34,
172,204,209,201,197,193,244,
177,90,164,66,59,20,173,213,151,35,120,91,279,18,105,157,27,


150,32,28,53,169,40,153,49,56,43,0,255,168,92,21,80,9,39,216,13,26,31,135,104,222,77,41,70,7,152,
164,157,66,90,177,176,27,24,151,105,47,18,120,91,117,75,225,22,98,20,
7,153,80,51,28,21,63,179,150,77,49,31,40,32,39,53,169,46,220,104,26,158,13,0,56,43,
27,68,151,91,120,176,67,75,86,198,24,22,20,11,98,47,18,52,30,117,
20,98,22,225,75,117,91,120,286,164,151,157,66,27,177,90,176,24,47,105,18,
7,141,86,22,124,62,14,24,212,67,9,184,68,45,11,185,214,52,192,18,47,134,233,30,108,
206,226,128,73,34,208,74,102,161,44,103,12,65,131,72,46,263,78,252,114,127,0,87,138,109,96,63,122,83,142,171,3,
77,32,28,53,40,153,182,49,56,43,101,0,255,168,92,21,80,9,39,216,13,26,31,135,104,222,41,129,70,7,152,
40,104,80,53,32,9,21,70,41,222,135,26,153,182,168,216,13,129,56,101,237,92,152,7,28,31,
168,232,28,7,152,129,13,92,14,101,26,182,183,9,253,21,242,135,148,31,70,41,62,56,
193,197,270,
108,141,75,160,47,192,18,134,86,45,30,52,22,62,9,212,67,184,68,124,14,24,98,185,11,
165,147,114,172,128,102,73,72,131,74,87,127,243,178,34,211,175,188,3,180,256,138,78,137,196,109,83,44,221,155,200,
128,73,34,208,74,102,161,44,103,12,65,131,72,46,263,78,114,127,0,87,138,109,96,63,122,83,142,171,3,226,
200,155,221,83,109,196,138,180,188,175,211,3,178,243,127,256,87,74,131,73,44,102,128,172,114,147,137,165,78,
34,211,73,161,102,217,188,131,72,175,256,138,109,122,83,142,155,127,243,180,3,178,165,74,87,196,78,137,206,147,128,12,114,44,280,221,
52,22,68,24,124,47,134,45,7,215,70,41,62,92,101,14,11,67,9,30,108,199,
141,108,30,233,192,134,47,18,52,214,185,11,261,14,7,124,86,22,62,24,212,9,67,184,68,45,

188,171,226,208,65,74,87,3,127,155,96,206,147,265,114,34,103,44,161,102,73,217,131,72,122,142,83,78,137,196,138,109,248,12,128,

120,176,117,30,52,18,47,20,68,45,174,198,24,98,11,241,154,67,75,86,22,
179,235,96,234,103,250,53,166,43,104,46,34,63,205,28,77,259,31,0,39,26,40,158,187,249,13,3,32,12,21,80,228,51,49,167,65,210,
252,206,226,73,102,161,74,44,103,65,208,34,128,12,3,298,131,72,46,263,78,291,114,127,0,87,138,109,96,63,122,83,142,171,
22,68,24,124,134,148,129,45,7,215,70,41,62,92,101,14,11,183,9,30,21,108,199,
7,31,179,63,266,49,77,21,80,28,150,32,3,39,53,51,169,46,104,26,40,158,13,187,0,56,220,43,12,65,
171,165,188,175,178,74,87,180,3,127,243,155,96,206,147,265,114,211,34,103,221,44,161,102,73,217,131,72,122,142,83,78,137,196,138,109,12,128,
128,12,248,109,138,3,87,74,65,208,34,171,188,127,304,217,155,96,226,206,147,265,114,103,44,161,102,73,72,131,122,142,83,196,137,78,
12,41,31,63,266,77,21,80,28,49,153,7,26,150,32,39,53,51,287,169,46,104,40,158,13,0,56,220,43,179,238,
303,
172,209,201,193,197,244,270,
56,96,179,250,53,166,43,104,46,34,63,28,77,259,31,0,39,26,40,158,187,13,3,150,32,235,12,21,80,228,51,49,167,65,210,
63,92,168,9,0,49,77,21,80,179,238,56,28,264,150,32,41,7,153,31,39,53,51,169,46,43,220,104,26,258,40,158,13,
165,78,137,196,83,142,122,131,72,171,74,87,3,34,208,138,109,312,248,12,128,65,188,217,304,127,155,96,226,206,147,265,114,103,44,161,102,73,
39,51,252,206,226,73,43,102,161,74,44,103,65,208,34,128,12,3,298,131,72,223,46,263,78,291,114,127,0,87,138,109,96,63,122,83,142,171,
46,188,171,226,208,65,74,87,3,127,252,155,96,206,147,265,114,34,103,44,161,102,73,217,131,72,122,142,83,78,137,196,138,109,248,12,128,
22,124,134,199,24,227,108,21,30,9,183,129,45,148,7,70,215,41,236,62,92,246,101,14,11,
56,210,65,167,49,51,228,80,21,46,104,12,307,43,250,103,234,31,96,53,235,3,150,32,166,179,34,63,205,28,77,259,0,39,26,40,158,187,249,13,
179,235,245,80,31,250,104,187,53,158,40,96,77,49,167,63,34,43,262,26,46,72,13,249,44,103,12,51,228,32,239,3,166,210,65,0,39,28,205,234,259,
226,300,128,12,109,256,138,196,137,78,83,142,122,127,243,3,180,175,188,217,87,74,178,165,171,311,155,96,206,265,147,114,211,34,280,103,221,44,161,102,73,72,131,
124,134,28,199,24,227,108,21,30,9,183,129,45,148,152,7,70,215,41,236,62,92,246,101,14,11,
238,258,152,7,255,168,220,43,56,153,0,51,169,53,49,285,158,40,28,32,150,92,21,80,9,39,216,13,26,31,135,77,222,104,41,129,70,
281,204,295,270,244,197,219,193,201,209,172,315,
13,158,40,26,56,258,317,80,21,238,179,92,63,49,0,9,77,168,28,264,150,32,41,7,153,31,39,53,51,169,46,104,220,43,
235,245,80,31,250,104,187,53,158,40,96,77,49,167,63,34,43,262,26,46,72,13,249,44,103,12,51,228,32,239,3,166,210,65,0,39,28,205,234,259,
197,270,283,193,284,
200,172,297,103,221,280,44,114,12,128,265,147,206,188,217,175,73,72,131,102,161,74,256,138,109,211,34,300,96,155,122,83,142,127,243,180,3,178,165,87,196,78,137,
257,219,204,272,211,175,188,3,180,109,155,260,83,200,299,178,243,127,138,256,87,74,131,73,221,44,102,128,172,114,147,78,196,137,165,
267,204,281,270,244,197,219,193,201,209,172,315,
217,3,171,142,83,248,12,128,74,208,34,73,161,102,103,44,147,206,226,65,131,72,46,263,137,196,78,252,291,114,127,0,87,138,109,155,96,63,122,
14,232,51,169,255,0,43,285,49,135,77,41,9,150,32,293,21,80,26,222,104,53,40,153,182,168,39,216,13,70,129,101,237,92,152,7,28,31,56,292,
230,124,240,86,52,75,68,30,117,22,254,14,141,98,11,24,160,174,18,47,45,154,67,
45,276,117,30,52,18,47,98,11,20,154,67,288,27,68,151,86,120,91,176,75,198,24,22,
20,124,86,52,75,68,30,117,22,254,14,141,98,11,24,160,174,18,47,45,154,67,
56,245,210,65,167,49,51,228,80,21,46,104,12,307,43,250,44,103,234,31,96,53,235,239,3,150,32,166,179,34,63,205,28,77,259,0,39,262,26,40,158,187,72,249,13,
52,199,108,21,30,67,9,183,11,246,14,101,92,62,309,22,68,24,124,7,47,134,148,129,45,215,70,41,
43,220,104,46,287,169,51,63,56,317,258,26,179,238,21,80,40,158,13,92,328,9,49,0,77,168,28,264,150,32,41,7,153,31,39,53,
65,172,200,208,131,72,73,102,161,44,221,103,280,34,211,114,165,311,78,137,196,109,138,256,128,12,300,226,83,142,171,147,265,206,324,122,127,243,180,3,175,188,217,87,74,178,155,96,
32,40,39,51,252,49,167,226,73,43,102,161,74,44,103,65,208,34,128,12,3,298,131,72,223,46,263,78,114,127,0,87,138,109,96,63,122,83,142,171,
217,252,147,206,226,73,102,161,74,44,103,65,208,34,128,248,12,3,298,131,72,46,263,137,196,78,291,114,127,0,87,138,109,155,96,63,122,83,142,171,
0,312,165,318,128,12,248,109,138,196,137,78,304,127,3,87,74,65,208,211,34,252,226,171,83,142,188,217,46,320,155,96,206,147,265,114,221,103,44,161,102,73,72,131,63,122,
40,32,166,39,51,252,49,167,226,73,43,102,161,74,44,103,65,208,34,128,12,3,298,131,72,223,46,263,78,114,127,0,87,138,109,96,63,122,83,142,171,
188,109,175,204,74,178,165,155,78,137,147,200,219,278,172,114,209,180,267,197,193,257,260,201,83,128,244,87,44,221,211,73,
171,142,83,122,63,96,109,138,87,0,127,114,78,73,72,131,252,167,226,49,39,166,32,40,51,346,43,102,161,74,44,103,65,208,34,128,12,3,298,223,46,263,
137,178,172,201,204,175,197,193,74,219,244,180,209,267,200,165,281,78,
178,200,155,165,78,281,175,204,172,201,197,193,74,219,244,180,209,267,137,260,147,
266,53,39,31,153,7,41,32,150,56,317,258,26,63,104,287,169,51,46,341,220,43,179,238,80,21,40,158,13,92,328,9,49,0,77,168,28,264,
283,284,305,303,314,
206,263,46,223,298,3,12,128,34,208,65,103,44,74,0,87,138,109,96,63,122,83,142,348,171,114,51,346,127,40,78,252,73,131,72,161,102,43,167,49,226,39,343,166,32,
209,201,244,283,270,197,284,193,295,
217,171,122,63,96,109,138,87,0,74,73,161,43,102,103,44,308,72,131,147,206,167,226,252,137,78,51,39,142,83,319,65,208,34,128,248,12,3,298,223,46,263,291,114,127,
295,327,333,281,204,270,244,197,219,193,267,209,201,172,315,
283,305,303,314,
41,101,214,52,18,47,192,134,233,30,108,141,261,290,14,124,86,22,62,24,212,185,67,302,7,184,9,68,45,11,247,
312,188,320,122,63,96,155,109,138,87,0,304,127,114,291,73,334,34,208,128,12,248,74,102,161,44,103,83,142,171,3,217,131,72,265,206,147,263,226,65,46,137,196,78,252,
98,68,9,212,14,62,22,86,24,141,124,184,7,290,261,45,67,185,214,52,192,18,47,75,134,233,30,108,11,247,160,
303,314,
12,193,209,297,165,137,196,78,147,114,172,109,188,175,204,34,211,272,243,127,3,180,278,219,74,257,201,260,83,155,332,200,299,178,197,138,256,87,72,131,73,102,44,221,128,
74,109,138,114,78,208,210,234,171,53,26,127,245,40,228,51,65,0,167,49,46,223,166,142,83,39,275,161,43,102,73,96,32,239,3,122,63,34,12,44,103,87,205,274,131,72,13,77,

135,68,9,21,108,227,24,28,134,183,124,45,30,325,148,152,7,215,41,236,62,92,246,101,14,129,70,11,321,199,22,
305,314,303,283,361,
34,9,258,65,187,3,310,238,179,7,153,49,266,63,31,264,28,21,80,41,12,77,313,26,150,32,39,53,51,287,169,46,104,43,220,40,158,13,0,56,
330,295,193,284,197,270,283,244,305,201,209,354,
330,295,193,284,197,270,283,244,305,201,209,354,
44,87,257,278,260,137,267,209,180,128,244,219,74,147,350,155,178,200,165,78,281,204,175,114,201,172,197,193,
109,127,245,234,210,187,171,53,26,262,40,228,51,65,0,167,49,46,223,166,142,83,39,275,161,43,102,73,96,32,239,3,122,63,34,12,44,103,87,205,274,131,249,72,13,77,
101,41,214,70,11,52,18,47,192,134,233,30,108,141,261,290,14,124,86,199,22,62,24,212,185,67,302,7,184,9,68,45,
188,193,197,172,175,204,281,165,200,178,155,114,350,147,74,244,128,180,209,267,78,137,201,260,219,278,257,87,211,44,
209,295,201,305,284,193,244,283,270,197,330,
26,252,77,274,32,40,51,166,39,275,49,167,226,73,43,102,161,74,44,103,65,208,34,128,12,239,3,298,13,131,72,223,46,263,78,114,245,127,0,205,87,138,109,96,63,122,83,142,53,171,
153,222,101,14,92,237,182,26,13,152,7,28,232,294,62,236,9,21,108,183,242,253,135,30,148,31,11,129,70,41,56,168,227,
104,77,13,72,249,131,274,205,87,103,44,12,34,63,122,3,239,32,96,40,53,171,262,26,210,65,234,127,245,187,109,51,228,142,83,371,0,167,49,223,46,166,39,275,43,161,102,73,
134,199,227,56,62,236,41,215,31,21,135,253,108,9,242,183,182,26,101,14,246,92,13,152,7,28,45,70,129,11,148,30,
210,34,166,235,65,187,3,310,238,179,7,153,49,266,63,31,264,28,21,80,41,12,77,313,26,150,32,39,53,51,287,169,46,104,43,220,40,158,13,0,56,
171,300,217,12,297,165,137,196,78,206,265,147,114,172,109,188,175,204,34,211,331,272,243,127,3,180,219,74,257,201,142,260,83,96,155,332,200,122,299,178,138,256,87,72,131,73,161,102,280,103,44,221,128,
62,148,14,232,169,255,0,43,285,49,135,77,41,9,150,32,293,21,80,26,222,104,53,40,153,182,168,39,216,13,70,129,101,237,92,152,7,28,31,56,292,
215,41,45,134,47,18,24,7,184,52,124,301,70,11,214,62,92,101,14,185,67,68,9,148,30,233,108,22,199,86,
109,73,221,44,211,172,155,200,281,165,197,370,193,175,204,188,178,257,114,350,147,74,244,128,180,209,267,78,373,137,83,201,260,219,278,87,
322,13,249,72,187,158,40,26,262,39,0,259,77,323,28,205,63,34,179,166,46,104,169,228,51,316,21,80,167,49,65,210,245,56,307,12,43,250,339,44,103,234,31,96,53,235,239,3,32,150,
127,114,291,263,46,223,298,3,12,248,128,34,208,65,319,83,142,0,87,73,138,109,51,74,44,103,155,96,63,122,171,217,102,161,43,355,131,72,308,147,206,49,344,167,226,252,196,78,137,334,39,
204,257,297,272,331,96,155,178,74,87,217,188,175,3,180,243,304,127,299,122,324,206,265,147,171,142,83,161,102,73,131,72,200,172,114,208,65,226,103,44,221,280,34,211,342,165,311,78,137,196,109,138,256,128,248,12,300,
209,295,201,305,303,284,193,244,283,270,314,197,330,
209,295,201,305,303,284,193,244,283,270,314,197,330,
284,361,283,303,357,305,314,366,
153,215,222,101,14,92,237,182,26,13,152,7,28,232,294,62,236,9,21,108,183,242,253,135,30,148,31,11,129,70,41,56,168,227,
26,77,274,32,166,343,275,39,226,49,167,43,102,161,13,308,72,131,73,252,78,217,40,127,65,208,34,353,74,248,12,128,298,3,206,263,46,223,103,44,0,205,87,138,109,96,63,122,319,83,142,348,171,291,114,51,346,
26,77,274,32,166,343,275,39,226,49,167,43,102,161,13,308,72,131,73,252,78,217,40,127,65,208,34,353,74,248,12,128,298,3,206,263,46,223,103,44,0,205,87,138,109,96,63,122,319,83,142,348,171,291,114,51,346,
32,127,114,291,263,46,223,298,3,12,248,128,34,208,65,319,83,142,0,87,73,138,109,51,74,44,103,155,96,63,122,171,40,217,102,161,43,355,131,72,308,147,206,49,344,167,226,252,196,78,137,39,
137,178,200,283,315,172,201,295,175,204,356,327,284,197,333,165,78,281,270,244,74,219,193,180,267,209,
101,46,63,70,129,41,104,222,77,135,26,0,153,168,255,7,152,31,326,317,258,56,220,43,179,238,51,169,53,285,49,13,158,40,264,28,32,150,92,80,21,9,216,39,
256,280,83,142,103,221,102,74,248,12,128,334,73,114,291,304,359,320,122,63,96,155,312,109,345,188,208,161,34,211,127,0,87,3,44,171,298,180,131,72,308,138,265,206,147,263,226,217,344,65,46,137,196,78,252,311,165,318,175,178,243,

87,128,267,180,193,278,219,74,244,270,281,165,333,209,327,356,204,175,295,349,172,197,315,350,147,178,200,155,78,137,201,260,
322,13,249,72,187,158,40,26,262,39,0,259,77,323,28,205,63,34,179,166,46,104,169,228,51,316,21,80,167,49,65,210,245,56,307,12,43,250,339,44,103,234,31,96,53,235,239,3,32,150,

303,314,368,374,244,283,270,354,209,295,201,305,193,284,197,330,369,
167,175,180,83,142,103,221,102,43,74,248,12,128,334,39,73,114,291,304,359,320,122,63,155,312,109,345,188,208,161,34,211,127,0,87,3,44,171,298,131,72,308,138,265,206,147,263,226,217,344,319,65,46,96,223,137,196,78,252,165,318,178,51,

281,102,131,127,243,299,272,73,211,221,44,147,196,137,78,165,332,155,200,109,175,204,188,178,74,347,219,278,172,114,209,3,180,267,256,138,197,193,257,260,201,83,128,244,87,
32,166,343,353,127,114,291,263,46,223,298,3,12,248,128,34,208,65,319,83,142,0,205,87,73,138,109,346,51,74,44,103,155,96,63,122,348,171,40,217,102,161,43,355,131,72,308,147,206,49,167,226,252,196,78,137,39,
267,217,128,280,221,44,102,73,131,72,87,256,138,197,178,122,299,200,332,155,109,172,114,206,147,165,196,78,137,209,12,297,193,362,188,175,204,34,211,272,243,127,180,3,278,219,74,257,142,83,201,260,
260,201,137,78,270,244,128,267,180,278,219,74,193,165,281,87,398,333,209,327,356,204,175,295,349,172,197,315,350,147,178,200,155,
364,361,283,303,357,305,314,366,
284,352,361,283,303,357,305,314,366,
284,352,361,283,303,357,305,197,314,366,
327,315,219,204,333,281,368,369,330,295,193,284,197,270,283,244,305,172,201,267,209,354,
267,217,300,128,280,221,44,161,102,73,131,72,87,256,138,197,178,122,299,200,96,332,155,109,172,114,206,147,165,196,78,137,209,12,297,193,362,188,175,204,34,211,272,243,127,180,3,278,219,74,257,142,83,201,260,
7,266,322,13,249,72,187,158,40,26,262,39,0,259,77,28,205,63,34,179,166,46,104,169,228,51,316,21,80,167,49,65,210,245,56,307,12,220,43,250,339,44,103,234,31,96,53,235,239,3,32,150,
303,315,219,204,327,281,368,374,244,283,270,354,209,295,172,201,305,193,284,197,330,369,
352,387,330,388,193,209,295,201,305,303,244,283,270,314,284,197,
263,291,297,331,83,142,226,211,208,65,3,180,304,217,188,345,109,137,78,196,87,127,0,252,311,165,342,318,128,12,248,74,312,256,320,155,96,206,147,138,265,324,114,221,103,171,44,280,34,161,102,200,73,72,131,63,122,299,172,46,300,243,175,178,
102,272,347,87,278,219,260,201,83,138,197,165,281,196,137,373,78,155,172,211,73,221,44,200,109,180,209,267,370,193,175,204,188,178,257,114,350,383,147,74,244,128,
397,
368,374,197,284,314,270,415,352,354,209,387,244,283,330,388,193,295,201,305,303,
188,270,333,295,356,74,128,244,180,327,209,267,257,87,219,278,44,147,155,178,200,165,137,78,281,204,175,350,114,260,201,349,172,315,197,370,193,
312,318,260,219,142,83,147,324,206,122,180,175,178,102,74,87,3,257,297,127,304,243,272,204,331,155,96,217,188,386,131,72,73,200,299,172,114,208,65,226,103,171,44,221,280,161,34,211,342,165,311,332,78,137,196,109,265,138,256,128,248,12,300,
303,364,
152,187,70,135,255,12,264,28,168,313,77,0,49,9,328,92,13,26,258,317,41,266,63,7,153,31,53,150,32,56,351,216,39,104,287,169,51,46,341,220,43,179,238,80,21,40,158,
53,245,239,208,217,308,131,13,72,34,161,102,43,73,147,274,26,275,77,32,39,166,343,252,49,353,226,40,167,74,375,248,12,128,3,206,263,46,103,127,0,78,205,87,392,138,109,223,96,391,63,122,65,319,83,142,348,298,44,171,291,114,51,346,
297,331,291,263,334,83,142,226,211,208,65,3,180,304,217,188,345,109,137,78,196,87,127,0,252,311,165,342,318,128,12,248,74,312,256,320,155,96,206,147,138,265,324,114,221,103,171,44,280,34,161,102,200,73,72,131,63,122,172,46,300,243,175,178,
153,53,32,216,222,101,14,92,237,182,26,13,152,7,28,232,294,62,236,9,80,21,108,183,242,253,135,30,148,31,11,129,70,41,56,168,227,
153,266,7,310,72,13,249,187,158,40,262,26,39,0,259,77,28,205,166,46,104,307,12,169,228,51,316,21,80,65,210,56,167,49,322,235,239,3,220,43,250,44,103,234,31,96,53,32,150,179,34,63,
295,366,314,305,283,303,361,357,270,352,197,284,193,330,
150,32,3,239,235,53,96,31,234,103,44,339,250,43,220,12,307,56,245,210,65,49,167,187,40,158,46,104,39,262,26,266,63,34,179,13,249,72,7,322,413,0,259,77,323,28,205,166,80,316,21,169,228,51,
179,259,104,31,80,235,77,13,72,249,131,274,323,28,205,87,103,44,12,329,34,63,122,3,239,32,96,158,40,53,171,262,26,210,65,234,127,245,187,109,51,228,142,83,371,0,167,49,223,46,166,39,275,43,161,102,250,73,
366,314,305,357,303,283,361,364,408,
187,308,291,343,239,3,12,128,208,319,65,103,74,34,161,102,43,73,49,375,26,275,77,51,228,346,274,167,40,32,39,166,252,13,131,72,46,263,114,245,127,0,78,205,87,138,363,109,223,96,63,122,142,53,298,44,171,348,83,210,234,226,353,206,
228,234,53,245,239,208,217,308,131,13,72,34,161,102,43,73,274,26,275,77,32,39,166,343,252,49,353,226,40,167,74,375,248,12,128,3,206,263,46,103,127,0,78,205,87,392,138,109,223,96,391,63,122,65,319,210,83,142,348,298,44,171,291,114,51,346,
108,237,216,153,32,53,101,14,92,182,26,13,152,7,28,232,168,294,62,9,183,242,253,135,148,293,31,11,129,70,41,56,40,222,104,21,80,
305,314,303,361,364,
193,364,410,352,283,361,303,270,357,305,409,284,197,314,366,389,
272,334,178,175,243,300,46,318,304,127,0,87,165,342,252,311,78,137,196,109,345,188,217,416,3,180,208,263,211,291,114,83,142,226,65,297,331,128,12,248,74,312,256,320,155,96,206,147,138,265,324,221,103,280,44,171,34,161,102,200,73,72,131,63,122,172,299,
259,96,234,103,250,322,56,0,249,13,158,40,220,43,104,46,228,169,287,51,53,7,65,210,310,167,49,3,235,187,153,238,179,34,266,63,32,150,166,379,31,205,264,28,316,21,80,41,307,12,77,313,26,39,
400,364,403,
274,142,83,322,13,249,72,187,158,40,26,262,275,39,0,259,77,323,28,205,122,63,329,34,179,166,223,46,104,228,51,316,21,80,167,49,65,210,245,56,307,12,102,43,73,250,339,44,103,234,31,96,53,235,239,3,32,150,
7,266,384,150,32,3,239,235,53,96,31,234,103,44,339,250,220,43,12,307,56,245,210,65,49,167,259,187,40,158,13,72,249,46,0,39,262,26,322,104,399,77,323,28,205,63,34,179,166,316,80,21,51,169,228,
255,0,43,108,49,77,237,39,216,153,150,32,53,101,14,92,182,26,13,152,7,28,232,168,294,62,9,183,242,253,135,148,293,31,11,129,70,41,292,56,40,222,104,21,80,
272,347,73,109,193,370,197,315,172,349,83,201,260,267,180,209,327,356,128,244,74,295,333,188,420,211,270,257,87,219,278,221,44,383,147,114,350,155,178,200,165,281,373,78,137,204,175,
32,256,280,243,311,49,355,51,178,318,165,252,63,122,359,114,291,155,39,334,345,109,142,83,128,12,248,312,167,226,180,3,73,102,43,320,175,402,221,103,188,304,74,208,161,34,211,127,0,87,298,44,171,385,131,72,308,138,265,206,147,263,344,217,319,65,46,96,223,137,196,78,
274,150,32,3,239,235,53,96,31,234,103,44,339,73,250,102,43,12,307,56,245,210,65,49,167,259,187,40,158,223,46,104,0,39,262,26,322,13,249,72,384,77,323,28,205,122,63,329,34,179,166,169,228,51,316,21,80,
46,258,179,238,292,56,326,31,28,7,152,92,237,101,129,70,13,41,135,77,220,43,14,255,168,0,232,53,169,51,285,49,9,150,32,293,80,21,26,222,104,158,335,40,153,182,39,216,
259,28,262,26,53,245,65,239,3,32,63,329,77,103,171,44,12,72,122,249,13,131,104,274,234,87,250,377,187,363,109,51,228,142,210,83,371,127,0,40,167,49,96,223,46,166,39,275,43,34,161,102,73,74,138,114,205,78,208,158,31,235,80,
257,330,284,394,155,200,178,147,114,350,74,219,278,180,267,128,244,270,44,398,137,78,283,165,281,201,260,407,204,175,172,349,193,87,333,209,327,356,354,295,197,315,
155,180,330,74,369,78,137,368,281,204,411,175,284,193,219,374,197,315,356,333,270,165,283,303,244,305,349,172,201,267,327,209,295,354,394,178,200,
310,150,32,3,239,235,53,96,31,234,103,44,339,250,43,220,12,307,56,245,210,65,49,167,187,40,158,46,104,39,262,26,266,63,34,179,13,249,72,7,322,413,0,259,77,323,28,205,166,80,316,21,169,228,51,
364,283,361,303,314,422,305,435,

201,209,330,193,295,366,314,305,428,283,357,270,361,303,410,352,197,284,
167,297,43,39,324,172,342,243,51,178,175,109,345,312,155,223,96,208,63,122,359,188,304,320,291,114,256,280,221,103,83,396,142,200,73,334,102,12,248,128,74,161,34,211,127,0,87,3,180,44,298,171,131,72,308,138,265,206,147,263,226,344,217,319,65,300,46,137,196,78,252,311,165,318,
400,403,397,418,
9,259,96,234,103,250,322,56,0,249,13,158,40,220,43,104,46,228,169,287,51,53,7,65,210,310,167,49,3,235,187,153,238,179,34,266,63,32,150,166,379,31,205,264,28,316,21,80,41,307,12,77,313,26,39,
83,274,150,32,3,239,235,53,96,31,234,103,44,339,73,250,102,43,12,307,56,245,210,65,49,167,259,187,40,158,223,46,104,0,39,262,26,322,13,249,72,384,77,323,28,205,122,63,329,34,179,166,169,228,51,316,21,80,
400,403,397,418,
168,258,9,56,0,367,13,158,40,220,43,104,46,169,287,51,53,7,65,210,310,167,49,3,235,187,153,238,179,34,266,63,32,150,166,379,31,264,28,21,80,41,12,77,313,26,39,
418,397,455,403,400,458,
13,77,165,275,304,320,188,312,359,334,109,265,138,73,142,83,87,319,65,248,128,405,346,51,208,46,343,0,127,114,291,263,32,3,74,103,155,223,96,63,122,348,298,44,171,344,217,102,34,161,43,355,385,131,72,308,147,206,49,40,167,353,226,252,196,205,78,137,166,39,12,393,
315,197,295,354,356,327,209,333,87,370,193,349,172,175,204,74,178,147,155,394,219,278,284,200,350,114,257,330,448,180,267,128,244,270,44,398,137,78,281,165,283,201,260,407,
188,53,245,239,334,13,275,77,26,109,265,392,138,73,142,83,87,319,65,375,248,128,405,346,51,208,46,343,0,127,114,291,263,32,3,74,103,155,223,96,63,122,348,298,44,171,344,217,102,34,161,43,355,385,131,72,308,274,147,206,49,40,167,353,226,252,196,205,78,391,137,166,39,12,393,
324,78,196,137,223,96,300,46,65,319,217,344,263,147,206,248,12,128,83,396,142,345,109,334,39,155,291,114,122,63,444,208,32,318,256,265,138,359,243,355,280,221,103,311,252,312,178,51,165,49,167,226,180,3,73,102,43,320,175,402,188,304,74,161,34,211,127,0,87,44,298,171,385,131,72,308,
39,308,359,416,178,175,243,300,46,299,172,304,127,0,87,165,342,252,311,78,137,196,109,345,188,344,217,180,3,12,248,334,331,291,114,83,396,142,226,263,211,208,297,65,318,128,74,312,256,320,155,223,96,206,147,138,265,324,221,103,280,298,425,44,171,34,161,102,200,73,72,131,63,122,
193,252,209,278,380,46,300,12,248,128,256,96,155,272,217,304,127,243,297,87,178,102,421,83,260,142,312,318,331,204,175,201,74,219,257,3,180,206,197,324,147,122,188,386,131,72,200,73,299,172,114,208,65,226,103,221,280,44,171,161,34,211,342,165,311,332,78,137,196,109,265,138,
209,63,320,252,345,380,46,300,12,248,128,256,96,155,272,217,304,0,127,243,297,87,178,102,421,83,260,142,312,318,331,204,175,201,74,219,257,3,180,206,324,147,122,188,386,131,72,200,73,299,172,114,208,65,226,103,221,280,44,171,161,34,211,342,165,311,332,78,137,196,109,265,138,
330,295,389,366,314,436,193,197,284,364,410,352,428,283,361,303,270,357,305,409,
41,63,34,238,179,150,32,53,96,31,234,103,44,43,220,3,239,235,322,49,167,56,210,65,187,40,158,46,104,262,26,13,249,72,7,266,153,310,250,427,166,80,316,21,39,0,259,77,28,205,307,12,287,169,228,51,
63,209,278,252,193,320,380,46,300,12,248,128,256,96,155,272,217,304,0,127,243,297,87,178,102,421,83,260,142,312,318,331,204,175,201,74,219,257,3,180,206,324,147,122,188,386,131,72,200,73,299,172,114,208,65,226,103,221,280,44,171,161,34,211,342,165,311,332,78,137,196,109,265,138,
80,31,371,262,104,250,377,206,353,226,234,210,83,228,346,49,77,375,275,43,102,73,26,51,432,3,239,274,187,128,291,114,343,39,166,308,13,131,72,74,103,12,161,34,208,65,319,142,167,40,32,252,46,263,245,127,0,78,205,87,138,363,109,223,96,63,249,122,53,298,44,171,348,
284,394,407,175,204,137,78,373,281,283,165,200,178,155,350,114,147,383,398,44,221,278,219,87,257,315,197,109,172,349,370,193,73,347,201,83,260,272,443,356,267,180,327,209,128,244,74,295,333,188,420,211,270,
357,403,283,439,400,361,303,314,366,451,364,422,305,435,
103,244,347,147,206,114,96,155,172,299,122,178,197,265,138,256,109,404,87,412,267,280,221,171,44,217,72,131,300,128,102,200,73,165,196,332,78,137,209,12,297,193,362,188,175,331,204,161,34,211,272,243,127,180,278,219,3,257,142,83,74,201,260,406,281,
397,452,
9,259,96,234,103,250,322,56,0,249,13,158,40,220,43,104,46,228,169,287,51,53,7,65,210,310,167,49,3,235,187,153,238,179,34,266,63,32,150,166,379,31,205,264,28,316,21,80,41,307,12,77,313,26,39,
208,311,226,244,347,103,147,206,114,96,155,172,299,122,178,324,197,265,138,256,109,87,412,267,280,221,217,72,131,300,128,102,200,73,165,196,332,78,137,209,12,297,193,362,188,175,331,204,161,34,211,272,243,127,180,278,219,3,257,142,83,74,201,260,406,380,44,171,
13,77,211,275,165,318,304,320,188,312,359,334,109,265,138,73,142,83,87,319,65,248,128,405,346,51,208,46,343,0,127,114,291,263,32,3,74,103,155,223,96,63,122,221,348,298,44,171,344,217,102,34,161,43,355,385,131,72,308,147,206,49,40,167,353,226,252,196,205,78,137,166,39,12,393,
404,142,267,209,180,221,44,280,211,34,155,137,332,78,373,196,200,73,102,219,278,417,122,272,87,281,165,83,260,347,406,299,172,109,138,197,193,175,204,188,178,3,257,114,350,256,383,147,206,201,74,244,362,128,217,131,72,12,297,370,243,127,
7,220,40,167,49,259,56,266,12,43,102,250,73,339,44,103,445,150,32,187,245,274,307,53,239,235,65,210,158,31,234,96,223,46,104,399,0,262,26,322,13,72,3,384,77,323,28,205,249,122,63,329,34,179,39,166,169,228,51,316,21,80,
138,265,109,196,137,78,332,311,165,342,211,34,161,312,142,260,83,318,421,102,178,87,297,304,127,217,243,272,466,320,193,252,96,155,209,386,248,12,380,278,219,300,46,128,256,331,204,175,201,74,257,3,180,206,197,324,147,122,188,131,72,200,73,299,172,114,208,65,226,103,221,280,171,44,
355,402,331,318,165,311,252,78,196,137,46,300,65,319,217,344,226,263,147,256,122,63,155,96,223,345,109,280,221,103,208,324,138,265,206,304,188,297,43,102,342,39,334,114,291,299,172,359,243,320,175,312,178,51,167,83,142,396,454,200,73,12,248,128,74,161,34,211,127,0,87,3,180,425,44,298,171,131,72,308,
362,138,265,109,196,137,78,332,311,165,342,211,34,161,312,142,260,83,318,421,102,178,87,297,304,127,217,243,272,466,193,252,96,155,209,386,248,12,380,278,219,300,46,128,256,331,204,175,201,74,257,3,180,206,197,324,147,122,188,131,72,200,73,299,172,114,208,65,226,103,221,280,171,44,
102,284,407,175,204,196,137,78,373,281,283,165,200,178,155,350,114,147,383,398,44,221,278,219,87,257,138,315,197,109,172,349,370,193,73,347,201,83,260,272,443,356,267,180,327,209,128,244,74,295,333,188,420,211,270,
193,389,409,431,366,314,305,270,357,283,303,361,364,408,197,284,410,352,
357,361,366,352,415,284,314,387,368,281,419,244,303,401,283,330,270,388,193,354,295,201,172,305,414,209,327,197,374,315,219,204,369,
400,403,397,418,
248,304,226,311,208,65,342,244,347,103,147,206,114,96,155,172,299,122,178,324,197,265,138,256,109,87,412,267,280,221,217,72,131,300,128,102,200,73,165,196,332,78,137,209,12,297,193,362,188,175,331,204,161,34,211,272,243,127,180,278,219,3,257,142,83,74,201,260,406,380,44,171,
400,403,397,418,
300,404,142,267,209,180,221,44,280,211,161,34,155,137,332,78,373,196,200,73,102,219,278,417,122,272,87,281,165,83,260,347,406,299,172,109,138,197,193,175,204,188,178,3,257,114,350,256,383,147,206,201,74,244,362,128,217,131,72,12,297,370,243,127,
70,135,166,235,168,210,328,92,351,56,0,158,40,220,43,104,341,46,169,287,51,7,65,49,310,153,34,266,63,179,238,187,317,258,26,9,3,150,32,13,367,31,264,28,21,80,41,12,77,313,39,53,
188,368,407,260,201,283,165,281,78,137,398,44,270,244,305,128,267,180,411,175,204,193,370,333,356,209,327,87,354,295,284,197,315,257,462,349,172,369,74,178,147,114,350,155,394,219,278,200,448,330,
80,158,31,28,259,308,291,343,346,348,206,138,262,26,53,245,319,65,239,3,32,63,77,103,171,298,44,12,72,122,249,13,131,104,274,234,87,250,377,187,128,363,109,51,228,142,210,83,371,127,0,40,167,49,353,226,96,223,46,166,39,275,43,34,161,102,73,375,252,74,208,263,205,78,114,
373,380,281,406,260,201,74,83,142,72,131,217,221,280,103,44,171,87,256,197,109,404,297,155,350,96,244,362,474,347,138,265,147,206,178,267,412,122,114,299,172,300,128,102,200,73,165,196,332,78,137,209,12,193,188,175,272,331,204,161,34,211,243,127,180,278,219,3,257,

323,179,80,235,31,158,208,73,250,377,259,87,28,234,104,72,131,13,249,122,63,103,77,12,447,329,262,26,44,171,53,239,3,65,274,245,32,187,363,109,51,228,142,83,210,371,127,0,40,167,430,49,96,223,46,166,39,21,275,43,34,161,102,74,138,114,205,78,
219,386,272,437,122,63,131,72,73,200,102,161,34,171,44,425,298,280,103,221,180,416,257,3,226,345,109,196,137,78,311,252,342,165,87,308,178,0,127,304,243,359,175,39,334,300,46,299,172,344,217,188,12,248,204,331,291,114,83,142,396,263,465,211,208,297,65,318,128,74,312,256,320,155,223,96,206,147,138,265,324,
362,345,467,63,470,44,171,280,221,103,226,65,208,114,172,299,73,200,72,131,188,272,243,0,127,304,481,217,297,87,102,421,83,260,142,318,161,34,211,178,206,147,312,265,138,256,324,197,109,196,137,78,332,96,155,311,252,165,342,466,193,320,209,386,248,12,380,278,219,300,46,128,331,204,175,201,74,257,3,180,122,
257,3,219,278,180,127,243,211,34,161,244,362,155,96,350,114,297,109,404,197,256,280,221,103,494,260,83,142,201,74,380,87,406,474,347,281,373,196,332,78,137,44,171,217,72,131,138,265,147,206,178,267,412,122,299,172,300,128,102,200,73,165,209,12,193,188,175,272,204,331,
Future sets, 
223,263,359,291,425,298,396,416,308,345,467,433,179,429,445,447,259,432,51,491,437,310,413,339,457,399,249,367,307,210,464,328,446,319,496,235,344,471,355,482,228,239,493,463,424,423,169,63,444,317,326,385,258,167,341,459,205,238,427,264,391,323,450,39,166,334,461,275,402,470,343,250,377,348,384,393,266,442,255,497,379,438,381,322,480,353,150,234,292,469,77,440,313,363,245,465,262,441,187,220,456,329,476,351,478,375,316,498,371,430,274,392,346,405,287,454,395,335,158,285,
162,191,144,231,189,163,111,55,133,16,
140,139,251,106,207,107,194,38,271,268,229,203,145,218,186,273,130,195,224,269,
243,131,256,332,299,404,310,235,491,234,275,402,334,461,393,478,343,470,265,392,274,205,459,441,437,319,493,496,239,316,375,248,298,425,171,433,391,477,490,363,161,380,498,371,481,245,499,304,344,471,65,322,440,263,367,494,359,34,291,430,438,311,497,412,96,353,223,480,217,474,421,362,324,355,482,228,308,323,450,429,488,252,103,457,331,476,447,320,262,307,249,379,122,427,300,72,329,456,413,127,384,312,469,342,167,424,297,226,483,396,142,399,454,346,405,464,210,467,386,259,445,318,377,250,345,432,348,339,466,444,465,208,385,416,479,463,206,280,406,166,

136,162,93,111,163,189,231,144,191,133,55,
149,125,119,85,
480,441,413,450,290,429,302,360,261,287,427,153,379,456,238,365,152,442,255,382,264,292,351,301,242,310,183,216,390,129,70,469,215,395,258,376,317,182,309,367,426,321,325,148,246,423,293,438,491,237,372,313,285,227,41,168,340,476,222,135,253,378,232,446,92,328,236,294,381,335,199,326,434,341,459,101,358,
69,
456,367,258,459,168,292,351,321,246,395,325,148,365,70,129,247,183,242,301,233,360,215,293,390,216,442,152,182,309,255,382,491,237,423,296,372,285,108,227,476,222,340,135,253,378,232,446,92,328,236,294,381,335,426,326,199,376,317,434,214,341,101,358,290,261,302,

288,215,227,434,426,236,442,108,134,192,296,325,247,365,306,360,124,301,302,184,261,290,141,376,199,390,154,241,212,185,214,276,174,233,378,160,337,246,309,338,45,340,230,321,382,277,336,254,372,240,358,
362,313,161,445,318,456,329,447,320,476,464,348,488,252,429,498,371,391,427,300,421,359,396,307,425,298,171,454,291,249,379,122,367,494,308,263,363,490,245,499,304,481,430,312,319,210,467,310,437,477,345,416,438,311,497,385,187,444,470,343,423,166,461,334,393,466,339,457,142,399,234,491,432,262,274,392,265,402,275,478,346,482,355,228,405,441,450,323,459,205,342,469,65,322,440,386,259,250,377,433,316,248,375,167,424,493,496,239,223,480,96,353,483,226,235,344,471,413,384,412,324,380,217,474,103,331,465,208,479,463,206,280,406,
274,77,433,179,238,313,440,379,438,326,442,413,480,310,339,457,322,381,341,459,285,158,445,150,429,399,104,335,395,307,53,434,210,239,493,363,249,376,228,287,427,259,250,377,169,423,220,367,426,446,328,456,329,447,222,476,262,392,461,80,375,316,378,496,235,294,471,253,430,371,390,245,232,168,463,26,153,450,323,187,441,391,264,266,384,469,478,351,292,237,491,432,255,317,258,424,216,234,293,
335,446,232,230,338,214,124,301,360,183,242,382,309,302,184,215,321,261,246,240,358,185,254,372,227,294,381,62,236,253,108,340,134,192,212,336,277,434,426,390,442,376,199,296,148,325,233,378,247,365,290,
69,
111,163,189,231,144,191,133,55,
273,271,268,61,139,113,229,218,140,269,95,194,107,136,224,195,
282,177,151,120,157,98,290,261,276,358,240,160,337,192,75,360,288,117,176,286,141,230,289,86,198,213,154,241,212,336,277,247,306,225,372,254,279,338,233,174,296,382,302,184,
144,224,136,162,189,139,113,191,140,231,93,
241,198,213,271,173,289,115,251,90,177,207,120,273,157,203,91,268,66,286,338,279,282,164,105,337,151,170,288,276,225,306,176,
152,150,135,236,340,321,227,325,246,129,496,242,378,253,381,322,326,442,390,216,220,456,427,153,287,423,169,316,307,434,335,469,351,292,446,328,365,238,285,459,341,339,457,426,367,440,313,293,264,441,438,379,395,376,258,317,255,168,491,237,232,476,222,399,294,445,384,266,413,183,56,310,429,450,480,309,182,
321,98,176,75,309,68,372,254,184,302,358,240,212,241,154,67,185,261,290,214,198,296,141,286,47,192,336,277,337,160,276,365,306,247,225,382,174,233,86,338,301,360,52,288,289,230,340,
60,48,
325,321,98,309,68,372,254,184,302,358,240,212,241,154,67,185,261,290,214,198,296,141,286,47,192,336,277,337,160,276,365,306,247,225,382,174,233,86,338,124,301,360,52,288,289,230,340,
54,132,190,163,202,36,
392,378,253,245,294,232,168,390,153,80,471,235,447,329,456,328,446,367,222,476,220,259,377,250,427,423,169,450,323,441,187,391,264,375,316,266,384,469,351,292,496,262,430,371,237,491,432,255,317,258,463,424,216,234,293,228,287,426,376,249,363,493,239,210,434,53,307,395,335,104,399,429,150,445,158,285,459,341,381,322,457,339,310,480,413,442,326,438,379,440,313,238,179,433,
288,225,130,337,105,279,170,286,66,268,203,157,186,273,207,177,90,164,251,115,289,173,195,282,271,213,
179,430,493,235,447,259,325,152,150,135,496,242,378,253,381,322,326,442,390,216,220,329,456,427,153,287,423,169,316,307,434,335,469,351,292,446,328,365,238,158,285,459,341,339,457,426,367,440,313,293,264,441,438,379,395,376,258,317,255,168,491,237,232,476,222,399,294,445,384,266,413,56,310,429,323,450,480,182,

426,215,198,288,68,134,192,296,325,247,365,306,360,124,301,302,184,261,290,141,376,199,390,154,241,212,185,214,276,174,233,378,160,337,246,309,338,45,340,230,321,382,277,336,254,372,240,358,
250,378,253,182,294,232,168,376,390,153,216,242,496,430,493,316,80,307,434,258,317,237,491,255,395,335,480,384,266,471,235,445,150,351,469,292,322,381,293,429,158,285,459,341,457,339,399,310,413,442,326,438,379,440,313,287,238,179,264,441,323,450,169,423,427,220,222,476,367,426,446,328,259,456,329,447,
426,323,450,264,391,433,179,238,379,438,326,442,413,478,351,384,266,393,310,239,493,258,444,317,395,285,158,169,423,287,228,234,469,292,424,463,316,367,249,328,446,464,210,427,447,476,40,335,430,371,216,343,461,375,405,346,275,262,259,250,377,255,432,491,348,329,456,220,235,471,496,166,293,434,307,104,399,187,441,353,480,322,381,339,457,205,459,341,150,445,429,77,440,313,363,245,392,274,
121,146,89,116,181,118,110,84,
367,362,499,245,263,322,440,477,359,363,490,481,304,291,494,380,498,371,430,497,438,311,344,471,474,217,223,480,96,353,433,171,425,298,375,248,316,493,239,496,319,437,441,205,459,421,274,392,265,412,470,343,478,391,393,334,461,275,402,324,355,482,228,308,323,450,429,488,252,103,457,331,476,447,320,262,307,249,379,122,427,300,329,456,413,384,312,469,342,167,424,297,226,483,396,399,142,454,346,405,464,467,210,386,259,445,318,377,250,345,432,348,339,466,444,465,208,385,416,479,463,206,280,406,161,166,234,491,235,
269,194,145,203,170,59,229,268,279,213,271,173,115,207,130,195,282,251,273,186,
202,190,132,54,
170,271,268,229,145,203,218,186,273,224,195,130,269,194,207,106,251,
271,268,229,145,203,218,186,273,224,195,130,269,194,207,106,251,
497,465,255,442,381,150,292,77,262,245,363,234,348,461,166,323,450,264,391,441,187,480,353,384,266,393,250,377,427,456,329,476,379,438,440,313,322,469,351,478,375,316,371,430,274,392,275,402,343,346,405,287,220,454,395,335,285,158,238,205,459,341,167,258,385,326,317,444,169,423,424,463,493,239,228,482,355,471,235,496,319,446,328,464,210,307,367,249,399,457,339,413,310,491,51,432,259,447,445,429,179,433,
343,405,346,275,348,255,166,293,104,262,496,430,434,307,235,447,329,456,377,250,259,328,446,249,367,476,220,427,187,441,335,353,480,322,381,339,457,205,459,341,399,150,445,429,371,77,440,313,432,491,461,363,245,392,274,471,210,375,316,463,424,292,469,234,228,287,423,169,158,285,395,317,258,493,239,310,393,266,384,351,478,413,442,326,438,379,238,179,433,391,264,450,323,
258,438,264,367,292,351,321,246,423,395,325,148,70,129,183,242,301,469,215,293,390,216,442,152,182,309,255,382,491,237,372,313,285,227,168,340,135,253,378,232,446,92,328,236,294,381,335,426,326,199,376,317,434,341,459,101,358,222,476,365,238,456,379,
149,112,81,
454,167,323,450,264,391,433,179,238,379,438,326,442,413,478,351,384,266,393,310,239,493,258,385,317,444,395,285,158,169,423,287,482,355,228,234,469,292,424,335,441,187,367,249,319,446,328,427,447,476,250,377,259,348,329,456,220,166,343,461,255,432,491,346,405,210,464,307,402,275,262,49,430,371,496,235,471,353,480,322,381,339,457,205,459,341,399,150,445,429,77,440,313,363,245,392,274,375,316,463,
448,469,427,462,370,329,467,380,348,280,457,494,291,272,331,443,196,323,450,432,470,343,430,482,355,344,471,342,472,345,73,454,386,122,299,417,392,265,138,274,363,109,490,481,304,383,256,433,206,463,466,339,171,298,425,402,275,461,334,131,385,308,416,484,393,444,324,479,319,437,496,406,208,465,211,243,497,498,371,312,320,447,353,412,440,499,245,263,221,478,300,477,480,223,384,127,488,311,252,391,332,421,362,404,346,405,83,464,493,375,248,399,142,396,359,102,226,483,424,297,347,217,474,318,377,161,445,188,492,420,373,429,441,413,
246,199,241,276,160,337,154,141,185,214,174,233,378,309,338,340,230,321,382,336,277,212,261,290,254,372,240,358,184,302,301,124,360,306,365,247,325,296,192,134,
483,481,384,413,471,344,235,353,480,239,493,424,375,316,433,377,250,259,440,313,322,469,205,459,323,450,441,187,463,405,228,355,482,346,478,351,275,402,392,274,262,432,491,399,334,461,166,343,470,234,423,223,341,497,379,438,446,319,310,437,496,263,359,393,266,476,467,416,317,63,444,385,328,465,291,345,287,210,464,395,454,308,367,249,298,425,307,396,167,245,363,427,264,391,498,371,430,429,348,320,447,329,456,445,466,339,457,
286,225,337,160,141,336,277,296,198,214,290,261,276,306,247,192,382,174,233,86,338,301,360,52,288,289,230,340,185,67,154,241,212,240,358,302,184,254,372,

343,255,405,346,275,348,166,262,496,430,307,235,447,329,456,377,250,259,328,446,249,367,476,220,427,187,441,335,353,480,322,381,339,457,205,459,341,399,150,445,429,371,77,440,313,432,491,461,363,245,392,274,471,464,210,375,316,463,424,292,469,234,228,287,423,169,158,285,395,444,317,385,258,493,239,310,393,266,384,351,478,413,442,326,438,379,238,179,433,391,264,450,323,
229,218,130,195,207,194,268,271,251,273,186,203,145,170,269,
335,238,220,343,258,385,454,167,471,424,375,463,405,482,355,228,346,402,275,392,274,205,459,341,430,371,239,493,316,319,446,328,464,210,395,423,307,367,249,158,399,457,339,413,326,235,287,310,491,432,444,317,259,447,445,429,496,433,179,478,351,469,322,313,440,438,379,476,329,456,427,377,250,393,266,384,353,480,187,441,391,264,450,323,166,461,348,234,363,245,262,
86,233,174,382,192,276,338,247,306,261,290,214,360,301,288,230,340,185,67,154,241,212,240,358,302,184,254,372,198,296,277,336,141,160,337,
375,463,424,234,228,426,216,363,210,432,371,249,262,496,430,307,434,292,469,351,384,266,239,493,316,258,317,491,255,395,335,104,399,429,150,445,158,285,459,341,381,322,457,339,310,293,480,413,442,326,438,379,440,313,287,238,433,179,264,187,441,323,450,169,423,427,250,377,259,220,476,367,446,328,456,329,447,235,471,
190,202,132,
191,133,144,231,189,163,111,
339,322,328,446,367,426,469,351,292,238,459,341,285,335,434,316,153,456,220,427,216,390,287,442,326,169,423,381,313,440,293,264,441,438,379,395,376,258,317,255,168,491,237,232,476,222,399,294,445,457,384,266,413,310,429,450,480,182,253,378,242,

79,71,
229,279,271,207,130,282,195,268,251,273,186,115,173,170,203,145,

229,194,113,269,139,218,140,107,224,95,
381,253,192,277,294,185,212,134,372,227,358,246,434,426,236,390,442,376,199,108,340,296,325,233,378,247,365,290,261,321,215,184,302,309,382,242,183,360,301,214,
467,345,328,395,341,287,308,416,396,298,425,291,359,263,319,465,497,223,367,437,310,423,317,444,470,343,266,393,385,454,167,334,461,166,245,363,427,249,307,391,498,371,430,429,348,379,438,234,464,210,496,476,447,456,329,445,339,457,399,491,432,262,274,392,402,275,351,478,346,482,355,228,405,463,187,441,450,323,459,205,469,322,313,440,259,250,377,433,316,375,424,493,239,480,353,235,344,471,413,384,
162,136,140,224,139,113,
367,263,308,291,483,396,298,425,359,312,304,481,467,310,437,345,416,319,465,497,223,444,470,343,393,385,454,421,167,334,461,166,245,363,427,249,307,391,498,371,430,429,348,252,379,438,488,234,464,210,496,476,320,447,456,329,318,445,466,339,457,399,491,432,262,274,392,402,275,478,346,482,355,228,405,463,441,450,323,459,205,342,469,322,440,386,259,250,377,433,316,248,375,424,493,239,480,353,235,344,471,413,384,
268,273,203,207,90,177,164,251,282,271,213,173,289,286,170,279,105,
340,214,288,301,360,290,261,306,247,276,338,240,358,302,184,254,372,198,296,277,336,141,230,154,241,212,160,337,192,382,185,174,233,
340,309,288,301,360,290,261,365,306,247,276,338,240,358,302,184,254,372,296,277,336,141,230,154,241,212,160,337,192,382,185,214,174,233,

215,372,152,382,216,285,255,491,237,293,309,227,301,242,183,390,365,129,182,148,325,395,423,246,326,442,321,292,222,340,135,253,378,232,446,236,294,381,335,426,199,376,434,

362,329,384,413,399,441,429,450,323,344,471,217,432,469,342,474,416,331,498,371,380,412,494,291,161,386,208,444,385,377,318,445,463,345,430,312,497,320,447,427,300,223,477,308,482,355,206,324,343,470,122,457,280,274,265,392,493,348,339,466,402,275,393,461,334,391,478,353,226,480,421,375,248,433,171,425,298,405,346,464,297,424,483,437,496,319,252,488,311,304,481,363,490,440,245,499,263,479,467,454,142,396,406,465,359,
122,274,299,417,256,383,433,138,265,392,304,481,363,490,109,308,425,298,171,484,334,461,393,444,208,385,131,386,472,345,416,342,217,471,344,355,482,430,402,275,343,470,432,196,463,443,331,272,291,494,457,280,466,221,348,380,467,206,324,479,319,437,496,406,465,243,497,498,371,312,320,447,480,226,353,412,440,499,263,478,300,477,359,127,488,311,252,391,332,421,362,404,346,405,83,464,493,375,248,454,142,396,102,483,424,297,347,474,445,318,377,161,
175,180,165,147,449,155,260,349,394,257,398,128,417,380,498,467,324,383,256,412,499,470,343,304,481,331,272,482,355,221,348,407,280,461,334,402,443,472,345,478,362,421,342,332,464,416,404,463,492,300,350,477,359,497,243,370,196,178,432,373,226,353,206,265,392,385,462,208,444,278,405,346,393,484,344,471,217,137,391,448,252,488,311,291,114,496,319,437,263,308,493,248,375,433,318,312,386,299,363,490,466,479,420,483,188,396,200,454,425,298,424,297,320,447,211,465,474,347,406,494,
198,289,286,176,288,230,360,336,337,240,276,160,154,241,277,306,225,254,338,174,296,

461,292,392,274,245,375,463,424,234,228,363,210,471,432,371,429,445,150,341,459,399,457,339,381,322,480,335,158,285,395,317,258,491,316,239,493,310,266,384,469,478,351,413,442,326,438,379,440,313,287,238,433,179,391,264,450,323,169,423,441,187,427,220,476,367,249,446,328,259,250,377,456,329,447,235,307,430,496,262,
175,180,165,147,449,155,260,349,394,257,398,128,417,380,498,467,324,383,256,412,499,470,343,304,481,331,272,482,355,221,348,407,280,461,334,402,443,472,345,478,362,421,342,332,464,416,404,463,492,300,350,477,359,497,243,370,196,178,432,373,226,353,206,265,392,385,462,208,444,278,405,346,393,484,344,471,217,137,391,448,252,488,311,291,114,496,319,437,263,308,493,248,375,433,318,312,386,299,363,490,466,479,420,483,188,396,200,454,425,298,424,297,320,447,211,465,474,347,406,494,

471,255,293,429,445,150,341,459,399,457,339,381,322,480,335,158,285,395,317,258,491,316,493,310,266,384,469,351,292,413,442,326,438,379,440,313,287,238,179,264,441,450,323,169,423,427,220,476,367,426,446,328,259,456,329,447,235,434,307,430,496,216,
112,
126,146,116,
457,440,127,478,312,300,477,359,412,353,226,447,320,497,243,465,406,479,324,206,467,498,371,380,466,348,221,319,437,496,488,311,252,280,391,332,421,362,404,346,493,375,248,454,142,396,483,499,263,424,297,405,464,318,377,474,347,161,494,291,272,331,443,463,196,432,470,343,275,402,430,482,355,344,471,217,342,416,345,472,386,131,385,208,444,393,461,334,484,171,298,425,308,109,490,363,481,304,392,265,138,433,383,256,417,299,
118,181,89,
119,
382,192,337,212,241,154,288,230,141,336,296,198,372,254,184,358,338,160,276,247,240,261,174,290,306,277,302,360,
377,430,257,398,128,417,380,371,498,467,324,383,256,412,499,470,343,304,481,331,272,482,355,221,348,407,280,461,334,402,443,472,345,478,362,421,342,332,464,416,404,463,492,300,477,359,497,243,370,196,432,373,226,353,206,138,265,392,385,462,208,444,405,346,393,484,344,471,217,391,448,252,488,311,291,114,496,319,437,263,308,493,248,375,433,318,312,386,299,363,490,466,479,420,483,188,396,454,425,298,424,297,320,447,211,465,474,347,406,494,
143,
181,118,
207,164,173,251,282,279,213,286,289,170,105,
151,177,164,288,282,279,337,286,276,173,289,225,157,213,
341,215,152,382,216,285,255,491,237,293,309,227,301,242,183,390,365,129,182,148,325,395,423,246,326,442,321,351,292,222,340,135,253,378,232,328,446,236,294,381,335,426,317,376,434,
231,191,189,162,

224,140,139,
412,316,205,437,319,496,393,334,461,248,375,425,298,171,478,391,421,265,392,433,355,482,402,275,343,470,308,493,239,353,226,480,471,344,324,311,438,371,498,430,497,380,494,291,474,304,481,363,359,223,477,440,322,263,245,499,274,441,323,450,429,234,488,252,103,457,331,476,465,447,320,262,307,249,427,329,456,413,384,312,399,467,469,342,424,483,396,454,346,405,464,386,445,318,377,463,345,432,348,339,466,444,208,385,416,
121,
286,289,198,288,230,360,336,337,240,276,160,154,241,277,306,225,254,338,174,296,


395,358,215,372,390,442,426,309,378,365,434,301,183,242,382,237,325,148,293,227,321,292,246,253,340,381,294,236,182,232,446,335,376,199,
457,274,440,417,484,416,331,498,371,380,412,263,499,494,291,161,386,208,444,385,131,377,445,318,464,405,346,454,142,396,243,497,320,447,465,406,256,280,332,480,353,226,470,343,275,402,308,482,355,206,324,127,481,304,493,348,466,375,248,393,461,334,471,344,217,478,391,433,432,171,425,298,138,265,392,421,362,342,474,483,297,424,437,496,319,252,488,311,363,490,312,430,359,477,300,404,345,463,299,479,467,
331,476,262,322,307,249,456,329,384,413,399,441,429,450,323,427,274,457,440,320,447,465,359,223,477,312,481,304,363,488,252,467,263,245,499,469,342,424,483,396,454,346,405,464,445,318,377,463,345,432,348,339,466,386,444,208,385,416,474,291,494,380,497,430,498,371,438,311,324,344,471,480,226,353,239,493,308,470,343,275,402,482,355,433,392,421,391,478,171,298,425,375,248,461,334,393,496,319,437,
293,429,445,150,341,459,399,457,339,381,322,480,335,158,285,395,317,258,491,255,316,493,310,266,384,469,351,292,413,442,326,438,379,440,313,287,238,179,264,441,450,323,169,423,427,377,250,220,476,367,446,328,259,456,329,447,235,471,434,307,430,496,
289,286,213,279,282,251,173,
271,268,229,218,273,195,269,194,
269,224,218,
442,247,236,426,434,376,246,390,358,199,227,372,296,325,233,378,365,290,261,321,215,302,360,309,382,340,301,214,
272,443,196,430,377,161,344,471,217,291,342,331,347,474,494,499,482,355,470,343,483,424,297,396,454,318,464,405,416,472,345,463,386,385,393,484,425,298,402,334,461,308,432,490,363,481,304,208,444,263,392,265,138,433,383,256,417,299,248,375,493,346,404,362,421,332,391,280,252,311,488,496,437,319,221,348,466,380,371,498,467,206,324,479,406,465,243,497,320,447,226,353,412,359,477,300,312,478,

163,231,144,133,

224,140,139,
448,252,496,346,263,462,208,432,308,493,291,433,391,375,248,319,226,353,206,405,385,392,265,393,217,471,344,196,318,312,444,386,299,363,490,488,311,437,466,373,479,420,483,188,396,454,298,425,484,424,297,211,465,474,347,406,494,447,320,370,243,497,359,477,300,492,463,404,416,464,332,342,421,362,478,345,472,443,402,334,461,280,348,221,355,482,272,331,481,304,343,470,499,412,256,383,324,467,498,380,417,
207,271,273,268,203,251,170,
146,
336,225,198,289,276,338,286,337,288,254,241,306,176,


306,151,177,288,282,279,337,286,276,289,225,157,213,176,

457,274,348,393,334,461,248,375,425,298,171,478,391,421,392,265,433,355,482,275,402,343,470,308,493,480,226,353,405,346,464,424,483,466,437,496,319,252,488,311,304,481,363,490,440,499,263,479,467,206,324,454,142,396,280,406,465,359,477,300,447,320,497,312,430,345,463,445,318,377,385,444,208,386,161,291,494,412,380,371,498,331,416,474,342,432,217,471,344,

321,340,338,309,240,365,336,230,233,301,214,185,382,277,212,261,290,372,184,358,302,360,247,325,296,192,


348,393,334,461,248,375,171,425,298,478,391,421,392,265,433,355,482,402,343,470,308,493,226,353,344,471,217,432,342,474,483,424,297,466,437,496,319,252,488,311,481,304,490,363,312,430,359,477,300,404,345,463,299,362,479,467,206,324,332,280,256,406,465,447,320,497,396,454,346,405,464,318,377,131,385,444,208,386,161,291,494,499,263,412,380,371,498,331,416,
398,462,448,257,346,252,432,308,493,291,433,391,375,248,319,353,206,405,385,392,265,393,217,471,344,196,318,312,444,386,299,490,488,311,437,466,373,479,420,483,188,396,454,298,425,484,424,297,211,465,474,347,406,494,320,370,243,497,359,477,300,492,463,404,416,464,332,342,421,362,478,345,472,443,402,334,461,407,280,348,221,355,482,272,331,481,304,343,470,499,412,256,383,324,467,498,380,417,
395,246,325,365,227,309,183,293,237,242,182,390,326,442,321,292,340,253,378,232,446,236,294,381,335,426,376,434,
207,203,268,271,195,273,251,186,
299,362,332,404,256,280,406,479,206,320,447,465,359,477,312,481,304,363,490,488,252,467,437,319,496,466,297,424,483,396,454,346,405,464,345,463,318,377,385,444,208,386,161,291,494,430,499,263,412,311,324,380,371,498,497,331,416,300,474,342,432,217,471,344,353,226,493,308,470,343,402,482,355,433,265,392,421,391,478,298,425,375,248,461,334,393,348,
202,190,

365,321,340,309,382,378,233,247,302,360,358,372,325,296,261,290,212,301,185,214,
491,222,255,365,423,395,285,293,237,242,182,216,390,326,442,292,253,378,232,446,294,381,335,426,376,434,

394,349,196,417,380,498,467,324,383,256,412,499,470,304,481,331,272,355,482,221,280,407,461,334,402,443,396,483,188,479,420,466,437,260,488,311,490,299,386,444,385,312,155,332,449,462,344,393,448,398,265,318,278,405,464,373,257,454,425,484,297,211,465,474,347,406,494,320,243,370,497,359,300,477,350,492,463,404,416,342,421,362,478,345,472,
484,417,362,256,404,332,299,280,252,496,348,346,263,208,363,490,432,308,493,402,433,298,425,375,248,393,461,334,466,437,319,311,488,380,498,467,206,324,421,479,406,465,243,497,447,320,226,353,412,359,477,300,312,481,304,391,478,444,385,386,463,345,416,405,464,318,454,396,297,424,483,343,470,355,482,265,392,499,494,474,331,342,291,217,471,344,


302,296,372,254,358,338,247,240,290,277,336,360,230,
440,280,406,479,206,320,447,465,359,477,312,481,304,363,490,488,252,467,437,319,496,466,424,483,396,454,346,405,464,345,463,318,377,385,444,208,386,161,291,494,430,499,263,412,311,324,380,371,498,497,331,416,300,474,342,432,471,344,353,226,493,308,470,343,402,482,355,433,265,392,421,391,478,171,298,425,375,248,461,334,393,348,

231,
203,268,271,195,273,186,

398,260,462,448,257,278,405,385,265,393,344,196,318,312,444,386,299,490,488,311,437,466,373,479,420,483,188,396,454,425,484,424,297,211,465,474,347,406,494,320,370,243,497,359,350,477,300,492,463,404,416,464,332,342,421,362,478,345,472,443,402,334,461,407,280,221,355,482,272,331,481,304,470,499,412,256,383,324,467,498,380,417,
382,242,434,376,183,365,378,309,426,442,325,390,227,321,246,253,340,381,294,236,

442,316,395,491,317,258,351,469,438,379,310,326,413,384,266,285,335,480,322,440,381,339,457,399,459,341,445,429,313,450,169,287,238,264,441,423,427,220,456,476,367,446,328,
288,282,279,337,286,276,289,225,
423,365,325,285,395,222,293,237,242,182,390,326,442,292,253,378,232,446,294,381,335,426,376,434,
427,390,287,423,293,264,442,326,438,379,381,395,434,335,285,216,313,238,351,292,469,456,476,426,367,446,328,459,341,376,258,317,255,491,
337,276,240,336,277,241,306,254,338,174,
449,393,344,385,265,398,405,278,260,462,448,257,318,312,444,386,299,490,488,311,437,466,373,479,420,483,188,396,454,425,484,297,211,465,474,347,406,494,320,370,243,497,359,350,477,300,492,463,404,416,464,332,342,421,362,478,345,472,443,402,334,461,407,280,221,482,272,331,481,304,470,499,412,256,383,324,467,498,380,417,

213,279,282,286,289,177,
326,259,329,447,235,445,287,450,313,429,339,457,310,413,367,307,423,317,491,395,399,328,446,493,316,430,341,459,496,179,351,469,322,440,438,379,476,456,427,266,384,480,441,264,323,

296,338,254,240,277,336,360,230,
377,430,412,300,311,380,331,474,494,499,324,497,444,385,208,386,416,463,345,405,464,346,318,454,396,483,424,291,342,263,432,344,471,226,353,493,308,470,343,402,371,498,482,355,433,265,392,421,391,478,298,425,375,248,461,334,393,348,466,496,319,437,467,252,488,490,363,304,481,312,477,359,465,447,320,


289,286,279,282,213,
461,318,221,478,178,467,349,490,462,404,466,407,280,180,416,488,311,402,345,472,443,484,425,299,417,437,260,300,297,396,278,492,474,347,406,211,465,380,498,175,470,324,256,383,342,482,481,394,464,444,412,499,494,483,200,454,272,449,331,398,373,257,386,448,332,477,350,421,362,479,420,370,243,497,
348,234,459,210,329,447,445,457,339,399,496,480,429,371,430,450,391,379,438,307,249,476,456,250,427,363,245,461,491,432,262,274,392,275,478,346,228,405,463,441,323,205,469,322,440,259,377,433,316,493,375,424,239,353,235,471,413,384,
454,385,384,413,471,424,375,239,493,316,433,259,440,322,469,459,205,441,463,405,346,464,478,402,275,393,392,274,262,432,461,343,245,363,427,377,250,476,249,307,438,391,323,450,430,371,429,353,480,496,399,339,457,445,447,456,329,234,348,228,355,482,444,
328,341,491,317,237,232,222,255,390,216,459,285,426,335,376,434,395,294,381,446,292,326,442,351,293,423,
399,445,457,381,335,285,384,266,413,326,310,429,313,450,287,480,238,423,427,220,456,476,367,446,328,459,341,441,264,379,438,469,351,258,317,491,395,
251,
474,494,499,380,377,430,311,324,497,444,385,208,386,416,463,345,405,464,346,318,454,396,483,424,291,342,263,432,344,471,226,353,493,308,470,343,402,371,498,482,355,433,392,421,391,478,298,425,375,248,461,334,393,348,466,496,319,437,467,252,488,363,304,481,312,477,359,465,447,320,
315,411,219,414,333,383,412,470,499,494,472,443,484,425,299,417,488,260,437,481,278,342,416,482,356,483,327,200,454,272,449,204,331,398,373,257,386,370,497,297,448,332,350,477,421,362,479,420,407,466,404,462,490,349,467,380,498,465,406,474,347,492,281,486,394,267,
282,279,
338,254,306,241,277,336,240,
492,347,474,406,465,498,380,482,342,394,278,396,481,437,260,417,299,425,484,443,472,402,311,488,324,416,180,300,464,383,256,444,412,470,499,494,483,200,454,272,449,331,398,373,257,386,297,448,332,477,350,421,362,479,420,370,243,497,280,407,466,404,462,490,349,467,
306,288,337,286,276,289,225,
289,286,282,279,
402,300,311,464,444,256,383,324,412,470,499,494,472,443,484,425,299,417,488,260,437,481,278,396,394,342,416,482,483,200,454,272,449,331,398,373,257,386,297,448,332,350,477,421,362,479,420,370,497,243,280,407,466,404,462,490,349,467,380,498,465,406,474,347,492,
496,430,316,399,395,423,307,491,317,446,328,367,438,379,476,456,427,341,459,384,266,351,469,322,440,480,323,264,441,413,310,457,339,429,313,450,287,445,
402,300,311,464,444,256,383,324,412,470,499,494,472,443,484,425,299,417,488,260,437,481,278,396,394,342,416,482,483,200,454,272,449,331,398,373,257,386,297,448,332,350,477,421,362,479,420,370,497,243,280,407,466,404,462,490,349,467,380,498,465,406,474,347,492,

292,253,378,232,446,390,442,335,426,376,434,381,294,242,237,293,
309,442,227,321,365,378,325,390,246,426,340,236,294,376,434,
382,261,277,212,290,302,372,358,360,247,296,192,
261,382,233,247,360,358,372,296,302,290,212,
273,271,268,
423,310,259,377,262,307,367,249,384,413,429,250,427,456,493,316,459,371,430,432,491,471,235,496,379,438,476,450,469,322,440,447,329,445,480,323,441,339,457,399,
492,463,420,320,297,300,477,359,416,474,347,406,494,464,484,425,454,396,483,479,465,211,373,466,437,311,488,490,404,332,342,421,362,478,243,497,345,472,443,402,461,280,221,482,272,331,481,304,470,499,412,256,383,324,467,498,380,417,299,386,444,312,318,



247,360,358,372,296,302,290,212,
485,411,470,472,295,383,499,370,488,486,368,315,374,492,373,490,362,387,417,388,401,398,369,428,448,330,419,406,407,466,453,484,281,477,350,468,443,327,415,347,474,414,404,462,333,449,479,420,494,349,394,267,412,244,498,356,483,436,354,481,
269,

344,393,334,318,312,478,402,461,320,497,362,421,359,300,477,416,474,297,482,331,304,481,470,499,412,265,324,467,498,380,417,299,386,385,444,494,465,406,405,464,280,454,396,483,484,425,479,243,332,345,463,404,342,256,488,311,437,466,490,
466,411,481,354,472,295,383,499,370,488,486,368,315,374,492,373,490,362,387,417,388,270,401,398,369,428,448,330,419,406,407,453,484,281,477,350,468,443,327,415,347,474,414,404,462,333,449,479,420,494,349,394,267,412,485,436,244,498,356,483,410,
288,337,276,306,241,
372,325,378,365,321,309,382,340,301,
394,342,416,482,454,449,331,272,398,278,350,437,260,370,488,299,417,425,484,443,472,481,494,499,470,412,383,483,373,257,386,497,297,474,448,332,477,421,362,479,420,407,466,404,462,490,349,467,380,498,465,406,347,492,
411,470,354,472,383,499,370,488,486,368,315,374,492,373,490,244,362,387,417,388,401,398,369,448,419,477,347,406,494,349,467,449,479,420,333,267,412,278,481,380,498,483,462,404,414,209,327,443,356,474,415,350,407,466,281,484,394,453,

273,271,268,
281,420,479,362,421,490,417,404,462,443,472,492,260,481,407,466,494,380,498,486,373,370,488,267,499,412,383,449,333,398,394,386,327,414,497,278,219,406,347,483,350,470,411,356,474,484,332,477,448,467,349,
405,461,478,275,392,274,476,456,262,438,307,249,469,322,440,377,432,433,493,375,463,424,427,239,471,413,384,245,363,391,450,430,371,429,323,441,480,496,399,339,457,445,447,329,
479,406,353,497,320,465,359,477,300,312,481,304,488,311,467,437,319,466,393,248,425,478,391,421,433,498,380,402,334,461,444,385,386,463,345,416,405,464,318,454,396,424,483,470,355,482,392,265,324,499,494,474,331,342,291,344,471,412,493,308,432,490,

447,342,263,432,308,493,375,471,353,291,482,470,483,424,396,454,318,346,464,405,298,416,345,463,386,385,444,344,343,461,402,498,355,433,392,421,391,478,425,248,334,393,348,466,496,319,437,467,252,488,363,304,481,312,477,359,465,320,497,
481,483,498,278,412,267,467,349,494,420,479,449,333,462,404,414,356,474,415,327,443,350,281,484,453,394,466,407,406,347,477,419,448,369,398,401,388,417,387,362,244,490,373,492,374,315,368,486,488,370,499,383,472,354,470,411,
433,459,491,432,363,480,379,438,496,399,413,384,471,445,307,249,262,456,250,427,441,323,259,377,316,493,457,339,322,440,469,476,329,447,450,429,430,371,
373,490,466,437,311,488,256,342,404,345,332,243,479,425,484,483,396,454,464,406,465,347,494,416,300,477,474,297,421,362,478,497,472,443,402,280,221,482,272,331,481,470,499,412,383,324,467,498,380,417,299,386,444,
302,296,372,290,358,360,247,
282,279,
261,360,358,372,302,290,382,233,
309,382,321,365,378,390,325,301,340,246,
285,426,335,434,395,381,446,326,292,442,293,423,255,
392,433,391,355,344,393,334,490,412,479,280,300,477,359,311,488,482,470,424,483,396,454,425,467,345,463,318,385,444,386,342,380,498,331,474,416,494,406,465,499,324,265,320,497,466,437,461,402,421,481,304,478,312,405,464,

497,414,486,327,394,333,449,267,398,373,370,488,406,347,483,350,499,411,470,412,383,356,474,484,332,477,448,349,467,498,380,494,466,407,481,278,260,492,472,443,462,404,417,490,421,362,479,420,
446,287,450,313,429,310,326,413,441,480,469,266,459,427,456,476,379,367,328,341,264,438,351,317,491,423,395,
478,402,443,472,497,362,421,300,477,416,474,297,482,272,331,481,470,499,412,383,324,467,498,380,417,299,386,444,494,347,465,406,464,280,454,396,483,484,425,479,243,332,345,404,342,256,488,311,437,466,490,
293,390,442,292,326,446,381,434,395,426,335,376,285,
497,465,348,482,346,405,464,447,440,432,353,471,355,445,363,480,457,391,393,275,478,392,274,371,430,377,496,319,493,375,433,463,424,454,343,461,402,385,444,

289,286,
342,324,432,308,493,375,471,353,291,482,470,483,424,396,454,318,346,464,405,298,416,345,463,386,385,444,344,343,461,402,498,355,433,392,421,391,478,425,248,334,393,348,466,319,437,467,252,488,304,481,312,477,359,465,320,497,
321,365,378,325,390,376,426,236,
433,432,363,480,438,496,399,413,384,471,445,307,249,262,456,427,441,323,377,316,493,457,339,322,440,469,476,329,447,450,429,430,371,

336,277,

381,446,376,390,442,335,426,434,294,
382,290,302,372,358,360,261,
433,432,363,480,438,496,399,413,384,471,445,307,249,262,456,427,441,323,377,493,457,339,322,440,469,476,329,447,450,429,430,371,
491,379,459,430,323,316,456,427,429,384,413,307,447,476,450,339,469,440,329,445,480,441,457,399,496,438,322,
426,376,390,325,378,365,321,
376,426,335,446,381,434,390,442,293,
469,446,326,313,459,456,476,379,367,328,341,264,438,351,317,491,423,395,
427,424,463,433,375,432,377,493,339,447,323,469,440,363,450,430,371,429,441,480,496,399,457,471,413,384,445,329,
336,277,
306,
294,434,426,442,390,376,378,253,
280,465,406,494,467,380,498,299,386,499,470,412,332,404,342,454,396,483,425,324,444,464,256,311,488,437,466,490,481,331,482,297,474,416,477,300,479,421,362,497,
388,387,419,369,401,477,347,407,484,281,394,350,417,490,373,368,486,488,370,499,383,398,411,448,374,315,492,354,472,443,327,415,474,356,414,404,462,333,449,479,420,494,349,
424,463,433,375,432,377,493,339,447,323,440,363,450,430,371,429,441,480,496,399,457,471,413,384,445,329,
340,325,378,365,321,
360,358,
392,433,391,355,344,386,385,444,416,463,345,498,466,437,467,461,402,488,421,393,334,481,304,478,312,359,465,497,320,405,464,318,425,454,396,424,483,470,482,
307,329,445,384,413,471,457,399,438,322,496,480,441,262,456,427,323,377,493,339,440,469,430,476,447,450,429,371,
322,438,496,399,457,441,480,445,329,440,469,339,450,259,493,430,323,456,427,316,429,471,384,413,307,476,447,

466,348,467,498,470,481,359,465,291,392,425,454,396,320,497,334,393,353,471,355,433,416,375,493,437,319,344,308,482,483,424,432,343,402,461,391,478,346,464,405,345,463,444,385,
378,376,390,442,426,434,294,
338,336,
423,442,292,326,446,381,395,335,285,
444,396,324,342,464,404,332,499,470,412,483,454,425,437,466,490,481,331,482,297,474,416,479,362,421,497,488,300,477,386,299,498,380,467,494,406,465,
448,497,386,373,383,474,470,499,412,483,494,481,421,362,479,420,466,404,462,332,477,490,467,498,380,406,347,492,472,443,484,417,488,370,
459,446,326,367,328,341,351,491,423,395,317,
493,430,323,316,456,427,429,384,413,307,447,476,450,339,469,440,329,445,480,441,457,399,496,438,322,
350,467,332,481,484,474,383,412,470,499,494,466,407,472,443,462,404,417,278,490,477,448,492,421,362,420,479,380,498,483,347,406,488,370,373,398,
360,358,372,302,
427,377,493,339,447,323,469,440,450,430,371,429,441,480,496,399,457,471,413,384,445,329,
348,359,465,291,392,425,454,396,497,334,393,353,471,355,433,298,416,375,493,437,319,344,308,482,424,432,343,402,461,391,478,346,464,405,463,444,385,
438,456,476,379,459,367,328,341,351,491,423,395,317,
499,494,474,331,324,342,386,444,416,463,345,380,498,466,437,467,461,402,421,481,304,478,312,320,497,465,464,318,425,454,396,483,470,482,488,311,359,477,
480,441,413,310,351,438,469,427,456,429,313,450,476,379,459,491,367,423,
412,443,472,484,448,477,492,406,347,462,404,449,333,407,494,349,394,398,411,356,474,499,383,420,479,490,417,350,488,370,373,


485,436,333,486,368,484,387,468,401,388,394,453,411,428,369,398,419,330,448,315,374,492,354,295,472,443,327,415,356,414,462,449,420,407,

484,472,443,417,497,386,380,467,406,488,490,477,332,404,437,466,362,481,494,479,421,498,483,412,499,470,474,

457,480,445,440,391,392,363,496,447,471,432,371,430,493,377,375,433,463,424,
440,478,391,392,363,496,447,471,461,432,371,430,493,377,375,433,463,424,
337,

470,404,462,417,443,472,494,499,412,383,474,484,490,477,448,492,362,479,420,498,483,347,406,488,370,373,398,407,466,481,
282,
444,479,467,454,483,425,396,470,499,412,481,416,474,331,490,300,477,464,386,437,466,494,406,465,421,342,324,380,498,488,482,497,
474,499,383,479,373,490,417,350,394,370,486,484,398,411,448,492,472,443,327,356,414,404,462,333,449,420,494,349,407,

451,484,366,419,486,368,411,352,410,394,453,449,462,428,369,485,389,448,330,388,401,492,374,387,415,357,414,473,436,468,409,472,354,431,408,
394,389,354,409,436,415,387,374,401,492,388,330,485,369,462,449,453,472,414,410,352,468,484,368,448,419,411,486,428,
335,395,381,446,326,
289,
351,341,367,491,459,379,476,438,423,469,456,313,
337,

372,360,358,
416,433,355,471,392,396,454,425,334,393,497,465,493,344,308,482,424,432,402,461,391,478,464,405,463,444,385,319,437,359,
442,381,446,335,
442,434,381,446,335,
434,426,442,390,376,
453,468,388,415,387,374,401,354,394,428,486,368,484,369,398,411,419,448,492,472,443,327,356,414,462,449,420,407,

406,490,362,466,437,454,483,425,412,470,499,498,481,331,482,474,416,479,421,497,488,477,386,380,467,494,465,
433,355,392,396,454,393,497,465,375,493,319,348,344,308,482,424,432,391,478,346,464,405,463,444,385,402,461,343,471,353,
482,497,386,380,467,406,488,490,477,332,404,437,466,362,481,465,494,479,421,498,483,412,499,470,416,474,
490,331,474,416,481,412,499,470,483,454,425,380,467,477,464,386,437,466,494,465,421,342,324,498,488,482,497,
382,
372,358,
449,414,431,357,415,473,409,485,468,410,352,436,453,366,314,401,388,387,435,422,451,389,408,428,486,361,419,
488,402,467,437,466,498,345,461,421,416,481,386,444,312,359,497,465,478,464,318,425,454,396,483,470,482,
451,435,388,387,374,401,492,414,411,449,368,389,408,419,486,428,366,453,436,352,410,468,369,485,409,473,415,357,431,

339,469,440,476,450,445,480,441,457,399,322,438,413,384,429,427,456,
402,465,497,454,396,392,471,355,433,393,444,493,464,432,461,391,478,405,463,385,482,424,
340,
427,438,469,456,450,476,379,459,491,367,
416,481,470,396,483,454,425,467,477,464,444,386,437,466,465,421,342,324,498,488,482,497,
359,497,465,464,425,454,396,483,482,318,478,470,444,481,416,421,461,345,498,466,437,467,402,
423,438,456,476,379,459,491,367,
401,388,387,435,451,389,408,361,419,486,428,366,453,436,352,410,468,485,409,473,415,357,431,
394,486,484,398,411,448,492,472,443,327,356,414,462,333,449,420,407,
476,445,480,441,457,399,438,384,413,450,429,456,427,440,469,
395,423,491,351,341,328,
478,470,481,421,345,498,466,437,416,444,467,402,482,483,396,454,425,464,465,497,
454,402,392,471,355,433,393,444,493,464,432,461,391,478,405,463,385,482,424,
481,470,478,359,461,345,498,437,416,444,467,402,482,396,454,425,464,465,497,
365,
476,445,480,441,457,399,438,384,413,450,429,456,427,440,469,
450,440,430,429,399,441,480,445,496,457,384,
477,464,437,466,465,421,342,498,488,482,386,497,467,425,454,483,470,481,416,
365,
446,395,
486,484,398,411,448,492,462,449,420,407,414,356,443,472,394,
351,491,423,341,
447,480,445,440,457,496,430,
462,453,468,368,448,419,449,411,428,486,369,414,492,401,388,374,387,415,
482,474,416,421,497,488,477,386,380,467,465,494,481,498,499,470,425,483,437,466,
404,466,481,362,421,479,498,483,474,494,470,499,412,477,490,488,406,467,380,
394,472,407,420,449,462,492,448,411,398,484,443,356,
437,359,385,463,444,402,482,464,478,465,497,461,425,454,396,
446,



440,429,450,413,399,441,480,445,457,384,

423,491,351,
488,482,386,497,454,425,483,470,498,481,416,467,421,465,466,437,
391,433,463,424,478,461,432,471,493,392,405,353,
402,454,482,497,393,444,464,396,461,465,478,463,385,
498,437,416,444,467,402,454,482,425,464,465,497,396,
353,405,392,493,471,432,461,424,463,433,391,478,348,
488,472,484,474,499,494,479,477,490,443,417,404,
391,433,463,424,478,461,432,471,493,392,405,353,
443,420,407,472,484,449,462,492,448,398,
448,398,407,494,370,462,417,490,373,492,479,484,420,443,472,383,499,
491,423,
419,486,428,415,453,410,436,468,485,409,
493,471,432,461,478,405,392,424,463,433,391,
448,401,492,414,369,486,411,462,449,419,368,
482,393,405,444,464,461,478,463,385,
443,484,398,448,492,462,449,420,407,472,394,
453,409,431,486,473,408,410,436,468,485,428,389,

444,402,454,482,464,478,465,497,461,396,

451,435,431,366,453,409,473,408,436,410,468,485,486,428,389,
498,483,474,499,494,412,477,490,479,488,406,
493,496,447,471,432,
439,468,436,451,435,422,431,485,473,408,

453,409,431,486,473,408,410,436,468,485,428,389,
491,459,
419,449,411,486,414,492,401,
449,411,486,414,492,401,
462,417,443,490,492,479,484,420,472,383,
430,447,496,471,493,377,

499,494,417,443,490,479,484,472,383,
449,419,486,414,401,
493,433,471,432,463,424,

493,471,496,447,

476,459,456,438,
499,488,477,467,494,481,498,470,483,466,


472,484,479,490,443,417,
457,445,480,441,
478,463,461,464,444,
497,466,483,470,498,481,467,421,
419,486,415,
419,486,415,
485,468,436,

433,463,424,
433,463,424,
478,463,461,
472,449,462,492,448,

497,465,464,482,454,
475,455,460,458,487,489,418,
448,492,462,484,472,407,
480,441,
489,487,458,455,460,473,439,
486,
482,464,444,
489,487,458,455,460,473,439,
490,479,494,499,474,
478,463,461,
488,479,490,477,494,499,474,
484,472,462,492,448,
485,431,
485,468,436,
485,453,468,436,
492,449,
488,477,494,499,474,
450,429,
486,
486,419,
465,497,437,
490,479,
489,487,458,460,455,
486,
472,484,443,
467,481,498,470,483,466,
473,451,


482,497,465,

469,
468,453,

496,
485,
471,


473,451,
468,
497,

473,



484,472,
464,
480,

496,
492,462,


473,
475,

482,
460,


460,



492,


497,
483,498,481,
498,


498,



499,494,






498,












499,





Past links sets, 
















1,









13,







3,

25,

2,
0,
32,
7,



11,30,

22,24,
23,
43,

39,
47,
26,
36,
5,16,
21,28,


35,
23,
17,
14,
0,46,

3,12,
20,27,
52,
22,24,30,
8,15,
9,41,
58,
3,
44,

18,22,

13,39,40,49,

58,
26,31,
42,

73,
33,
6,
18,52,


84,
66,
20,
9,41,
5,19,

61,
12,34,

18,22,24,


9,41,
73,
96,
40,53,
90,
37,38,
2,61,
9,11,62,
83,
33,
55,
81,
19,61,64,
78,74,87,
27,20,59,
33,82,
18,
89,
85,
18,20,
33,97,
12,72,34,73,

14,24,45,
6,
82,
3,83,102,
78,74,87,
21,70,92,
27,38,37,50,59,
127,
54,
111,
45,62,
21,28,70,92,
5,17,19,64,
74,78,
87,102,109,
2,95,113,
2,95,113,
45,67,68,86,
102,83,122,
88,
19,111,
38,37,50,59,
116,
74,78,
70,14,92,101,
6,42,
21,77,28,80,104,
91,120,
21,28,70,92,
7,26,31,56,
45,67,68,75,86,98,
137,

27,91,120,
51,77,28,80,104,

45,67,68,75,86,98,
109,131,142,
1,64,93,
25,111,
90,91,
74,78,
34,40,49,51,63,65,
34,43,51,63,65,
9,26,31,41,56,
56,150,
90,37,50,115,
127,103,142,

59,91,105,
154,
165,
75,117,120,
66,157,
165,
158,
175,
89,
56,101,129,31,135,152,
62,129,148,
62,67,68,86,124,
67,68,124,134,
130,145,
53,63,12,51,77,
44,114,128,147,155,
55,93,
132,
55,93,
184,

50,35,61,106,
17,130,106,145,
109,114,128,137,147,

30,67,75,86,20,98,117,
45,70,101,108,
172,178,180,

132,
66,115,130,145,
172,
96,166,167,
114,128,131,138,142,
90,115,130,
114,138,161,171,
201,
53,77,166,
165,188,
185,192,
35,105,157,164,
67,68,124,108,134,
70,92,101,30,108,
32,53,80,135,153,168,
114,122,128,131,138,
50,106,107,
204,
51,169,
109,211,
135,152,168,
44,63,65,72,103,
37,38,95,107,113,
27,47,151,98,176,
114,138,161,171,
108,183,
53,77,166,167,
50,59,61,106,
124,141,160,
93,144,
14,168,182,
18,185,214,
53,77,96,166,167,
158,166,187,
227,
168,182,
41,51,153,169,
53,77,103,205,
124,141,160,174,
174,198,
62,148,182,
3,138,178,180,196,221,
193,197,209,
26,44,72,77,103,205,
45,183,215,
141,108,212,
206,65,208,226,
103,187,205,210,228,234,
104,167,31,187,210,
130,105,170,
128,65,208,226,
26,242,
14,117,141,160,174,
49,39,104,216,
131,243,
128,147,155,200,
9,41,51,153,169,
158,250,
147,155,200,219,
7,184,233,
249,
63,65,208,
46,179,220,238,
155,96,161,196,206,217,
63,179,220,
197,209,193,219,
106,17,186,203,
107,194,
197,
106,17,186,203,
200,221,
106,17,186,203,
77,102,122,205,223,
102,83,122,205,223,
151,154,176,198,
184,230,240,
209,260,
173,151,177,213,
142,217,243,
204,244,
279,


169,222,255,
105,164,177,225,
63,153,179,220,
11,27,151,176,68,198,
286,
7,141,212,233,
206,252,263,
77,182,222,255,
104,216,222,237,
183,232,253,
193,270,
141,108,160,212,
34,72,200,256,
128,226,263,
200,256,
161,206,256,280,
67,68,134,199,124,215,
141,212,261,

188,248,265,

176,241,
21,179,235,249,259,
291,298,
68,183,134,199,124,215,
7,65,187,266,
171,243,265,
304,
12,238,266,287,
303,
172,244,270,
56,96,179,150,228,235,259,
92,168,63,258,264,
165,312,
43,223,291,51,298,
46,188,248,252,265,
22,124,134,199,236,246,
56,150,307,
179,235,239,245,259,262,
226,300,311,
124,152,134,199,236,246,
158,238,258,129,220,285,
219,281,295,315,
317,
235,239,245,259,262,
270,283,193,284,
103,265,297,300,
257,272,260,299,
267,281,315,
155,217,196,248,291,
232,51,285,292,293,
230,240,254,
276,288,
20,124,254,
56,150,239,245,262,307,
67,246,309,
287,328,
200,65,208,324,
40,49,167,223,252,298,
217,196,248,291,155,298,
63,221,318,320,
166,167,223,252,298,
221,244,257,267,278,
346,
200,137,267,281,
260,267,281,
266,341,
283,284,305,314,
206,343,348,
244,283,284,295,
147,167,248,217,308,137,319,
327,333,
283,305,314,
101,247,290,302,
312,320,334,
247,261,160,290,
314,
12,197,278,193,297,332,
228,208,234,239,245,274,210,275,

68,135,321,325,
305,283,361,
34,264,258,310,313,
305,330,354,
305,330,354,
114,257,44,278,350,
87,161,239,245,274,171,262,275,
199,290,302,
211,257,278,350,
244,295,305,330,
245,239,252,274,275,298,
30,153,222,236,237,294,
104,371,
134,199,236,246,253,
210,264,310,235,313,
171,201,331,332,
62,148,232,285,292,293,
148,233,184,301,
221,370,373,
169,316,322,323,339,
49,334,344,355,
204,257,272,299,304,331,342,
244,295,305,314,330,
244,295,305,314,330,
284,357,366,
153,215,222,236,237,294,
26,248,274,217,308,319,275,353,
26,248,274,217,308,319,275,353,
40,49,344,355,
137,283,284,200,356,
101,317,326,
256,308,311,344,280,345,359,

128,349,350,278,356,
169,316,322,323,339,

314,368,369,374,
167,180,178,308,344,319,345,359,

281,332,347,
155,196,205,353,355,
267,280,206,362,
398,
357,364,366,
352,357,366,
352,357,197,366,
327,333,368,369,
96,267,300,362,
7,266,316,322,339,
327,303,368,369,374,
352,387,388,
291,299,331,342,345,
138,196,272,347,383,
397,
368,374,415,
349,356,188,370,
318,332,386,
303,364,
152,187,255,313,351,
147,375,391,392,
331,334,342,345,
30,222,236,237,216,294,
72,44,239,262,310,316,153,322,
295,330,352,357,366,
323,413,
323,329,371,
408,
187,308,319,353,363,375,
228,234,375,391,210,392,
108,293,294,
305,361,364,
193,270,364,389,409,410,
272,334,416,
316,322,379,
400,364,403,
142,275,322,323,316,329,274,339,
266,7,384,399,
108,292,150,293,294,
272,347,383,420,
32,256,280,385,311,402,
274,329,384,
46,326,179,335,
329,363,377,
114,257,44,330,354,394,407,
155,349,374,303,394,411,
310,323,413,
283,422,435,

209,410,428,
167,297,319,342,396,
400,403,418,
9,316,322,379,
83,274,329,384,
400,403,418,
167,168,367,379,
455,458,
77,165,359,385,393,275,405,
370,448,
188,265,375,385,391,393,392,405,
324,396,444,
223,396,39,416,425,
46,193,197,380,252,278,421,
209,345,380,421,
428,436,
238,287,427,
63,193,320,380,278,421,
80,377,250,432,
394,407,443,
357,366,439,451,
171,331,404,406,412,
397,452,
9,316,322,379,
208,324,380,406,347,412,
77,221,318,359,385,393,275,405,
406,404,417,
7,266,399,445,
320,466,
299,355,425,402,454,
362,466,
138,283,284,407,196,443,
193,270,389,409,410,431,
357,366,401,414,419,
400,403,418,
304,342,380,406,347,412,
400,403,418,
406,300,404,417,
135,210,235,351,367,
188,411,462,
308,319,353,259,363,375,377,
373,380,474,

21,430,447,
219,386,437,465,
362,467,470,481,
494,
Future links sets, 
63,39,
162,16,
140,139,107,38,
243,127,72,65,34,

136,93,55,
149,125,85,
480,441,310,290,261,413,153,41,
69,
476,258,168,108,101,456,92,70,

288,108,45,
362,313,187,122,96,65,
77,26,
232,148,254,124,62,
69,
55,
271,268,273,195,136,61,
233,120,117,98,86,75,
144,136,113,93,
198,120,115,338,91,66,
496,307,152,150,135,129,56,
321,98,75,68,47,
60,48,
124,98,68,47,
163,36,
253,245,168,153,392,80,391,53,
288,225,130,115,157,66,
158,152,150,135,56,

426,376,215,198,68,45,
250,182,168,153,80,
444,216,40,
121,116,110,84,
367,297,167,166,122,96,
213,194,59,
54,
224,170,130,145,106,
224,130,145,106,
465,255,77,51,
393,343,166,104,77,
258,238,168,101,92,70,
149,81,
319,167,49,
427,245,223,448,370,188,73,
246,154,141,199,160,134,124,
320,446,264,466,63,
225,52,

393,343,385,255,166,77,
229,218,194,170,145,130,
319,238,220,187,258,167,335,166,158,
86,67,
228,216,210,239,187,234,104,
132,
191,189,111,
339,316,182,169,168,322,153,

79,71,
229,173,145,130,115,

229,194,113,107,95,
242,184,183,381,134,108,
345,287,266,263,470,223,317,187,167,166,
162,136,113,
342,263,252,248,223,310,167,166,
203,177,90,
214,198,185,340,301,184,160,154,141,
365,309,214,185,301,288,184,160,154,141,

215,199,152,148,135,129,

427,297,245,223,122,
102,122,83,
165,147,137,128,114,
198,176,160,154,

478,461,292,274,245,234,239,187,210,158,228,150,
165,147,137,128,114,

471,216,158,150,
112,
126,116,
457,275,142,127,109,
89,
119,
198,184,160,154,141,
371,138,128,114,
143,
181,118,
207,164,170,105,
173,157,164,151,
215,152,317,148,135,129,
231,191,189,162,

224,140,139,
412,316,265,234,205,103,
121,
198,225,160,154,


358,215,199,182,395,148,
275,274,142,138,127,
331,245,239,249,223,171,
377,255,250,158,293,150,
286,213,251,173,
271,268,229,218,273,195,194,
269,224,218,
434,296,442,247,215,227,214,199,
221,196,161,138,

163,144,133,

224,140,139,
226,217,208,206,196,448,370,188,
207,203,170,
146,
198,254,176,


176,157,151,

275,274,217,142,

338,325,309,321,230,240,214,185,301,184,


171,131,
398,298,257,252,217,206,196,188,
326,183,182,
207,203,195,251,186,
256,217,206,161,
202,190,

378,325,321,309,301,214,185,
491,365,222,216,182,

394,355,349,196,155,
484,417,226,243,217,208,206,


302,296,290,254,247,240,230,
280,440,206,171,161,

231,
203,195,186,

424,355,260,257,196,188,
382,381,242,183,

339,322,316,442,169,
288,279,276,225,
423,222,325,182,
390,376,287,427,258,238,216,
276,174,
449,405,334,265,260,257,344,188,

213,177,
259,326,235,179,

296,254,240,360,230,
371,300,265,226,208,


286,213,
211,178,461,318,175,
346,235,234,228,210,205,
454,402,459,355,346,343,250,234,228,205,
459,317,237,232,222,216,
399,384,258,238,285,220,
251,
474,380,371,311,226,208,
315,204,200,
279,
254,241,240,
180,
306,288,276,225,
286,279,
402,243,200,
323,307,287,266,446,316,264,
402,243,200,

292,242,237,232,
309,294,246,227,
382,277,261,192,
233,212,
273,271,268,
423,310,432,250,249,235,
492,420,463,320,304,211,



212,
485,470,466,362,330,295,436,267,244,
269,

484,417,405,344,265,334,243,
466,362,410,267,270,244,
288,276,241,
378,372,325,321,309,301,
394,342,349,297,272,299,260,257,
380,209,

273,271,268,
386,281,219,
274,405,275,249,245,239,
406,353,291,265,300,248,

477,363,342,263,252,248,
467,453,278,267,244,
491,433,363,250,379,249,
373,221,
302,296,290,247,
279,
233,
390,309,301,246,
426,293,255,
392,391,355,344,334,280,265,

497,327,267,260,
326,287,266,264,
478,383,345,272,347,243,
426,390,293,292,376,285,
465,346,343,319,275,274,

286,
324,298,252,248,
236,
363,433,316,249,

336,277,

381,335,294,
382,290,261,
433,363,249,
491,379,323,329,316,307,
426,378,376,390,325,321,
426,390,376,293,
469,326,313,264,
371,363,339,329,427,375,323,
336,277,
306,
253,
311,280,256,
388,387,374,347,354,315,281,
371,363,339,329,375,323,
378,340,325,321,
360,358,
392,391,355,344,334,320,304,
307,262,
471,259,

466,375,346,320,343,291,
378,294,
338,336,
423,292,285,
444,396,300,299,297,
448,370,386,373,347,332,
367,326,317,
493,323,329,316,307,
350,332,278,
360,302,
371,339,329,427,323,
298,291,
379,367,317,
331,463,320,311,304,
480,441,413,351,313,310,
406,350,349,412,347,333,


485,436,330,315,295,

437,443,417,386,332,

445,457,392,391,440,375,371,363,
478,461,392,391,440,375,371,363,
337,

470,398,370,466,362,373,347,
282,
444,406,396,300,
404,350,349,333,327,

451,394,366,357,484,354,352,330,
394,389,484,354,352,330,
381,335,326,
289,
341,469,313,
337,

372,360,358,
416,344,319,334,308,
442,381,335,
442,434,381,335,
434,426,442,390,376,
428,388,387,374,354,327,

454,362,331,
375,346,344,343,319,308,
482,416,386,332,
490,412,331,324,
382,
372,358,
449,422,414,314,
488,386,312,
388,387,374,369,368,366,435,357,352,

339,322,
432,493,402,396,392,391,355,
340,
450,427,379,367,
444,396,324,
359,318,
423,379,367,
401,388,387,361,357,352,
333,327,
476,456,440,427,413,438,399,384,
395,328,
478,421,345,
432,493,454,402,392,391,355,
481,470,359,345,
365,
476,456,440,427,413,438,399,384,
450,440,430,429,399,384,
477,464,342,
365,
446,395,
414,411,356,
341,
457,447,445,440,430,
448,428,388,387,374,369,368,
474,416,425,386,380,
421,404,380,362,
411,356,
425,437,385,359,
446,



440,413,399,384,

351,
488,454,416,425,386,
353,
402,396,393,385,
425,416,467,402,396,
348,
488,477,443,417,404,
353,
449,420,398,
398,373,370,
491,423,
428,415,410,409,
493,432,405,392,391,
448,369,368,
482,405,393,385,
398,420,394,
410,409,486,473,408,428,389,

478,402,461,396,

435,366,
498,483,412,406,
493,447,432,
439,436,435,422,408,

410,409,486,473,408,428,389,
491,459,
419,411,414,401,
411,414,401,
462,420,383,
430,377,

494,383,
449,419,414,401,
493,433,432,463,424,

493,471,447,

476,459,456,438,
494,488,477,470,467,466,


443,417,
457,445,441,
478,463,461,444,
497,421,
415,
415,
485,436,

433,463,424,
433,463,424,
478,463,461,
472,449,448,

465,464,454,
475,418,
407,
480,441,
489,487,458,455,439,
486,
482,444,
489,487,458,455,439,
490,479,474,
478,463,461,
488,479,490,477,474,
484,472,448,
431,
485,436,
485,453,436,
492,449,
488,477,474,
450,429,
486,
419,
465,437,
490,479,
489,487,458,455,
486,
443,
470,467,466,
451,


482,465,

469,
468,453,

496,
485,
471,


451,
468,
497,

473,



484,472,
464,
480,

496,
462,


473,
475,

482,
460,


460,



492,


497,
483,481,
498,


498,



494,






498,












499,





Coordinates
1.00989e-05,0.882186
0.000302514,0.375345
0.00100969,0.451572
0.00168129,0.966832
0.00232337,0.00235827
0.00283093,0.385044
0.00347546,0.242195
0.0058587,0.725834
0.00608906,0.139356
0.00658267,0.705494
0.00675552,0.0800414
0.00919894,0.63172
0.0127895,0.947325
0.0131044,0.811373
0.0136495,0.652178
0.0167292,0.130417
0.0168107,0.35905
0.0193811,0.419955
0.0195971,0.563235
0.0199324,0.387262
0.0213194,0.509073
0.0221624,0.752157
0.0239058,0.58107
0.0267728,0.187588
0.0269845,0.587672
0.0289012,0.325055
0.0298353,0.798129
0.0316406,0.481404
0.0323598,0.765597
0.0368176,0.100415
0.0405217,0.597222
0.0420072,0.763084
0.0424532,0.816043
0.0431335,0.280167
0.0450333,0.936886
0.0459993,0.452684
0.0462103,0.308107
0.0475889,0.427131
0.0506952,0.418899
0.0507276,0.83379
0.0508088,0.81032
0.0518998,0.689908
0.0540576,0.208648
0.0549876,0.826118
0.0570418,0.983338
0.0640678,0.579454
0.064405,0.86346
0.0654765,0.551041
0.0670654,0.148363
0.0719868,0.809126
0.0729066,0.413743
0.0826532,0.815697
0.0840444,0.539211
0.084422,0.76932
0.0909677,0.268294
0.0911514,0.303479
0.0914163,0.712922
0.0915931,0.0118803
0.0916302,0.063837
0.0942173,0.41398
0.0948172,0.128766
0.0956017,0.350775
0.0987586,0.595259
0.100638,0.841812
0.107522,0.328501
0.108491,0.866532
0.111594,0.42158
0.116062,0.519299
0.117298,0.522148
0.120441,0.0287937
0.120559,0.628493
0.122719,0.0333711
0.123058,0.910749
0.1234,0.948374
0.125318,0.998583
0.126792,0.479551
0.128736,0.0547218
0.128908,0.758005
0.129264,0.994542
0.129833,0.0259877
0.131356,0.721677
0.131388,0.13975
0.132222,0.187933
0.133045,0.944915
0.133714,0.199972
0.134274,0.119697
0.136892,0.493698
0.1374,0.966674
0.137857,0.147647
0.140306,0.193741
0.141812,0.398672
0.143354,0.414931
0.144426,0.622008
0.144652,0.273732
0.144868,0.0207609
0.146013,0.301239
0.14645,0.871783
0.146746,0.201691
0.146746,0.468081
0.147664,0.0574216
0.154202,0.0281974
0.1554,0.589446
0.156063,0.917772
0.159203,0.863709
0.159954,0.709394
0.16239,0.38344
0.163959,0.322484
0.169535,0.29368
0.169939,0.54265
0.173342,0.928533
0.174141,0.174171
0.176771,0.2203
0.17808,0.0963929
0.181159,0.266025
0.181404,0.942618
0.189225,0.341478
0.193007,0.134824
0.194576,0.409583
0.196851,0.143853
0.19768,0.0602815
0.198771,0.384258
0.200691,0.151958
0.203823,0.868738
0.204125,0.110755
0.207654,0.475682
0.208096,0.0536471
0.209422,0.111302
0.21327,0.884137
0.213353,0.936574
0.21532,0.560864
0.222783,0.29344
0.223293,0.878055
0.224496,0.146055
0.22633,0.177839
0.229965,0.471012
0.233091,0.567414
0.234164,0.206366
0.237717,0.94931
0.238647,0.884699
0.239801,0.213128
0.241651,0.211194
0.243957,0.416025
0.24526,0.844637
0.247124,0.0408303
0.248367,0.160316
0.250087,0.261646
0.254122,0.0770994
0.254447,0.930372
0.255655,0.513481
0.256055,0.0109482
0.256339,0.63141
0.260475,0.333461
0.260754,0.53857
0.263977,0.585252
0.264339,0.379487
0.264349,0.932014
0.266344,0.0468276
0.272016,0.311085
0.272773,0.647455
0.274864,0.0252164
0.275225,0.382705
0.275633,0.827105
0.277809,0.159397
0.279678,0.123375
0.279748,0.301426
0.280753,0.941739
0.286455,0.697254
0.287456,0.72285
0.288013,0.545933
0.288726,0.60106
0.28983,0.254944
0.291415,0.806552
0.293583,0.969113
0.297378,0.262221
0.298335,0.353387
0.302691,0.93346
0.302848,0.309484
0.303263,0.287632
0.30556,0.929991
0.305866,0.618835
0.309762,0.928686
0.314371,0.0244281
0.314797,0.496092
0.318927,0.457705
0.319542,0.375081
0.320466,0.381528
0.324752,0.199605
0.330401,0.636049
0.340336,0.87166
0.342625,0.0850331
0.342633,0.0302182
0.345885,0.080723
0.34644,0.353101
0.347071,0.997901
0.348672,0.152826
0.350099,0.170601
0.350768,0.845403
0.352104,0.999841
0.35409,0.284796
0.356416,0.39291
0.357482,0.909062
0.35751,0.97311
0.364462,0.008961
0.365077,0.168368
0.367861,0.938606
0.368182,0.652836
0.368587,0.791317
0.3708,0.171742
0.372886,0.757672
0.372943,0.964137
0.372951,0.622445
0.373829,0.854855
0.374724,0.33209
0.375229,0.215376
0.376244,0.344239
0.379092,0.389309
0.379964,0.48003
0.381053,0.79347
0.381237,0.115834
0.381502,0.929317
0.383265,0.530022
0.384687,0.84452
0.385952,0.461616
0.387656,0.683061
0.390755,0.0845025
0.400517,0.216007
0.401717,0.745722
0.407718,0.382474
0.408938,0.606415
0.409044,0.101229
0.411677,0.276562
0.414148,0.0080345
0.416892,0.418749
0.41704,0.307402
0.418482,0.601782
0.420191,0.565693
0.422351,0.368405
0.424371,0.421821
0.429586,0.483312
0.430246,0.600024
0.43653,0.250509
0.440273,0.212525
0.44033,0.38247
0.447235,0.793484
0.452884,0.932997
0.453241,0.591878
0.455476,0.329378
0.457435,0.258815
0.460167,0.712685
0.461813,0.563387
0.463539,0.550544
0.464304,0.0922425
0.466344,0.689456
0.468161,0.360924
0.468379,0.202296
0.468993,0.417208
0.469345,0.775555
0.470439,0.831743
0.470544,0.439
0.478527,0.535598
0.478841,0.840952
0.485043,0.250922
0.485675,0.54441
0.486794,0.655539
0.488018,0.442148
0.489979,0.721457
0.490082,0.464954
0.491562,0.873727
0.492892,0.0456944
0.497078,0.00957641
0.499499,0.946161
0.506576,0.0331433
0.507985,0.790167
0.510309,0.0293442
0.511441,0.562897
0.512519,0.57571
0.515176,0.130192
0.516416,0.181378
0.51748,0.82302
0.51896,0.0751489
0.519044,0.724217
0.519422,0.879692
0.520131,0.0739966
0.520498,0.982476
0.522708,0.977628
0.523335,0.370751
0.523848,0.0936072
0.52456,0.424996
0.52839,0.113476
0.530654,0.0873183
0.530718,0.203149
0.531331,0.631857
0.532358,0.354708
0.533651,0.340821
0.534207,0.310546
0.53901,0.915719
0.539327,0.176186
0.540081,0.733245
0.540233,0.610496
0.545503,0.736396
0.55129,0.701363
0.552015,0.216755
0.553826,0.185016
0.555,0.998399
0.557208,0.659359
0.557614,0.975166
0.573463,0.0828145
0.574596,0.451417
0.576606,0.589594
0.579329,0.202857
0.581502,0.395882
0.583855,0.659135
0.584625,0.636221
0.590476,0.375884
0.590608,0.970915
0.592405,0.856137
0.592544,0.425817
0.600467,0.343587
0.600712,0.627051
0.601851,0.56178
0.60304,0.610536
0.603096,0.189761
0.607869,0.419152
0.609754,0.440196
0.619411,0.639617
0.620911,0.179197
0.622019,0.298698
0.622543,0.834633
0.623468,0.324176
0.624506,0.44349
0.630353,0.888217
0.631913,0.648773
0.632294,0.694802
0.634923,0.813741
0.635324,0.574985
0.639825,0.259527
0.644222,0.0441665
0.646012,0.000175649
0.646502,0.0388469
0.649581,0.396178
0.654775,0.132362
0.65576,0.297869
0.656888,0.614845
0.658087,0.501105
0.659175,0.54398
0.661004,0.573911
0.662102,0.494232
0.667645,0.718646
0.672033,0.484999
0.672199,0.770607
0.672373,0.755861
0.67856,0.279575
0.678797,0.912798
0.683526,0.477666
0.685869,0.831676
0.690043,0.505649
0.690512,0.785251
0.691202,0.918883
0.692303,0.0529137
0.696072,0.525932
0.701115,0.0359617
0.701638,0.926311
0.717939,0.637044
0.718762,0.416005
0.718892,0.946506
0.723613,0.077719
0.724573,0.907986
0.725316,0.257226
0.725766,0.811352
0.727123,0.806359
0.72776,0.705284
0.728506,0.389974
0.729027,0.0242524
0.732364,0.696043
0.737623,0.811641
0.739556,0.416262
0.74277,0.11002
0.744266,0.376927
0.747299,0.0819864
0.748853,0.258179
0.7543,0.581201
0.757835,0.139285
0.762253,0.0106188
0.762858,0.67293
0.762945,0.297104
0.771559,0.439145
0.774716,0.532738
0.776389,0.798279
0.780071,0.797859
0.780925,0.877131
0.781006,0.0709169
0.781336,0.395052
0.781802,0.395217
0.786747,0.423101
0.787838,0.719632
0.789266,0.157715
0.792254,0.460238
0.793355,0.987073
0.796172,0.69126
0.797111,0.259765
0.79848,0.94784
0.800549,0.773541
0.800729,0.438847
0.802075,0.943049
0.802341,0.607745
0.802708,0.400164
0.804321,0.574345
0.807304,0.683193
0.808553,0.873465
0.810162,0.844606
0.810203,0.82835
0.811389,0.734711
0.814389,0.556355
0.814631,0.232947
0.814886,0.745484
0.817756,0.779997
0.828481,0.46164
0.828635,0.611885
0.83817,0.942844
0.838535,0.76173
0.839558,0.644356
0.841794,0.486571
0.843102,0.893649
0.843229,0.123564
0.844001,0.342427
0.846083,0.435039
0.848454,0.0126242
0.849248,0.192275
0.849561,0.786667
0.854097,0.200938
0.858834,0.262277
0.859051,0.853174
0.864693,0.306563
0.86694,0.315207
0.869129,0.00823433
0.871784,0.855876
0.872738,0.794942
0.873506,0.425143
0.873867,0.155281
0.875295,0.883518
0.875339,0.219963
0.878082,0.185893
0.878311,0.0101613
0.878392,0.606523
0.878886,0.36638
0.887219,0.188488
0.888213,0.0405222
0.889442,0.248735
0.891794,0.629722
0.895194,0.66138
0.900584,0.152014
0.901075,0.839907
0.901354,0.955366
0.901425,0.750783
0.906584,0.369062
0.911442,0.877142
0.913119,0.11459
0.914523,0.1708
0.916776,0.87638
0.920425,0.0912763
0.921152,0.873323
0.9233,0.301228
0.92551,0.604762
0.92948,0.282687
0.932255,0.327775
0.93334,0.364747
0.936931,0.415157
0.937623,0.402247
0.93907,0.742906
0.939625,0.102889
0.942115,0.404977
0.942962,0.228525
0.943868,0.568895
0.944073,0.819209
0.945729,0.470897
0.946727,0.925021
0.947897,0.079773
0.952009,0.446561
0.954332,0.279203
0.954892,0.48676
0.954916,0.120911
0.956631,0.39729
0.957831,0.330233
0.960046,0.398497
0.960778,0.543395
0.963446,0.75677
0.963649,0.672376
0.965815,0.863035
0.966,0.424608
0.972424,0.878875
0.976917,0.464104
0.977236,0.0210721
0.979182,0.569922
0.982425,0.185763
0.9863,0.4436
0.990889,0.946284
0.993192,0.147361
0.995229,0.320238
0.996795,0.360257
0.999577,0.432235