Storage option,sets
Size,50
Dimension,2
Shape,cube
Spacetime,BlackHole
Past sets, 






0,



0,6,





7,
1,2,

1,2,5,
7,11,
6,0,15,

7,11,16,
17,19,1,2,5,

13,9,20,7,11,16,
1,5,13,11,9,7,
1,2,
1,2,
7,11,16,
1,2,
5,17,28,1,2,19,
10,21,6,0,15,
2,1,31,
26,13,9,20,7,11,16,23,
16,17,2,27,5,1,13,11,9,20,7,19,
5,17,28,29,2,34,1,31,
31,1,34,2,29,17,19,28,5,
1,5,26,13,9,20,7,11,16,23,
32,17,5,28,24,1,2,19,31,29,
23,20,9,13,16,11,7,30,26,
9,11,13,24,17,5,1,19,2,
9,11,13,24,17,5,1,19,2,
2,19,39,26,13,1,27,5,9,20,7,11,16,23,
13,9,32,17,5,28,2,1,24,19,29,
23,16,11,7,20,9,26,13,35,
19,28,17,29,2,34,1,31,5,38,
31,1,34,2,29,28,17,5,37,
7,20,9,11,13,1,5,27,17,16,19,2,36,
Future sets, 
10,33,21,6,
39,34,31,29,28,27,44,17,47,38,48,37,36,19,24,45,43,42,40,49,32,
34,31,29,28,44,17,47,38,48,37,36,19,24,45,43,42,40,49,32,


39,37,27,48,19,45,32,44,47,38,36,49,24,43,42,40,
21,33,10,
27,16,36,23,30,26,39,44,41,35,46,49,20,

45,42,36,49,43,26,41,35,46,39,27,44,
33,
42,30,27,43,20,36,49,26,41,35,39,44,46,23,

45,42,36,49,43,26,41,35,46,39,27,44,

33,21,
49,36,30,26,23,44,41,35,46,39,
47,38,48,37,36,24,45,43,42,40,49,32,

44,47,38,36,24,45,43,42,40,49,32,
49,36,26,41,35,46,39,44,
33,

41,35,46,39,44,
43,42,45,40,

41,35,46,39,44,
44,49,36,
47,38,32,48,37,45,40,
45,40,47,37,48,38,
41,
37,40,47,38,48,34,
45,40,

38,48,47,37,
46,
49,
48,
47,
44,










Past links sets, 






0,



6,





7,
1,2,

1,2,5,
7,11,
6,15,

11,16,
17,19,

9,13,16,20,
1,5,13,11,9,7,
1,2,
1,2,
11,16,
1,2,
17,19,28,
10,21,
31,
23,26,
16,27,17,20,19,
5,34,29,28,17,
34,29,19,17,28,
5,23,1,26,
24,29,31,32,
23,26,30,
11,13,9,24,
11,13,9,24,
27,19,39,
9,32,29,24,13,
35,
38,
37,
36,
Future links sets, 
6,
31,29,27,19,39,17,28,
31,19,29,17,28,


37,27,39,19,
21,10,
27,20,16,

45,26,27,42,43,
33,
43,42,20,30,23,27,

45,26,27,42,43,

21,
30,36,26,23,
38,24,32,37,36,

44,24,32,36,38,
36,26,
33,

41,39,35,
43,42,45,40,

41,39,35,
44,36,
38,37,32,
45,40,38,37,
41,
40,34,
45,40,

38,37,
46,
49,
48,
47,
44,










Coordinates,
0.00753984,0.946173,
0.0989872,1.97431,
0.11731,1.99474,
0.14734,0.408084,
0.152961,0.0904873,
0.210056,1.80362,
0.21176,0.780093,
0.230372,1.31144,
0.231265,0.241814,
0.233201,1.45884,
0.252443,0.7464,
0.268498,1.35866,
0.288469,0.0023121,
0.291294,1.49205,
0.293081,0.194487,
0.321457,0.842905,
0.346878,1.21859,
0.348305,1.81575,
0.360476,0.33625,
0.416248,1.70939,
0.445041,1.22561,
0.633075,0.554731,
0.657006,0.0269144,
0.760901,0.893014,
0.822509,1.55826,
0.874713,0.025711,
0.937577,0.867704,
1.00529,1.10265,
1.00739,1.80694,
1.04157,1.81418,
1.04161,0.601585,
1.15861,1.86594,
1.28328,1.54256,
1.28488,0.0694792,
1.30814,1.84068,
1.33803,0.566357,
1.44046,0.736629,
1.62407,1.69219,
1.66302,1.54754,
1.67458,0.431746,
1.70211,1.38703,
1.73219,0.080488,
1.74574,0.883317,
1.7472,0.90879,
1.7712,0.358339,
1.80461,1.09214,
1.81143,0.18145,
1.83354,1.48271,
1.85135,1.59863,
1.97082,0.328184,
