Storage option,sets
Size,50
Dimension,3
Shape,cylinder
Spacetime,BlackHole
Past sets, 




















1,8,

0,2,6,

5,



0,7,

9,12,
5,

8,19,


10,2,22,0,6,
4,

26,
10,

1,3,23,

16,

19,8,1,20,
4,11,33,8,19,21,
4,11,
16,
Future sets, 
28,36,22,
42,46,20,
36,22,
42,
48,47,37,
31,24,
36,22,
28,
47,33,46,20,
30,
40,36,
48,47,
30,



49,44,


46,47,33,
46,
47,
36,
42,


39,






47,
















Past links sets, 




















1,8,

0,2,6,

5,



0,7,

9,12,
5,

8,19,


10,22,
4,

26,
10,

1,3,23,

16,

19,20,
4,11,21,33,
4,11,
16,
Future links sets, 
28,22,
42,20,
22,
42,
48,47,37,
31,24,
22,
28,
33,20,
30,
40,36,
48,47,
30,



49,44,


46,33,
46,
47,
36,
42,


39,






47,
















Coordinates,
-8.8892,2.01733,0.504042,
-5.77356,2.05458,3.94521,
-5.51803,1.73272,6.12849,
-5.48726,1.88652,3.28306,
-5.23338,2.29523,5.29084,
-5.08456,2.1993,2.39636,
-4.96884,1.82106,5.84822,
-4.63697,1.74839,0.538653,
-4.47399,1.80791,4.14125,
-4.37314,2.18619,2.77543,
-3.768,2.63598,0.209054,
-3.62308,2.52976,5.0951,
-3.49957,1.77449,2.84507,
-3.41256,2.46431,1.06141,
-3.40056,1.7763,1.69545,
-3.31777,1.58937,1.47242,
-3.20007,2.82984,0.912192,
-3.18628,2.77017,1.51748,
-2.96233,1.22532,1.38643,
-2.9185,1.62966,4.18508,
-2.82697,1.10939,3.56802,
-2.81347,2.9384,4.60936,
-2.77225,1.35451,5.79533,
-2.59935,2.42161,3.0479,
-2.38419,1.59954,2.04343,
-2.35194,1.53762,0.688857,
-2.27892,2.96863,5.62883,
-2.25646,2.73542,5.68671,
-2.25132,1.34513,0.36234,
-2.08104,2.97258,4.18745,
-2.06274,1.48542,2.61833,
-2.02448,1.36908,1.78427,
-1.925,2.74648,1.96341,
-1.7907,1.42106,4.05378,
-1.51004,2.66949,2.49163,
-1.44363,2.93086,2.16764,
-1.40867,1.15589,5.68301,
-1.40762,0.952254,4.21541,
-1.34705,2.57203,5.84848,
-1.3061,2.8169,5.50804,
-1.23156,2.57947,6.09717,
-1.21174,2.72973,3.16875,
-1.08764,1.36975,3.03221,
-1.01802,2.8201,4.21911,
-0.405717,2.98724,0.797512,
-0.355764,2.95807,2.83095,
-0.247216,0.788138,3.32134,
-0.204957,0.812784,3.97456,
-0.178041,1.10291,4.71022,
-0.131954,2.9844,0.906086,
