Storage option,sets
Size,50
Dimension,2
Shape,cube
Spacetime,BlackHole
Past sets, 

0,

0,1,2,


2,1,0,3,
2,
5,


4,5,8,
5,8,4,9,


9,11,4,5,8,
4,3,0,1,7,2,6,
1,0,8,5,4,11,9,7,2,3,
3,0,1,8,5,4,11,7,2,6,
4,3,0,1,6,8,5,7,2,

6,2,7,1,0,3,4,5,16,


3,0,1,8,5,4,11,7,2,6,
2,7,10,12,15,8,9,11,4,5,

0,2,7,10,12,15,8,9,11,4,5,
20,
13,14,20,22,
24,11,3,0,1,8,5,18,4,7,2,6,
0,25,12,2,15,7,10,8,9,11,4,5,13,
6,10,12,17,4,1,0,8,5,11,9,7,2,15,3,
10,23,9,26,29,22,13,20,14,28,
8,10,23,9,26,29,5,22,13,20,14,28,
22,28,23,20,26,
26,20,23,22,28,35,
6,3,1,17,25,27,0,2,15,7,10,12,8,9,11,4,5,
35,28,22,23,20,26,36,
5,8,14,13,29,9,10,26,20,23,22,28,35,33,
5,33,20,10,23,9,22,26,13,29,14,28,8,
0,13,25,12,2,15,7,10,8,9,11,4,5,14,
14,36,26,20,23,22,28,13,35,38,
1,14,31,0,25,8,12,2,15,7,10,27,9,11,4,5,13,
9,10,14,38,35,28,22,23,20,26,13,36,29,
0,13,25,12,2,15,7,10,8,9,11,4,5,14,
36,39,5,22,8,14,13,29,9,26,10,20,23,28,35,33,38,
2,7,10,8,4,11,9,12,29,5,22,15,13,20,14,
14,22,5,4,9,10,7,15,2,12,8,25,13,0,11,45,
11,0,13,25,45,8,12,2,15,7,10,9,41,4,5,14,
Future sets, 
48,45,49,1,18,21,24,41,37,3,30,17,19,32,43,6,16,27,31,
18,21,24,37,43,30,17,19,32,6,16,3,
25,41,45,31,43,27,3,47,16,32,19,48,17,30,6,37,24,21,49,18,7,
6,17,37,24,16,32,21,18,19,30,
19,21,16,11,30,49,24,43,17,15,41,18,37,47,32,45,27,31,12,25,48,
21,25,31,27,45,32,47,18,12,41,15,43,24,49,30,48,19,34,39,17,46,11,40,37,8,
37,24,16,32,21,18,19,30,
27,43,31,49,45,17,21,32,16,37,41,18,30,19,47,24,48,25,
40,46,39,34,19,11,30,49,24,43,17,15,41,18,37,47,32,45,27,31,12,25,48,
34,39,40,33,46,17,44,15,25,47,32,45,49,27,31,12,41,43,48,37,
47,44,34,39,46,40,33,32,45,49,27,31,41,43,25,48,37,
24,30,17,15,41,18,47,32,45,49,27,31,43,25,48,37,
47,32,45,49,27,31,41,43,25,48,37,
48,45,42,49,41,29,40,47,34,44,33,46,39,31,43,
48,45,43,42,29,40,47,34,44,33,46,39,41,49,
47,32,45,49,27,31,41,43,25,48,37,
21,
37,32,
30,

47,28,38,44,42,29,36,39,46,33,35,40,34,

48,38,42,36,29,40,47,34,44,33,46,35,39,
38,44,42,36,39,46,35,40,33,34,
30,
45,49,31,41,43,48,37,
38,44,42,36,39,46,35,40,33,34,
43,37,
38,44,42,36,39,46,35,40,33,34,
47,34,44,33,40,46,39,

43,

40,46,39,

36,42,44,46,39,38,
42,44,46,38,

46,44,42,
46,

49,



49,48,




Past links sets, 

0,

1,2,


3,
2,
5,


4,8,
8,4,9,


9,11,
4,6,7,
3,7,9,11,
7,6,11,
4,6,7,8,

5,16,


7,6,11,
7,12,10,15,

0,15,10,12,7,
20,
13,14,20,22,
18,24,
13,0,25,
6,17,12,15,10,
9,10,29,28,23,26,
8,9,10,29,28,23,26,
22,26,23,28,
35,
6,25,17,27,
36,
8,33,35,
8,33,
13,14,0,25,
14,13,38,
14,27,1,31,
10,9,29,38,
13,14,0,25,
38,39,
7,29,15,10,12,
22,45,
41,45,
Future links sets, 
45,1,31,41,27,
43,3,
7,3,
17,6,
19,12,16,11,
21,8,
37,32,16,18,19,24,
47,25,24,27,16,17,18,19,
40,39,11,19,12,34,
34,12,17,15,44,33,
34,47,25,27,32,44,33,
24,18,17,15,
47,32,27,25,
45,29,41,31,42,
45,29,41,42,43,
47,32,27,25,
21,
37,32,
30,

29,28,

48,35,29,
35,34,33,
30,
45,37,41,31,
35,34,33,
43,37,
35,34,33,
47,44,34,33,

43,

40,39,

39,36,
38,

46,44,42,
46,

49,



49,48,




Coordinates,
0.0150797,1.89235,
0.642915,1.68581,
1.5218,1.78603,
0.42352,1.56019,
2.01058,2.2053,
0.693756,2.43718,
0.504887,1.4928,
1.87515,1.73541,
0.890083,2.45122,
0.460744,2.62289,
0.536995,2.71732,
3.4944,1.81758,
3.60922,2.18428,
0.466403,2.91767,
0.582588,2.9841,
3.49147,1.76663,
0.29468,0.816167,
1.26615,1.10946,
0.720952,0.6725,
0.462529,0.483628,
0.420111,3.60724,
0.305922,0.180975,
0.832496,3.41878,
0.197974,3.94863,
0.586162,0.388974,
2.88092,1.47326,
0.234621,3.98947,
2.08322,1.20317,
0.696611,3.63149,
1.64502,3.11652,
0.576938,0.00462421,
2.67607,1.13271,
1.31401,0.0538288,
2.56657,3.08512,
3.40422,2.77407,
2.01479,3.61388,
2.08315,3.62835,
1.74943,0.0514219,
2.31721,3.73189,
3.32604,3.09508,
3.66708,2.96543,
3.34915,0.863492,
2.61628,3.68135,
2.56977,0.138958,
3.24815,3.38438,
3.5424,0.716679,
3.7027,3.19727,
3.94165,0.656368,
3.62286,0.362899,
3.46439,0.160976,
