Storage option,sets
Size,50
Dimension,2
Shape,cube
Spacetime,BlackHole
Past sets, 










1,2,3,5,
6,
1,2,3,8,
1,3,8,

1,2,5,
6,11,
5,2,1,3,10,

2,13,3,8,12,1,
1,2,3,5,
7,
8,17,3,10,5,2,1,
6,11,
8,3,1,18,13,
2,13,3,8,12,1,
2,24,3,8,1,18,13,
8,17,3,10,5,2,1,
12,13,26,3,2,25,8,24,1,18,
6,10,1,15,2,20,3,5,
8,18,

2,24,3,8,1,18,13,
5,19,8,2,13,3,12,1,10,
6,8,15,10,1,2,20,3,17,5,
18,

12,22,8,17,3,10,5,2,13,1,
31,
31,
2,1,5,16,6,11,15,
5,3,20,2,15,1,10,6,29,
12,13,27,5,8,17,3,10,2,1,22,
22,2,10,17,8,5,1,27,13,12,3,42,
18,5,19,8,25,2,13,26,3,12,24,1,33,10,
5,3,20,2,15,1,10,6,29,
19,12,22,37,8,17,3,10,5,2,13,1,33,
12,22,37,8,17,3,10,5,2,13,1,19,
10,19,12,32,25,2,13,26,3,8,24,1,18,5,28,
3,1,38,39,35,36,13,18,30,31,8,
Future sets, 

20,40,15,24,32,26,13,19,25,28,49,12,44,27,48,33,41,17,34,45,22,43,37,10,47,42,46,29,
32,26,20,40,15,19,25,28,12,44,27,48,33,41,17,34,45,22,43,37,10,47,42,46,29,
20,24,32,26,13,19,25,28,49,12,44,27,48,33,41,17,34,45,22,43,37,10,47,42,46,29,

20,40,15,44,27,48,33,41,17,34,45,22,43,37,10,47,42,46,29,
41,11,16,34,45,23,29,40,
21,
34,30,27,22,24,32,49,26,12,25,43,37,28,13,42,33,46,47,19,48,44,

48,44,33,41,17,34,27,45,22,43,37,47,42,46,29,
23,40,16,
43,37,28,42,25,19,33,47,48,46,44,
37,42,25,28,43,26,49,32,24,19,33,47,48,46,44,

40,29,34,45,41,
40,
34,27,22,43,37,47,42,46,
35,30,24,49,32,44,26,48,28,
48,46,33,44,47,
41,45,34,29,

43,37,47,42,46,

32,44,26,48,28,
44,48,28,
44,48,28,
43,42,
48,
45,41,
49,
39,49,38,
48,
46,44,

49,
49,
47,46,
49,
49,


43,







Past links sets, 










1,2,3,5,
6,
1,2,3,8,
1,3,8,

1,2,5,
11,
10,

12,13,
1,2,3,5,
7,
8,17,
11,
13,18,
12,13,
2,24,
8,17,
25,26,
6,10,15,20,
8,18,

2,24,
10,19,
20,15,6,17,8,
18,

13,12,22,
31,
31,
15,16,
29,
13,12,22,27,
42,
25,26,33,
29,
33,37,
19,37,
10,19,28,32,
30,39,38,36,13,35,
Future links sets, 

20,10,15,12,13,
32,10,26,15,20,12,
13,12,20,10,

20,15,10,
34,29,11,
21,
30,34,12,22,27,13,

48,33,29,17,
23,16,
42,37,25,19,
49,42,19,24,25,37,

40,34,29,
40,
34,27,22,
35,30,24,
47,48,33,
34,29,

42,37,

32,26,
44,28,
44,28,
42,
48,
45,41,
49,
39,38,
48,
46,44,

49,
49,
47,46,
49,
49,


43,







Coordinates,
0.00476886,0.28078,
0.0156563,1.76331,
0.0395049,1.67625,
0.0619443,1.77555,
0.133312,0.407713,
0.148201,1.53145,
0.194011,1.17068,
0.289708,0.790877,
0.35592,1.77956,
0.447416,0.360245,
0.573905,1.45199,
0.6597,0.884794,
0.67209,1.59606,
0.672716,1.7053,
0.685052,0.633685,
0.829639,0.999205,
0.899104,0.70787,
0.905911,1.19546,
0.923594,1.82797,
0.987748,1.46962,
1.03072,0.98402,
1.0573,0.250275,
1.14126,1.09335,
1.16749,0.41653,
1.18865,1.58359,
1.21105,1.52878,
1.25012,1.53459,
1.30296,0.908548,
1.32312,1.47859,
1.34286,0.719408,
1.38471,1.68215,
1.4048,1.90888,
1.4349,1.52193,
1.4525,1.15235,
1.45913,0.692867,
1.50317,1.75071,
1.50995,1.97926,
1.53648,0.920225,
1.55493,1.84629,
1.55874,1.84854,
1.57699,0.257905,
1.65373,0.439835,
1.67084,0.734422,
1.74413,0.699734,
1.77091,1.02785,
1.81463,0.270313,
1.83068,0.799578,
1.85719,0.678838,
1.9503,1.08491,
1.95254,1.58095,
