Storage option,sets
Size,75
Dimension,2
Shape,cube
Spacetime,BlackHole
Past sets, 




0,1,2,

2,1,0,4,
0,1,2,3,
0,
3,2,1,0,7,
3,
0,5,
7,0,1,3,2,9,

3,
7,0,1,3,2,9,
5,13,
4,15,7,0,1,12,3,2,9,
12,1,7,0,3,2,9,4,
10,15,7,0,1,12,3,2,9,
5,13,
5,0,11,
4,7,0,8,1,2,3,6,
2,1,4,11,0,5,8,

10,3,14,
20,13,5,16,
4,1,2,6,11,0,5,8,
1,14,3,10,2,
7,0,1,2,9,14,3,10,
14,3,10,25,
2,10,3,1,14,28,
6,1,2,4,11,23,0,5,8,21,
5,22,0,11,4,7,8,1,2,3,6,
6,17,4,18,19,10,15,7,0,1,12,3,2,9,
5,9,22,0,4,7,8,1,12,2,3,6,
16,13,20,5,26,
3,
9,3,12,7,15,10,2,19,1,18,4,6,0,17,34,
16,13,20,5,26,
6,3,2,1,8,4,11,0,22,5,7,33,
6,17,4,18,19,10,15,7,0,1,12,3,2,9,
1,25,10,3,14,30,
14,17,4,18,19,10,15,7,0,1,12,3,2,9,
0,36,16,13,20,39,5,26,
0,26,5,20,13,16,11,
9,6,40,3,2,1,8,4,11,0,22,5,7,33,12,
8,0,11,21,4,1,2,26,5,20,13,16,23,
29,7,0,1,2,9,14,3,10,28,
16,13,20,5,26,
26,5,20,13,16,36,
9,14,17,0,4,18,1,19,2,10,15,7,12,3,43,6,
13,16,32,6,1,27,2,4,11,23,0,5,8,21,
27,21,23,7,5,22,0,11,33,4,8,1,2,32,3,6,
36,44,47,13,0,11,8,45,21,4,1,39,2,26,5,20,16,23,
23,27,35,12,46,9,6,40,3,2,1,8,4,11,0,22,5,7,33,
23,27,35,12,46,9,6,40,3,2,1,8,4,11,0,22,5,7,33,
15,17,35,1,18,5,22,9,0,4,7,8,12,2,3,6,
6,36,44,47,13,0,11,8,45,21,4,1,39,2,26,5,20,16,23,
21,23,27,35,12,46,9,6,40,3,2,1,8,4,11,0,22,5,7,33,
6,32,36,44,47,13,0,11,8,45,21,4,1,39,2,26,5,20,16,23,
27,6,47,13,8,0,11,21,4,1,2,26,5,20,16,23,32,
27,6,32,36,44,47,13,0,11,8,45,21,4,1,39,2,26,5,20,16,23,
16,13,53,27,8,21,2,23,4,7,5,22,3,0,33,11,52,1,32,6,
3,7,20,26,52,1,13,47,16,32,6,23,27,2,4,21,11,0,5,8,
54,62,39,16,27,4,6,32,36,60,13,44,21,1,47,0,23,58,11,8,45,2,26,5,20,
13,53,27,8,21,2,40,23,4,7,5,22,3,0,11,33,1,32,6,
62,39,16,27,4,6,32,36,60,13,44,21,1,47,0,23,11,8,45,2,26,5,20,
8,5,11,21,2,4,27,0,23,32,16,13,47,1,6,52,20,7,26,3,64,
58,54,62,4,39,16,45,27,32,36,6,65,2,13,44,21,60,1,47,0,23,11,67,8,26,5,20,
36,54,62,4,39,16,45,27,65,6,32,2,13,44,21,50,60,1,47,0,58,23,11,8,26,5,20,
3,7,45,4,23,27,8,6,47,13,32,0,52,11,21,2,1,61,20,26,5,16,
52,58,62,4,39,16,45,27,6,32,36,61,2,13,44,21,60,1,47,0,23,11,67,8,26,5,20,
52,62,4,39,16,45,27,6,32,36,61,2,13,44,21,60,1,47,0,23,11,67,8,26,5,20,
52,69,11,58,0,54,62,4,39,16,45,27,32,36,65,6,61,2,13,44,21,60,1,47,23,67,8,26,5,20,
Future sets, 
44,21,45,11,8,19,9,12,15,29,48,4,47,54,23,66,18,61,43,6,58,51,41,38,34,71,60,17,32,69,64,27,70,68,72,35,73,74,52,62,67,65,22,33,56,59,46,63,55,40,53,57,7,
42,31,28,19,9,12,15,29,48,4,47,54,23,66,18,61,43,6,58,51,41,38,34,71,60,17,32,69,64,27,70,68,72,35,73,74,52,62,67,65,22,33,56,59,46,63,55,40,53,57,7,
31,28,19,9,12,15,29,48,4,47,54,23,66,18,61,43,6,58,51,41,38,34,71,60,17,32,69,64,27,70,68,72,35,73,74,52,62,67,65,22,33,56,59,46,63,55,40,53,57,7,
37,14,25,42,30,28,31,7,38,71,40,9,68,33,64,63,53,22,55,48,17,29,35,66,46,15,12,43,59,18,41,10,56,19,51,34,57,
47,54,23,18,43,6,58,51,41,38,34,71,60,32,69,64,27,68,72,35,73,74,52,61,62,67,65,70,33,56,59,22,46,63,55,40,53,66,57,17,
57,35,20,44,36,50,39,49,26,11,45,46,40,33,70,27,64,55,56,21,58,59,54,47,71,52,23,60,53,16,72,68,32,69,61,73,63,74,66,67,65,62,
58,51,41,38,34,60,32,71,64,68,72,73,74,52,61,62,67,65,70,69,56,27,59,33,46,63,55,40,53,66,57,35,22,
71,68,33,63,40,53,55,48,29,35,46,38,15,12,59,18,41,9,56,66,19,64,17,51,34,57,43,22,
27,62,61,69,65,67,60,74,73,32,68,64,72,52,71,70,47,58,54,56,59,33,46,63,55,40,53,66,57,35,22,23,
48,29,12,46,38,59,35,55,18,56,19,17,51,34,57,43,41,15,
29,31,48,28,30,42,25,19,51,34,41,38,43,
45,46,40,33,27,55,56,21,59,54,58,47,70,71,52,23,53,72,64,68,32,61,73,63,74,66,60,67,65,69,62,
46,55,56,59,35,19,17,51,57,34,38,43,18,41,
66,16,45,74,63,26,49,20,61,64,68,39,47,71,70,50,67,58,65,36,69,54,72,60,44,73,62,52,
43,51,29,48,25,30,31,42,28,
17,51,57,34,38,43,41,19,
63,26,49,61,64,68,39,47,71,45,74,70,50,67,58,65,36,69,54,72,60,44,73,62,52,
57,51,34,38,43,41,
57,51,34,38,43,41,
51,34,38,43,41,
62,73,44,60,72,54,69,36,65,58,67,50,70,74,45,71,47,39,68,64,61,49,26,
59,54,58,47,70,71,52,53,72,64,68,32,73,63,74,66,60,67,65,69,61,62,
57,66,55,53,40,63,46,35,33,56,59,
59,56,55,54,58,47,70,71,52,53,72,64,68,32,73,63,74,66,60,67,65,69,61,62,

42,30,
49,61,64,68,47,71,45,70,50,67,58,65,74,69,54,72,60,44,36,73,39,62,
69,70,65,67,62,61,59,56,55,66,52,74,63,73,72,68,64,53,71,
48,31,
48,
42,

71,53,64,68,72,73,63,74,52,66,60,67,65,70,69,61,62,
53,40,63,46,56,59,66,55,
38,
59,57,56,55,
50,70,58,65,74,69,54,67,72,60,44,73,62,


62,73,60,72,67,54,69,74,65,58,70,44,
46,56,59,66,55,


51,
58,65,70,74,69,54,72,60,73,67,62,
71,58,65,70,74,69,54,72,60,73,67,62,
59,56,55,
68,64,58,65,70,74,69,54,71,72,60,73,67,61,62,


70,

73,72,74,63,68,64,71,
66,63,
69,74,70,65,



72,65,70,74,69,

72,73,67,65,70,74,69,
74,73,72,71,
72,73,67,65,70,74,69,

68,
70,74,69,

73,72,74,69,

74,





Past links sets, 




0,1,2,

4,
0,1,2,3,
0,
7,
3,
0,5,
9,

3,
9,
5,13,
4,12,15,
4,12,
12,10,15,
5,13,
11,
6,7,8,
4,8,11,

10,14,
16,20,
8,6,11,
1,2,10,14,
10,9,14,
25,
28,
6,21,23,
11,22,
6,17,18,19,
5,12,22,
26,
3,
34,
26,
33,
6,17,18,19,
1,30,
17,18,14,19,
0,36,39,
11,26,
12,40,
23,21,26,
28,29,
26,
36,
6,43,
16,27,32,
27,32,33,
44,45,47,
23,27,35,46,
23,27,35,46,
17,18,35,
6,44,45,47,
21,46,35,27,23,
44,45,32,47,
27,32,47,
27,47,32,45,44,
52,53,
7,47,52,
54,58,60,62,
40,13,53,
60,62,
64,
65,67,
50,65,
45,7,52,61,
58,61,52,67,
61,52,67,
52,61,69,
Future links sets, 
4,7,8,44,11,
28,42,7,4,
28,7,4,
14,10,37,7,
23,18,17,6,
35,20,16,11,
58,51,41,22,27,32,34,
71,22,64,9,
23,27,22,
29,15,12,
28,25,29,19,
21,45,23,33,27,
17,18,19,46,35,
20,66,16,
29,43,28,25,
19,17,
52,26,
57,43,41,34,
57,43,41,34,
43,41,34,
26,
59,47,32,
35,33,
59,32,47,55,56,

30,
49,39,45,36,47,
62,61,59,52,53,55,56,
48,31,
48,
42,

62,52,53,60,61,
53,40,
38,
59,57,56,55,
50,44,


44,
66,46,


51,
62,60,58,54,
54,58,71,60,62,
59,56,55,
64,62,54,58,60,61,


70,

73,74,63,64,71,72,
66,63,
65,



72,65,

67,65,
74,73,72,71,
67,65,

68,
70,69,

73,72,69,

74,





Coordinates,
0.268498,1.70939,
0.21176,1.59863,
0.231265,1.60052,
0.025711,1.34364,
0.358339,1.56215,
0.760901,1.898,
0.431746,1.44335,
0.288469,1.26724,
0.633075,1.54754,
0.291294,1.09214,
0.14734,0.946173,
0.842905,1.60113,
0.346878,1.06633,
1.28328,1.94804,
0.11731,0.7464,
0.33625,0.908389,
1.30814,1.81575,
0.360476,0.867704,
0.408084,0.874204,
0.348305,0.81104,
1.35866,1.81785,
1.04161,1.48271,
0.657006,1.04088,
1.00529,1.38703,
0.00753984,0.37142,
0.152961,0.508318,
1.44046,1.79299,
0.937577,1.26048,
0.233201,0.464791,
0.293081,0.442056,
0.210056,0.328184,
0.252443,0.339054,
1.15861,1.21859,
0.874713,0.893014,
0.566357,0.5761,
0.780093,0.780207,
1.74574,1.69219,
0.0989872,0.0269144,
0.601585,0.527551,
1.73219,1.65467,
0.883317,0.772897,
0.554731,0.423144,
0.230372,0.0904873,
0.416248,0.258002,
1.7472,1.54256,
1.67458,1.45884,
0.90879,0.690372,
1.49205,1.26216,
0.321457,0.0694792,
1.99474,1.71002,
1.97082,1.6559,
0.445041,0.080488,
1.31144,0.920074,
1.22561,0.556943,
1.83354,1.0444,
1.04157,0.241814,
1.00739,0.194487,
0.822509,0.0023121,
1.81143,0.988612,
1.10265,0.258899,
1.80362,0.922893,
1.66302,0.655656,
1.7712,0.736629,
1.33803,0.18145,
1.55826,0.384726,
1.84068,0.665194,
1.28488,0.0558645,
1.80461,0.504478,
1.62407,0.182585,
1.85135,0.407029,
1.97431,0.449301,
1.70211,0.0736094,
1.81418,0.162843,
1.80694,0.0935441,
1.86594,0.13437,
