Storage option,sets
Size,50
Dimension,2
Shape,cube
Spacetime,BlackHole
Past sets, 


0,

1,0,2,
0,1,3,
0,2,

0,
3,
0,
1,0,2,
7,

2,4,3,1,0,5,
1,2,0,6,
5,0,3,4,2,1,14,
7,12,
6,0,1,2,15,
5,0,3,4,2,1,14,
2,6,0,8,
14,1,2,4,3,0,5,19,
5,0,3,4,2,1,14,
3,4,6,2,0,1,11,
3,4,6,2,0,1,11,
2,8,0,10,
3,4,6,2,0,1,11,
11,15,2,1,0,6,18,
19,5,0,16,3,4,2,1,14,21,
0,1,3,9,12,7,17,
14,1,2,4,16,3,0,5,22,
19,5,0,16,3,4,2,1,14,21,
2,1,0,5,7,3,9,
2,4,3,1,0,5,
2,1,0,5,7,3,9,
17,7,12,9,1,0,3,29,
7,12,13,
7,9,19,5,0,16,3,4,2,1,14,21,
13,
3,13,12,7,17,
7,12,13,
13,12,7,36,
13,38,
29,3,13,0,1,12,7,17,9,35,
5,29,3,0,1,12,7,17,9,35,
29,3,0,1,12,7,17,9,35,
13,38,12,7,40,
7,40,12,38,13,42,
17,7,12,3,13,39,
36,13,12,7,40,
Future sets, 
35,45,43,4,33,30,20,18,14,27,11,25,6,32,34,5,15,44,2,31,26,23,16,24,37,8,28,19,21,22,10,29,
35,29,18,27,11,32,15,44,34,5,43,14,30,4,33,26,23,45,16,24,37,31,28,19,21,22,
34,32,25,11,15,27,18,20,6,14,30,4,33,26,23,16,24,37,31,28,19,21,22,
39,26,24,23,29,35,9,43,14,44,31,33,45,16,37,30,28,32,48,19,5,34,21,22,
33,26,23,16,24,37,31,30,28,19,21,22,14,
33,16,37,44,31,30,28,32,19,34,21,22,14,
26,24,23,20,18,27,15,
37,34,32,47,40,46,17,43,39,48,35,45,44,29,36,49,12,41,
25,20,
37,34,35,32,45,44,43,29,
25,
27,26,24,23,
46,17,43,39,48,35,45,44,29,36,49,41,40,47,
43,40,48,39,42,47,46,38,41,49,36,
22,21,19,28,30,31,37,16,
27,18,
37,31,30,28,
39,48,35,45,44,43,29,
27,
28,31,37,21,

37,31,28,
30,






43,44,45,35,





45,44,43,
49,41,

46,47,42,
48,
49,47,46,

47,







Past links sets, 


0,

1,2,
0,1,3,
2,

0,
3,
0,
1,2,
7,

4,5,
1,6,
14,
12,
15,
14,
6,8,
19,
14,
3,4,6,11,
3,4,6,11,
2,8,10,
3,4,6,11,
11,18,
16,21,
0,1,9,17,
16,22,
16,21,
2,5,7,9,
4,5,
2,5,7,9,
29,
12,13,
7,9,16,21,
13,
3,13,17,
12,13,
36,
38,
13,35,
5,35,
35,
38,40,
40,42,
39,
36,40,
Future links sets, 
29,10,8,5,2,
29,15,11,5,4,
34,25,11,32,6,4,
39,26,24,23,9,5,
33,26,24,23,14,
44,34,33,32,14,
26,24,23,20,15,
37,34,32,12,
25,20,
37,34,32,29,
25,
27,26,24,23,
40,36,17,
43,40,39,38,36,
22,19,16,
18,
37,31,30,28,
39,29,
27,
21,

37,31,28,
30,






35,





45,44,43,
49,41,

46,42,
48,
49,47,46,

47,







Coordinates
0.0126601,0.997652
0.116032,0.960685
0.0632824,0.871144
0.181137,0.984252
0.16708,0.73497
0.262315,0.809622
0.0807856,0.562839
0.458422,0.931494
0.0431835,0.418192
0.406574,0.774164
0.0364947,0.337095
0.156359,0.456711
0.583698,0.838877
0.732348,0.955589
0.334941,0.551716
0.118983,0.302734
0.342105,0.500972
0.598931,0.72033
0.13405,0.252894
0.395655,0.439334
0.101776,0.140084
0.396118,0.418505
0.338227,0.323178
0.218204,0.174253
0.24351,0.193547
0.0710194,0.00815822
0.22669,0.149829
0.156557,0.065668
0.401771,0.306616
0.61861,0.504535
0.365194,0.241033
0.398333,0.272439
0.480556,0.353468
0.318372,0.163008
0.526367,0.354756
0.647009,0.447467
0.841181,0.530764
0.471578,0.15461
0.952775,0.635584
0.767882,0.429373
0.895734,0.548201
0.841666,0.427131
0.980196,0.558925
0.735737,0.19775
0.682627,0.111648
0.716046,0.0956692
0.967218,0.340637
0.988143,0.342861
0.823713,0.168286
0.944019,0.200496