Storage option,sets
Size,50
Dimension,2
Shape,cube
Spacetime,BlackHole
Past sets, 


0,
0,1,
1,0,2,
3,0,1,2,
2,0,1,4,
3,4,1,0,2,
3,0,1,2,
3,4,1,0,2,
2,0,3,1,8,
4,1,0,2,6,
5,7,8,9,2,3,4,1,0,
3,0,1,2,
5,4,8,1,3,0,7,2,
14,3,5,4,8,1,0,7,2,9,
5,4,8,1,3,0,7,2,
5,8,13,3,10,0,1,2,
5,8,13,3,10,0,1,2,
5,6,7,9,2,3,4,1,0,
9,7,0,8,4,5,3,1,14,2,15,

1,0,2,
5,4,7,10,3,2,0,1,8,
6,9,2,3,4,1,0,
5,6,7,9,2,3,4,1,0,
12,20,7,9,0,8,4,5,3,1,14,2,15,
10,12,16,20,7,9,0,8,4,5,3,1,14,2,15,
8,12,19,3,5,6,7,9,25,2,4,1,0,
8,12,19,5,6,7,9,2,3,4,1,0,
5,7,2,6,9,3,4,24,1,0,11,
3,11,4,1,0,2,6,
3,5,6,7,9,25,2,4,24,1,0,
6,19,26,27,10,12,16,20,3,7,9,0,8,4,5,1,14,2,15,
17,13,18,23,26,27,10,12,16,20,3,7,9,0,8,4,5,1,14,2,15,
15,14,20,25,29,12,8,19,2,5,6,7,9,3,4,1,0,28,
13,23,25,28,33,10,6,29,19,26,3,27,4,12,16,20,7,9,0,8,5,1,14,2,15,
24,35,12,15,14,20,25,2,29,6,8,19,5,28,7,9,3,26,4,1,0,
17,13,18,23,33,10,6,29,19,26,3,27,4,12,16,20,7,9,0,8,5,1,14,2,15,
0,29,1,30,24,4,2,25,9,7,5,3,32,6,11,8,12,19,28,
16,10,27,33,37,14,24,1,35,12,15,20,25,2,29,6,8,19,5,28,7,9,3,26,4,0,
19,12,8,28,11,6,32,3,5,7,9,25,2,4,24,30,1,0,
17,13,18,23,33,10,6,29,19,26,3,27,4,12,16,20,7,9,0,8,5,1,14,2,15,
17,18,24,36,7,13,23,25,28,33,4,10,6,35,29,0,19,26,3,27,12,16,20,9,8,5,1,14,2,15,
35,28,25,38,9,17,13,18,23,33,4,10,6,29,0,19,26,3,27,12,16,20,7,36,8,5,1,14,2,15,
15,2,14,1,5,8,9,20,16,12,27,3,26,19,0,29,35,10,4,33,28,25,23,13,7,36,24,18,17,6,43,
24,44,7,35,28,25,38,1,9,17,13,18,23,33,4,10,6,43,29,0,19,26,3,27,12,16,20,36,8,5,14,2,15,
17,18,32,23,13,40,16,10,27,33,4,37,8,14,24,1,35,6,12,15,20,25,2,29,0,19,5,28,7,36,9,3,26,
11,17,18,32,23,13,40,16,10,27,33,4,37,8,14,24,1,35,6,12,15,20,25,2,29,0,19,5,28,7,36,9,3,26,
38,43,47,10,17,18,32,23,13,40,3,16,27,33,4,37,0,8,45,14,24,1,35,6,12,15,20,25,2,29,19,5,28,7,36,9,26,
Future sets, 
3,2,49,22,13,10,8,18,17,4,45,25,32,24,43,47,6,37,44,29,46,5,7,48,36,28,42,38,33,31,30,41,39,40,11,19,35,23,16,15,20,14,12,26,34,27,9,
22,6,11,4,3,46,31,13,24,9,10,8,5,48,42,30,32,25,23,45,38,27,44,7,47,36,40,33,34,37,43,49,12,26,28,41,39,29,35,14,20,15,16,17,18,19,
22,13,10,8,18,17,4,45,25,32,24,43,49,47,6,37,44,29,46,5,7,48,36,28,42,38,33,31,30,41,39,40,11,19,35,23,16,15,20,14,12,26,34,27,9,
31,13,24,9,10,8,5,42,30,32,25,23,45,38,27,44,7,48,47,36,40,46,33,34,37,43,49,12,26,28,41,39,29,35,14,20,15,16,17,18,19,
25,32,24,43,49,47,37,44,29,46,7,36,45,28,42,38,33,31,30,41,39,40,11,48,19,35,6,23,16,15,20,14,12,26,34,27,9,
30,32,25,23,45,38,27,44,48,47,36,40,42,46,33,34,37,43,49,26,28,41,39,29,35,12,14,20,15,16,17,18,19,
19,11,48,39,41,30,31,33,38,42,28,45,36,35,46,29,44,37,47,40,49,43,24,32,25,
30,32,25,23,19,16,15,20,14,12,35,29,39,41,28,26,49,43,37,34,33,46,42,40,36,47,48,44,27,38,45,
16,15,20,38,49,45,18,47,44,34,43,42,23,17,36,46,27,33,40,48,10,12,29,35,39,41,28,26,37,14,
25,30,32,24,19,20,15,12,35,29,39,41,28,26,49,43,37,34,33,46,42,40,36,47,48,44,27,38,45,
40,33,27,36,23,43,48,34,42,44,47,18,17,46,45,49,38,
48,30,41,31,39,
29,35,39,41,28,26,43,37,34,33,46,42,40,36,49,47,48,44,27,38,45,
36,43,48,34,42,44,47,18,17,46,45,49,38,
35,45,20,43,37,34,33,46,27,42,40,36,26,49,47,48,44,38,15,
38,44,48,47,49,36,40,42,27,46,33,34,37,43,45,26,35,20,
45,38,43,48,47,49,36,40,42,46,33,34,44,27,
48,47,43,42,44,46,45,34,49,38,
48,47,43,42,44,46,45,34,49,38,
33,38,42,28,45,41,39,36,35,46,29,44,37,48,47,40,49,43,
35,26,43,37,34,33,46,42,40,36,49,47,48,44,27,38,45,


42,36,47,34,45,48,44,43,46,49,38,
45,46,43,40,32,39,41,30,48,37,49,47,
28,45,41,39,36,35,46,44,37,48,47,40,49,32,43,
37,34,33,46,42,40,36,49,47,48,44,43,38,45,
34,33,46,42,40,36,49,47,48,44,43,38,45,
41,39,36,35,46,44,45,37,48,47,40,49,43,
42,39,38,36,35,46,44,45,37,48,47,40,49,43,
41,39,

48,39,49,41,47,
42,40,36,47,48,44,43,46,49,38,45,

44,45,46,37,47,40,49,48,43,
48,47,44,43,46,49,45,
47,49,48,40,
46,49,44,

48,49,47,


46,49,45,
46,
49,

49,


Past links sets, 


0,
0,1,
1,2,
2,3,
4,
3,4,
2,3,
3,4,
8,
6,
5,7,8,9,
2,3,
5,7,8,
9,14,
5,7,8,
5,10,13,
5,10,13,
5,6,7,9,
15,

1,2,
7,5,10,
6,9,
5,6,7,9,
12,20,
12,16,10,20,
12,19,25,
12,19,
5,7,11,24,
3,11,
24,25,
19,26,27,
17,27,26,23,18,
20,28,29,
13,33,28,23,29,
24,26,35,
17,33,23,18,29,
28,29,30,32,
33,37,
28,30,32,
17,33,23,18,29,
17,36,35,24,18,
35,36,38,
43,
43,44,
17,36,32,40,18,
11,17,36,32,40,18,
38,45,47,
Future links sets, 
3,2,
22,4,3,
22,4,5,8,13,
13,5,7,8,31,9,
9,7,6,
30,19,18,23,12,17,25,14,16,
25,24,19,11,
23,12,25,14,30,19,16,
16,14,12,10,
25,12,15,19,24,
23,18,27,17,
48,31,30,
29,28,27,26,
36,18,17,
15,
20,
27,
48,47,34,38,43,42,
48,47,34,38,43,42,
29,33,28,
35,27,26,


42,38,36,34,
43,37,32,30,
32,28,
37,34,33,
34,33,
39,41,36,35,
42,35,36,38,39,
41,39,

48,47,41,39,
42,40,38,36,

44,43,37,
47,44,48,43,
40,
49,44,

48,47,


46,45,
46,
49,

49,


Coordinates,
0.0313126,3.52663,
0.123889,3.5511,
0.0790097,3.3525,
0.71184,3.55912,
0.296403,3.0629,
1.34543,3.41059,
0.388022,2.34137,
1.34418,3.19211,
1.84719,3.65594,
1.14781,2.90397,
2.8096,3.81776,
0.579416,1.58175,
1.9755,2.93923,
3.0199,3.95852,
2.3773,3.16718,
2.42209,3.05757,
2.76942,3.3643,
3.10986,3.69259,
3.11749,3.69709,
1.81182,2.39092,
2.50024,3.06918,
0.00953773,0.56156,
0.266624,0.815426,
3.00635,3.50141,
1.3194,1.76959,
1.65928,1.99841,
2.64624,2.95718,
2.8698,3.04385,
2.06143,1.96804,
2.28252,2.1867,
1.3701,1.26737,
0.894833,0.72049,
1.79821,1.41574,
2.905,2.3047,
3.90507,3.1619,
2.60592,1.8171,
3.07297,1.84045,
2.68571,1.43882,
3.54183,2.0557,
2.33498,0.833061,
2.91826,1.38573,
2.11461,0.500549,
3.9006,2.16982,
3.34169,1.46884,
3.66136,1.59916,
3.48827,1.39947,
3.71437,1.35768,
3.30747,0.879671,
3.15397,0.51581,
3.62925,0.540625,
