Storage option,sets
Size,25
Dimension,2
Shape,cube
Spacetime,BlackHole
Past sets, 

0,
0,1,
1,0,2,
2,0,1,3,
1,0,2,
0,
1,0,2,
2,1,0,5,

0,6,
0,1,9,
9,
0,1,9,
3,4,5,0,1,2,
2,1,10,0,6,7,
9,12,
3,15,4,2,1,10,0,6,7,
3,15,4,2,1,10,0,6,7,
3,8,1,2,0,5,4,
14,3,4,5,0,1,2,7,
14,3,4,5,0,1,2,7,
6,14,3,4,5,0,1,2,7,
3,0,1,2,7,6,5,4,
3,7,6,0,10,1,2,5,4,
Future sets, 
10,1,24,13,11,2,19,15,7,8,3,20,21,4,22,5,14,17,18,23,6,
13,11,2,19,15,7,24,8,3,20,21,4,22,5,14,17,18,23,
15,7,8,3,20,21,22,14,17,4,18,5,19,23,24,
20,21,22,14,17,18,19,23,24,4,
24,23,19,18,17,14,22,21,20,
24,23,20,21,22,8,19,14,
23,10,24,17,18,15,22,
24,23,22,21,15,20,18,17,
19,
13,12,16,11,
24,17,18,15,

16,

22,21,20,
18,17,









Past links sets, 

0,
1,
2,
3,
2,
0,
2,
5,

6,
1,9,
9,
1,9,
4,5,
7,10,
12,
4,15,
4,15,
4,8,
7,14,
7,14,
6,7,14,
4,5,6,7,
4,7,5,10,
Future links sets, 
6,1,
13,11,2,
7,5,3,
4,
24,23,14,19,17,18,
24,14,23,8,
23,22,10,
24,23,15,20,21,22,
19,
13,12,11,
24,15,

16,

22,21,20,
18,17,









Coordinates,
0.210056,1.97082,
0.21176,1.85135,
0.291294,1.80461,
0.445041,1.73219,
0.633075,1.66302,
0.321457,1.28488,
1.04161,1.83354,
1.00529,1.70211,
0.360476,0.937577,
0.0989872,0.657006,
1.33803,1.81143,
0.268498,0.416248,
0.11731,0.252443,
0.230372,0.152961,
0.874713,0.760901,
1.74574,1.62407,
0.14734,0.00753984,
1.7712,1.44046,
1.7472,1.28328,
0.822509,0.288469,
1.00739,0.293081,
1.04157,0.231265,
1.15861,0.346878,
1.30814,0.348305,
1.67458,0.233201,
