Storage option,sets
Size,250
Dimension,2
Shape,cube
Spacetime,BlackHole
Past sets, 


0,

0,
1,


2,1,0,5,
2,0,4,
1,0,2,
3,1,5,
1,3,7,
3,5,0,2,1,8,
7,0,11,1,3,5,
6,
7,2,8,0,11,1,3,5,
2,14,3,7,0,11,1,5,8,
6,4,0,2,
7,
6,9,4,2,0,
6,4,9,10,0,1,2,

5,21,10,6,4,9,0,1,2,8,
2,8,14,3,7,0,11,1,12,5,
3,6,5,2,1,0,10,9,4,8,
3,5,21,10,6,4,9,0,1,2,8,
18,23,10,5,21,8,6,4,9,0,1,2,20,
24,11,2,8,14,1,3,7,0,12,5,17,
6,4,9,10,16,5,7,2,13,8,0,11,1,3,
6,4,9,10,13,2,3,5,0,11,1,8,
6,4,9,10,16,5,7,2,13,8,0,11,1,3,
31,6,4,9,10,16,5,7,2,13,8,0,11,1,3,29,
32,13,31,6,4,9,10,29,16,5,7,2,8,0,11,30,1,3,
6,0,15,22,
2,7,14,3,19,0,11,1,12,5,
15,20,9,22,0,6,4,2,18,
0,22,6,15,4,
2,0,22,6,15,4,
5,0,11,3,19,7,1,12,
15,14,17,25,26,20,21,23,18,33,10,32,9,13,31,8,6,29,4,27,16,5,7,30,2,0,11,1,3,
15,25,3,27,10,18,1,23,6,5,21,4,8,9,26,0,2,20,
4,10,13,28,11,24,7,2,19,8,14,1,3,0,17,12,5,16,
18,9,20,2,0,22,6,38,15,4,36,
13,28,11,24,7,2,19,8,14,1,3,0,17,12,5,16,
4,13,28,11,24,5,7,2,19,0,8,14,1,44,3,17,12,16,10,
1,10,21,36,15,4,20,9,22,0,6,2,18,
39,5,0,11,3,14,19,7,1,12,
4,9,10,13,28,11,24,7,2,19,8,14,1,3,0,17,12,5,16,
12,14,17,25,26,20,21,23,18,33,10,32,9,13,31,8,6,29,4,27,16,5,7,30,2,0,11,1,3,
3,11,30,7,5,16,27,4,29,6,8,0,31,13,1,32,10,2,33,18,23,21,20,26,25,17,14,15,9,40,
47,39,0,5,11,3,14,1,19,7,12,2,
6,34,0,15,22,4,
6,22,
13,16,17,8,24,35,12,1,7,19,3,11,0,5,28,39,2,14,
35,45,4,13,28,5,11,24,1,7,2,19,42,0,8,14,44,3,17,12,16,10,
3,11,30,7,5,16,27,4,29,6,8,0,31,13,1,32,10,2,33,18,23,21,20,26,25,17,14,15,9,40,
19,17,12,14,24,29,6,4,9,10,16,5,7,2,13,8,0,11,28,1,3,
55,35,45,16,4,13,42,28,5,11,24,1,7,2,19,0,8,14,44,3,17,12,10,39,
9,35,45,4,13,28,5,11,24,1,7,2,19,42,0,8,14,44,3,17,12,16,10,
12,1,7,19,3,11,0,5,39,
3,19,7,1,12,
9,55,35,45,16,4,13,42,28,5,11,24,1,7,2,19,0,8,14,44,3,17,12,10,39,
5,11,3,19,7,1,12,
4,15,34,53,6,0,22,52,
31,42,11,19,17,12,14,24,48,1,29,6,4,9,57,10,16,5,28,7,2,13,8,0,3,
1,10,21,34,37,43,4,18,22,20,2,15,0,6,9,38,36,
6,22,
22,36,56,3,40,11,30,7,5,16,27,4,41,29,6,8,0,31,13,1,32,10,2,33,18,23,21,20,26,25,17,14,15,9,
10,44,45,8,13,16,39,17,24,1,35,12,54,7,19,3,11,47,0,5,28,4,51,2,14,
19,24,28,12,50,13,3,40,11,30,7,5,16,27,4,29,6,8,0,31,1,32,10,2,33,18,23,21,20,26,25,17,14,15,9,49,
7,19,
3,19,7,1,12,
37,36,2,9,18,64,53,4,38,15,34,0,22,6,52,20,43,
9,42,55,11,69,10,39,44,45,16,8,13,17,24,1,35,12,54,7,19,3,47,0,58,5,28,4,51,2,14,
21,25,30,32,33,39,44,45,35,55,7,31,2,42,13,11,19,48,17,12,14,24,1,29,59,0,65,6,4,9,57,28,10,16,5,8,62,3,
34,26,8,5,23,27,3,25,38,1,18,10,21,41,4,36,2,15,20,46,9,22,37,0,43,6,
6,22,67,
22,41,12,49,56,3,40,11,30,7,5,16,27,4,29,6,8,0,31,13,50,1,32,10,2,33,18,23,21,20,26,25,17,14,15,9,
2,64,53,4,15,37,34,0,22,6,52,
18,20,23,25,21,26,30,32,33,39,55,44,45,35,7,31,2,42,13,11,19,48,17,12,14,24,1,29,59,0,65,6,4,9,57,28,10,16,5,8,3,
18,20,23,25,21,26,30,32,33,55,44,45,35,7,31,2,42,13,11,19,48,17,12,14,24,1,29,59,0,65,6,4,9,57,28,10,16,5,8,3,
26,54,75,21,62,25,30,32,33,39,44,3,45,4,35,55,14,7,48,31,2,42,1,13,11,19,17,58,12,24,65,29,59,0,6,9,57,16,28,10,5,8,
30,11,7,16,29,31,13,32,6,43,0,37,22,9,46,20,15,2,36,4,41,21,10,18,1,38,25,3,27,23,5,8,26,34,33,
51,2,28,35,24,8,17,14,61,12,1,3,11,5,19,16,63,13,60,47,0,39,7,54,
41,70,29,19,24,28,12,50,9,13,3,40,11,30,7,5,16,27,4,6,8,49,0,31,1,32,10,2,33,18,23,21,20,26,25,17,14,15,56,
22,
7,19,
10,44,45,4,51,2,28,35,24,8,17,14,61,12,1,3,11,5,19,16,63,13,60,47,0,39,7,54,
48,56,70,29,19,24,28,12,50,9,13,3,40,11,30,7,5,16,57,27,4,6,8,49,0,31,1,32,10,2,33,18,23,21,20,26,25,17,14,15,
15,17,25,26,20,21,23,18,33,2,10,32,1,31,0,8,49,6,4,14,57,16,30,11,40,9,7,50,12,28,24,19,29,27,70,13,56,5,48,3,89,
47,82,35,26,54,7,75,28,21,62,25,30,32,33,39,44,3,45,4,51,55,8,14,48,1,31,2,42,13,11,58,19,17,12,59,24,65,29,0,6,9,57,10,16,5,
17,8,28,47,14,51,2,39,0,1,7,12,63,19,3,71,35,72,5,11,24,61,60,
6,48,59,60,74,0,9,42,5,55,11,69,10,47,39,2,44,7,45,8,16,13,17,54,24,1,35,12,19,3,58,28,4,51,14,62,
44,45,35,59,57,48,42,70,29,19,24,65,28,12,50,9,13,3,40,11,30,7,5,16,27,4,6,8,49,0,31,1,32,10,2,33,18,23,21,20,26,25,17,14,15,
8,27,5,46,21,10,1,66,73,37,18,36,9,23,64,53,15,34,4,38,0,22,6,52,20,2,43,
8,5,46,21,10,1,66,73,37,18,36,9,23,64,53,15,34,4,38,0,22,6,52,20,2,43,
24,28,36,78,22,41,0,12,49,8,56,15,3,40,11,30,7,5,16,27,68,4,29,6,31,13,50,9,1,32,10,2,33,18,23,21,20,26,25,17,14,
22,3,41,0,70,29,19,24,28,12,50,9,13,40,11,30,7,5,16,27,4,6,8,49,31,1,32,10,85,2,33,18,23,21,20,26,25,17,14,15,56,
7,19,
12,34,37,38,43,46,68,31,22,36,56,3,40,11,30,7,5,16,27,4,41,29,6,8,0,13,50,1,32,10,2,33,18,23,21,20,26,25,17,14,15,9,
17,8,47,14,51,2,39,0,1,7,12,63,19,3,71,35,72,5,11,24,61,60,
36,68,28,24,19,78,22,41,0,12,49,8,56,15,3,40,11,30,7,5,16,27,4,29,70,6,31,13,50,9,1,32,10,2,33,18,23,21,20,26,25,17,14,
51,47,82,35,26,54,7,75,28,21,62,25,30,32,33,39,44,3,45,4,55,8,14,48,1,31,2,42,13,11,58,19,17,12,59,24,65,29,0,6,9,57,10,16,5,69,
26,8,5,23,27,3,25,36,6,38,0,41,22,4,43,2,18,37,15,34,21,10,20,1,9,66,64,53,52,46,
35,44,45,56,57,48,42,70,29,19,24,65,28,12,50,9,13,3,40,11,30,7,5,16,27,4,6,8,49,0,31,1,32,10,2,33,18,23,21,20,26,25,17,14,15,
15,53,0,77,22,34,67,6,
62,58,55,42,9,88,10,44,13,45,14,4,35,51,69,2,28,24,8,39,61,12,1,63,3,11,5,19,16,47,60,0,74,7,54,17,84,
53,77,22,67,6,
49,40,15,27,50,54,58,62,75,39,81,18,20,23,25,21,26,30,32,33,55,12,44,1,45,2,35,7,31,42,13,11,19,48,5,17,14,57,24,29,59,16,0,65,6,4,9,28,10,8,3,80,
9,38,8,66,96,37,34,46,21,10,1,73,15,18,36,23,52,5,64,6,53,4,0,22,20,2,43,27,
29,61,11,6,47,48,7,59,60,19,74,0,9,42,1,5,55,14,69,28,93,10,51,39,2,44,3,45,4,8,16,13,54,17,58,24,35,12,62,63,
29,61,11,6,47,48,7,59,60,19,74,0,9,42,1,5,55,14,69,28,93,10,51,39,2,44,3,45,4,8,16,13,54,17,58,24,35,12,62,63,
60,74,103,51,47,82,29,35,26,54,1,7,75,28,21,62,9,25,30,32,33,39,44,3,45,4,57,55,2,8,14,48,31,42,13,11,58,5,19,17,12,65,59,6,24,0,10,16,69,91,
5,11,61,87,19,7,99,72,3,1,12,71,
13,26,8,5,23,27,64,3,104,25,36,6,43,38,1,0,37,41,4,22,2,76,18,15,52,34,21,10,20,9,46,66,53,
48,59,62,58,55,42,9,88,10,44,13,45,14,4,35,51,69,2,28,24,8,39,17,61,12,1,63,3,11,5,19,16,47,60,0,74,7,54,
52,66,14,17,40,56,68,76,9,46,30,11,7,16,29,31,13,32,6,43,0,37,22,20,15,2,36,83,4,41,21,10,18,1,38,25,3,27,23,5,8,26,34,33,
4,106,15,53,0,77,22,34,67,6,52,
49,40,15,27,50,80,23,20,18,81,91,44,47,0,82,35,26,54,7,75,28,21,62,25,30,32,33,39,3,45,4,51,55,8,14,48,1,31,2,42,13,11,58,19,17,12,59,24,65,29,6,9,57,10,16,5,
73,26,8,5,23,27,64,3,104,25,36,6,43,38,1,0,37,41,4,22,2,18,15,52,34,21,95,10,20,9,46,66,53,
37,38,43,46,19,70,11,24,28,36,78,22,41,0,12,49,6,97,8,56,13,15,3,40,30,7,50,5,16,27,68,25,4,29,31,9,1,32,10,2,33,18,23,21,20,26,17,14,
24,11,35,71,12,61,2,3,19,92,5,63,4,7,1,60,0,39,51,47,8,17,72,13,14,101,28,88,10,69,44,45,16,54,84,
29,6,116,48,7,59,62,58,17,55,14,42,84,1,9,47,93,10,51,44,3,13,54,45,4,35,69,28,2,8,39,61,12,63,11,88,5,19,60,16,0,74,24,107,
99,19,7,87,
15,40,27,49,80,23,20,18,81,91,44,47,0,82,35,26,54,7,75,28,21,62,25,30,32,33,39,3,45,4,51,55,8,14,48,1,31,2,42,13,11,58,19,17,12,59,24,65,29,6,9,57,10,16,5,
7,19,
14,39,0,60,12,63,5,11,61,87,19,7,99,72,114,3,71,1,
30,11,13,16,31,52,53,76,18,34,64,5,26,8,37,7,66,23,27,3,25,38,9,1,10,21,41,4,36,2,15,20,46,22,0,43,6,
6,86,22,67,
13,76,9,46,73,36,26,8,5,23,27,64,3,104,25,6,43,38,1,0,37,120,41,4,22,96,2,18,15,52,34,21,95,10,20,66,53,
5,61,87,19,7,99,72,3,1,12,71,
27,9,38,67,8,66,96,37,34,46,21,10,1,73,15,18,36,23,52,5,64,6,53,4,0,22,79,20,2,43,
39,55,81,89,90,59,94,85,41,22,11,35,44,45,56,9,57,10,48,98,1,42,70,23,29,19,24,65,18,28,12,50,3,13,40,30,7,5,16,27,4,6,105,8,49,2,0,31,32,33,21,20,26,25,17,14,15,
41,47,82,89,90,94,70,56,109,50,49,40,15,27,54,58,62,3,75,16,39,81,18,20,23,25,21,80,26,30,32,33,55,12,44,1,45,2,35,7,31,42,13,11,19,48,5,17,14,57,24,29,59,0,65,6,4,9,28,10,8,105,
73,128,5,46,30,11,52,13,16,31,53,76,18,34,64,23,26,8,37,7,66,25,27,3,38,9,1,10,104,21,41,0,4,36,2,43,15,20,22,6,115,
50,60,74,69,125,7,15,40,27,49,80,21,23,82,20,18,81,91,32,44,103,47,0,59,35,26,54,75,16,28,62,3,25,30,33,39,45,4,51,55,8,14,48,1,31,2,42,13,11,58,19,17,12,24,65,6,29,9,57,10,5,
15,86,53,67,77,22,108,6,
3,79,9,38,8,66,4,96,34,37,46,15,21,52,10,1,6,73,18,36,5,23,64,2,95,53,22,67,0,20,110,43,27,
41,89,90,94,70,56,105,119,1,49,40,15,27,50,109,80,21,23,82,20,18,81,91,32,44,47,0,59,35,26,54,7,75,16,28,62,3,25,30,33,39,45,4,51,55,8,14,48,31,2,42,13,11,58,19,17,12,24,65,6,29,9,57,10,5,
57,65,31,33,32,30,25,21,75,82,26,123,29,103,6,69,48,1,7,54,59,12,62,58,11,17,55,8,111,14,61,42,84,9,47,0,93,51,4,44,3,13,60,10,107,45,35,28,2,39,63,16,88,5,116,19,74,24,112,
76,96,9,46,73,36,110,26,8,5,23,27,64,3,104,25,6,43,38,1,0,37,120,41,4,22,2,18,15,52,34,21,95,10,20,66,53,
76,96,9,46,73,36,110,26,8,5,23,27,64,3,104,25,6,43,38,1,79,0,37,120,41,4,22,2,18,15,52,34,21,95,10,20,66,53,
15,40,27,49,80,23,20,18,81,63,93,61,60,7,74,21,103,51,47,82,29,35,26,54,1,75,28,62,9,25,30,32,33,39,44,45,113,4,57,55,111,2,8,14,48,31,42,13,11,58,5,19,17,12,65,59,6,3,112,24,0,10,16,69,91,
26,3,25,41,79,9,38,8,66,4,96,34,37,46,15,21,52,10,1,6,73,18,36,5,23,64,2,95,53,22,67,0,20,110,43,27,
47,82,80,75,62,58,54,109,15,39,98,55,81,22,89,30,90,31,59,0,94,35,85,26,41,11,70,44,45,56,9,57,10,48,1,42,23,29,19,24,65,133,6,18,28,12,50,3,13,40,7,5,16,27,4,105,8,49,2,32,33,21,20,25,17,14,
48,59,74,42,55,58,62,122,11,24,61,35,72,71,12,2,39,3,19,63,4,7,44,1,60,0,51,14,9,88,47,10,5,84,87,8,45,17,54,92,13,101,107,28,69,16,
46,21,10,1,66,67,43,38,18,9,36,6,64,22,52,0,34,37,4,15,73,2,53,20,79,
83,85,34,100,15,68,37,38,43,46,19,70,17,11,24,28,36,78,25,22,41,0,121,12,49,102,6,97,8,56,3,13,40,30,7,50,5,16,27,4,29,31,9,1,32,10,2,33,18,23,21,20,26,14,
96,9,46,73,36,110,26,8,5,23,27,64,3,104,25,6,43,38,1,79,0,37,120,41,4,22,2,18,15,52,34,21,95,10,20,66,53,
83,89,48,57,90,85,98,34,100,15,68,37,38,43,46,19,70,17,11,24,28,36,78,25,22,41,0,121,12,49,102,6,97,8,56,3,13,40,30,7,50,5,16,27,4,29,31,9,1,32,10,2,33,18,23,21,20,26,14,
47,124,126,114,11,63,0,39,14,99,3,2,61,7,12,71,19,87,5,60,1,72,131,127,
57,65,31,33,32,30,25,21,75,72,71,92,123,29,6,69,48,1,7,54,59,12,62,58,11,17,55,8,111,14,61,42,84,9,47,0,93,51,4,44,3,13,60,10,107,45,35,28,2,39,63,16,88,5,116,19,74,24,112,
16,92,24,35,51,47,8,17,101,124,114,11,63,0,39,14,99,3,2,61,7,12,71,19,28,87,5,60,1,72,131,127,
42,55,1,60,71,12,114,3,72,13,122,63,4,99,7,19,87,28,61,2,11,5,39,14,0,127,24,35,92,51,47,8,17,101,88,10,69,44,45,16,54,84,58,
11,30,130,95,76,9,46,5,73,36,26,8,23,64,110,27,3,22,25,66,6,43,2,38,1,0,41,120,37,4,13,96,18,15,52,34,104,21,10,20,53,115,
14,33,32,29,83,95,6,73,30,128,5,135,46,3,11,52,9,13,16,31,53,10,76,18,34,64,21,23,66,8,37,7,25,27,38,1,41,0,43,4,36,2,104,15,20,22,26,115,
124,126,114,11,63,0,39,14,99,3,61,7,12,71,19,87,5,60,1,72,131,127,
39,55,81,89,90,59,94,85,98,102,65,42,48,57,45,44,35,15,68,37,38,43,46,19,70,17,11,24,28,36,78,25,22,41,0,121,12,49,6,97,8,56,3,13,40,30,7,50,5,16,27,4,29,31,9,1,32,10,2,33,18,23,21,20,26,14,105,
58,55,42,9,1,60,71,12,114,3,72,13,122,63,4,99,7,19,87,28,61,2,11,5,39,14,0,127,24,35,92,51,47,8,17,101,88,10,69,44,45,16,54,84,74,
23,20,18,80,91,113,103,26,82,30,57,65,4,31,92,33,32,93,152,25,21,75,14,72,11,71,10,123,1,62,29,6,69,8,48,7,54,59,12,58,17,55,116,111,61,0,42,84,9,47,51,112,44,3,140,13,74,60,107,45,35,28,2,63,39,16,88,5,19,24,
56,70,94,109,63,93,61,111,113,136,69,2,50,60,74,7,125,58,15,82,40,27,49,80,13,21,23,20,18,81,14,91,24,32,44,103,47,0,59,35,26,54,75,8,16,28,62,3,25,30,33,39,45,4,51,55,48,1,31,42,11,19,17,12,65,6,29,9,57,10,5,119,
16,24,35,51,17,92,151,47,124,8,126,39,114,11,127,63,5,0,28,87,14,101,99,3,61,2,7,12,71,19,60,1,72,131,
93,6,29,146,48,101,59,74,42,55,2,58,5,62,9,69,16,11,24,61,8,35,88,72,19,71,12,39,92,112,3,63,10,4,116,7,60,44,1,54,107,0,51,47,84,87,45,17,14,123,122,13,28,
36,78,134,51,91,119,145,3,47,82,11,80,9,75,4,62,133,58,54,109,15,39,98,27,55,81,10,22,89,18,30,90,19,31,59,0,94,23,35,85,14,26,41,70,44,45,56,57,48,1,42,29,24,65,6,28,12,50,13,40,7,5,16,105,8,49,2,32,33,21,20,25,17,139,
2,20,4,53,43,6,79,5,23,18,52,15,36,73,10,34,0,37,22,96,66,8,67,1,38,46,9,64,27,21,132,
48,57,76,30,83,24,85,26,34,100,41,15,68,9,37,38,97,43,102,46,19,78,70,11,17,28,36,25,22,0,121,3,12,49,6,8,56,13,40,7,50,5,16,27,4,29,31,1,32,10,2,33,18,23,148,21,20,14,98,
115,130,142,76,13,96,9,46,5,73,36,26,8,23,64,110,27,3,22,25,66,6,43,2,38,79,1,0,41,120,37,4,18,141,15,52,34,104,21,95,10,20,53,
42,55,54,44,69,10,88,4,153,84,5,16,127,13,92,24,61,72,51,14,17,101,45,124,8,87,35,114,3,11,122,63,0,39,2,99,7,12,71,19,28,60,1,131,47,126,
24,53,49,78,50,12,23,52,5,66,14,17,40,56,9,68,21,76,29,46,30,11,7,16,31,13,32,6,43,0,37,22,117,20,15,2,36,83,4,41,10,18,1,38,25,100,3,27,8,26,34,33,
24,35,51,17,101,47,99,124,8,126,157,39,114,11,127,63,5,0,28,87,14,3,2,61,7,12,71,19,60,1,72,131,92,151,
34,80,75,62,58,54,109,16,39,55,81,10,89,18,90,19,59,94,23,85,14,98,27,102,31,65,42,48,57,45,44,35,15,68,37,38,43,46,70,17,11,24,28,36,78,7,25,22,41,0,121,50,12,49,6,97,26,8,56,3,13,40,30,5,4,29,158,9,1,32,2,33,21,20,105,133,
50,12,6,22,20,15,104,43,2,36,4,0,41,21,10,1,9,38,3,27,25,66,7,37,8,26,23,64,34,18,117,76,53,31,16,13,52,11,100,30,46,5,128,14,17,40,56,68,29,32,83,33,
76,89,28,83,22,48,57,90,29,85,24,98,37,34,100,15,68,7,38,43,46,19,70,9,17,78,11,36,97,25,41,102,0,121,12,49,6,8,56,3,13,40,30,50,5,16,27,4,31,1,32,10,2,33,18,150,23,148,21,20,26,14,
169,24,83,53,49,78,50,12,23,52,5,64,66,7,14,17,76,40,56,9,68,21,29,46,30,11,16,31,13,32,6,43,0,37,22,117,20,15,2,36,4,41,100,10,18,1,38,25,3,27,8,26,34,33,
12,50,33,83,32,29,68,56,40,17,14,117,6,73,30,128,5,135,46,3,11,52,9,13,16,31,53,10,76,18,34,64,21,23,66,8,37,7,25,27,38,1,41,0,43,4,36,2,104,15,20,22,26,115,
19,49,78,28,24,50,12,23,52,5,66,14,17,40,56,9,68,21,76,29,46,30,11,7,16,31,13,32,6,43,97,0,37,22,117,20,15,2,36,83,4,41,10,18,1,38,25,100,3,27,8,26,34,33,
72,71,92,119,125,50,136,116,88,107,84,123,9,15,82,40,27,49,80,13,23,20,18,81,14,63,93,26,61,60,7,74,21,103,51,47,29,35,54,1,75,8,28,62,25,30,32,33,39,44,111,45,112,113,4,57,55,2,69,48,31,42,11,58,5,19,17,12,65,59,143,6,140,3,24,91,0,10,16,
93,113,103,125,69,74,60,164,85,6,36,78,134,55,51,91,12,119,40,145,3,82,47,11,90,80,1,9,75,4,62,133,54,58,109,30,15,94,39,98,19,27,81,2,10,89,22,18,31,59,0,23,35,14,26,105,41,70,44,45,56,57,136,48,42,29,24,65,28,50,13,7,5,16,8,49,32,33,21,20,25,17,139,
24,28,53,49,78,50,12,23,52,5,66,14,17,40,56,9,68,21,76,29,46,30,11,7,16,31,13,32,6,43,0,37,22,117,20,15,2,36,83,4,41,10,18,1,38,25,100,3,27,8,26,34,33,
24,28,53,49,78,50,12,23,52,5,66,14,17,40,56,9,68,21,76,29,46,30,11,7,16,31,13,32,6,43,0,37,22,117,20,15,2,36,83,4,41,10,18,1,38,25,100,3,27,8,26,34,33,
42,76,9,89,22,28,83,16,48,57,90,23,85,18,24,98,31,37,34,100,33,15,68,1,7,38,43,46,19,70,3,17,78,173,36,97,30,25,41,102,0,121,12,49,6,8,56,150,13,40,50,5,27,4,32,29,166,10,2,11,148,14,21,20,26,
134,82,47,13,34,80,1,75,62,58,54,133,109,30,16,39,55,81,2,10,89,18,97,90,11,19,98,59,94,15,23,102,85,6,14,27,31,65,42,121,48,57,45,44,35,68,37,38,43,46,70,17,24,28,36,78,7,25,22,41,0,158,50,12,49,26,105,8,56,3,40,5,171,4,29,9,32,33,21,20,145,
24,28,53,49,78,50,12,23,52,5,66,14,17,40,56,9,68,21,76,29,46,30,11,7,16,31,13,32,6,43,0,37,22,117,20,15,2,36,83,4,41,10,18,1,38,25,100,3,27,8,26,34,33,
46,97,68,102,103,125,69,74,60,164,85,6,36,78,134,55,51,91,12,119,40,145,3,82,47,11,90,80,1,9,75,4,62,133,54,58,109,30,15,94,39,98,19,27,81,2,10,89,22,18,31,59,0,23,35,14,26,105,41,70,44,45,56,57,136,48,42,29,24,65,28,50,13,7,5,16,8,49,32,33,21,20,25,17,139,
107,62,59,48,74,84,44,69,10,88,17,114,45,92,35,127,47,0,39,2,99,14,61,87,19,54,101,4,7,5,51,16,63,28,122,72,3,12,24,71,13,60,1,9,42,8,55,11,58,159,154,153,124,131,146,
47,13,34,80,1,75,62,58,54,133,109,30,16,39,55,81,2,10,89,18,97,90,11,19,98,59,94,15,23,102,85,6,14,27,31,65,42,121,48,57,45,44,35,68,37,38,43,46,70,17,24,28,36,78,7,25,22,41,0,158,50,12,49,26,105,8,56,3,82,40,5,171,4,29,9,32,33,21,20,
21,33,32,9,29,4,171,5,40,82,3,56,8,49,12,0,41,105,22,25,78,36,28,24,17,70,46,43,37,68,35,44,45,57,48,38,121,42,65,31,27,23,59,15,98,102,19,94,11,7,90,14,97,18,6,89,10,85,2,81,55,39,16,30,26,109,50,133,54,58,62,158,75,1,80,34,13,47,20,186,
112,93,116,6,29,123,107,62,59,48,74,84,44,69,10,88,17,114,45,92,35,127,47,0,39,2,99,14,61,87,19,54,101,4,7,5,51,16,63,28,122,72,3,12,24,71,13,60,1,9,42,8,55,11,58,159,154,153,124,131,146,
34,134,51,91,119,139,133,109,54,58,62,75,80,82,47,16,39,55,81,10,89,18,90,19,59,94,23,85,14,98,27,102,31,65,42,48,57,45,44,35,15,68,37,38,43,46,70,17,11,24,28,36,78,7,25,22,41,0,121,50,12,49,6,97,26,8,56,3,145,13,40,30,5,4,29,158,9,1,32,2,33,21,20,105,
85,107,88,84,116,123,134,105,90,89,41,139,112,161,82,3,56,70,94,15,109,30,63,93,14,61,111,32,113,136,57,69,2,81,50,60,74,7,125,58,40,119,27,49,80,1,13,21,23,20,18,91,12,24,103,44,47,0,59,35,26,54,75,8,16,28,62,25,33,39,45,4,51,55,48,31,42,11,19,17,65,6,29,9,10,5,143,
87,101,122,81,49,27,40,15,14,23,20,93,18,91,80,7,113,103,30,26,82,9,57,65,4,31,92,19,33,32,6,25,21,75,2,72,160,11,84,71,10,123,1,74,62,29,69,8,48,54,59,12,58,17,55,116,111,61,0,42,47,51,112,39,44,152,3,140,13,60,107,45,35,28,63,16,88,5,24,143,
109,94,70,56,11,72,71,92,9,119,125,42,50,136,116,33,88,5,107,24,84,1,123,40,15,82,27,49,80,13,23,20,103,18,81,14,63,93,177,10,26,61,60,143,7,74,21,51,47,29,112,35,54,75,8,91,28,111,62,25,30,113,32,39,44,45,4,57,140,55,2,69,48,31,58,19,17,12,65,59,6,3,0,16,161,
23,20,18,80,91,113,99,114,103,26,82,111,75,21,30,32,33,31,65,57,163,45,93,25,152,6,29,88,87,28,48,107,101,42,59,0,74,55,2,61,58,5,123,62,3,9,69,10,16,11,24,8,35,72,140,13,146,19,71,12,39,92,112,63,4,122,116,7,60,1,44,54,51,47,84,17,14,
15,40,27,49,81,99,111,75,21,25,152,32,31,65,57,30,82,26,103,113,91,80,18,20,23,163,45,93,6,29,88,87,28,48,107,101,42,33,160,59,0,74,55,2,61,58,5,123,62,3,9,69,10,16,11,24,8,35,72,140,13,146,19,71,12,39,92,112,63,4,122,116,7,60,1,44,54,51,47,84,17,14,
37,38,43,46,97,68,164,85,6,36,78,134,55,51,91,12,119,40,145,3,82,47,11,90,80,1,9,75,4,62,133,54,58,109,30,15,94,39,98,19,27,81,2,10,89,22,18,31,59,0,23,102,35,14,26,105,41,70,44,45,56,57,48,42,29,24,65,28,50,13,7,5,16,8,49,32,33,21,20,25,17,139,
38,6,46,97,8,68,102,13,103,14,125,36,69,74,60,164,75,85,78,134,45,55,51,91,2,12,119,30,40,145,56,3,82,47,136,11,90,1,80,9,98,4,62,133,44,54,58,109,20,15,94,184,5,39,19,27,81,10,89,0,22,18,31,59,23,35,26,105,16,41,70,57,48,42,29,24,65,28,50,139,7,49,32,33,21,25,17,43,
52,66,181,42,76,9,89,22,28,83,16,48,57,90,23,85,18,24,98,31,37,34,100,33,15,68,1,7,38,43,46,19,70,3,17,78,173,36,97,30,25,41,102,0,121,12,49,6,8,56,150,13,40,50,5,27,4,32,166,29,10,2,11,148,14,21,20,26,
30,33,57,31,65,111,124,153,154,99,114,163,45,93,6,29,88,87,28,48,107,101,42,59,127,0,74,55,2,61,58,5,123,62,3,9,69,10,16,11,24,8,35,72,13,146,19,71,12,39,92,112,63,131,4,122,116,7,60,1,44,54,51,47,84,17,14,32,159,
32,57,31,65,111,126,163,54,112,45,93,116,6,29,123,107,62,59,74,7,84,44,69,2,10,88,114,47,92,159,35,127,60,0,39,99,14,61,87,17,154,19,101,4,71,5,72,188,51,48,185,153,16,63,28,122,55,3,12,24,13,1,146,9,42,8,11,58,124,131,
25,30,33,57,31,65,111,124,153,154,99,114,163,45,93,6,29,88,87,28,48,107,101,42,59,127,0,74,55,2,61,58,5,123,62,3,9,69,10,16,11,24,8,35,72,13,146,19,71,12,39,92,112,63,131,4,122,116,7,60,1,44,54,51,47,84,17,14,32,159,
125,146,25,87,4,101,18,122,39,81,49,27,40,123,15,14,23,20,103,93,10,91,8,80,163,7,113,30,26,82,9,92,57,140,65,31,19,33,116,32,6,21,75,2,72,160,11,84,1,71,74,62,29,112,69,152,48,54,59,12,58,17,55,111,28,61,0,42,47,51,44,3,13,60,143,107,191,24,45,35,63,16,88,5,
58,62,75,80,133,100,34,83,16,39,55,81,10,89,18,90,19,59,94,23,85,14,98,27,102,31,65,42,48,57,45,44,35,15,68,37,38,43,46,70,17,11,24,28,36,78,7,25,22,41,0,121,50,12,49,6,97,26,8,56,3,13,40,30,5,4,29,158,9,150,1,32,2,33,21,20,105,
84,88,116,134,139,112,143,105,133,41,85,90,89,22,98,161,82,3,56,70,94,15,109,30,63,93,14,61,111,32,113,136,57,69,2,81,50,60,74,7,125,58,40,119,27,49,80,1,13,21,23,20,18,91,12,24,103,44,47,0,59,35,26,54,75,8,16,28,62,25,33,39,45,4,51,55,48,31,42,11,19,17,65,6,29,9,10,5,145,
37,38,43,46,97,68,102,103,125,69,74,60,164,85,6,36,78,134,55,51,91,12,119,40,145,3,82,47,11,90,80,1,9,75,4,62,133,54,58,109,30,15,94,39,98,19,27,81,2,10,89,22,18,31,59,0,23,35,14,26,105,41,70,44,45,56,57,136,48,42,29,24,65,28,50,13,7,5,16,8,49,32,33,21,20,25,17,139,
26,75,21,185,127,54,25,30,33,57,31,65,111,124,200,51,7,8,99,114,17,45,93,6,29,88,87,163,14,28,101,48,107,42,59,0,146,74,1,55,2,61,58,131,154,5,123,62,152,3,9,69,16,11,84,24,35,72,13,10,159,19,92,71,12,188,39,112,63,153,4,122,116,60,44,47,32,198,
143,114,16,194,15,40,27,116,49,81,99,10,111,75,21,25,152,63,32,31,65,57,146,30,82,26,103,193,14,113,24,91,2,80,18,107,20,23,112,163,74,45,93,4,6,29,88,87,28,48,101,191,12,42,33,122,160,71,59,0,55,61,58,5,123,62,3,92,9,69,11,8,35,72,140,51,13,19,39,7,60,1,44,54,47,84,17,
101,105,152,103,14,109,20,94,5,70,56,11,72,161,71,160,92,3,9,119,30,125,42,50,136,47,116,27,33,88,177,107,18,24,113,84,1,123,40,15,82,49,80,192,13,23,112,81,63,93,4,10,26,61,60,143,54,7,74,21,51,140,29,35,75,8,91,2,28,111,62,25,32,39,44,45,57,55,69,48,31,58,19,17,12,65,59,6,0,16,
65,42,45,44,35,105,76,9,89,22,28,83,16,48,57,90,23,85,18,24,98,31,37,34,100,33,15,68,1,7,38,43,46,19,70,3,17,78,173,36,97,30,25,41,102,0,121,12,49,6,8,56,150,13,40,50,5,27,4,32,29,166,10,2,11,148,14,21,20,26,
70,94,109,136,50,119,201,23,112,125,146,57,25,87,4,93,101,18,107,122,33,39,81,49,27,116,40,123,15,14,103,20,10,91,2,8,80,163,74,7,113,24,30,26,82,9,92,3,140,51,65,31,19,32,6,21,75,72,160,71,11,84,1,62,29,69,152,63,48,54,143,59,58,17,55,111,28,61,0,42,47,44,13,12,191,60,45,35,16,88,177,5,
148,44,58,62,75,80,1,133,100,21,34,83,4,16,39,55,81,2,10,89,18,97,90,11,19,98,59,94,15,23,102,85,6,14,27,31,65,42,121,48,57,45,202,35,68,37,38,43,46,70,17,24,28,36,78,7,25,22,41,0,158,50,12,49,26,105,8,56,3,13,40,30,5,29,9,150,32,33,20,
127,159,143,114,16,194,15,40,27,116,49,81,99,10,111,75,21,25,152,63,32,31,65,57,146,30,82,26,103,193,14,113,24,91,2,80,18,107,20,23,112,163,74,45,93,4,6,29,88,87,28,48,101,191,12,42,33,122,160,71,59,0,55,61,58,5,123,62,3,92,9,69,11,8,35,72,140,51,13,19,39,7,60,1,44,54,47,84,17,
143,154,127,159,114,16,194,15,40,27,116,49,81,99,10,111,75,21,25,152,63,32,31,65,57,146,30,82,26,103,193,14,113,24,91,2,80,18,107,20,23,112,163,74,45,93,4,6,29,88,87,28,48,101,12,42,33,122,160,71,59,0,55,61,58,5,123,62,3,92,9,69,11,8,35,72,140,51,13,19,39,7,60,1,44,54,47,84,17,
121,158,113,93,178,195,184,10,37,134,38,43,46,97,0,68,102,204,5,103,6,125,28,69,74,60,164,85,36,133,78,55,51,91,12,109,119,22,40,145,48,3,82,47,11,90,80,1,98,9,75,4,62,54,58,30,15,94,39,136,19,27,81,2,196,89,18,31,59,23,35,14,26,105,8,41,70,44,45,56,57,42,139,29,24,65,50,13,7,16,49,32,33,21,20,25,17,
154,114,17,127,30,159,62,143,16,113,194,0,15,112,40,27,116,19,49,146,81,99,2,10,107,111,14,75,21,25,122,152,55,63,160,32,31,65,57,82,26,123,103,6,193,24,91,80,18,20,23,163,74,45,93,4,101,29,88,87,28,48,191,211,12,42,33,71,59,61,58,5,3,92,9,69,11,8,35,72,140,51,13,39,206,7,60,1,44,54,47,84,
20,154,57,114,17,127,30,159,62,143,16,113,194,0,214,15,112,40,27,116,19,49,146,81,99,2,10,107,111,14,75,21,25,122,152,55,63,160,32,31,65,82,26,123,103,6,193,24,91,80,18,23,163,74,45,93,4,101,29,88,87,28,125,48,191,211,12,42,33,71,59,61,58,5,3,92,9,69,11,8,35,72,140,51,13,39,206,7,60,1,44,54,47,84,
72,71,92,22,98,140,12,85,107,18,88,84,116,27,123,134,45,105,16,90,1,89,0,41,139,50,112,23,161,82,3,56,70,94,5,15,109,20,30,119,63,93,4,14,103,61,111,32,113,24,136,47,57,69,2,91,81,60,74,7,125,58,40,49,80,13,21,44,59,35,26,54,143,75,8,28,62,25,33,39,51,55,48,31,42,190,11,19,17,65,6,29,9,10,
114,193,99,112,15,70,94,191,109,12,136,39,50,119,7,23,125,28,146,49,57,25,122,87,4,101,93,18,107,209,10,33,81,27,116,19,40,123,26,14,111,103,6,20,91,201,2,8,80,177,163,74,113,16,24,30,82,9,92,3,140,51,65,31,32,21,75,72,160,63,71,11,84,1,62,29,69,152,55,48,54,143,59,58,17,61,0,194,42,47,44,13,60,45,35,88,5,
124,18,143,154,57,127,30,159,62,114,17,16,113,194,0,15,112,40,27,116,19,49,146,81,99,2,10,107,111,14,75,21,25,122,152,55,63,160,32,31,65,82,26,123,103,6,193,24,91,80,20,23,163,74,45,93,4,101,29,88,87,28,48,12,42,33,71,59,61,58,5,3,92,9,69,11,8,35,72,140,51,212,13,39,7,60,1,44,54,47,84,131,
112,143,111,61,63,161,113,93,6,46,97,8,68,102,13,103,14,125,36,69,74,60,164,75,85,78,134,45,55,51,91,2,12,119,30,40,145,56,3,82,47,136,11,90,1,80,9,98,4,62,133,44,54,58,109,20,15,94,184,5,39,19,27,81,10,89,0,178,22,18,31,59,23,35,26,105,16,41,70,57,48,42,29,24,65,28,50,139,7,49,32,33,21,25,17,
34,7,121,18,158,55,113,10,93,196,178,75,195,184,81,37,134,31,38,43,46,97,0,103,68,102,204,5,6,109,125,22,28,69,74,60,164,85,36,139,133,30,78,51,91,12,119,16,40,145,42,48,3,82,47,11,90,80,1,98,9,4,62,54,58,15,94,39,136,33,19,27,213,2,105,89,59,23,35,14,26,8,41,70,44,45,56,57,29,24,65,50,13,49,32,21,20,25,17,189,
153,191,24,124,27,18,143,154,57,127,30,159,62,114,17,16,113,194,0,15,112,40,116,218,19,49,146,81,99,2,10,107,111,14,75,21,25,122,152,55,63,160,32,31,65,82,26,123,103,6,193,91,80,20,23,163,74,45,93,4,101,29,88,87,28,48,211,12,42,33,71,59,61,58,5,3,92,9,69,11,8,35,72,140,51,212,13,39,7,60,200,1,44,54,47,84,131,
122,139,41,89,90,134,85,13,101,4,105,207,8,152,55,103,6,14,111,109,12,20,94,5,70,56,11,72,161,71,160,63,92,3,9,119,30,125,28,42,50,136,39,47,116,19,27,33,88,177,80,107,10,18,24,113,16,84,1,123,26,40,15,112,82,49,192,23,81,93,190,61,60,143,54,7,74,21,51,140,29,35,75,91,2,62,25,32,44,45,57,69,48,31,58,17,65,59,0,
168,126,198,153,188,185,24,124,27,18,143,154,57,127,30,159,62,114,17,16,113,194,199,0,15,112,40,116,218,19,49,146,81,99,2,10,107,111,14,75,21,25,122,152,55,63,160,32,31,65,82,26,123,103,193,91,80,20,23,163,74,45,93,4,101,29,88,87,28,48,12,42,33,71,59,61,58,5,3,92,9,69,11,6,205,8,35,72,140,51,212,13,39,7,60,200,1,44,54,47,84,131,
97,68,102,78,36,164,178,123,107,9,84,88,116,19,134,139,42,112,15,143,105,8,133,41,85,90,89,22,119,98,1,161,82,3,56,70,94,109,12,30,63,93,190,14,111,61,32,113,16,136,39,57,69,2,81,50,60,74,7,125,28,58,40,27,49,80,13,21,23,20,18,91,24,103,6,44,47,0,59,35,26,54,75,62,25,33,45,203,4,51,55,48,145,31,11,17,65,29,10,5,
188,198,206,125,15,153,191,88,24,127,124,21,27,18,143,40,154,51,57,160,30,159,62,114,11,17,16,113,221,10,194,91,103,112,9,116,13,12,19,122,49,152,146,81,99,2,107,215,4,111,8,14,75,25,55,63,32,31,65,82,26,123,20,6,193,80,23,163,60,74,45,93,101,29,87,28,131,48,0,211,5,42,33,71,59,61,58,214,3,92,69,35,72,140,39,218,7,200,212,1,44,54,47,84,
85,87,122,134,90,89,41,13,101,4,105,207,8,152,55,103,6,14,111,109,12,20,94,5,70,56,11,72,161,71,160,63,92,3,9,119,30,125,28,42,139,50,136,39,47,116,19,27,33,88,177,80,107,10,18,24,113,16,84,1,123,26,40,15,112,82,49,192,23,81,93,61,60,143,54,7,74,21,51,140,29,35,75,91,2,62,25,32,44,45,57,69,48,31,58,17,65,59,0,
61,63,113,93,178,184,10,37,134,38,43,46,97,0,68,102,204,5,103,6,125,28,69,74,60,164,85,36,133,78,55,51,91,12,109,119,22,40,145,48,3,82,47,11,90,80,1,98,9,75,4,62,54,58,30,15,94,39,136,19,27,81,2,196,89,18,31,59,23,35,14,26,105,8,41,70,44,45,56,57,42,139,29,24,65,50,13,7,16,49,32,33,21,20,25,17,
101,152,160,177,22,119,72,71,92,98,1,140,12,109,85,107,10,18,88,84,116,19,27,123,26,134,45,105,8,16,113,90,89,0,41,139,42,50,112,15,23,161,82,3,56,70,94,5,20,30,63,93,190,4,14,111,103,6,61,32,24,136,39,47,57,69,2,91,81,60,74,7,125,28,58,40,49,80,13,21,44,59,35,54,143,75,62,25,33,51,55,48,31,11,216,17,65,29,9,192,
153,136,50,119,177,191,125,24,124,27,18,143,154,57,127,30,159,62,114,17,113,194,0,214,15,112,40,116,218,19,49,146,81,99,201,2,10,107,111,14,75,21,16,215,25,122,152,55,63,160,32,31,65,82,26,123,103,6,193,91,80,20,23,163,74,45,93,4,101,29,88,87,28,48,211,12,42,33,71,59,61,58,5,3,92,9,69,11,8,35,72,140,51,212,13,39,206,7,60,1,44,54,47,84,131,
111,61,63,161,113,93,196,2,38,6,103,46,97,0,8,105,68,102,5,13,14,125,28,36,133,69,74,60,164,75,85,78,134,45,55,51,91,12,109,119,22,30,40,145,48,56,3,82,47,136,39,11,90,1,98,80,9,4,62,44,54,58,20,15,94,184,19,27,81,178,10,89,18,31,59,23,35,26,16,41,70,57,42,139,29,24,65,50,7,49,32,33,21,25,17,43,
70,94,109,124,131,136,50,119,177,21,20,154,57,114,17,127,30,159,62,143,215,16,113,194,0,214,15,112,40,27,116,19,49,146,81,99,201,2,10,107,111,14,75,25,122,152,55,63,160,32,31,65,82,26,123,103,6,193,24,91,80,18,23,163,74,45,93,4,101,29,88,87,28,125,48,191,211,12,42,33,71,59,61,58,5,3,92,9,69,11,8,35,72,140,51,212,13,39,206,7,60,1,44,54,47,84,
127,161,56,192,114,11,193,99,112,9,15,70,94,191,88,109,217,6,12,136,33,39,50,119,16,7,23,125,28,146,49,152,57,160,25,122,19,87,4,107,101,93,18,209,3,10,113,81,27,116,13,40,143,123,20,26,14,111,8,103,0,206,91,194,201,2,80,177,74,163,60,24,30,82,92,140,51,65,31,32,21,75,72,63,71,84,1,62,29,69,55,48,54,59,58,17,61,42,47,44,45,35,5,
107,178,78,36,164,102,68,97,46,9,84,88,116,19,134,139,42,112,15,143,105,8,133,41,85,90,89,22,119,98,1,161,82,3,56,70,94,109,12,30,63,93,14,111,61,32,113,16,136,39,57,69,2,81,50,60,74,7,125,28,58,40,27,49,80,13,21,23,20,18,91,24,103,6,44,47,0,59,35,26,54,75,62,25,33,45,203,4,51,55,48,145,31,11,17,65,29,10,5,184,
146,191,190,20,123,85,87,122,19,134,31,90,89,192,41,13,116,101,4,107,105,2,207,1,8,111,152,49,55,103,0,6,109,14,12,94,5,70,56,72,161,58,71,160,57,63,92,3,9,112,119,16,11,222,30,125,28,42,139,50,136,33,39,47,27,88,177,74,80,10,113,18,24,84,26,40,143,226,15,82,23,81,93,61,60,54,7,21,51,140,29,35,75,91,62,25,32,44,45,69,48,17,65,59,
72,71,92,68,102,140,78,36,164,178,123,107,9,84,88,116,19,134,139,42,112,15,143,105,8,133,41,85,90,89,22,119,98,1,161,82,3,56,70,94,109,12,30,63,93,190,14,111,61,32,113,16,136,39,57,69,2,81,50,60,74,7,125,28,58,40,27,49,80,13,21,23,20,18,91,24,103,6,44,47,0,59,35,26,54,75,62,25,33,45,203,4,51,55,48,145,31,11,17,65,29,10,5,
157,151,162,223,114,5,168,59,126,17,198,153,44,188,185,24,124,15,27,18,127,143,154,45,57,30,159,62,16,113,4,194,199,0,218,112,3,40,116,7,19,49,146,81,99,2,111,10,107,14,123,75,21,25,122,13,152,55,63,160,51,32,31,140,65,82,191,26,103,212,193,84,91,200,80,20,23,163,54,74,93,101,29,88,87,28,48,12,42,33,71,61,58,92,9,69,11,6,205,8,35,72,39,60,1,47,131,
89,90,114,99,194,192,161,56,105,112,15,70,94,191,109,12,136,39,50,119,7,23,125,28,146,49,57,25,122,87,4,101,93,18,107,209,10,33,81,27,116,19,40,123,26,14,111,103,6,20,91,201,2,80,177,163,74,113,16,24,30,82,9,92,3,140,51,65,31,32,21,75,72,160,63,71,11,84,1,62,29,69,152,55,48,54,143,59,58,17,61,0,42,47,44,13,8,207,60,45,35,88,5,
157,151,162,206,125,214,215,211,191,223,114,5,168,59,126,17,198,153,44,188,185,24,124,15,27,18,127,143,154,45,57,30,159,62,16,113,4,194,199,0,218,112,3,221,40,116,7,19,49,146,81,99,2,111,10,107,14,123,75,21,25,122,13,152,55,63,160,51,32,31,140,65,82,26,103,212,193,84,91,200,80,20,23,163,54,74,93,101,29,88,87,28,48,12,42,33,71,61,58,92,9,69,11,6,205,8,35,72,39,60,1,47,131,
101,152,160,177,192,145,133,22,119,72,71,92,98,1,140,12,109,85,107,10,18,88,84,116,19,27,123,26,134,45,105,8,16,113,90,89,0,41,139,42,50,112,15,23,161,82,3,56,70,94,5,20,30,63,93,190,14,111,103,6,61,32,24,136,39,47,57,69,2,91,81,60,74,7,125,28,58,40,49,80,13,21,44,59,35,54,143,75,62,25,33,51,55,48,31,11,216,17,65,29,9,4,203,
22,98,122,139,41,89,90,134,85,13,101,4,105,207,8,152,55,103,6,14,111,109,12,20,94,5,70,56,11,72,161,71,160,63,92,3,9,119,30,125,28,42,50,136,39,47,116,19,27,33,88,177,80,107,10,18,24,113,16,84,1,123,26,40,15,112,82,49,192,23,81,93,190,61,60,143,54,7,74,21,51,140,29,35,75,91,2,62,25,32,44,45,57,69,48,31,58,17,65,59,0,
114,134,90,89,41,139,99,194,192,161,56,105,112,15,70,94,191,109,12,136,39,50,119,7,23,125,28,146,49,57,25,122,87,4,101,93,18,107,209,10,33,81,27,116,19,40,123,26,14,111,103,6,20,91,201,2,80,177,163,74,113,16,24,30,82,9,92,3,140,51,65,31,32,21,75,72,160,63,71,11,84,1,62,29,69,152,55,48,54,143,59,58,17,61,0,42,47,44,13,8,207,60,45,35,88,5,
56,161,209,122,13,70,94,109,0,124,15,131,136,27,50,159,119,10,177,21,20,154,45,57,114,5,17,127,18,30,62,143,215,16,125,113,231,4,194,214,112,3,40,116,7,19,49,146,81,99,201,92,2,111,107,14,123,75,25,152,55,63,160,51,32,31,140,65,82,191,26,103,212,6,193,84,24,91,80,23,163,54,74,93,101,29,88,87,28,48,211,12,42,33,71,59,61,58,9,69,11,8,35,72,39,206,60,1,44,47,217,
23,114,5,134,25,90,89,41,139,30,99,194,85,192,161,56,105,112,3,15,70,94,191,82,109,0,12,136,27,39,50,119,10,7,116,125,16,28,146,49,57,122,13,87,4,113,101,93,18,107,209,33,81,19,40,123,241,14,26,111,2,103,6,20,91,201,92,80,177,163,54,74,24,9,140,31,51,160,65,32,21,75,72,63,71,11,84,1,62,29,69,152,55,48,143,59,58,17,61,42,47,44,8,207,60,45,35,88,
70,94,109,151,162,205,199,185,126,168,223,200,221,198,188,11,153,44,136,27,50,159,119,10,177,191,82,125,16,24,124,15,18,127,143,154,45,57,30,62,114,5,17,113,4,194,0,218,214,112,3,40,116,7,225,19,49,146,81,99,201,92,229,2,111,107,14,123,75,21,215,25,122,13,152,55,63,160,51,32,31,140,65,26,103,212,6,193,84,91,80,20,23,163,54,74,93,101,29,88,87,28,48,211,12,42,33,71,59,61,58,9,69,8,35,72,39,206,60,1,47,131,
56,209,217,205,199,185,126,168,223,200,221,198,188,225,218,153,122,13,70,94,109,0,124,15,131,136,27,50,159,119,10,177,21,20,154,45,57,114,5,17,127,18,30,62,143,215,16,125,113,231,4,194,214,112,3,40,116,7,19,49,146,81,99,201,92,111,107,14,123,75,25,152,55,63,160,51,32,31,140,65,82,191,26,103,212,6,193,84,24,91,80,23,163,54,74,93,101,29,88,87,28,48,211,12,42,33,71,59,61,58,9,69,11,2,229,8,35,72,39,206,60,1,44,47,
127,134,41,139,206,193,19,89,90,114,5,99,194,192,161,56,105,112,3,15,70,94,191,82,109,0,12,136,27,39,50,119,237,10,7,116,23,125,16,28,146,49,57,25,122,13,87,4,113,101,93,18,107,209,33,81,40,123,14,26,111,2,103,6,20,91,201,92,80,177,163,54,74,24,30,9,140,31,51,160,65,32,21,75,72,63,71,11,84,1,62,29,69,152,55,48,143,59,58,17,61,42,47,44,8,207,60,45,35,88,217,
109,225,201,177,119,50,136,229,238,111,157,30,151,24,162,35,206,125,214,87,215,88,211,84,191,223,114,5,168,59,126,17,198,71,153,26,44,188,61,185,58,124,15,27,154,18,127,0,143,16,45,57,159,32,62,113,4,131,194,199,72,218,91,112,3,221,40,116,7,19,146,49,81,99,2,10,107,14,123,75,21,25,152,122,13,140,55,63,160,33,51,31,65,82,103,212,193,200,80,20,23,163,54,74,93,101,29,28,48,12,42,92,9,69,11,6,205,8,39,60,1,47,236,
105,207,211,214,159,154,123,14,127,18,161,56,192,114,232,5,11,193,84,99,112,3,9,15,70,94,191,82,88,109,0,217,6,12,136,27,33,39,50,119,10,16,125,7,116,23,28,146,49,152,57,160,51,25,122,13,19,87,4,113,107,101,93,209,81,40,143,20,26,111,2,8,103,206,91,194,201,92,80,177,74,163,54,60,24,30,140,31,65,32,21,75,72,63,71,1,62,29,69,55,48,59,58,17,61,42,47,44,45,35,215,
134,41,139,206,217,193,127,19,89,90,114,99,194,192,161,56,105,112,3,15,70,94,191,82,109,0,12,136,27,39,50,119,237,10,7,116,23,125,16,28,146,49,57,25,122,13,87,4,113,101,93,18,107,209,33,81,40,123,14,5,232,26,111,2,103,6,20,91,201,92,80,177,163,54,74,24,30,9,140,31,51,160,65,32,21,75,72,63,71,11,84,1,62,29,69,152,55,48,143,59,58,17,61,42,47,44,8,207,60,45,35,88,
Future sets, 
60,39,106,34,47,127,157,14,37,52,118,64,2,213,151,79,51,38,249,35,246,18,229,10,221,21,232,36,247,43,46,66,147,73,20,231,9,220,8,219,201,26,237,25,236,218,24,235,217,41,234,23,144,149,120,104,76,141,142,95,138,110,132,165,27,238,96,216,92,170,28,239,101,17,228,210,153,162,13,224,206,180,130,167,115,84,54,48,241,30,215,4,45,212,88,122,69,44,211,74,185,146,116,159,62,154,93,107,58,225,32,243,59,226,33,244,168,55,248,222,29,240,42,209,16,227,31,242,198,128,135,155,196,166,123,163,188,112,56,82,111,81,65,202,199,169,200,160,156,83,208,80,50,207,40,233,70,91,193,223,113,103,140,230,152,205,68,78,245,75,49,177,194,57,85,109,191,94,214,105,102,97,143,98,125,117,89,139,121,119,175,136,187,195,172,176,186,174,179,197,90,183,203,192,173,161,133,171,100,178,204,189,164,184,182,148,150,158,145,181,190,134,
61,72,12,46,147,66,21,5,216,131,35,246,47,151,51,127,157,14,225,39,60,63,114,11,222,8,219,201,26,237,25,236,218,24,235,217,41,234,23,144,149,120,104,76,141,142,95,138,110,132,165,27,238,220,96,92,170,28,239,221,10,101,17,228,210,153,162,13,224,206,180,130,167,115,84,54,247,48,241,30,215,45,212,88,122,69,44,211,74,185,146,116,159,62,229,154,93,107,58,32,243,59,226,33,244,168,55,248,29,240,42,209,16,227,31,242,198,128,135,155,196,166,123,163,188,112,249,56,82,111,81,65,232,202,199,169,200,160,156,83,208,80,50,207,40,233,70,91,193,223,113,103,140,230,152,205,68,78,245,75,49,177,194,57,85,109,191,94,231,214,105,102,97,143,98,125,117,89,139,121,119,175,136,187,195,172,176,186,174,179,197,90,183,203,192,173,161,133,171,100,178,204,189,164,184,182,148,150,158,213,145,181,190,134,
151,79,51,38,35,18,10,21,36,43,46,66,147,73,20,9,8,201,26,219,25,218,24,217,41,234,144,149,120,104,76,141,142,95,138,110,132,165,27,220,96,23,216,92,170,28,221,101,17,210,153,162,13,206,180,130,167,115,84,54,247,48,241,215,45,238,212,88,122,69,236,44,237,211,74,185,146,116,159,62,229,154,93,107,58,225,32,59,226,33,168,55,248,222,29,42,235,209,16,31,224,198,128,135,155,196,166,123,163,188,112,249,56,82,111,81,65,232,202,199,169,200,160,156,83,208,80,50,243,207,40,233,70,91,228,193,223,30,113,240,103,140,230,152,205,68,78,245,75,242,49,177,194,57,85,109,246,191,94,231,214,105,102,239,97,143,98,125,117,244,89,139,121,119,175,136,187,195,172,176,186,174,179,197,90,227,183,203,192,173,161,133,171,100,178,204,189,164,184,182,148,150,158,213,145,181,190,134,
138,26,41,144,149,120,104,76,141,142,25,115,167,130,13,61,131,72,11,204,114,63,60,39,232,155,30,223,31,224,83,33,226,32,225,29,222,135,128,16,209,14,207,181,156,157,127,51,244,218,151,47,240,214,35,228,202,17,210,184,101,49,242,216,56,249,68,235,42,78,245,100,174,169,172,50,243,217,24,175,117,28,221,195,177,183,180,179,176,97,246,153,162,170,92,241,48,74,98,247,54,80,148,85,234,102,121,70,237,44,219,57,206,84,233,40,203,89,238,45,173,150,90,239,166,215,197,212,194,88,122,69,236,191,105,65,208,59,81,248,55,230,192,94,182,164,168,186,133,75,93,158,190,229,62,58,189,211,185,161,107,220,154,171,193,109,91,103,119,113,200,139,125,134,116,145,187,123,159,111,196,136,112,146,82,140,231,227,160,213,178,163,188,199,198,205,12,152,143,201,
64,118,52,69,122,88,45,154,58,168,55,42,38,79,37,18,9,188,159,74,107,62,241,59,238,93,116,146,185,48,227,31,210,30,209,199,20,57,236,198,33,212,32,211,65,244,111,112,163,123,29,208,200,21,25,204,26,205,23,202,103,113,91,140,82,75,152,169,81,230,160,193,80,229,50,96,245,66,73,222,43,147,215,36,46,225,195,192,27,206,176,164,165,132,110,247,68,98,138,95,232,83,49,228,186,128,142,156,155,167,135,115,130,141,76,213,220,41,104,120,149,144,40,219,189,177,194,85,234,191,221,214,105,242,102,239,90,97,246,218,109,223,143,201,78,89,125,117,226,139,248,119,175,136,217,187,172,174,179,70,249,207,180,183,94,243,231,203,121,173,161,133,171,235,56,100,237,178,190,184,182,148,224,233,196,150,197,158,240,166,216,145,181,134,
131,35,47,151,51,127,157,14,39,60,63,114,11,8,201,26,219,25,218,24,217,41,234,144,149,120,104,76,141,142,95,138,110,132,165,27,220,96,23,216,92,170,28,221,101,17,210,153,162,13,206,180,130,167,115,84,54,247,48,241,215,45,238,212,88,122,69,236,44,237,211,74,185,146,116,159,62,229,154,93,107,58,225,32,59,226,33,168,55,248,222,29,42,235,209,16,31,224,198,128,135,155,196,166,123,163,188,112,249,56,82,111,81,65,232,202,199,169,200,160,156,83,208,80,50,243,207,40,233,70,91,228,193,223,30,113,240,103,140,230,152,205,68,78,245,75,242,49,177,194,57,85,109,246,191,94,231,214,105,102,239,97,143,98,125,117,244,89,139,121,119,175,136,187,195,172,176,186,174,179,197,90,227,183,203,192,173,161,133,171,100,178,204,189,164,184,182,148,150,158,213,145,181,190,134,
93,129,77,67,108,53,31,30,199,57,198,33,32,65,111,112,188,163,123,29,200,25,26,23,205,103,113,91,140,82,75,152,21,20,49,27,80,193,160,81,15,164,137,41,190,243,94,134,241,246,97,226,56,234,85,145,216,203,240,98,247,239,90,78,227,237,249,100,70,219,222,73,133,89,238,231,217,68,245,96,209,248,207,242,232,83,161,244,95,105,192,43,109,119,229,50,177,136,228,79,139,125,215,66,225,76,201,52,143,223,218,212,206,211,214,221,191,236,194,40,189,38,187,118,167,18,120,179,156,36,175,117,176,132,169,110,130,147,141,220,104,183,34,144,174,115,172,197,138,180,155,135,210,173,46,195,181,149,208,166,142,202,148,150,165,106,233,171,186,37,128,64,213,182,178,224,102,235,184,204,230,158,121,196,
71,87,124,99,126,101,217,244,223,201,143,235,152,205,198,199,188,163,178,213,160,231,140,82,249,146,112,136,196,111,159,123,187,145,116,134,125,139,200,113,119,103,240,91,109,193,171,154,220,107,210,161,185,184,35,202,44,211,189,225,58,207,62,229,190,158,93,75,242,133,186,168,164,182,204,222,55,243,94,192,248,81,226,59,208,65,232,105,181,209,42,236,69,122,88,194,212,45,197,215,48,166,90,150,238,89,203,221,54,233,84,224,57,219,237,70,121,102,234,85,148,80,247,98,74,241,92,170,162,153,246,97,176,180,183,177,195,28,169,174,173,191,24,206,39,127,157,227,60,214,47,151,218,51,216,49,245,78,228,61,131,114,230,63,239,72,100,172,175,179,12,14,156,17,56,68,50,117,40,16,128,135,29,32,33,83,31,19,
26,25,24,41,144,149,120,104,76,141,142,95,138,110,132,165,27,96,23,92,170,28,101,17,153,162,13,180,130,167,115,84,54,221,48,215,45,212,88,122,69,236,44,211,74,241,185,146,116,159,62,229,154,93,107,58,225,59,226,168,55,222,42,209,31,198,128,135,155,29,196,166,123,163,188,112,249,82,111,248,81,65,232,202,32,199,169,33,200,160,156,83,220,210,218,208,80,247,217,50,207,40,70,237,219,91,228,193,56,223,113,240,103,140,230,152,205,68,235,78,245,75,242,177,194,57,224,85,109,246,191,94,231,214,105,102,239,206,97,234,143,201,98,238,125,117,244,89,139,121,119,175,136,187,195,172,176,49,216,186,174,179,197,30,90,227,183,16,203,192,173,161,133,171,100,178,204,189,164,184,182,148,233,150,158,213,145,181,190,134,243,
159,74,107,62,59,93,116,146,185,48,31,30,199,57,198,33,32,65,111,112,188,163,123,29,200,25,26,23,205,103,113,91,140,82,75,152,20,169,81,230,160,193,80,229,96,245,73,222,147,66,215,46,195,43,192,27,176,164,165,132,110,247,98,138,95,244,232,83,49,186,128,142,156,155,167,135,115,130,141,76,225,213,220,104,241,120,149,144,40,189,177,194,85,234,236,191,221,214,105,242,211,102,239,90,206,97,246,212,218,109,223,143,201,78,227,238,89,125,117,226,139,248,228,119,175,136,68,217,50,187,208,172,174,179,70,219,207,180,183,94,243,231,203,121,210,173,36,161,133,171,235,209,100,249,237,178,41,190,204,184,182,148,224,233,196,202,150,197,158,240,166,216,145,56,181,134,21,
48,69,122,88,45,74,185,146,116,159,62,154,93,107,58,59,168,55,42,31,30,199,57,198,33,32,65,111,112,188,163,123,29,200,21,152,75,224,66,215,147,46,195,82,231,140,91,240,113,103,205,56,23,172,160,96,245,233,81,230,218,193,27,176,164,165,132,110,247,98,138,95,244,232,83,49,186,128,142,156,155,167,135,115,130,141,76,225,213,220,104,241,120,149,144,40,189,177,194,85,234,222,236,191,221,214,105,242,211,102,239,90,206,97,246,212,109,223,143,201,78,227,238,89,125,117,226,139,248,228,119,175,26,136,68,217,50,187,229,80,208,169,174,25,179,70,219,207,180,183,94,243,203,121,210,192,173,161,133,171,235,209,100,249,237,178,41,190,204,184,182,148,196,202,150,197,158,166,216,145,181,134,
114,63,60,39,155,30,31,83,33,32,29,135,128,16,14,181,156,157,127,51,218,151,47,214,35,202,17,184,101,49,216,56,223,68,235,78,245,100,174,169,172,50,217,175,117,28,195,177,183,180,179,176,97,246,153,162,170,92,241,74,98,247,80,148,85,234,102,121,70,237,219,57,224,206,84,233,54,221,203,89,238,173,150,90,239,166,48,215,197,45,212,194,88,122,69,236,42,209,191,24,105,232,65,208,59,226,81,248,230,192,94,243,55,222,204,182,164,168,186,133,242,75,93,158,190,229,62,207,40,58,225,189,211,44,185,161,210,107,220,154,171,193,109,91,240,103,119,228,113,200,139,125,134,116,145,187,123,159,111,196,136,112,146,249,82,140,231,227,160,213,178,163,188,199,198,205,152,143,201,244,
175,172,100,72,63,114,131,61,78,49,51,151,47,60,157,127,39,24,173,174,169,28,177,183,180,179,176,97,246,153,162,170,92,241,98,247,148,85,234,102,121,70,219,57,206,84,233,54,203,89,238,150,90,239,166,48,197,45,194,88,237,122,69,218,42,191,181,105,232,208,59,81,230,65,214,192,94,243,221,55,204,182,164,168,186,133,242,93,158,190,80,229,207,58,189,62,211,75,224,202,184,35,185,161,210,107,216,220,154,171,44,193,109,236,91,240,212,103,119,228,222,113,200,139,248,195,125,134,116,145,187,123,159,111,196,136,245,112,215,225,146,249,140,82,231,209,227,160,213,178,226,163,188,199,198,205,152,235,143,201,74,223,244,217,101,
130,167,115,84,54,48,45,88,122,69,44,74,185,146,116,159,62,154,93,107,58,59,168,55,42,31,128,135,155,29,166,123,163,188,112,249,111,248,65,202,32,169,33,160,200,198,156,83,220,210,81,218,208,80,217,207,70,82,219,209,91,228,193,56,113,240,103,140,230,152,205,68,78,215,75,212,40,177,194,57,85,222,236,109,246,191,221,94,231,214,105,242,232,211,102,239,229,206,97,234,224,223,143,201,225,98,235,238,125,117,244,226,89,139,121,119,175,136,245,50,187,195,172,176,49,186,174,179,197,90,227,180,183,203,192,173,161,133,171,100,237,216,178,204,189,164,184,182,148,233,196,150,247,158,213,145,181,190,241,134,243,199,30,
156,157,127,51,151,47,35,17,184,101,49,216,56,223,68,235,78,245,100,174,169,172,50,217,175,117,28,195,177,183,180,179,176,97,246,153,162,170,92,241,74,98,247,80,148,85,234,102,121,70,237,219,57,224,206,84,233,54,221,203,89,238,173,150,90,239,166,48,215,197,45,212,194,88,122,69,236,218,42,209,191,24,181,105,232,65,208,59,226,81,248,230,214,192,94,243,55,222,204,182,164,168,186,133,242,75,93,158,190,229,62,207,40,58,225,189,211,44,202,185,161,210,107,220,154,171,193,109,91,240,103,119,228,113,200,139,125,134,116,145,187,123,159,111,196,136,112,146,249,82,140,231,227,160,213,178,163,188,199,198,205,152,143,201,244,
137,41,243,134,241,246,226,190,56,234,145,216,203,240,98,247,239,78,237,249,70,222,133,89,231,217,245,209,248,207,242,232,161,244,105,192,94,90,85,109,119,229,50,177,136,228,139,125,238,215,225,201,143,223,218,212,206,211,214,221,191,236,194,40,38,66,118,167,120,179,52,100,227,156,36,95,175,117,176,132,73,169,110,130,189,147,141,220,104,183,144,174,115,172,79,197,138,180,96,155,135,76,210,83,173,46,181,149,208,166,142,202,148,150,165,106,233,171,186,128,187,64,182,34,178,164,37,224,97,102,235,219,184,43,204,230,68,195,158,213,121,196,
162,153,84,54,48,45,88,122,69,44,74,185,146,116,159,62,154,93,107,58,59,168,55,42,128,135,29,166,123,163,188,112,249,111,248,65,202,32,169,33,160,200,198,156,83,220,210,81,218,208,80,217,207,70,82,219,209,91,228,193,56,113,240,103,140,230,152,205,68,78,215,75,212,40,177,194,57,85,222,236,109,246,191,221,94,231,214,105,242,232,211,102,239,229,206,97,234,224,223,143,201,225,98,235,238,125,117,244,226,89,139,121,119,175,136,245,50,187,195,172,176,49,186,174,179,197,90,227,180,183,203,192,173,161,133,171,100,237,216,178,204,189,164,184,182,148,233,196,150,247,158,213,145,181,190,241,134,243,199,31,
101,49,56,68,78,100,174,169,172,50,175,117,28,177,183,180,179,176,97,246,153,162,170,92,241,98,247,148,85,234,102,121,70,219,57,206,84,233,54,203,89,238,173,150,90,239,166,48,197,45,194,88,237,122,69,218,42,191,181,105,232,208,59,81,230,65,214,192,94,243,221,55,204,182,164,168,186,133,242,93,158,190,80,229,207,58,189,40,62,211,75,224,202,184,185,161,210,107,216,220,154,171,44,193,109,236,91,240,212,103,119,228,222,113,200,139,248,195,125,134,116,145,187,123,159,111,196,136,245,112,215,225,146,249,140,82,231,209,227,160,213,178,226,163,188,199,198,205,152,235,143,201,74,223,244,217,
81,160,193,80,96,73,147,66,46,43,27,164,165,132,110,247,138,95,232,49,186,128,142,156,155,167,135,115,130,141,76,213,83,220,104,241,120,149,144,40,177,194,85,222,236,191,221,214,105,242,211,102,239,206,97,234,212,218,109,246,223,143,201,225,215,78,238,125,117,226,89,139,248,228,119,175,136,245,68,50,187,229,208,172,176,169,174,179,70,207,90,227,180,183,94,231,203,121,230,210,192,244,173,36,161,133,171,98,235,209,100,237,217,178,41,204,189,184,249,182,219,148,224,233,196,202,150,197,195,158,240,166,216,145,56,181,190,134,243,
176,126,99,124,87,72,71,98,148,85,102,121,70,63,114,131,61,57,89,173,150,90,166,48,45,44,65,181,197,42,51,151,47,60,157,127,35,162,208,81,105,232,101,228,153,170,92,219,94,221,59,186,62,189,202,75,210,58,185,80,207,158,133,54,171,109,236,212,88,215,191,84,211,187,119,246,222,91,218,194,139,242,164,195,125,134,237,182,55,145,248,152,235,154,168,122,249,225,205,159,238,111,184,196,69,93,220,113,240,216,204,136,239,112,116,243,199,192,146,229,82,209,227,160,140,213,178,245,123,226,206,103,230,190,107,234,214,163,143,188,200,223,198,161,244,224,203,233,231,193,201,74,177,247,241,217,39,
81,160,193,80,96,73,147,66,46,43,27,164,165,132,110,247,138,95,232,49,186,128,142,156,155,167,135,115,130,141,76,213,83,220,104,241,120,149,144,40,177,194,85,222,236,191,221,214,105,242,211,102,239,206,97,234,212,218,109,246,223,143,201,225,215,78,238,125,117,226,89,139,248,228,119,175,136,245,68,50,187,229,208,172,176,169,174,179,70,207,90,227,180,183,94,231,203,121,230,210,192,244,173,36,161,133,171,98,235,209,100,237,217,178,41,204,189,184,249,182,219,148,224,233,196,202,150,197,195,158,240,166,216,145,56,181,190,134,243,
152,75,66,147,46,82,140,91,113,103,205,23,160,96,233,81,218,193,56,27,164,165,132,110,247,138,95,232,49,186,128,142,156,155,167,135,115,130,141,76,213,83,220,104,241,120,149,144,40,177,194,85,222,236,191,221,214,105,242,211,102,239,206,97,234,212,109,246,223,143,201,225,215,78,238,125,117,226,89,139,248,228,119,175,136,245,68,50,187,229,208,172,176,169,174,179,70,207,90,227,180,183,94,231,203,121,230,210,192,244,173,161,133,171,98,235,209,100,237,217,80,178,41,204,189,184,249,182,219,148,224,196,202,150,197,195,158,240,166,216,145,181,190,134,243,26,
145,203,239,133,240,216,228,98,86,78,129,77,67,108,137,53,38,66,118,167,120,179,52,100,227,156,36,95,175,117,176,132,73,169,110,130,189,147,141,220,104,183,144,174,115,172,79,197,138,180,96,155,135,76,210,83,173,46,181,149,208,166,142,202,148,150,165,106,233,171,186,128,187,64,182,34,178,164,37,224,97,102,235,219,184,43,204,230,68,195,158,213,121,196,
96,81,160,193,27,164,165,132,110,247,138,95,232,49,186,128,142,156,155,167,135,115,130,141,76,213,83,220,104,241,120,149,144,40,177,194,85,222,236,191,221,214,105,242,211,102,239,206,97,234,212,218,109,246,223,143,201,225,215,78,238,125,117,226,89,139,248,228,119,175,136,245,68,50,187,229,208,172,176,169,174,179,70,207,90,227,180,183,94,231,203,121,230,210,192,244,173,161,133,171,98,235,209,100,237,217,80,178,41,204,189,184,249,182,219,148,224,233,196,202,150,197,195,158,240,166,216,145,56,181,190,134,243,
174,169,28,177,183,180,179,176,97,246,153,162,170,92,241,98,247,148,85,234,102,121,70,219,57,206,84,233,54,203,89,238,173,150,90,239,166,48,197,45,194,88,237,122,69,218,42,191,181,105,232,208,59,81,230,65,214,192,94,243,221,55,204,182,164,168,186,133,242,93,158,190,80,229,207,58,189,62,211,75,224,202,184,185,161,210,107,216,220,154,171,44,193,109,236,91,240,212,103,119,228,222,113,200,139,248,195,125,134,116,145,187,123,159,111,196,136,245,112,215,225,146,249,140,82,231,209,227,160,213,178,226,163,188,199,198,205,152,235,143,201,74,223,244,217,101,
200,81,80,160,82,91,193,113,140,103,152,205,75,49,128,142,156,155,167,135,115,130,141,76,83,104,120,149,144,40,194,85,236,191,221,214,105,211,102,206,97,212,218,109,223,143,201,225,215,238,125,234,117,226,139,248,228,119,175,136,245,177,68,50,229,208,172,176,169,174,179,70,90,180,183,94,203,121,230,210,192,244,173,161,232,242,133,171,207,98,209,100,217,231,89,178,186,222,204,189,164,184,249,182,219,148,237,224,233,196,202,220,227,78,187,150,41,239,197,195,247,158,240,213,166,216,145,235,56,181,190,246,241,134,243,
205,103,113,91,140,82,81,160,193,80,49,128,142,156,155,167,135,115,130,141,76,83,104,120,149,144,40,194,85,236,191,221,214,105,211,102,206,97,212,218,109,223,143,201,225,215,238,125,234,117,226,139,248,228,119,175,136,245,177,68,50,229,208,172,176,169,174,179,70,90,180,183,94,203,121,230,210,192,244,173,161,232,242,133,171,207,98,209,100,217,231,89,178,186,222,204,189,164,184,249,182,219,148,237,224,233,196,202,220,227,78,187,150,41,239,197,195,247,158,240,213,166,216,145,235,56,181,190,246,241,134,243,
165,132,110,138,95,49,128,142,156,155,167,135,115,130,141,76,83,104,120,149,144,40,194,85,236,191,221,214,105,211,102,206,97,212,218,109,223,143,201,225,215,238,125,234,117,226,139,248,228,119,175,136,245,177,68,50,229,208,172,176,169,174,179,70,90,180,183,94,203,121,230,210,192,244,173,161,232,242,133,171,207,98,209,100,217,231,89,178,186,222,204,189,164,184,249,182,219,148,237,224,233,196,202,220,227,78,187,150,41,239,197,195,247,158,240,213,166,216,145,235,56,181,190,246,241,134,243,
183,180,179,176,97,153,162,170,92,98,148,85,102,121,70,57,84,54,89,173,150,90,166,48,45,88,122,69,42,197,181,105,232,208,81,65,192,94,221,55,182,164,168,59,186,133,242,158,190,80,207,189,62,75,202,184,58,185,161,210,107,234,216,93,220,154,171,44,109,236,218,91,212,103,230,206,119,246,228,222,113,240,200,194,139,248,195,125,134,243,116,237,145,187,123,159,238,111,196,204,136,245,239,112,215,225,219,146,249,140,82,209,191,227,160,213,178,226,214,163,188,229,199,198,205,224,203,233,152,231,235,193,143,201,74,177,244,223,211,247,241,217,
123,163,188,112,111,65,32,33,160,200,198,156,83,210,81,208,80,207,82,209,91,218,193,113,240,140,103,230,152,205,78,75,202,40,194,85,212,236,109,191,221,94,214,105,232,211,102,229,206,97,224,223,143,201,225,98,215,238,125,234,117,244,226,139,248,121,228,119,246,175,136,245,177,50,68,195,172,176,49,169,174,179,70,197,90,217,180,183,56,203,192,173,161,242,133,171,100,227,231,89,216,178,186,222,204,189,164,184,57,249,182,219,148,237,233,196,220,187,150,239,247,158,213,166,145,235,181,190,241,134,243,199,
155,135,33,160,200,198,156,83,210,81,208,80,207,82,209,91,218,193,113,240,140,103,230,152,205,78,75,202,40,194,85,212,236,109,191,221,94,214,105,232,211,102,229,206,97,224,223,143,201,225,98,215,238,125,234,117,244,226,139,248,121,228,119,246,175,136,245,177,50,68,195,172,176,49,169,174,179,70,197,90,217,180,183,56,203,192,173,161,242,133,171,100,227,231,89,216,178,186,222,204,189,164,184,249,182,219,148,237,233,196,220,187,150,239,247,158,213,166,145,235,181,190,241,134,243,128,
135,128,32,33,160,200,198,156,83,210,81,208,80,207,82,209,91,218,193,113,240,140,103,230,152,205,78,75,202,40,194,85,212,236,109,191,221,94,214,105,232,211,102,229,206,97,224,223,143,201,225,98,215,238,125,234,117,244,226,139,248,121,228,119,246,175,136,245,177,50,68,195,172,176,49,169,174,179,70,197,90,217,180,183,56,203,192,65,173,161,242,133,171,100,227,231,89,216,178,186,222,204,189,164,184,249,182,219,148,237,233,196,220,187,150,239,247,158,213,166,145,235,181,190,241,134,243,199,
33,160,200,198,156,83,210,81,208,80,207,82,209,91,218,193,113,240,140,103,230,152,205,78,75,202,40,194,85,212,236,109,191,221,94,214,105,232,211,102,229,206,97,224,223,143,201,225,98,215,238,125,234,117,244,226,139,248,121,228,119,246,175,136,245,177,50,68,195,172,176,49,169,174,179,70,197,90,217,180,183,56,203,192,173,161,242,133,171,100,227,231,89,216,178,186,222,204,189,164,184,249,182,219,148,237,233,196,220,187,150,239,247,158,213,166,145,235,181,190,241,134,243,199,
200,198,156,83,81,80,160,82,91,193,113,140,103,152,205,75,40,194,85,236,191,221,214,105,211,102,206,97,212,218,109,223,143,201,225,215,238,125,234,117,226,139,248,228,119,175,136,245,177,68,50,229,208,172,176,169,174,179,70,90,180,183,94,203,121,230,210,192,244,173,161,232,242,133,171,207,98,209,100,217,231,89,178,186,222,204,189,164,184,249,182,219,148,237,224,233,196,202,220,227,78,187,150,239,197,195,247,158,49,240,213,166,216,145,235,56,181,190,246,241,134,243,
182,187,186,171,106,150,148,202,83,166,208,181,173,210,52,76,155,180,64,138,172,135,115,144,183,104,220,141,165,128,147,189,110,73,176,117,175,96,169,174,95,132,156,142,100,179,130,167,149,120,118,197,79,66,
208,105,101,153,162,170,92,94,59,62,202,210,58,75,80,81,158,133,54,171,109,212,88,191,84,187,119,222,91,194,139,242,164,195,189,125,228,134,237,182,145,248,186,152,235,154,168,122,225,205,232,159,238,184,196,93,113,216,204,136,239,219,116,215,112,199,192,146,249,229,185,82,227,160,243,140,213,220,178,245,123,226,206,103,190,107,111,214,163,246,143,230,188,200,223,207,198,161,244,240,224,203,233,231,234,193,201,218,177,74,69,236,211,221,209,247,241,217,55,
178,164,224,97,102,235,219,184,233,43,220,204,230,171,68,195,187,128,158,213,95,186,182,121,180,150,148,202,210,83,142,166,208,149,181,46,173,66,147,189,130,110,169,73,132,165,227,100,179,120,197,138,167,175,96,155,76,135,144,115,174,156,141,183,104,172,176,117,196,
204,195,187,171,213,186,182,121,210,150,227,148,202,83,158,79,166,208,181,173,66,147,189,110,73,128,165,180,100,179,142,120,149,197,138,167,130,175,96,76,155,144,115,156,220,141,183,104,174,95,169,132,135,172,176,117,
196,117,176,172,104,183,141,156,174,115,144,135,76,155,96,175,167,138,197,120,179,100,165,132,73,169,110,130,189,147,66,173,181,149,208,166,142,83,202,148,227,150,210,180,121,182,186,95,213,158,128,187,195,171,230,204,220,43,
158,133,80,75,62,127,157,60,202,210,58,82,109,171,47,187,186,151,145,182,51,160,154,101,204,153,162,170,92,201,195,119,228,222,113,139,248,242,164,189,125,234,91,200,194,88,191,84,193,152,235,237,134,243,168,122,231,225,116,205,232,123,159,238,184,196,93,216,107,136,245,239,219,215,112,221,199,192,146,249,140,229,185,227,213,220,111,178,69,226,206,103,212,190,214,163,54,246,143,230,188,223,207,198,161,244,240,224,203,233,218,177,74,236,211,209,247,241,217,
194,236,191,221,214,211,206,212,218,223,143,201,225,215,238,125,117,139,228,175,136,177,50,229,119,208,109,172,176,169,174,85,179,90,180,183,94,121,210,192,105,102,244,173,161,232,242,171,207,248,209,245,217,231,89,178,186,97,230,133,222,204,189,100,164,184,70,249,182,219,148,237,224,233,196,202,220,227,78,150,239,197,195,68,247,158,98,187,240,203,213,166,216,145,234,235,56,181,190,226,246,241,134,243,
144,139,241,246,249,134,149,120,104,145,243,239,133,203,240,216,228,98,190,234,222,226,85,83,164,178,76,208,148,210,121,230,141,187,150,189,100,158,220,213,182,166,233,117,171,202,184,227,196,176,219,130,195,173,204,115,186,97,181,224,135,183,180,172,169,102,179,174,235,175,197,68,167,78,155,156,142,128,
197,181,105,208,65,94,55,164,168,59,133,242,158,81,190,80,189,75,184,58,161,210,107,216,202,93,154,171,62,109,218,212,103,206,119,228,222,113,91,200,194,139,248,195,125,234,134,243,237,182,145,186,187,232,123,159,238,196,204,136,245,239,215,112,221,116,225,219,192,146,249,140,185,82,191,227,160,213,220,111,178,226,214,163,230,188,229,199,207,198,240,205,224,203,233,152,231,235,193,246,143,201,177,74,244,236,223,211,209,247,241,217,
204,230,195,187,158,171,213,186,182,121,210,150,227,148,202,83,166,208,181,173,66,147,189,110,73,128,165,180,100,179,142,120,149,197,138,167,130,175,96,76,155,144,115,156,220,141,183,104,174,95,169,132,135,172,176,196,117,
217,241,247,211,223,244,177,74,201,143,193,235,231,152,233,203,224,205,198,199,229,188,163,214,226,178,213,160,227,191,209,82,140,146,192,219,225,112,239,245,136,204,111,238,159,123,187,145,237,116,243,134,125,195,248,139,194,200,240,113,222,228,246,119,206,230,103,212,91,218,236,109,171,154,220,93,216,234,107,210,161,185,58,184,202,75,62,189,207,80,190,158,242,133,186,59,168,164,182,55,221,94,196,69,249,122,215,88,232,105,81,208,45,
208,105,88,122,69,94,55,164,168,59,133,242,158,81,190,80,189,75,184,58,161,210,107,216,202,93,154,171,62,109,218,212,103,206,119,228,222,113,91,200,194,139,248,195,125,234,134,243,237,182,145,186,187,232,123,159,238,196,204,136,245,239,215,112,221,116,225,219,192,146,249,140,185,82,191,227,160,213,220,111,178,226,214,163,230,188,229,199,207,198,240,205,224,203,233,152,231,235,193,246,143,201,177,74,244,236,223,211,209,247,241,217,
204,174,115,233,180,121,176,117,128,187,142,183,169,110,135,76,172,156,175,155,96,167,130,189,141,166,179,120,208,149,197,138,181,173,202,148,150,83,210,95,213,144,132,165,104,182,186,171,230,158,220,147,184,100,227,196,219,195,
187,186,151,145,182,51,154,101,204,153,162,170,92,195,119,222,139,242,164,189,125,228,91,194,88,191,84,152,235,237,134,168,122,225,205,232,159,238,184,196,93,113,216,136,239,219,116,215,112,199,192,146,249,229,185,227,160,243,140,213,220,178,245,123,226,206,103,190,107,111,214,163,246,143,230,188,200,223,207,198,161,244,240,224,203,233,231,234,193,201,248,212,218,177,74,69,236,211,221,209,247,241,217,
166,185,146,116,111,112,188,163,123,93,90,181,197,150,173,65,200,103,199,198,208,105,202,94,191,133,230,158,241,210,113,119,216,205,152,249,235,171,161,244,240,143,187,186,89,145,242,228,224,182,134,231,217,213,140,237,223,219,136,233,225,215,203,125,222,204,192,109,206,196,189,195,164,243,160,184,139,236,218,193,220,91,81,178,248,82,227,239,245,194,190,212,211,201,238,214,221,177,80,246,247,75,229,226,232,207,209,234,
194,236,191,221,214,211,206,212,218,223,143,201,136,225,215,125,177,229,119,109,176,169,174,179,180,183,121,192,105,102,244,173,161,232,242,171,207,248,209,245,217,231,238,89,186,230,133,204,189,235,164,184,178,249,182,70,219,148,224,233,196,202,210,139,220,227,78,208,150,197,195,247,98,240,158,203,213,166,237,216,145,181,228,90,239,190,187,85,234,222,226,97,246,241,134,243,94,
175,136,177,229,119,109,172,176,169,174,179,180,183,121,192,105,102,244,173,161,232,242,171,207,248,209,245,217,231,89,186,230,133,204,189,235,164,184,178,100,249,182,70,219,148,224,233,196,202,210,139,220,227,78,208,150,197,195,247,98,240,158,203,213,166,237,216,145,181,228,90,239,190,187,85,234,222,226,97,246,241,134,243,94,
101,153,162,170,92,119,139,164,195,189,125,91,88,84,152,235,154,237,168,122,205,232,159,242,238,184,196,113,204,136,219,215,116,199,192,146,229,225,185,227,160,243,239,213,220,178,245,123,206,190,107,111,194,163,246,93,230,188,200,140,223,207,198,161,244,240,228,224,203,233,231,234,216,193,249,112,191,201,248,226,143,222,212,218,177,69,236,211,221,214,209,247,74,241,217,103,
118,183,180,64,172,174,115,144,104,165,147,128,175,176,117,135,96,155,169,110,156,142,95,141,130,167,149,179,120,132,73,197,138,79,
183,180,137,64,172,174,115,144,104,147,118,128,175,135,165,106,96,155,169,110,156,142,95,141,130,108,167,149,179,120,132,73,138,79,
171,109,88,84,119,91,139,164,195,189,125,134,182,145,186,187,152,235,154,237,168,122,205,232,159,242,238,184,196,113,204,136,219,215,116,199,192,146,229,225,185,227,160,243,239,213,220,178,245,123,206,190,107,111,194,163,246,93,230,188,200,140,223,207,198,161,244,240,228,224,203,233,231,234,216,193,82,249,112,191,201,248,226,143,222,212,218,177,69,236,211,221,214,209,247,74,241,217,103,
168,133,158,81,80,75,58,161,210,107,202,154,171,109,212,103,206,119,222,91,194,139,242,164,195,189,125,228,134,237,182,145,248,186,187,232,159,238,184,196,93,204,136,239,215,112,116,219,113,216,192,146,249,225,185,82,227,160,213,220,178,245,123,226,190,111,214,163,230,188,229,200,199,140,243,207,198,240,205,224,203,233,152,231,234,235,193,191,246,143,201,218,177,74,244,236,223,211,221,209,247,241,217,62,
245,192,232,242,161,207,248,105,90,237,134,241,139,246,249,208,148,210,121,230,187,98,150,239,189,100,158,220,213,182,166,233,78,117,171,202,184,227,196,176,219,195,173,204,186,97,181,224,183,180,172,169,102,179,174,85,235,175,197,68,178,89,164,226,222,133,234,145,190,228,216,240,203,243,
166,90,181,197,150,173,65,200,103,199,198,208,105,202,94,191,133,230,158,241,210,113,119,216,205,152,249,235,171,161,244,240,143,187,186,89,145,242,228,224,182,134,231,217,213,140,237,223,219,136,233,225,215,203,125,222,204,192,109,206,196,189,195,164,243,160,184,139,236,218,193,220,91,81,178,248,82,227,239,245,194,190,212,211,201,238,214,221,177,80,246,247,75,229,226,232,207,209,234,
210,202,154,171,109,103,119,91,139,164,195,189,125,134,182,145,186,187,232,159,238,184,196,204,136,215,116,113,192,146,225,185,227,160,239,213,220,178,245,123,190,111,163,242,93,230,188,229,200,199,140,219,207,198,161,240,228,205,224,203,233,152,231,234,235,216,193,82,249,112,191,246,201,248,226,222,143,212,218,177,107,244,236,223,211,221,214,243,209,247,206,74,241,194,237,217,
185,146,116,94,111,112,198,199,200,188,163,123,93,133,158,241,210,202,119,205,152,235,171,161,244,240,187,186,103,145,228,224,182,134,217,213,140,223,219,136,225,215,203,125,204,192,109,113,196,189,195,164,243,160,231,184,139,222,218,206,193,220,91,81,248,82,249,227,239,178,245,237,230,194,190,212,233,211,201,238,191,214,221,216,177,236,246,247,80,75,242,229,226,143,232,207,209,234,
184,196,204,136,151,157,127,113,143,219,161,178,227,220,213,230,93,153,162,170,116,218,203,154,84,221,159,226,168,235,233,185,177,123,190,241,244,107,224,188,247,198,199,140,207,200,163,222,225,88,205,146,234,216,193,240,112,249,122,192,239,201,111,248,242,228,160,212,236,223,191,101,238,232,215,214,243,209,231,211,152,206,194,237,92,229,246,217,245,
227,131,157,151,127,114,143,219,161,230,153,162,170,116,218,203,154,84,221,159,226,168,235,233,185,177,123,190,241,244,107,224,188,247,198,199,140,207,200,163,222,225,88,205,146,234,216,193,240,112,249,122,192,239,201,111,248,242,228,160,212,236,223,191,101,238,232,215,214,243,209,231,211,152,206,194,237,92,229,246,217,245,
116,146,185,107,111,112,198,199,200,188,163,123,241,210,202,119,205,152,235,171,161,244,240,187,186,103,145,228,224,182,134,217,213,140,223,219,136,225,215,203,125,204,192,109,113,196,189,195,164,247,243,160,231,184,139,222,218,206,193,220,91,248,82,249,227,239,178,245,237,230,194,190,212,233,211,201,238,191,214,221,216,177,236,246,75,242,229,226,143,232,207,209,234,93,
227,151,157,127,143,219,161,230,153,162,170,116,218,203,154,84,221,159,226,168,235,233,185,177,123,190,241,244,107,224,188,247,198,199,140,207,200,163,222,225,88,205,146,234,216,193,240,112,249,122,192,239,201,111,248,242,228,160,212,236,223,191,101,238,232,215,214,243,209,231,211,152,206,194,237,92,229,246,217,245,
174,172,115,104,165,96,147,128,175,135,132,155,110,156,142,95,141,130,144,138,149,73,167,120,79,
200,199,198,208,105,94,133,158,241,210,202,119,205,152,235,171,161,244,240,187,186,103,145,228,224,182,134,217,213,140,223,219,136,225,215,203,125,204,192,109,113,196,189,195,164,243,160,231,184,139,222,218,206,193,220,91,81,248,82,249,227,239,178,245,237,230,194,190,212,233,211,201,238,191,214,221,216,177,236,246,247,80,75,242,229,226,143,232,207,209,234,
147,128,183,180,179,120,149,197,138,167,142,96,155,144,174,115,156,130,141,95,169,110,132,165,104,135,175,176,117,172,
147,144,138,165,132,77,137,108,129,118,106,
175,235,174,179,102,169,172,180,183,97,224,100,204,173,195,219,196,227,202,171,117,184,176,121,197,233,166,182,213,220,158,189,186,181,150,187,210,148,230,208,
154,168,122,232,159,238,184,196,204,136,215,116,113,192,146,225,185,227,160,239,213,220,178,245,123,190,111,163,242,93,230,188,229,200,199,140,219,207,198,161,240,228,205,224,203,233,152,231,234,235,216,193,249,112,191,246,201,248,226,222,143,212,218,177,107,244,236,223,211,221,214,243,209,247,206,74,241,194,237,217,103,
121,105,102,161,242,207,232,248,192,209,245,217,231,244,89,186,230,133,189,235,184,178,204,182,85,219,224,233,164,196,243,202,227,210,220,173,171,208,150,197,148,195,98,158,203,240,213,166,216,181,228,145,239,190,187,90,234,222,226,249,246,139,241,134,237,94,
131,157,151,127,92,153,214,235,216,192,177,238,170,231,162,223,160,221,207,146,101,228,239,244,240,193,226,222,191,168,229,215,154,234,188,122,249,200,247,114,241,194,209,205,201,248,159,206,242,199,246,185,236,237,163,245,198,243,217,218,212,152,232,225,211,
131,157,151,127,92,153,214,235,216,192,177,238,170,231,162,223,160,221,207,146,101,228,239,244,240,193,226,222,191,168,229,215,154,234,188,122,249,200,247,114,241,194,209,205,201,248,159,206,242,199,246,185,236,237,163,245,198,243,217,218,212,152,232,225,211,
147,175,135,165,132,110,95,141,130,156,144,155,142,167,138,149,120,96,
159,184,196,204,136,116,113,146,185,227,160,213,220,178,245,123,190,163,93,230,188,229,200,199,140,207,198,161,228,205,224,203,233,219,152,234,235,216,193,192,249,112,246,239,201,111,248,242,226,222,212,218,177,107,244,236,223,191,238,232,211,221,215,225,214,243,209,231,247,206,241,194,237,240,143,217,
210,202,205,152,171,161,240,187,186,145,224,182,103,134,213,140,219,225,136,215,203,125,204,192,113,196,189,195,164,243,231,184,139,218,206,193,220,91,82,249,228,227,160,239,178,245,237,230,194,190,223,212,233,211,201,248,238,191,214,221,216,177,244,236,235,247,217,119,246,242,229,226,222,143,232,207,241,209,234,109,
173,181,197,208,166,141,130,167,155,175,156,172,135,169,115,183,117,142,179,128,176,180,174,
137,108,118,106,
183,180,179,174,178,235,164,97,224,204,173,195,169,102,219,196,227,202,171,184,176,121,197,233,166,182,213,220,158,189,186,181,150,187,210,148,230,208,
147,144,167,142,132,165,149,138,
210,202,193,194,160,236,191,221,214,211,206,212,223,143,201,225,215,238,177,229,218,109,247,244,217,164,209,187,240,186,239,171,224,192,136,245,139,248,195,232,207,237,184,242,189,145,227,196,249,246,134,243,190,222,161,216,125,234,203,178,231,226,241,204,235,182,220,233,213,230,219,228,119,
194,158,236,191,221,214,211,206,212,223,143,202,210,201,225,215,238,177,229,218,109,247,244,217,164,209,187,240,186,239,171,224,192,136,245,139,248,195,232,207,237,184,133,242,189,145,227,196,249,246,134,243,190,222,161,216,125,234,203,178,231,226,241,204,235,182,220,233,213,230,219,228,119,
187,186,145,182,134,140,225,136,203,125,192,196,189,204,195,164,231,184,139,206,193,213,220,161,91,228,227,160,178,245,237,230,194,190,249,219,223,218,212,233,211,201,248,238,191,214,215,221,216,224,177,244,236,235,247,113,217,119,246,242,229,239,243,226,222,232,207,241,209,143,103,240,234,
156,202,148,175,174,169,180,176,179,172,183,117,173,197,150,210,166,181,208,
203,154,159,168,225,233,185,244,123,241,224,190,188,247,198,199,140,200,163,222,205,146,107,234,235,216,193,240,249,122,192,239,201,248,242,228,226,207,160,212,218,177,236,223,191,238,232,221,215,214,243,209,231,211,152,206,194,237,229,246,217,245,
226,222,234,190,98,228,216,166,240,203,158,195,181,197,208,171,173,210,133,220,239,202,187,150,243,164,186,233,196,224,145,219,182,204,178,148,227,213,184,235,189,230,
137,129,
226,191,194,163,201,209,234,146,131,124,114,200,237,151,217,206,249,127,170,157,246,212,211,168,205,162,231,188,199,238,248,159,245,218,214,215,232,242,153,225,236,193,241,198,244,229,221,185,223,247,243,154,
154,159,168,203,225,233,185,244,123,241,224,190,122,249,188,247,198,199,140,200,163,222,205,146,107,234,235,216,193,240,192,239,201,248,242,228,226,207,160,212,218,177,236,223,191,238,232,221,215,214,116,243,209,231,211,152,206,194,237,229,246,217,245,
226,240,216,222,210,249,202,246,234,187,203,164,139,186,233,239,145,204,195,224,178,133,227,219,213,196,243,241,182,235,189,230,171,220,173,208,150,197,228,134,181,158,190,237,184,90,
237,158,181,197,208,173,150,134,171,230,189,235,182,241,184,243,213,219,196,227,178,224,195,204,145,233,186,164,203,187,246,202,239,210,220,133,249,190,222,228,216,234,240,226,139,
136,125,196,189,204,195,164,184,139,231,193,213,220,161,227,178,237,230,194,190,249,219,160,223,218,212,233,203,206,211,201,248,238,191,214,225,215,221,216,224,177,236,235,247,217,119,246,245,242,229,192,239,243,226,222,232,244,207,241,209,228,143,113,240,234,
235,216,192,177,170,162,153,160,207,228,239,122,240,193,226,222,191,238,168,215,234,188,229,200,247,241,194,209,205,201,154,248,159,206,242,199,246,236,237,163,245,198,146,243,217,223,231,218,221,212,152,249,232,185,244,214,225,211,
213,220,227,178,123,163,188,229,200,199,140,198,230,161,205,190,249,224,203,233,219,160,234,235,216,193,192,112,239,201,248,242,228,226,222,207,212,218,177,236,223,191,111,238,232,152,211,221,215,244,225,214,243,209,231,247,206,241,194,237,240,143,246,217,245,
244,231,217,245,209,192,248,232,207,237,242,161,158,134,171,230,189,235,182,241,184,243,213,219,196,227,178,224,195,204,145,233,186,164,203,187,246,202,239,210,220,133,249,190,222,228,216,234,240,226,139,
141,130,156,167,144,155,138,149,142,120,
110,132,155,149,138,141,130,144,167,165,142,
224,204,195,219,196,233,184,176,121,197,182,220,227,186,213,202,171,158,181,187,210,230,148,189,208,166,173,150,
228,216,166,158,240,181,197,208,173,133,220,210,239,202,187,203,164,186,233,145,204,195,224,178,227,196,219,213,184,182,235,189,230,171,150,
194,131,124,114,200,237,151,217,206,249,127,170,157,246,212,211,168,205,162,231,188,199,238,248,159,245,218,214,215,232,242,153,225,236,193,241,198,244,229,221,185,223,247,243,154,
183,180,176,172,169,179,202,148,181,210,166,208,174,197,173,150,
239,228,207,170,162,153,122,240,193,226,222,191,238,168,215,234,188,229,200,247,241,194,209,205,201,154,248,159,206,242,199,246,236,237,163,245,198,146,243,217,223,231,218,221,212,249,232,185,244,214,225,211,
235,224,204,219,230,196,227,150,197,173,220,208,189,210,187,181,158,195,148,171,202,166,213,233,186,182,184,
140,184,196,204,231,193,213,220,161,227,178,237,230,194,190,249,219,160,223,218,212,233,203,206,211,201,248,238,191,214,225,215,221,216,224,177,236,235,247,217,246,245,242,229,192,239,243,226,222,232,244,207,241,209,228,143,113,240,234,136,
130,142,120,149,115,135,156,141,175,172,155,167,
208,237,248,207,158,134,171,230,189,235,182,241,184,243,213,219,196,227,178,224,195,204,145,233,186,164,203,187,246,202,239,210,220,133,249,190,222,228,216,234,240,226,139,
118,
233,185,123,241,224,190,249,188,247,198,199,140,200,163,222,205,146,234,235,216,193,240,192,239,201,248,242,228,226,207,160,212,218,177,236,223,191,238,232,221,215,244,225,214,243,209,231,211,152,206,194,237,229,246,217,245,
137,
247,244,217,209,187,186,171,192,248,232,207,237,242,145,139,134,227,196,246,184,243,222,161,228,239,216,234,203,240,245,178,231,164,195,226,241,204,235,190,220,189,233,213,249,182,230,219,224,
155,144,149,138,141,167,142,
200,199,198,230,161,205,190,224,203,233,219,234,235,216,193,192,239,201,248,242,228,226,222,207,160,212,218,177,223,191,238,232,152,249,236,221,215,244,225,214,243,209,231,211,247,206,241,194,140,237,240,143,229,246,217,245,
188,198,199,200,163,205,190,224,203,233,219,234,235,216,193,192,239,201,248,242,228,226,222,207,160,212,218,177,223,191,238,232,152,249,236,221,215,244,225,214,243,209,231,211,247,206,241,194,140,237,240,143,229,246,217,245,
193,213,220,227,178,230,161,194,190,237,219,223,218,212,233,203,206,211,201,248,238,191,214,225,215,221,216,224,177,235,236,231,247,217,246,245,242,229,192,239,243,226,222,232,244,207,160,241,209,228,143,240,249,234,
243,237,217,206,127,246,212,211,248,231,242,205,238,159,218,214,215,232,153,151,188,225,199,157,236,241,162,249,170,244,229,200,221,185,223,198,245,168,247,154,193,
135,175,155,167,156,
233,203,245,217,246,229,237,194,206,152,211,231,209,243,214,225,244,215,221,232,238,191,223,236,177,218,212,160,207,226,228,242,248,201,239,192,240,193,216,235,234,205,222,163,200,140,199,198,247,188,249,190,224,241,123,
179,176,180,169,174,183,172,175,

209,229,217,247,244,177,192,248,232,207,237,242,139,249,246,184,243,222,239,216,234,203,240,245,178,231,164,195,226,241,204,235,220,189,233,196,227,213,230,219,224,190,228,161,
149,142,155,167,130,141,
182,186,213,202,171,148,158,181,187,210,189,166,208,220,197,173,150,
240,226,222,191,168,234,193,188,146,229,200,241,209,205,201,159,242,238,199,236,237,154,246,163,245,198,243,206,247,217,223,194,231,218,221,212,249,232,215,244,214,225,248,211,185,
224,190,188,198,199,200,163,205,234,235,216,193,240,192,239,201,248,242,228,226,222,207,160,212,218,177,223,191,238,232,236,221,215,244,225,214,243,209,231,211,247,206,241,194,140,237,229,246,249,152,217,245,
242,231,153,157,238,151,218,199,236,170,229,200,162,221,244,185,223,198,245,168,205,247,188,225,
238,215,225,136,222,204,247,161,196,239,213,227,184,209,244,201,229,245,217,231,220,177,219,248,242,230,233,190,226,178,237,249,241,243,246,203,207,232,234,240,235,192,224,216,228,
223,199,245,168,151,162,236,170,247,238,244,157,
246,249,232,211,157,242,231,159,218,214,248,215,212,153,238,151,199,236,170,229,200,162,221,244,185,223,198,245,168,205,247,188,225,154,
172,156,175,135,

167,155,
242,231,153,157,238,151,218,199,236,170,229,200,162,221,244,185,223,198,245,168,205,247,188,225,
165,
210,202,187,145,239,203,164,186,233,195,178,224,204,227,220,196,219,213,230,184,182,235,189,171,
249,246,243,222,228,239,216,234,203,240,164,195,178,241,204,190,227,220,233,196,213,230,182,219,235,184,224,226,189,
175,156,
204,196,213,227,209,244,229,245,217,247,231,220,161,219,248,242,230,233,226,178,237,190,249,241,184,243,246,207,203,232,234,240,235,177,224,216,239,228,222,192,


249,246,243,222,228,239,216,234,203,240,164,195,178,241,204,220,233,196,213,230,219,235,184,224,227,190,226,189,
235,216,193,192,201,242,239,228,226,222,240,207,248,212,218,177,223,191,232,249,236,234,221,215,244,225,214,160,243,238,209,231,211,247,206,241,237,229,246,217,245,194,
167,
167,
219,223,218,212,233,203,206,211,201,238,214,225,215,221,191,216,224,235,236,177,231,247,217,246,245,242,229,192,243,226,239,222,232,244,207,241,209,228,240,248,249,190,234,237,

239,203,164,195,178,204,227,220,233,196,213,230,182,219,235,184,224,189,
234,188,200,237,209,246,201,238,199,236,205,163,242,198,243,206,241,193,217,223,194,231,218,247,221,229,212,249,232,215,244,214,225,245,248,211,185,

173,210,166,181,208,197,

210,202,173,208,197,181,
236,170,247,238,244,162,
205,201,242,239,228,226,222,240,207,248,212,218,223,191,232,249,236,234,193,221,215,244,225,214,160,243,238,209,231,211,247,206,241,237,229,246,217,245,194,
229,221,185,244,238,236,223,247,200,198,245,199,168,205,188,225,
215,248,214,229,218,231,242,244,221,223,198,245,199,188,205,238,236,200,247,185,225,212,


170,236,247,238,
210,213,202,189,186,220,187,171,182,
218,212,215,248,242,229,231,214,244,221,223,198,245,199,188,211,205,238,236,200,247,185,225,
239,228,226,222,240,207,212,218,223,191,249,236,234,221,215,244,225,214,243,238,209,201,231,211,248,247,206,241,237,232,242,229,246,217,245,194,
242,230,233,226,237,249,241,243,246,207,203,232,219,248,190,234,240,235,224,216,239,228,222,192,
244,238,247,236,
209,201,200,199,205,198,243,237,241,193,217,246,223,194,236,218,247,221,206,229,212,249,232,215,244,214,231,225,242,238,245,248,211,
195,233,204,227,220,196,219,235,213,178,224,230,184,

208,197,181,

247,236,238,245,244,223,
174,

186,187,182,

208,197,181,



231,247,217,245,242,229,192,243,226,239,222,232,249,244,207,241,209,246,228,240,248,234,237,
233,227,220,230,219,235,213,224,


197,


233,227,220,196,213,230,219,
247,236,238,205,199,245,223,244,
187,

225,247,236,238,205,199,245,223,244,
220,
240,235,224,234,216,239,228,222,
236,234,221,215,225,214,238,201,231,211,248,244,247,206,243,241,237,249,232,242,229,209,246,245,217,
239,232,207,246,243,241,228,240,249,222,248,234,237,226,
217,223,236,218,221,206,246,229,212,249,232,215,214,231,247,225,242,238,245,248,211,244,
241,237,217,223,236,218,221,243,206,246,229,212,249,232,215,214,231,247,225,242,238,245,248,211,244,
220,213,
227,230,220,213,

205,238,247,236,225,245,223,244,
247,236,238,245,244,223,
225,205,238,247,236,245,223,244,221,
231,244,247,209,248,241,237,249,242,229,243,232,245,217,246,
210,
235,233,239,224,
227,220,213,
247,236,238,245,244,223,
246,249,214,231,247,225,238,245,232,229,242,248,244,215,
243,241,240,246,249,222,234,248,237,226,

241,237,248,249,242,243,232,245,246,217,

214,231,247,221,225,238,245,229,242,248,244,215,
242,231,218,229,236,225,247,223,245,238,221,244,
220,
244,247,225,245,229,231,242,238,248,215,
248,238,242,231,229,245,225,247,244,
239,228,
246,245,232,242,249,248,
229,236,223,221,238,245,225,247,244,


238,245,225,247,244,
234,
245,236,247,238,244,

247,245,244,
234,


247,245,244,

245,242,
249,248,



247,
249,246,
247,


243,








Past links sets, 


0,

0,
1,


2,5,
2,4,
1,2,
3,5,
1,3,7,
3,8,
0,7,11,
6,
7,8,11,
8,14,
2,4,6,
7,
6,9,
6,9,10,

8,21,
8,12,14,
3,10,9,8,6,
3,8,21,
20,18,23,
17,24,
6,16,13,10,9,
6,13,11,10,9,
6,16,13,10,9,
29,31,
30,32,
0,15,22,
2,12,14,19,
18,15,20,22,
4,15,22,
4,15,2,22,
0,11,12,19,
17,33,27,15,26,25,
15,25,26,27,
4,10,28,13,19,16,
36,38,
16,19,13,28,
10,4,44,
21,36,
14,39,
9,10,28,13,19,16,
12,17,33,27,26,25,
40,
2,47,
4,34,
6,22,
13,35,39,28,16,
42,35,45,
40,
28,19,29,
39,55,
9,42,35,45,
39,
12,19,
9,39,55,
11,12,19,
52,53,
31,48,42,57,
21,34,37,43,
6,22,
36,41,56,
45,51,54,
28,19,49,50,
19,
12,19,
37,43,64,
58,9,69,
25,21,65,62,59,33,
34,46,41,43,37,
67,
22,56,41,50,49,
2,37,64,
18,20,23,25,65,33,55,26,59,39,
18,20,23,25,65,26,59,55,33,
26,54,58,75,
33,34,46,41,43,37,
51,63,61,60,54,
41,56,70,
22,
19,
45,51,63,61,60,54,
48,56,57,70,
89,
51,82,
35,51,60,71,28,72,61,63,
6,74,48,59,62,60,
59,65,70,
27,46,66,73,
46,66,23,73,
28,68,78,
22,85,
19,
12,34,37,43,50,68,46,
24,35,51,60,71,17,72,61,63,
70,68,78,
69,82,
64,41,46,66,
35,70,65,45,56,
34,53,77,
62,74,84,88,
53,77,
49,50,54,81,75,80,58,
27,96,
29,61,63,93,
29,61,63,93,
60,74,91,103,
11,99,87,61,72,71,
13,76,104,
88,74,48,59,62,
52,83,68,76,66,
52,106,
49,81,91,80,50,
95,104,
97,37,70,46,43,
69,101,92,88,84,
29,93,107,116,
87,99,
40,81,91,80,49,
19,
60,63,14,114,
30,76,66,31,64,
67,86,
13,76,96,120,
99,87,61,72,5,71,
27,67,79,96,
81,90,98,39,105,94,
41,47,82,109,94,105,90,
115,73,128,
50,60,125,103,74,
15,86,108,
3,110,95,79,67,
41,90,119,109,94,105,
111,112,103,123,
76,110,120,
76,79,110,120,
40,49,80,113,112,111,81,
41,110,95,79,67,
47,82,109,133,
122,107,87,48,59,
46,79,73,67,66,
83,121,102,100,85,
79,110,120,
83,90,121,102,100,98,
2,131,126,127,47,124,
75,123,112,92,111,
16,92,131,101,127,124,
58,122,127,
30,110,115,130,
14,83,95,135,
124,127,126,131,
81,90,121,39,94,105,102,98,
74,122,127,
113,80,140,152,
94,109,136,56,111,119,113,
92,16,101,151,
112,123,146,
36,139,145,134,78,
132,
48,148,98,76,57,
115,130,141,142,
55,122,126,153,
24,117,100,78,53,
101,151,92,157,
34,109,133,158,
100,104,117,128,
76,148,150,
64,169,
12,117,50,135,
19,100,97,117,
143,140,92,136,119,
93,113,136,164,
28,117,100,78,53,
28,117,100,78,53,
42,166,173,
134,145,171,
28,117,100,78,53,
46,164,136,102,97,
146,153,154,159,
47,82,171,
186,
112,123,159,154,153,146,
34,158,139,145,134,
85,143,161,139,123,134,
87,122,143,160,
161,177,
80,113,163,152,140,114,
40,49,163,160,99,81,
37,43,164,102,97,46,
43,184,
52,66,181,
111,163,65,153,159,33,154,
32,65,111,188,163,185,126,
25,111,163,65,153,159,33,154,
125,163,191,
75,158,133,150,58,80,
116,134,145,143,84,161,139,
46,43,164,37,136,102,97,
26,200,152,185,198,188,
191,193,194,
101,105,160,192,
105,166,173,
94,109,177,201,
148,202,
191,193,159,194,
194,159,143,154,193,
158,204,196,195,178,
154,206,211,
125,214,
92,98,140,190,
193,194,209,
124,131,212,
161,143,178,184,
189,213,
200,211,218,
190,122,207,
199,205,168,218,
97,203,178,190,102,
188,198,215,221,
85,87,207,122,139,134,
61,204,196,178,63,
160,192,101,216,
153,218,215,201,177,
178,161,196,
109,131,94,215,177,124,212,201,
206,127,192,217,
107,184,178,203,
222,146,191,226,
92,203,178,102,190,140,
157,162,191,223,
90,209,194,114,207,
157,223,221,215,162,
101,216,203,192,160,
98,190,122,207,
114,134,209,194,139,207,
217,161,231,
85,241,
94,109,229,225,223,162,
56,217,231,229,225,223,
134,127,237,217,206,139,
109,238,229,236,225,
215,207,232,
134,139,232,237,
Future links sets, 
39,2,4,14,34,
12,10,5,
38,79,35,151,8,51,18,9,10,
138,26,11,12,13,25,
52,45,42,9,18,38,37,
131,11,8,
93,18,29,20,31,15,25,53,30,21,67,
16,19,14,12,
26,25,24,13,23,16,17,
59,48,74,30,31,20,25,21,62,29,
48,45,42,31,21,25,30,29,
114,14,39,16,63,30,
175,100,63,72,61,39,49,24,35,
115,54,48,44,29,30,130,31,42,
127,17,47,156,24,35,
41,40,34,36,37,137,38,
162,153,54,48,29,44,31,42,
101,49,40,28,
80,81,36,27,
99,87,72,42,44,39,176,61,35,126,57,70,63,48,71,
80,81,36,27,
75,23,26,46,66,
98,86,53,78,67,34,36,37,38,
96,81,80,27,
169,101,28,
200,81,80,40,75,41,49,
81,205,40,80,41,82,49,
132,110,40,95,41,49,
183,48,70,92,54,44,180,42,97,57,179,
32,123,57,112,111,
155,128,33,
128,65,32,
199,33,
200,198,83,81,40,75,80,49,
189,106,100,52,66,76,171,83,
105,101,54,55,59,92,
164,46,68,43,
195,100,204,83,121,66,76,73,79,
43,
158,133,62,54,80,47,58,60,
194,50,125,56,143,
139,104,85,134,68,144,78,83,76,
181,59,65,55,
196,195,100,121,66,76,73,204,83,
45,
105,59,69,55,88,
204,95,83,96,184,195,76,100,104,121,147,
186,51,151,134,145,
146,65,166,89,93,116,
194,143,125,70,78,109,119,
119,136,70,100,78,175,109,
101,92,84,88,69,91,
118,197,117,64,
179,180,169,183,106,64,108,
109,69,84,82,88,
62,168,58,80,81,
245,161,105,68,85,78,89,
166,89,65,
202,74,109,154,82,
116,94,75,146,80,81,93,
127,113,101,84,88,93,136,92,
131,111,227,84,88,114,92,112,101,
116,107,93,75,
127,111,227,84,88,92,112,101,
174,73,128,79,104,
200,199,198,75,80,81,105,94,
197,147,96,104,128,95,117,
147,144,77,132,129,138,
100,117,102,97,
122,103,74,
121,85,89,105,94,102,
114,131,101,92,
114,131,101,92,
147,96,135,95,
136,159,93,113,107,116,
109,202,152,82,
173,166,142,115,141,130,117,128,
108,106,
183,97,179,102,164,180,169,
147,132,142,149,138,144,
193,160,109,119,202,125,143,
194,143,109,119,158,125,133,
186,91,103,134,145,
156,150,148,117,
203,122,107,
243,98,148,190,226,
137,129,
226,191,114,131,124,146,
116,122,107,
90,
237,158,133,134,139,150,
125,119,113,
235,216,170,177,122,152,162,153,
178,123,112,111,
231,209,133,158,244,134,161,139,
156,144,138,120,
132,130,110,
224,204,121,176,184,195,
240,158,216,150,133,166,
131,194,124,114,
179,176,148,180,169,183,150,172,
207,122,239,228,162,153,170,
204,148,235,224,158,150,195,184,
140,136,113,
172,120,115,
208,207,133,158,134,139,
118,
146,233,123,
137,
247,231,209,171,244,134,145,139,161,
149,138,141,142,155,144,
200,199,140,198,143,152,161,
188,140,143,163,152,
143,178,193,160,161,
241,193,237,127,
167,155,135,
203,123,
179,180,169,183,172,175,176,

177,161,139,
149,142,141,130,
150,158,148,
240,226,222,191,154,159,146,168,
190,140,152,163,188,
231,151,153,218,157,
215,201,136,
199,168,157,151,
246,232,159,151,153,154,157,
172,135,

167,155,
231,151,153,218,157,
165,
202,171,145,
249,246,203,241,164,189,226,182,190,
175,156,
204,161,177,178,184,


249,246,226,241,164,189,190,203,
235,177,160,193,216,
167,
167,
219,177,212,190,191,203,

203,182,189,164,
234,185,188,163,

210,173,166,

202,173,
170,162,
193,205,160,
200,168,188,198,229,185,
214,212,185,200,188,198,


238,236,170,
213,202,189,171,
212,185,211,200,188,198,
191,194,207,239,228,
242,190,192,203,230,219,
244,238,236,
201,200,193,198,194,199,
195,204,184,178,

208,181,

223,
174,

186,182,

208,181,



231,229,209,192,
233,230,219,235,213,224,227,


197,


233,219,196,
205,199,
187,

225,205,199,
220,
240,216,222,224,235,
236,206,211,201,234,
239,228,232,207,
217,212,211,206,
241,237,211,212,206,217,
213,
230,227,213,

225,205,
223,
221,205,
231,229,209,
210,
235,233,239,224,
227,213,
223,
246,232,214,
241,222,248,237,226,240,

241,237,217,

221,214,
231,218,
220,
215,
248,225,229,231,238,
239,228,
246,245,242,232,
229,223,221,


238,225,
234,
245,244,238,236,

247,245,244,
234,


247,245,244,

245,242,
249,248,



247,
249,246,
247,


243,








Coordinates,
0.080488,1.88024,
0.195155,1.94097,
0.132438,1.84759,
0.264514,1.94086,
0.0935441,1.76533,
0.231265,1.90024,
0.0148944,1.62859,
0.384726,1.99503,
0.233201,1.82368,
0.152961,1.70992,
0.203838,1.758,
0.360476,1.88595,
0.464791,1.91835,
0.346878,1.78572,
0.431746,1.8601,
0.0736094,1.48739,
0.384775,1.78795,
0.437025,1.80173,
0.150974,1.48953,
0.646316,1.98111,
0.162843,1.49549,
0.210056,1.52235,
0.0023121,1.29519,
0.241814,1.48918,
0.556943,1.80309,
0.288469,1.52188,
0.277149,1.50575,
0.247486,1.45975,
0.5761,1.78156,
0.410212,1.57171,
0.369001,1.52454,
0.407029,1.54509,
0.416248,1.52099,
0.419538,1.50858,
0.083482,1.12099,
0.780207,1.80955,
0.18145,1.19533,
0.117396,1.1281,
0.14734,1.14176,
0.856398,1.84734,
0.442056,1.40393,
0.291294,1.25036,
0.73717,1.69084,
0.182585,1.12746,
0.77605,1.71728,
0.780093,1.71172,
0.216515,1.14738,
0.915217,1.82164,
0.700412,1.60172,
0.532239,1.40199,
0.452106,1.32144,
0.946173,1.80833,
0.0982019,0.948571,
0.0558645,0.899888,
0.893014,1.72997,
0.842905,1.67431,
0.445003,1.27175,
0.690372,1.5029,
0.874713,1.65927,
0.816537,1.59211,
1.07257,1.83644,
1.14165,1.87896,
0.867704,1.59576,
1.12503,1.85126,
0.11731,0.829844,
0.772897,1.4741,
0.21176,0.884889,
0.025711,0.696637,
0.445041,1.07836,
1.04161,1.67304,
0.657006,1.24164,
1.34364,1.92318,
1.33803,1.87904,
0.194487,0.723225,
1.06633,1.58744,
0.874204,1.3949,
0.328184,0.846028,
0.0429772,0.544467,
0.554731,1.05144,
0.13437,0.628446,
0.86327,1.34244,
0.85515,1.33162,
0.90879,1.37957,
0.423144,0.866402,
1.26048,1.69656,
0.665194,1.09262,
0.00753984,0.431645,
1.51458,1.92754,
1.25947,1.65879,
0.713374,1.11162,
0.715605,1.10649,
0.967756,1.34816,
1.34545,1.72469,
1.09909,1.46503,
0.822509,1.1877,
0.260519,0.612422,
0.242671,0.588812,
0.633075,0.971971,
0.684204,1.02042,
1.60052,1.93469,
0.508318,0.837922,
1.40915,1.73035,
0.663984,0.974443,
1.0444,1.34708,
0.313846,0.615181,
0.794939,1.08774,
0.0904873,0.374387,
1.26724,1.53774,
0.0694792,0.339455,
0.904157,1.16356,
0.258899,0.515078,
1.16404,1.4162,
1.20804,1.4372,
1.09702,1.31089,
1.61911,1.83275,
0.352858,0.558084,
1.26028,1.45346,
0.449301,0.640727,
0.0989872,0.289463,
0.969116,1.15739,
0.321457,0.488224,
0.662478,0.822824,
1.48271,1.62444,
1.28328,1.42388,
1.78669,1.9222,
1.04157,1.17016,
1.84068,1.95948,
1.67458,1.79082,
0.407685,0.515592,
0.0269144,0.11674,
0.348305,0.433686,
1.7712,1.84334,
0.252443,0.312486,
0.859487,0.912507,
0.940241,0.991564,
0.408084,0.453527,
1.08014,1.12289,
0.0747136,0.0950017,
0.268498,0.286077,
0.988612,0.968334,
1.31144,1.27402,
0.339054,0.295987,
0.33625,0.287859,
1.21859,1.1654,
0.293081,0.220022,
0.937577,0.859515,
1.54754,1.45547,
0.230372,0.136718,
0.683129,0.577842,
0.326471,0.208612,
0.716264,0.593106,
1.88237,1.75181,
1.39335,1.26263,
1.80694,1.6743,
1.71002,1.55234,
0.37142,0.207878,
0.436458,0.272609,
1.94804,1.76695,
0.859236,0.652381,
1.70211,1.48805,
1.39577,1.17223,
1.19528,0.970432,
1.898,1.66996,
1.56215,1.33291,
1.00739,0.765479,
0.258002,0.0128971,
0.70068,0.447409,
0.358339,0.0820822,
1.85205,1.55345,
0.566357,0.261747,
1.99474,1.66326,
0.908389,0.572622,
0.527551,0.19109,
0.736629,0.391848,
0.572513,0.199207,
0.504478,0.107845,
0.655656,0.243363,
1.38703,0.971553,
1.10265,0.681473,
0.602242,0.171265,
0.601585,0.168986,
0.7464,0.294541,
0.942337,0.481354,
0.625344,0.157427,
1.0853,0.612741,
1.83354,1.34394,
0.920074,0.407123,
0.922893,0.393394,
1.82101,1.28959,
1.00529,0.456819,
1.28488,0.725728,
1.54256,0.967212,
1.3901,0.812158,
1.6559,1.07278,
1.60113,1.01773,
1.04088,0.421717,
1.09214,0.471223,
0.760901,0.137657,
1.81785,1.17293,
1.85135,1.18424,
1.81418,1.13998,
1.58692,0.897378,
0.87825,0.182256,
1.26216,0.563835,
1.08483,0.369785,
1.8405,1.10458,
1.66546,0.887954,
1.45884,0.676059,
0.81104,0.0055685,
1.59863,0.782982,
0.883317,0.0579455,
1.70939,0.867436,
1.7472,0.88024,
1.10585,0.226059,
1.72853,0.840373,
1.73219,0.813841,
1.37097,0.437622,
1.66302,0.691186,
1.80461,0.825966,
1.22561,0.210254,
1.1166,0.0993401,
1.81575,0.784314,
1.49205,0.452361,
1.85251,0.773451,
1.30814,0.219151,
1.8233,0.732358,
1.53356,0.423672,
1.15861,0.00632364,
1.44335,0.267255,
1.81143,0.631266,
1.20624,0.0254586,
1.79299,0.609778,
1.6884,0.428694,
1.27672,0.0115399,
1.55826,0.284095,
1.35866,0.0817236,
1.97082,0.658856,
1.65467,0.331385,
1.96314,0.598194,
1.44046,0.0682444,
1.48311,0.106522,
1.62171,0.224683,
1.80362,0.353105,
1.62407,0.166763,
1.93575,0.417696,
1.86594,0.306186,
1.68442,0.104341,
1.97431,0.388341,
1.74574,0.131724,
1.69219,0.0774633,
