Storage option,sets
Size,25
Dimension,2
Shape,cube
Spacetime,BlackHole
Past sets, 

0,
0,1,



0,1,

5,
1,0,2,
4,5,

1,0,2,3,
11,
5,11,
1,0,4,3,2,
5,7,11,13,
13,11,7,5,16,
7,11,
7,
13,11,19,7,18,
1,0,13,2,11,5,14,3,10,4,8,
8,5,10,15,1,0,4,3,2,
14,16,5,17,20,13,11,18,19,7,
4,10,3,5,11,2,13,0,14,1,8,21,
Future sets, 
2,24,21,9,22,15,6,12,1,
6,15,22,12,9,21,24,2,
24,21,9,12,22,15,
24,12,22,15,21,
15,22,24,10,21,
17,16,23,14,8,22,24,10,21,

19,20,16,23,18,17,
22,24,21,

22,24,21,
18,13,24,21,16,23,17,20,14,

24,21,16,23,17,20,
23,24,21,
22,
23,17,
23,
23,20,
23,20,
23,
24,



Past links sets, 

0,
1,



1,

5,
2,
4,5,

2,3,
11,
5,11,
2,3,4,
5,7,13,
16,
7,11,
7,
13,18,19,
3,14,2,13,8,10,
8,10,15,
14,17,20,
21,
Future links sets, 
1,
6,2,
21,15,12,9,
21,15,12,
15,10,
16,14,10,8,

19,18,16,
22,21,

22,21,
14,18,13,

20,21,16,
23,21,
22,
17,
23,
20,
20,
23,
24,



Coordinates,
0.0790097,1.9755,
2.905,1.81182,
2.91826,1.79821,
3.62925,1.84719,
1.3701,2.50024,
1.34418,2.76942,
0.123889,0.579416,
0.0313126,3.90507,
2.11461,2.68571,
0.296403,0.266624,
3.15397,2.42209,
1.3194,3.07297,
1.14781,0.71184,
1.65928,3.0199,
2.06143,2.8698,
2.64624,1.34543,
2.28252,3.00635,
2.60592,3.10986,
2.33498,3.30747,
2.3773,3.48827,
2.8096,3.34169,
3.66136,0.894833,
3.11749,0.388022,
3.9006,3.54183,
3.71437,0.00953773,
