Storage option,sets
Size,100
Dimension,3
Shape,bicone
Spacetime,Flat
Past sets, 



1,



1,3,
0,
4,

2,
0,
0,1,3,
4,


4,
4,9,

0,1,3,
0,2,1,3,
4,9,
0,5,3,1,7,
0,2,
1,3,
1,3,4,5,6,0,8,
2,
2,

0,2,
20,3,1,2,13,0,21,
0,2,11,
2,10,0,12,
2,1,3,4,5,6,0,8,
0,1,2,
2,

0,6,14,9,4,5,18,

1,3,5,
5,3,1,7,
0,2,
3,1,25,

3,1,2,13,0,21,
2,4,5,6,8,3,1,0,13,
2,4,6,8,3,1,0,13,
1,3,
0,6,1,14,16,5,18,17,4,9,22,
5,3,1,7,
2,36,

2,9,8,6,5,4,3,1,0,26,
2,
4,7,1,3,5,0,23,
5,9,4,17,29,
1,8,12,11,2,0,6,32,

2,27,
11,2,36,
9,4,17,
14,16,5,18,17,4,9,22,
4,14,16,
2,28,
11,6,19,27,30,12,10,33,28,2,0,42,
4,15,2,8,21,20,7,1,3,5,13,0,23,
3,49,6,1,14,16,0,29,5,18,17,4,9,22,
0,1,5,9,4,17,3,29,
1,5,9,4,17,29,
3,8,21,24,11,6,32,2,1,13,0,35,
0,1,29,9,5,17,4,56,
6,25,23,1,4,15,31,2,66,8,21,20,7,3,5,13,0,
11,0,42,27,28,2,59,
25,21,0,13,15,2,1,3,7,20,5,31,
2,15,3,1,0,7,20,
7,9,10,12,21,26,11,47,8,2,4,6,32,3,1,0,13,46,34,5,
15,7,23,26,20,47,8,21,31,2,4,6,45,3,1,0,13,46,34,5,
16,19,22,26,12,10,0,6,14,30,1,38,9,33,4,18,5,34,8,2,3,
0,7,37,1,40,3,29,9,5,17,4,56,
8,65,0,11,6,19,27,1,30,12,10,4,33,28,2,42,
13,14,17,18,9,22,3,4,7,1,0,55,26,23,5,34,8,2,6,
25,26,45,46,6,47,23,1,4,15,31,2,66,8,21,20,7,3,34,5,13,0,
8,32,65,0,11,64,6,19,27,1,59,30,12,10,4,33,28,2,42,
5,21,24,3,32,8,36,65,0,11,6,19,27,1,59,30,12,10,4,33,57,28,2,13,42,
2,6,9,13,17,25,55,3,4,7,1,40,5,0,23,50,8,37,48,41,
12,13,7,23,26,8,2,53,56,22,18,16,68,3,29,0,1,14,34,5,4,17,38,9,67,49,6,
19,12,10,44,22,17,18,16,53,30,1,14,2,38,9,8,6,34,5,33,4,3,0,26,49,
10,12,7,23,13,26,8,2,53,56,22,38,9,67,3,16,49,6,1,14,29,0,34,5,18,46,17,4,
9,15,7,23,35,6,0,13,42,1,30,2,31,32,3,24,21,8,11,70,12,57,47,4,33,46,5,34,45,10,20,27,26,
10,40,46,55,16,18,22,56,53,61,2,23,7,26,13,12,86,29,0,1,14,34,5,4,3,62,17,38,68,9,8,67,49,6,
10,12,16,17,22,24,11,32,35,14,38,31,2,15,1,47,46,6,45,26,55,25,4,23,82,53,8,21,20,66,7,3,34,5,0,18,77,13,72,9,41,
15,19,30,20,31,33,40,41,45,32,47,11,21,55,81,22,56,53,2,26,13,7,38,68,9,8,67,12,23,10,1,3,16,49,6,14,88,29,0,34,5,18,46,76,17,4,
9,11,12,17,24,35,40,41,43,31,2,1,47,46,6,45,15,74,26,55,25,4,23,82,8,21,50,20,66,7,3,34,5,0,77,48,13,72,
25,36,53,55,28,17,76,77,18,38,14,22,16,19,78,26,27,20,10,45,1,42,13,0,65,6,35,23,66,7,2,30,89,31,15,9,32,3,24,21,8,11,70,12,57,47,4,33,46,5,34,
10,11,12,24,35,37,38,40,41,43,48,16,49,50,53,56,29,55,31,2,15,1,47,77,18,46,17,6,45,26,25,4,23,82,8,21,20,66,7,3,34,5,72,13,0,14,68,9,81,22,
24,8,67,68,9,38,7,66,13,53,56,22,81,26,55,21,92,33,15,12,41,19,78,45,32,30,20,2,31,47,40,11,23,10,1,3,62,16,49,6,14,88,29,0,34,5,18,77,46,76,17,4,57,50,44,42,35,28,27,25,
19,28,36,43,50,54,27,33,57,42,30,89,41,9,72,13,77,18,0,5,34,3,7,66,20,31,2,14,70,11,24,53,35,6,22,76,17,46,16,45,38,12,10,32,91,4,74,15,1,47,26,55,25,82,23,8,21,
25,34,5,64,46,33,4,47,57,12,70,11,8,67,21,80,24,3,32,9,15,31,89,30,2,7,66,23,35,6,65,0,59,13,42,1,60,45,10,20,27,26,84,36,19,78,28,16,22,14,38,18,77,76,17,49,29,55,53,44,
39,51,52,58,60,64,73,75,80,59,84,48,37,85,87,86,61,90,65,94,44,29,88,49,62,40,78,92,81,56,68,67,20,66,7,3,34,5,0,18,77,9,41,97,38,19,54,36,14,72,13,43,30,89,50,2,31,27,33,28,57,42,70,11,24,53,35,6,22,76,17,46,16,45,12,10,32,91,4,74,15,1,47,26,55,25,82,23,8,21,96,
Future sets, 
68,49,73,42,55,75,79,20,74,45,65,71,12,13,72,46,57,86,35,94,77,95,66,67,8,23,82,53,33,92,98,34,93,21,80,24,83,81,76,47,30,89,78,85,26,84,38,97,32,91,96,88,87,31,90,99,70,
83,71,69,57,49,13,72,91,97,93,34,81,23,82,55,77,86,89,88,90,31,98,35,94,7,66,46,75,70,41,45,74,47,76,80,21,50,43,78,79,20,53,87,48,67,96,68,3,25,84,99,40,95,92,26,85,
85,75,54,53,47,46,42,51,81,88,78,64,87,28,59,86,27,98,33,92,97,84,91,32,57,73,34,93,36,95,66,76,60,30,89,90,31,65,35,94,24,83,99,11,70,96,80,21,72,82,45,74,77,
68,67,48,87,53,78,43,21,45,70,46,47,25,84,40,99,41,96,95,92,20,79,50,74,75,76,26,85,66,7,94,98,31,90,88,89,86,77,55,82,23,81,34,93,97,91,72,13,
84,83,80,72,66,55,47,46,82,63,14,71,79,26,85,49,78,90,61,95,92,86,99,89,34,93,87,68,9,67,97,38,96,88,94,77,18,17,76,98,69,62,91,81,22,53,56,
84,74,69,68,62,71,56,50,67,49,46,41,79,91,81,94,55,23,82,53,72,77,86,89,88,90,98,26,85,92,93,34,40,99,96,97,38,66,95,78,76,87,
72,70,80,83,65,98,92,53,82,95,77,34,93,94,81,76,47,89,78,49,85,26,84,91,96,97,38,67,88,87,90,99,86,57,46,
76,75,74,79,50,95,66,96,41,99,92,85,98,90,88,89,86,77,72,82,55,94,23,81,93,97,91,
83,80,98,92,53,82,95,66,77,34,93,94,81,76,47,89,78,85,26,84,97,91,96,88,87,90,99,70,86,57,46,72,
93,89,99,86,87,92,68,95,90,61,78,49,88,94,18,76,67,97,38,96,98,69,62,91,81,22,53,56,85,79,71,
95,90,88,76,91,33,98,92,89,87,80,99,96,83,97,84,65,94,78,
95,93,73,80,57,32,84,97,91,92,98,76,60,89,65,94,83,99,70,96,
95,93,88,90,76,86,57,91,33,98,92,89,87,80,99,96,83,97,84,65,94,78,
86,85,84,81,88,47,76,90,46,94,89,31,96,92,72,98,66,95,82,93,97,70,99,91,45,74,77,
81,49,78,90,95,97,63,92,88,87,94,86,99,67,38,96,98,62,91,
92,89,77,96,94,91,99,97,93,82,66,95,98,72,74,75,
97,94,78,49,88,91,62,95,87,86,99,90,98,96,67,92,63,
94,93,81,97,68,91,62,71,49,88,95,85,56,87,86,99,61,90,92,79,69,98,96,67,
81,49,78,90,95,97,92,88,87,94,86,99,67,38,96,98,62,91,
92,87,80,99,98,96,83,97,84,94,78,65,
75,94,89,31,96,92,72,98,66,95,82,93,97,99,91,74,77,
84,76,94,89,31,96,92,72,98,66,95,82,93,97,70,99,91,45,74,77,
97,81,94,88,91,62,95,87,86,99,90,92,98,96,67,49,78,
89,88,86,77,72,82,55,94,81,93,97,91,90,98,85,92,99,96,66,95,
95,93,91,89,98,84,97,99,94,96,70,
96,94,74,91,98,85,72,93,97,99,82,95,43,
89,81,78,93,77,76,82,53,92,98,95,94,97,91,96,88,87,90,99,86,
89,80,94,65,73,99,96,83,97,84,98,59,
80,97,84,94,65,96,83,98,73,99,64,
56,95,88,90,99,86,92,79,71,96,67,69,98,68,
92,89,87,80,99,98,96,83,97,84,94,78,65,
92,72,98,95,82,93,97,99,91,74,77,96,94,89,
91,92,84,97,99,98,76,89,94,83,70,96,57,
92,89,87,80,99,98,96,83,97,84,94,78,65,
89,88,87,90,86,82,76,98,97,94,81,96,99,92,77,95,93,91,78,
95,93,91,89,98,97,99,94,96,70,
94,97,84,98,60,99,51,
95,99,85,79,
95,97,92,88,87,90,94,86,99,96,98,91,78,
99,
95,93,96,90,99,85,92,79,
95,93,96,92,97,91,99,85,
89,80,73,99,98,96,83,97,84,94,65,
99,97,95,93,
98,96,99,87,
92,89,91,99,97,93,94,82,95,96,98,77,
90,89,76,98,97,94,96,99,92,77,95,82,93,91,88,
91,93,82,95,77,92,99,96,94,97,98,89,76,
95,93,99,85,
95,87,86,99,90,88,96,92,98,67,
97,96,95,93,99,85,
99,
99,
98,95,94,97,91,92,96,88,87,90,99,86,
99,97,
93,97,91,90,98,85,92,99,96,95,94,81,
95,96,88,90,99,86,92,79,71,
96,94,89,98,99,97,84,
99,
98,84,83,99,73,
99,98,
99,90,
96,99,90,

99,98,83,
94,84,83,98,99,80,
96,94,91,99,97,93,82,95,98,72,
98,92,96,88,90,99,86,
95,96,92,90,99,86,

94,99,97,98,89,

95,93,97,99,91,
99,
99,97,93,
99,
98,97,94,96,99,92,
98,96,95,94,93,97,99,91,
98,96,99,94,

99,98,
95,96,99,92,
95,93,97,99,91,

99,98,
99,
99,90,
99,
96,99,92,
98,97,99,94,
99,
99,97,
99,96,

99,

99,
99,


Past links sets, 



1,



3,
0,
4,

2,
0,
0,3,
4,


4,
9,

0,3,
0,2,3,
9,
0,5,7,
0,2,
3,
3,4,5,6,8,
2,
2,

0,2,
13,20,21,
0,11,
2,10,12,
2,3,4,5,6,8,
0,1,2,
2,

0,6,14,5,18,

3,5,
5,7,
0,2,
25,

13,21,
2,4,5,6,8,13,
2,4,6,8,13,
3,
0,6,1,14,16,17,5,18,22,
5,7,
36,

2,9,26,
2,
4,23,
5,9,17,29,
1,8,12,6,32,

27,
11,36,
9,17,
14,16,17,5,18,22,
14,16,
28,
11,6,19,27,28,30,33,42,
4,13,15,20,8,21,23,
3,29,49,
0,5,9,17,3,29,
1,5,9,17,29,
13,8,21,24,6,32,35,
0,1,56,
6,25,31,66,
11,28,42,59,
7,15,25,5,31,
2,15,7,20,
9,10,12,26,32,7,46,21,34,47,
15,23,26,31,45,46,34,47,
16,19,22,26,30,33,34,38,
0,7,37,40,56,
1,4,8,65,
14,17,18,22,13,26,34,55,
25,26,31,45,46,34,47,66,
1,4,8,32,59,64,65,
4,21,24,36,5,57,59,13,65,
6,8,13,17,25,40,2,41,9,48,37,50,55,
13,23,34,12,38,53,56,67,68,
19,30,33,34,38,44,49,53,
10,23,34,12,38,46,53,56,67,
9,15,70,57,31,47,34,46,33,45,42,30,27,26,23,
40,46,55,61,10,62,86,
10,17,77,38,72,55,16,12,41,35,22,32,82,53,24,
30,31,33,40,15,41,19,45,76,68,81,88,
9,17,74,77,48,35,43,72,55,50,82,24,12,41,11,40,
17,36,55,53,66,25,77,65,78,76,89,
35,37,38,56,81,10,68,43,72,24,82,53,11,40,50,49,77,48,12,41,
24,92,66,27,78,77,25,62,44,50,42,35,57,28,
19,36,43,28,54,74,50,76,89,91,
25,76,80,67,78,77,64,66,53,89,60,84,55,44,
52,39,97,84,96,94,90,64,58,87,85,51,80,75,73,60,
Future links sets, 
68,8,79,21,12,38,23,20,49,24,30,32,35,71,13,42,
80,71,69,83,57,49,35,3,
54,11,53,24,21,34,47,85,27,28,30,33,75,46,35,36,42,
68,67,48,40,25,34,21,26,13,20,7,
84,83,80,55,46,47,34,26,17,66,14,9,
74,23,49,62,84,26,34,38,41,46,50,56,40,69,68,
70,57,49,85,72,46,38,47,34,65,26,
79,74,76,50,41,75,23,
80,66,83,70,57,85,46,47,34,26,
93,85,89,76,68,69,56,53,61,22,18,
95,91,90,88,76,33,
95,93,65,73,60,32,
95,93,91,88,86,76,57,33,
81,66,86,47,85,46,84,45,70,31,
81,63,62,49,38,
89,77,75,74,92,66,
91,78,63,62,49,
93,91,85,94,81,68,61,69,56,62,49,
81,62,49,38,
97,92,87,78,65,
75,66,31,
76,66,84,45,70,31,
81,91,78,62,49,
89,88,86,77,66,55,
95,93,91,84,96,70,
96,94,74,98,85,72,82,43,
82,81,78,77,89,76,53,
96,89,65,59,
97,96,73,65,64,
68,67,69,56,
92,89,87,78,65,
92,89,82,77,74,72,
91,76,83,70,57,
92,89,87,78,65,
88,87,86,82,81,78,77,89,76,
95,93,91,96,70,
94,97,84,60,51,
95,85,79,
95,88,87,86,91,78,
99,
95,93,90,85,92,79,
95,93,92,91,85,
96,89,73,65,
97,95,93,
98,96,87,
92,89,82,77,
88,82,90,77,89,76,
82,77,89,76,
95,93,85,
95,87,67,
97,96,95,93,85,
99,
99,
98,95,94,91,88,87,86,
97,
93,91,90,98,85,94,81,
95,88,86,79,71,
96,89,84,
99,
84,83,73,
99,98,
90,
96,90,

99,98,83,
94,84,83,80,
96,94,82,98,72,
98,88,86,
95,92,86,

89,

95,93,91,
99,
97,93,
99,
98,97,94,92,
98,96,95,94,93,91,
98,96,94,

99,98,
95,92,
95,93,91,

99,98,
99,
90,
99,
92,
98,97,94,
99,
97,
96,

99,

99,
99,


Coordinates,
-2.82026,0.136141,0.232657,
-2.77668,-0.197205,-1.11988,
-2.56594,1.14527,0.850733,
-2.49748,-0.161451,-1.18096,
-2.3091,-1.41723,0.445679,
-2.18221,-1.41319,-0.509843,
-1.84981,-0.697114,0.86973,
-1.56948,-0.431123,-1.44805,
-1.50762,-0.167496,0.299297,
-1.45634,-1.8809,0.689998,
-1.29375,-0.342422,2.52327,
-1.27549,1.6408,0.921025,
-1.26749,-0.145563,1.59227,
-1.2633,0.64738,-0.369094,
-1.23978,-1.94989,1.34957,
-1.22002,1.63622,-1.45163,
-1.2103,-2.05915,1.6604,
-1.12337,-2.47313,0.0687172,
-1.04966,-1.92663,1.05633,
-1.03112,-0.234825,2.93573,
-0.995588,1.16898,-1.07725,
-0.986867,1.15425,-0.562984,
-0.963896,-1.92103,0.961431,
-0.819104,-0.549606,-1.11867,
-0.819029,1.82837,0.0817127,
-0.775115,0.0442953,-2.70856,
-0.763917,-0.876963,0.3556,
-0.720447,1.66931,2.17543,
-0.693243,1.16321,2.69585,
-0.692038,-3.04716,-0.00134355,
-0.681566,0.33247,2.35547,
-0.561725,0.972208,-0.845643,
-0.556327,1.09622,1.114,
-0.531332,0.258209,2.06506,
-0.501687,-0.6142,0.210588,
-0.485795,1.59577,-0.159616,
-0.483675,3.00274,1.26109,
-0.415688,-2.90178,-1.98325,
-0.309039,-1.2485,1.24559,
-0.283816,3.38,1.46373,
-0.270417,-2.26639,-1.54259,
-0.269793,-1.46741,-1.88084,
-0.265582,1.21415,2.11776,
-0.2651,0.323863,-3.00825,
-0.240581,-1.81677,2.98514,
-0.235658,1.00774,-0.265286,
-0.23207,-0.197556,0.0703451,
-0.224272,0.58033,0.0363921,
-0.19317,-1.34427,-3.01374,
-0.163304,-2.08183,0.658631,
-0.128555,-1.43794,-2.06398,
-0.11686,3.18107,1.33489,
-0.113526,-3.75225,0.626771,
-0.108755,-1.00048,0.614755,
-0.0845021,3.28957,0.233552,
-0.0780894,-1.13853,-1.33342,
-0.0397651,-2.77675,-0.111523,
-0.0394353,0.948918,1.1198,
-0.00844034,3.45367,-0.732228,
-0.00365817,2.20056,2.21695,
0.0148679,2.71721,1.62642,
0.0842209,-3.2977,0.827004,
0.218927,-2.83616,1.23788,
0.221504,-3.25018,1.9234,
0.239915,1.25507,3.14866,
0.314533,0.697908,2.09114,
0.377477,0.194145,-1.39924,
0.397017,-2.27855,0.763882,
0.431785,-2.50585,-0.567176,
0.443133,-3.32505,-0.503123,
0.481466,1.54489,0.48395,
0.558543,-3.16592,-0.00143669,
0.640125,0.025609,-1.45594,
0.708183,1.97299,2.27317,
0.733398,0.972758,-1.89671,
0.783117,1.70807,-2.37748,
0.799622,-0.0175158,0.57772,
0.827089,0.0632661,-0.513851,
0.841094,-0.524819,1.46202,
0.95173,-2.76393,-1.08308,
0.95211,0.510569,2.54021,
0.986529,-1.31283,-0.543939,
1.05941,0.189826,-0.99735,
1.19161,1.44572,2.30092,
1.39461,1.22818,1.80152,
1.41551,-1.37138,-1.8459,
1.46149,-1.96757,0.229811,
1.49053,-1.42792,1.48354,
1.50115,-1.45867,0.662267,
1.72134,0.969958,0.164895,
1.76301,-1.83858,0.160739,
1.86948,-0.0552432,-0.505243,
2.08652,-1.16634,0.286659,
2.19685,0.159007,-1.7565,
2.33022,0.406358,0.350945,
2.35009,-0.903557,-1.02497,
2.57818,-0.840129,0.392937,
2.71869,0.66714,-0.636151,
2.92656,0.164306,0.925945,
3.77046,0.0791636,0.00405921,
